#1
double EnergyPlus(601,15)
#This file contains the results from the EnergyPlus simulation
#Column 0: Time in seconds
#Column 1: WEST ZONE:Zone Air Temperature [C](Hourly)
#Column 2: WEST ZONE:Zone Air Relative Humidity [%](Hourly)
#Column 3: WEST ZONE DEHUMIDIFIER:Zone Dehumidifier Sensible Heating Rate [W](Hourly)
#Column 4: WEST ZONE DEHUMIDIFIER:Zone Dehumidifier Removed Water Mass Flow Rate [kg/s](Hourly)
#Column 5: WEST ZONE DEHUMIDIFIER:Zone Dehumidifier Electricity Rate [W](Hourly)
#Column 6: ZONE1DEHUMIDIFIERINLET:System Node Mass Flow Rate [kg/s](Hourly)
#Column 7: Environment:Site Outdoor Air Drybulb Temperature [C](Hourly)
#Column 8: WEST ZONE DEHUMIDIFIER:Zone Dehumidifier Part Load Ratio [](Hourly)
#Column 9: WEST ZONE DEHUMIDIFIER:Zone Dehumidifier Runtime Fraction [](Hourly)
#Column 10: ZONE1DEHUMIDIFIERINLET:System Node Humidity Ratio [kgWater/kgDryAir](Hourly)
#Column 11: ZONE1DEHUMIDIFIERINLET:System Node Temperature [C](Hourly)
#Column 12: DEHUMIDIFIER OUTLET NODE:System Node Temperature [C](Hourly)
#Column 13: DEHUMIDIFIER OUTLET NODE:System Node Humidity Ratio [kgWater/kgDryAir](Hourly)
#Column 14: WEST ZONE DEHUMIDIFIER:Zone Dehumidifier Outlet Air Temperature [C](Hourly)
12960000,2.829e+01,4.496e+01,2.286e+02,5.892e-05,8.509e+01,1.869e-02,2.029e+01,1.380e-01,1.380e-01,1.114e-02,2.829e+01,2.829e+01,1.030e-02,3.147e+01
12963600,2.805e+01,4.495e+01,1.899e+02,4.900e-05,7.054e+01,1.569e-02,1.970e+01,1.158e-01,1.158e-01,1.098e-02,2.805e+01,2.805e+01,1.025e-02,3.081e+01
12967200,2.782e+01,4.496e+01,2.090e+02,5.398e-05,7.749e+01,1.745e-02,1.915e+01,1.288e-01,1.288e-01,1.082e-02,2.782e+01,2.782e+01,9.998e-03,3.094e+01
12970800,2.758e+01,4.496e+01,1.874e+02,4.844e-05,6.935e+01,1.581e-02,1.834e+01,1.167e-01,1.167e-01,1.067e-02,2.759e+01,2.759e+01,9.953e-03,3.029e+01
12974400,2.736e+01,4.496e+01,2.157e+02,5.579e-05,7.969e+01,1.839e-02,1.780e+01,1.358e-01,1.358e-01,1.051e-02,2.736e+01,2.736e+01,9.702e-03,3.042e+01
12978000,2.713e+01,4.497e+01,1.779e+02,4.603e-05,6.563e+01,1.532e-02,1.694e+01,1.131e-01,1.131e-01,1.035e-02,2.714e+01,2.714e+01,9.454e-03,3.053e+01
12981600,2.700e+01,4.498e+01,3.661e+01,9.477e-06,1.350e+01,3.174e-03,1.641e+01,2.343e-02,2.343e-02,1.026e-02,2.700e+01,2.700e+01,9.767e-03,2.888e+01
12985200,2.718e+01,4.471e+01,0.000e+00,0.000e+00,0.000e+00,0.000e+00,1.782e+01,0.000e+00,0.000e+00,1.030e-02,2.718e+01,2.718e+01,1.030e-02,2.718e+01
12988800,2.768e+01,4.460e+01,0.000e+00,0.000e+00,0.000e+00,0.000e+00,1.946e+01,0.000e+00,0.000e+00,1.057e-02,2.767e+01,2.767e+01,1.057e-02,2.767e+01
12992400,2.857e+01,4.489e+01,3.040e+02,7.818e-05,1.136e+02,2.450e-02,2.056e+01,1.808e-01,1.808e-01,1.121e-02,2.855e+01,2.855e+01,1.031e-02,3.196e+01
12996000,2.959e+01,4.491e+01,5.435e+02,1.391e-04,2.051e+02,4.213e-02,2.196e+01,3.110e-01,3.110e-01,1.190e-02,2.957e+01,2.957e+01,1.063e-02,3.440e+01
12999600,3.043e+01,4.495e+01,8.263e+02,2.103e-04,3.153e+02,6.179e-02,2.305e+01,4.562e-01,4.562e-01,1.252e-02,3.042e+01,3.042e+01,1.070e-02,3.735e+01
13003200,3.103e+01,4.500e+01,1.016e+03,2.574e-04,3.910e+02,7.418e-02,2.360e+01,5.477e-01,5.477e-01,1.298e-02,3.103e+01,3.103e+01,1.096e-02,3.879e+01
13006800,3.130e+01,4.495e+01,7.534e+02,1.903e-04,2.911e+02,5.450e-02,2.415e+01,4.024e-01,4.024e-01,1.317e-02,3.129e+01,3.129e+01,1.160e-02,3.734e+01
13010400,3.174e+01,4.496e+01,8.849e+02,2.225e-04,3.448e+02,6.290e-02,2.470e+01,4.644e-01,4.644e-01,1.351e-02,3.173e+01,3.173e+01,1.168e-02,3.878e+01
13014000,3.237e+01,4.498e+01,1.066e+03,2.662e-04,4.199e+02,7.405e-02,2.500e+01,5.467e-01,5.467e-01,1.402e-02,3.236e+01,3.236e+01,1.204e-02,4.004e+01
13017600,3.290e+01,4.505e+01,1.217e+03,3.023e-04,4.844e+02,8.290e-02,2.500e+01,6.120e-01,6.120e-01,1.448e-02,3.289e+01,3.289e+01,1.205e-02,4.238e+01
13021200,3.305e+01,4.503e+01,1.116e+03,2.765e-04,4.455e+02,7.554e-02,2.470e+01,5.577e-01,5.577e-01,1.461e-02,3.306e+01,3.306e+01,1.254e-02,4.117e+01
13024800,3.253e+01,4.504e+01,1.055e+03,2.630e-04,4.167e+02,7.270e-02,2.359e+01,5.368e-01,5.368e-01,1.419e-02,3.255e+01,3.255e+01,1.208e-02,4.075e+01
13028400,3.177e+01,4.499e+01,7.719e+02,1.941e-04,3.007e+02,5.478e-02,2.194e+01,4.044e-01,4.044e-01,1.357e-02,3.179e+01,3.179e+01,1.197e-02,3.794e+01
13032000,3.112e+01,4.496e+01,5.800e+02,1.468e-04,2.235e+02,4.222e-02,2.054e+01,3.117e-01,3.117e-01,1.305e-02,3.113e+01,3.113e+01,1.171e-02,3.624e+01
13035600,3.058e+01,4.493e+01,4.929e+02,1.253e-04,1.884e+02,3.667e-02,1.888e+01,2.707e-01,2.707e-01,1.264e-02,3.059e+01,3.059e+01,1.162e-02,3.451e+01
13039200,3.012e+01,4.491e+01,3.481e+02,8.878e-05,1.322e+02,2.636e-02,1.785e+01,1.946e-01,1.946e-01,1.231e-02,3.013e+01,3.013e+01,1.152e-02,3.312e+01
13042800,2.976e+01,4.495e+01,2.987e+02,7.637e-05,1.130e+02,2.295e-02,1.790e+01,1.694e-01,1.694e-01,1.206e-02,2.976e+01,2.976e+01,1.117e-02,3.314e+01
13046400,2.947e+01,4.495e+01,2.254e+02,5.774e-05,8.495e+01,1.752e-02,1.795e+01,1.294e-01,1.294e-01,1.186e-02,2.948e+01,2.948e+01,1.109e-02,3.240e+01
13050000,2.922e+01,4.495e+01,2.446e+02,6.275e-05,9.192e+01,1.921e-02,1.805e+01,1.418e-01,1.418e-01,1.168e-02,2.923e+01,2.923e+01,1.080e-02,3.254e+01
13053600,2.900e+01,4.496e+01,1.854e+02,4.762e-05,6.951e+01,1.470e-02,1.815e+01,1.085e-01,1.085e-01,1.151e-02,2.900e+01,2.900e+01,1.075e-02,3.187e+01
13057200,2.877e+01,4.496e+01,2.029e+02,5.218e-05,7.589e+01,1.624e-02,1.820e+01,1.199e-01,1.199e-01,1.136e-02,2.878e+01,2.878e+01,1.050e-02,3.202e+01
13060800,2.856e+01,4.496e+01,1.740e+02,4.479e-05,6.493e+01,1.405e-02,1.825e+01,1.038e-01,1.038e-01,1.121e-02,2.857e+01,2.857e+01,1.041e-02,3.158e+01
13064400,2.836e+01,4.496e+01,1.914e+02,4.932e-05,7.130e+01,1.559e-02,1.805e+01,1.151e-01,1.151e-01,1.107e-02,2.836e+01,2.836e+01,1.017e-02,3.175e+01
13068000,2.816e+01,4.497e+01,1.655e+02,4.269e-05,6.155e+01,1.361e-02,1.694e+01,1.005e-01,1.005e-01,1.093e-02,2.816e+01,2.816e+01,1.005e-02,3.153e+01
13071600,2.802e+01,4.496e+01,1.915e+02,4.942e-05,7.114e+01,1.584e-02,1.585e+01,1.170e-01,1.170e-01,1.083e-02,2.802e+01,2.802e+01,9.949e-03,3.136e+01
13075200,2.829e+01,4.493e+01,1.777e+02,4.579e-05,6.618e+01,1.455e-02,1.616e+01,1.074e-01,1.074e-01,1.098e-02,2.828e+01,2.828e+01,1.009e-02,3.165e+01
13078800,2.919e+01,4.488e+01,3.438e+02,8.816e-05,1.293e+02,2.703e-02,1.782e+01,1.995e-01,1.995e-01,1.156e-02,2.917e+01,2.917e+01,1.058e-02,3.288e+01
13082400,3.019e+01,4.490e+01,6.325e+02,1.612e-04,2.406e+02,4.780e-02,1.946e+01,3.529e-01,3.529e-01,1.226e-02,3.017e+01,3.017e+01,1.086e-02,3.554e+01
13086000,3.098e+01,4.496e+01,8.885e+02,2.251e-04,3.418e+02,6.501e-02,2.056e+01,4.800e-01,4.800e-01,1.286e-02,3.097e+01,3.097e+01,1.107e-02,3.783e+01
13089600,3.154e+01,4.500e+01,1.044e+03,2.632e-04,4.050e+02,7.480e-02,2.166e+01,5.523e-01,5.523e-01,1.330e-02,3.153e+01,3.153e+01,1.125e-02,3.944e+01
13093200,3.171e+01,4.500e+01,9.828e+02,2.473e-04,3.825e+02,6.993e-02,2.276e+01,5.163e-01,5.163e-01,1.344e-02,3.171e+01,3.171e+01,1.144e-02,3.944e+01
13096800,3.199e+01,4.498e+01,9.742e+02,2.445e-04,3.810e+02,6.868e-02,2.330e+01,5.071e-01,5.071e-01,1.364e-02,3.198e+01,3.198e+01,1.169e-02,3.955e+01
13100400,3.264e+01,4.500e+01,1.112e+03,2.769e-04,4.403e+02,7.646e-02,2.360e+01,5.645e-01,5.645e-01,1.417e-02,3.262e+01,3.262e+01,1.206e-02,4.085e+01
13104000,3.312e+01,4.505e+01,1.281e+03,3.170e-04,5.123e+02,8.649e-02,2.446e+01,6.385e-01,6.385e-01,1.459e-02,3.312e+01,3.312e+01,1.203e-02,4.316e+01
13107600,3.328e+01,4.501e+01,1.065e+03,2.632e-04,4.276e+02,7.156e-02,2.444e+01,5.283e-01,5.283e-01,1.471e-02,3.328e+01,3.328e+01,1.269e-02,4.121e+01
13111200,3.296e+01,4.497e+01,7.392e+02,1.833e-04,2.948e+02,5.020e-02,2.334e+01,3.706e-01,3.706e-01,1.444e-02,3.296e+01,3.296e+01,1.304e-02,3.843e+01
13114800,3.243e+01,4.497e+01,7.180e+02,1.793e-04,2.830e+02,4.981e-02,2.168e+01,3.677e-01,3.677e-01,1.401e-02,3.244e+01,3.244e+01,1.245e-02,3.850e+01
13118400,3.169e+01,4.499e+01,7.502e+02,1.889e-04,2.917e+02,5.341e-02,1.887e+01,3.943e-01,3.943e-01,1.344e-02,3.171e+01,3.171e+01,1.184e-02,3.785e+01
13122000,3.096e+01,4.498e+01,6.938e+02,1.758e-04,2.667e+02,5.077e-02,1.552e+01,3.748e-01,3.748e-01,1.287e-02,3.097e+01,3.097e+01,1.125e-02,3.716e+01
13125600,3.029e+01,4.498e+01,5.886e+02,1.500e-04,2.241e+02,4.421e-02,1.304e+01,3.264e-01,3.264e-01,1.238e-02,3.030e+01,3.030e+01,1.113e-02,3.505e+01
13129200,2.973e+01,4.495e+01,4.517e+02,1.155e-04,1.707e+02,3.469e-02,1.251e+01,2.561e-01,2.561e-01,1.196e-02,2.974e+01,2.974e+01,1.085e-02,3.396e+01
13132800,2.930e+01,4.493e+01,3.569e+02,9.153e-05,1.342e+02,2.792e-02,1.305e+01,2.062e-01,2.062e-01,1.166e-02,2.930e+01,2.930e+01,1.079e-02,3.262e+01
13136400,2.893e+01,4.495e+01,3.071e+02,7.893e-05,1.150e+02,2.441e-02,1.330e+01,1.802e-01,1.802e-01,1.142e-02,2.894e+01,2.894e+01,1.039e-02,3.282e+01
13140000,2.858e+01,4.495e+01,2.859e+02,7.360e-05,1.067e+02,2.306e-02,1.330e+01,1.703e-01,1.703e-01,1.119e-02,2.859e+01,2.859e+01,1.023e-02,3.222e+01
13143600,2.825e+01,4.497e+01,2.836e+02,7.311e-05,1.055e+02,2.321e-02,1.330e+01,1.714e-01,1.714e-01,1.097e-02,2.826e+01,2.826e+01,1.003e-02,3.183e+01
13147200,2.793e+01,4.496e+01,2.613e+02,6.745e-05,9.694e+01,2.170e-02,1.305e+01,1.602e-01,1.602e-01,1.076e-02,2.793e+01,2.793e+01,9.932e-03,3.107e+01
13150800,2.760e+01,4.496e+01,2.272e+02,5.872e-05,8.411e+01,1.913e-02,1.250e+01,1.412e-01,1.412e-01,1.055e-02,2.760e+01,2.760e+01,9.734e-03,3.069e+01
13154400,2.745e+01,4.497e+01,3.157e+01,8.160e-06,1.168e+01,2.678e-03,1.306e+01,1.977e-02,1.977e-02,1.046e-02,2.745e+01,2.745e+01,1.006e-02,2.899e+01
13158000,2.768e+01,4.457e+01,0.000e+00,0.000e+00,0.000e+00,0.000e+00,1.588e+01,0.000e+00,0.000e+00,1.050e-02,2.767e+01,2.767e+01,1.050e-02,2.767e+01
13161600,2.831e+01,4.412e+01,0.000e+00,0.000e+00,0.000e+00,0.000e+00,1.892e+01,0.000e+00,0.000e+00,1.079e-02,2.830e+01,2.830e+01,1.079e-02,2.830e+01
13165200,2.924e+01,4.464e+01,9.518e+01,2.436e-05,3.593e+01,7.394e-03,2.086e+01,5.459e-02,5.459e-02,1.153e-02,2.923e+01,2.923e+01,1.115e-02,3.069e+01
13168800,3.035e+01,4.490e+01,5.424e+02,1.380e-04,2.069e+02,4.068e-02,2.226e+01,3.003e-01,3.003e-01,1.239e-02,3.034e+01,3.034e+01,1.114e-02,3.509e+01
13172400,3.123e+01,4.491e+01,7.494e+02,1.894e-04,2.894e+02,5.440e-02,2.361e+01,4.016e-01,4.016e-01,1.305e-02,3.121e+01,3.121e+01,1.160e-02,3.679e+01
13176000,3.192e+01,4.500e+01,1.045e+03,2.625e-04,4.084e+02,7.383e-02,2.440e+01,5.451e-01,5.451e-01,1.361e-02,3.191e+01,3.191e+01,1.142e-02,4.038e+01
13179600,3.217e+01,4.497e+01,8.194e+02,2.052e-04,3.215e+02,5.735e-02,2.470e+01,4.234e-01,4.234e-01,1.383e-02,3.217e+01,3.217e+01,1.222e-02,3.841e+01
13183200,3.253e+01,4.501e+01,1.048e+03,2.614e-04,4.141e+02,7.236e-02,2.500e+01,5.342e-01,5.342e-01,1.412e-02,3.252e+01,3.252e+01,1.202e-02,4.071e+01
13186800,3.294e+01,4.507e+01,1.467e+03,3.639e-04,5.844e+02,9.969e-02,2.500e+01,7.360e-01,7.360e-01,1.450e-02,3.293e+01,3.293e+01,1.158e-02,4.434e+01
13190400,3.316e+01,4.511e+01,1.570e+03,3.886e-04,6.285e+02,1.058e-01,2.500e+01,7.814e-01,7.814e-01,1.470e-02,3.315e+01,3.315e+01,1.170e-02,4.489e+01
13194000,3.305e+01,4.507e+01,1.294e+03,3.206e-04,5.171e+02,8.756e-02,2.470e+01,6.464e-01,6.464e-01,1.462e-02,3.306e+01,3.306e+01,1.205e-02,4.308e+01
13197600,3.256e+01,4.499e+01,8.718e+02,2.173e-04,3.449e+02,6.004e-02,2.415e+01,4.432e-01,4.432e-01,1.420e-02,3.257e+01,3.257e+01,1.245e-02,3.938e+01
13201200,3.198e+01,4.497e+01,6.356e+02,1.595e-04,2.486e+02,4.478e-02,2.278e+01,3.306e-01,3.306e-01,1.372e-02,3.199e+01,3.199e+01,1.235e-02,3.727e+01
13204800,3.137e+01,4.497e+01,6.235e+02,1.574e-04,2.412e+02,4.496e-02,2.053e+01,3.319e-01,3.319e-01,1.324e-02,3.138e+01,3.138e+01,1.196e-02,3.632e+01
13208400,3.077e+01,4.496e+01,5.594e+02,1.420e-04,2.144e+02,4.126e-02,1.828e+01,3.046e-01,3.046e-01,1.278e-02,3.078e+01,3.078e+01,1.158e-02,3.539e+01
13212000,3.027e+01,4.494e+01,4.118e+02,1.049e-04,1.568e+02,3.098e-02,1.776e+01,2.287e-01,2.287e-01,1.240e-02,3.028e+01,3.028e+01,1.149e-02,3.372e+01
13215600,2.987e+01,4.492e+01,3.561e+02,9.101e-05,1.348e+02,2.723e-02,1.718e+01,2.011e-01,2.011e-01,1.211e-02,2.988e+01,2.988e+01,1.133e-02,3.285e+01
13219200,2.949e+01,4.493e+01,3.110e+02,7.966e-05,1.172e+02,2.414e-02,1.641e+01,1.782e-01,1.782e-01,1.184e-02,2.949e+01,2.949e+01,1.101e-02,3.263e+01
13222800,2.916e+01,4.495e+01,2.797e+02,7.179e-05,1.050e+02,2.202e-02,1.670e+01,1.626e-01,1.626e-01,1.162e-02,2.917e+01,2.917e+01,1.075e-02,3.247e+01
13226400,2.887e+01,4.495e+01,2.255e+02,5.798e-05,8.443e+01,1.798e-02,1.670e+01,1.327e-01,1.327e-01,1.143e-02,2.887e+01,2.887e+01,1.067e-02,3.172e+01
13230000,2.857e+01,4.494e+01,2.807e+02,7.226e-05,1.047e+02,2.266e-02,1.614e+01,1.673e-01,1.673e-01,1.123e-02,2.857e+01,2.857e+01,1.038e-02,3.179e+01
13233600,2.825e+01,4.495e+01,2.952e+02,7.612e-05,1.098e+02,2.418e-02,1.499e+01,1.785e-01,1.785e-01,1.102e-02,2.826e+01,2.826e+01,1.002e-02,3.203e+01
13237200,2.793e+01,4.497e+01,1.900e+02,4.904e-05,7.051e+01,1.576e-02,1.415e+01,1.163e-01,1.163e-01,1.081e-02,2.794e+01,2.794e+01,9.979e-03,3.107e+01
13240800,2.784e+01,4.492e+01,4.902e+00,1.266e-06,1.819e+00,4.091e-04,1.476e+01,3.020e-03,3.020e-03,1.074e-02,2.784e+01,2.784e+01,1.059e-02,2.843e+01
13244400,2.799e+01,4.452e+01,0.000e+00,0.000e+00,0.000e+00,0.000e+00,1.672e+01,0.000e+00,0.000e+00,1.074e-02,2.798e+01,2.798e+01,1.074e-02,2.798e+01
13248000,2.826e+01,4.381e+01,0.000e+00,0.000e+00,0.000e+00,0.000e+00,1.892e+01,0.000e+00,0.000e+00,1.074e-02,2.826e+01,2.826e+01,1.074e-02,2.826e+01
13251600,2.870e+01,4.268e+01,0.000e+00,0.000e+00,0.000e+00,0.000e+00,2.112e+01,0.000e+00,0.000e+00,1.074e-02,2.869e+01,2.869e+01,1.074e-02,2.869e+01
13255200,2.930e+01,4.121e+01,0.000e+00,0.000e+00,0.000e+00,0.000e+00,2.332e+01,0.000e+00,0.000e+00,1.074e-02,2.929e+01,2.929e+01,1.074e-02,2.929e+01
13258800,2.980e+01,4.004e+01,0.000e+00,0.000e+00,0.000e+00,0.000e+00,2.501e+01,0.000e+00,0.000e+00,1.074e-02,2.980e+01,2.980e+01,1.074e-02,2.980e+01
13262400,3.008e+01,3.937e+01,0.000e+00,0.000e+00,0.000e+00,0.000e+00,2.641e+01,0.000e+00,0.000e+00,1.074e-02,3.008e+01,3.008e+01,1.074e-02,3.008e+01
13266000,3.023e+01,3.902e+01,0.000e+00,0.000e+00,0.000e+00,0.000e+00,2.806e+01,0.000e+00,0.000e+00,1.074e-02,3.022e+01,3.022e+01,1.074e-02,3.022e+01
13269600,3.051e+01,3.836e+01,0.000e+00,0.000e+00,0.000e+00,0.000e+00,2.859e+01,0.000e+00,0.000e+00,1.074e-02,3.051e+01,3.051e+01,1.074e-02,3.051e+01
13273200,3.065e+01,3.806e+01,0.000e+00,0.000e+00,0.000e+00,0.000e+00,2.693e+01,0.000e+00,0.000e+00,1.074e-02,3.065e+01,3.065e+01,1.074e-02,3.065e+01
13276800,3.059e+01,3.818e+01,0.000e+00,0.000e+00,0.000e+00,0.000e+00,2.474e+01,0.000e+00,0.000e+00,1.074e-02,3.059e+01,3.059e+01,1.074e-02,3.059e+01
13280400,3.059e+01,3.815e+01,0.000e+00,0.000e+00,0.000e+00,0.000e+00,2.359e+01,0.000e+00,0.000e+00,1.074e-02,3.059e+01,3.059e+01,1.074e-02,3.059e+01
13284000,3.055e+01,3.823e+01,0.000e+00,0.000e+00,0.000e+00,0.000e+00,2.360e+01,0.000e+00,0.000e+00,1.074e-02,3.055e+01,3.055e+01,1.074e-02,3.055e+01
13287600,3.023e+01,3.890e+01,0.000e+00,0.000e+00,0.000e+00,0.000e+00,2.248e+01,0.000e+00,0.000e+00,1.074e-02,3.024e+01,3.024e+01,1.074e-02,3.024e+01
13291200,2.957e+01,4.041e+01,0.000e+00,0.000e+00,0.000e+00,0.000e+00,2.024e+01,0.000e+00,0.000e+00,1.074e-02,2.958e+01,2.958e+01,1.074e-02,2.958e+01
13294800,2.904e+01,4.166e+01,0.000e+00,0.000e+00,0.000e+00,0.000e+00,1.859e+01,0.000e+00,0.000e+00,1.074e-02,2.905e+01,2.905e+01,1.074e-02,2.905e+01
13298400,2.865e+01,4.262e+01,0.000e+00,0.000e+00,0.000e+00,0.000e+00,1.805e+01,0.000e+00,0.000e+00,1.074e-02,2.866e+01,2.866e+01,1.074e-02,2.866e+01
13302000,2.832e+01,4.345e+01,0.000e+00,0.000e+00,0.000e+00,0.000e+00,1.749e+01,0.000e+00,0.000e+00,1.074e-02,2.832e+01,2.832e+01,1.074e-02,2.832e+01
13305600,2.799e+01,4.429e+01,0.000e+00,0.000e+00,0.000e+00,0.000e+00,1.726e+01,0.000e+00,0.000e+00,1.074e-02,2.799e+01,2.799e+01,1.074e-02,2.799e+01
13309200,2.776e+01,4.486e+01,3.657e+01,9.446e-06,1.355e+01,3.069e-03,1.750e+01,2.266e-02,2.266e-02,1.074e-02,2.776e+01,2.776e+01,1.033e-02,2.931e+01
13312800,2.760e+01,4.498e+01,1.117e+02,2.887e-05,4.137e+01,9.420e-03,1.776e+01,6.954e-02,6.954e-02,1.067e-02,2.760e+01,2.760e+01,9.802e-03,3.088e+01
13316400,2.746e+01,4.498e+01,1.278e+02,3.305e-05,4.728e+01,1.085e-02,1.886e+01,8.010e-02,8.010e-02,1.058e-02,2.746e+01,2.746e+01,9.667e-03,3.091e+01
13320000,2.731e+01,4.498e+01,1.163e+02,3.009e-05,4.299e+01,9.942e-03,1.940e+01,7.340e-02,7.340e-02,1.049e-02,2.732e+01,2.732e+01,9.627e-03,3.055e+01
13323600,2.716e+01,4.498e+01,1.024e+02,2.650e-05,3.780e+01,8.807e-03,1.915e+01,6.502e-02,6.502e-02,1.039e-02,2.716e+01,2.716e+01,9.587e-03,3.019e+01
13327200,2.711e+01,4.497e+01,7.026e+00,1.818e-06,2.593e+00,6.065e-04,1.890e+01,4.478e-03,4.478e-03,1.035e-02,2.711e+01,2.711e+01,1.005e-02,2.824e+01
13330800,2.729e+01,4.447e+01,0.000e+00,0.000e+00,0.000e+00,0.000e+00,2.032e+01,0.000e+00,0.000e+00,1.035e-02,2.729e+01,2.729e+01,1.035e-02,2.729e+01
13334400,2.769e+01,4.345e+01,0.000e+00,0.000e+00,0.000e+00,0.000e+00,2.251e+01,0.000e+00,0.000e+00,1.035e-02,2.768e+01,2.768e+01,1.035e-02,2.768e+01
13338000,2.823e+01,4.208e+01,0.000e+00,0.000e+00,0.000e+00,0.000e+00,2.503e+01,0.000e+00,0.000e+00,1.035e-02,2.822e+01,2.822e+01,1.035e-02,2.822e+01
13341600,2.879e+01,4.073e+01,0.000e+00,0.000e+00,0.000e+00,0.000e+00,2.782e+01,0.000e+00,0.000e+00,1.035e-02,2.878e+01,2.878e+01,1.035e-02,2.878e+01
13345200,2.914e+01,3.988e+01,0.000e+00,0.000e+00,0.000e+00,0.000e+00,2.946e+01,0.000e+00,0.000e+00,1.035e-02,2.914e+01,2.914e+01,1.035e-02,2.914e+01
13348800,2.933e+01,3.941e+01,0.000e+00,0.000e+00,0.000e+00,0.000e+00,3.030e+01,0.000e+00,0.000e+00,1.035e-02,2.932e+01,2.932e+01,1.035e-02,2.932e+01
13352400,2.945e+01,3.912e+01,0.000e+00,0.000e+00,0.000e+00,0.000e+00,2.974e+01,0.000e+00,0.000e+00,1.035e-02,2.945e+01,2.945e+01,1.035e-02,2.945e+01
13356000,2.950e+01,3.900e+01,0.000e+00,0.000e+00,0.000e+00,0.000e+00,2.946e+01,0.000e+00,0.000e+00,1.035e-02,2.950e+01,2.950e+01,1.035e-02,2.950e+01
13359600,2.976e+01,3.842e+01,0.000e+00,0.000e+00,0.000e+00,0.000e+00,2.970e+01,0.000e+00,0.000e+00,1.035e-02,2.976e+01,2.976e+01,1.035e-02,2.976e+01
13363200,2.989e+01,3.812e+01,0.000e+00,0.000e+00,0.000e+00,0.000e+00,2.940e+01,0.000e+00,0.000e+00,1.035e-02,2.989e+01,2.989e+01,1.035e-02,2.989e+01
13366800,2.985e+01,3.818e+01,0.000e+00,0.000e+00,0.000e+00,0.000e+00,2.884e+01,0.000e+00,0.000e+00,1.035e-02,2.985e+01,2.985e+01,1.035e-02,2.985e+01
13370400,2.971e+01,3.846e+01,0.000e+00,0.000e+00,0.000e+00,0.000e+00,2.749e+01,0.000e+00,0.000e+00,1.035e-02,2.971e+01,2.971e+01,1.035e-02,2.971e+01
13374000,2.948e+01,3.898e+01,0.000e+00,0.000e+00,0.000e+00,0.000e+00,2.640e+01,0.000e+00,0.000e+00,1.035e-02,2.949e+01,2.949e+01,1.035e-02,2.949e+01
13377600,2.919e+01,3.968e+01,0.000e+00,0.000e+00,0.000e+00,0.000e+00,2.524e+01,0.000e+00,0.000e+00,1.035e-02,2.919e+01,2.919e+01,1.035e-02,2.919e+01
13381200,2.889e+01,4.038e+01,0.000e+00,0.000e+00,0.000e+00,0.000e+00,2.303e+01,0.000e+00,0.000e+00,1.035e-02,2.890e+01,2.890e+01,1.035e-02,2.890e+01
13384800,2.859e+01,4.113e+01,0.000e+00,0.000e+00,0.000e+00,0.000e+00,2.028e+01,0.000e+00,0.000e+00,1.035e-02,2.860e+01,2.860e+01,1.035e-02,2.860e+01
13388400,2.822e+01,4.204e+01,0.000e+00,0.000e+00,0.000e+00,0.000e+00,1.804e+01,0.000e+00,0.000e+00,1.035e-02,2.822e+01,2.822e+01,1.035e-02,2.822e+01
13392000,2.786e+01,4.289e+01,0.000e+00,0.000e+00,0.000e+00,0.000e+00,1.720e+01,0.000e+00,0.000e+00,1.035e-02,2.787e+01,2.787e+01,1.035e-02,2.787e+01
13395600,2.761e+01,4.351e+01,0.000e+00,0.000e+00,0.000e+00,0.000e+00,1.776e+01,0.000e+00,0.000e+00,1.035e-02,2.761e+01,2.761e+01,1.035e-02,2.761e+01
13399200,2.744e+01,4.395e+01,0.000e+00,0.000e+00,0.000e+00,0.000e+00,1.805e+01,0.000e+00,0.000e+00,1.035e-02,2.744e+01,2.744e+01,1.035e-02,2.744e+01
13402800,2.722e+01,4.454e+01,0.000e+00,0.000e+00,0.000e+00,0.000e+00,1.805e+01,0.000e+00,0.000e+00,1.035e-02,2.722e+01,2.722e+01,1.035e-02,2.722e+01
13406400,2.703e+01,4.496e+01,5.537e+01,1.433e-05,2.042e+01,4.800e-03,1.830e+01,3.543e-02,3.543e-02,1.034e-02,2.703e+01,2.703e+01,9.741e-03,2.929e+01
13410000,2.692e+01,4.498e+01,6.505e+01,1.684e-05,2.398e+01,5.659e-03,1.805e+01,4.178e-02,4.178e-02,1.027e-02,2.692e+01,2.692e+01,9.678e-03,2.917e+01
13413600,2.700e+01,4.472e+01,0.000e+00,0.000e+00,0.000e+00,0.000e+00,1.750e+01,0.000e+00,0.000e+00,1.026e-02,2.700e+01,2.700e+01,1.026e-02,2.700e+01
13417200,2.726e+01,4.428e+01,0.000e+00,0.000e+00,0.000e+00,0.000e+00,1.720e+01,0.000e+00,0.000e+00,1.030e-02,2.725e+01,2.725e+01,1.030e-02,2.725e+01
13420800,2.745e+01,4.485e+01,1.178e+02,3.045e-05,4.360e+01,9.980e-03,1.695e+01,7.368e-02,7.368e-02,1.055e-02,2.744e+01,2.744e+01,1.004e-02,2.936e+01
13424400,2.824e+01,4.490e+01,4.192e+02,1.080e-04,1.561e+02,3.432e-02,1.670e+01,2.534e-01,2.534e-01,1.106e-02,2.822e+01,2.822e+01,9.958e-03,3.238e+01
13428000,2.907e+01,4.495e+01,7.480e+02,1.921e-04,2.805e+02,5.911e-02,1.695e+01,4.364e-01,4.364e-01,1.162e-02,2.906e+01,2.906e+01,1.000e-02,3.522e+01
13431600,2.971e+01,4.496e+01,8.425e+02,2.156e-04,3.182e+02,6.487e-02,1.832e+01,4.789e-01,4.789e-01,1.207e-02,2.970e+01,2.970e+01,1.035e-02,3.623e+01
13435200,3.027e+01,4.501e+01,1.028e+03,2.620e-04,3.909e+02,7.726e-02,2.026e+01,5.704e-01,5.704e-01,1.249e-02,3.027e+01,3.027e+01,1.028e-02,3.867e+01
13438800,3.030e+01,4.503e+01,1.001e+03,2.552e-04,3.809e+02,7.514e-02,2.054e+01,5.548e-01,5.548e-01,1.252e-02,3.031e+01,3.031e+01,1.048e-02,3.808e+01
13442400,3.040e+01,4.502e+01,1.074e+03,2.736e-04,4.091e+02,8.038e-02,2.030e+01,5.934e-01,5.934e-01,1.259e-02,3.039e+01,3.039e+01,1.049e-02,3.840e+01
13446000,3.087e+01,4.501e+01,1.057e+03,2.681e-04,4.054e+02,7.763e-02,2.060e+01,5.731e-01,5.731e-01,1.294e-02,3.086e+01,3.086e+01,1.093e-02,3.858e+01
13449600,3.130e+01,4.503e+01,1.206e+03,3.046e-04,4.660e+02,8.711e-02,2.085e+01,6.431e-01,6.431e-01,1.328e-02,3.130e+01,3.130e+01,1.072e-02,4.115e+01
13453200,3.127e+01,4.507e+01,1.143e+03,2.889e-04,4.410e+02,8.257e-02,2.024e+01,6.096e-01,6.096e-01,1.328e-02,3.128e+01,3.128e+01,1.089e-02,4.046e+01
13456800,3.077e+01,4.501e+01,8.249e+02,2.095e-04,3.160e+02,6.079e-02,1.859e+01,4.488e-01,4.488e-01,1.288e-02,3.078e+01,3.078e+01,1.116e-02,3.737e+01
13460400,3.011e+01,4.498e+01,6.450e+02,1.646e-04,2.448e+02,4.884e-02,1.668e+01,3.606e-01,3.606e-01,1.239e-02,3.012e+01,3.012e+01,1.093e-02,3.569e+01
13464000,2.937e+01,4.498e+01,6.601e+02,1.693e-04,2.482e+02,5.144e-02,1.499e+01,3.798e-01,3.798e-01,1.186e-02,2.938e+01,2.938e+01,1.049e-02,3.459e+01
13467600,2.867e+01,4.498e+01,5.547e+02,1.428e-04,2.071e+02,4.450e-02,1.384e+01,3.286e-01,3.286e-01,1.138e-02,2.868e+01,2.868e+01,1.010e-02,3.354e+01
13471200,2.813e+01,4.494e+01,4.044e+02,1.044e-04,1.502e+02,3.325e-02,1.305e+01,2.455e-01,2.455e-01,1.101e-02,2.814e+01,2.814e+01,1.007e-02,3.169e+01
13474800,2.767e+01,4.495e+01,3.599e+02,9.302e-05,1.333e+02,3.022e-02,1.280e+01,2.231e-01,2.231e-01,1.072e-02,2.768e+01,2.768e+01,9.745e-03,3.136e+01
13478400,2.729e+01,4.496e+01,2.834e+02,7.333e-05,1.047e+02,2.424e-02,1.280e+01,1.790e-01,1.790e-01,1.048e-02,2.729e+01,2.729e+01,9.619e-03,3.053e+01
13482000,2.692e+01,4.497e+01,2.889e+02,7.483e-05,1.064e+02,2.516e-02,1.280e+01,1.857e-01,1.857e-01,1.026e-02,2.693e+01,2.693e+01,9.364e-03,3.029e+01
13485600,2.656e+01,4.496e+01,2.559e+02,6.633e-05,9.411e+01,2.268e-02,1.250e+01,1.674e-01,1.674e-01,1.004e-02,2.657e+01,2.657e+01,9.262e-03,2.951e+01
13489200,2.620e+01,4.496e+01,2.976e+02,7.719e-05,1.093e+02,2.686e-02,1.164e+01,1.983e-01,1.983e-01,9.827e-03,2.620e+01,2.620e+01,8.965e-03,2.945e+01
13492800,2.582e+01,4.496e+01,2.478e+02,6.430e-05,9.086e+01,2.279e-02,1.110e+01,1.682e-01,1.682e-01,9.609e-03,2.583e+01,2.583e+01,8.857e-03,2.867e+01
13496400,2.552e+01,4.497e+01,1.606e+02,4.166e-05,5.883e+01,1.498e-02,1.110e+01,1.106e-01,1.106e-01,9.429e-03,2.552e+01,2.552e+01,8.643e-03,2.849e+01
13500000,2.553e+01,4.478e+01,1.009e+00,2.617e-07,3.697e-01,9.469e-05,1.196e+01,6.991e-04,6.991e-04,9.388e-03,2.553e+01,2.553e+01,9.296e-03,2.588e+01
13503600,2.594e+01,4.388e+01,0.000e+00,0.000e+00,0.000e+00,0.000e+00,1.422e+01,0.000e+00,0.000e+00,9.428e-03,2.593e+01,2.593e+01,9.428e-03,2.593e+01
13507200,2.676e+01,4.296e+01,0.000e+00,0.000e+00,0.000e+00,0.000e+00,1.784e+01,0.000e+00,0.000e+00,9.683e-03,2.674e+01,2.674e+01,9.683e-03,2.674e+01
13510800,2.785e+01,4.315e+01,0.000e+00,0.000e+00,0.000e+00,0.000e+00,2.168e+01,0.000e+00,0.000e+00,1.037e-02,2.783e+01,2.783e+01,1.037e-02,2.783e+01
13514400,2.880e+01,4.458e+01,1.496e+02,3.840e-05,5.619e+01,1.185e-02,2.416e+01,8.746e-02,8.746e-02,1.135e-02,2.879e+01,2.879e+01,1.086e-02,3.063e+01
13518000,2.982e+01,4.489e+01,5.081e+02,1.298e-04,1.924e+02,3.896e-02,2.642e+01,2.876e-01,2.876e-01,1.214e-02,2.981e+01,2.981e+01,1.109e-02,3.383e+01
13521600,3.070e+01,4.493e+01,7.818e+02,1.985e-04,2.996e+02,5.786e-02,2.836e+01,4.272e-01,4.272e-01,1.280e-02,3.068e+01,3.068e+01,1.114e-02,3.703e+01
13525200,3.110e+01,4.494e+01,6.325e+02,1.601e-04,2.436e+02,4.612e-02,2.976e+01,3.405e-01,3.405e-01,1.312e-02,3.110e+01,3.110e+01,1.173e-02,3.642e+01
13528800,3.155e+01,4.494e+01,8.310e+02,2.094e-04,3.225e+02,5.958e-02,3.085e+01,4.399e-01,4.399e-01,1.347e-02,3.154e+01,3.154e+01,1.183e-02,3.786e+01
13532400,3.223e+01,4.499e+01,1.026e+03,2.568e-04,4.033e+02,7.167e-02,3.141e+01,5.291e-01,5.291e-01,1.404e-02,3.223e+01,3.223e+01,1.195e-02,4.032e+01
13536000,3.278e+01,4.504e+01,1.225e+03,3.045e-04,4.862e+02,8.376e-02,3.195e+01,6.184e-01,6.184e-01,1.451e-02,3.277e+01,3.277e+01,1.203e-02,4.245e+01
13539600,3.298e+01,4.500e+01,9.971e+02,2.473e-04,3.976e+02,6.772e-02,3.108e+01,5.000e-01,5.000e-01,1.468e-02,3.298e+01,3.298e+01,1.267e-02,4.083e+01
13543200,3.269e+01,4.496e+01,6.999e+02,1.742e-04,2.775e+02,4.805e-02,2.944e+01,3.548e-01,3.548e-01,1.443e-02,3.269e+01,3.269e+01,1.286e-02,3.881e+01
13546800,3.220e+01,4.494e+01,5.346e+02,1.338e-04,2.099e+02,3.739e-02,2.778e+01,2.760e-01,2.760e-01,1.404e-02,3.221e+01,3.221e+01,1.284e-02,3.683e+01
13550400,3.168e+01,4.494e+01,5.272e+02,1.327e-04,2.050e+02,3.758e-02,2.614e+01,2.774e-01,2.774e-01,1.362e-02,3.169e+01,3.169e+01,1.239e-02,3.645e+01
13554000,3.125e+01,4.493e+01,3.075e+02,7.767e-05,1.189e+02,2.226e-02,2.616e+01,1.644e-01,1.644e-01,1.328e-02,3.126e+01,3.126e+01,1.246e-02,3.439e+01
13557600,3.101e+01,4.496e+01,2.147e+02,5.435e-05,8.268e+01,1.570e-02,2.695e+01,1.159e-01,1.159e-01,1.309e-02,3.101e+01,3.101e+01,1.216e-02,3.455e+01
13561200,3.083e+01,4.496e+01,1.657e+02,4.201e-05,6.363e+01,1.220e-02,2.695e+01,9.008e-02,9.008e-02,1.294e-02,3.084e+01,3.084e+01,1.208e-02,3.413e+01
13564800,3.066e+01,4.496e+01,1.873e+02,4.755e-05,7.173e+01,1.388e-02,2.614e+01,1.025e-01,1.025e-01,1.281e-02,3.066e+01,3.066e+01,1.184e-02,3.438e+01
13568400,3.046e+01,4.496e+01,1.814e+02,4.613e-05,6.927e+01,1.355e-02,2.474e+01,1.001e-01,1.001e-01,1.266e-02,3.046e+01,3.046e+01,1.187e-02,3.350e+01
13572000,3.024e+01,4.496e+01,2.015e+02,5.133e-05,7.670e+01,1.518e-02,2.390e+01,1.121e-01,1.121e-01,1.251e-02,3.024e+01,3.024e+01,1.161e-02,3.369e+01
13575600,3.006e+01,4.497e+01,1.365e+02,3.481e-05,5.183e+01,1.036e-02,2.415e+01,7.647e-02,7.647e-02,1.238e-02,3.006e+01,3.006e+01,1.148e-02,3.348e+01
13579200,2.992e+01,4.497e+01,1.195e+02,3.051e-05,4.530e+01,9.119e-03,2.384e+01,6.733e-02,6.733e-02,1.228e-02,2.993e+01,2.993e+01,1.150e-02,3.290e+01
13582800,2.978e+01,4.497e+01,1.273e+02,3.255e-05,4.820e+01,9.769e-03,2.305e+01,7.212e-02,7.212e-02,1.217e-02,2.979e+01,2.979e+01,1.123e-02,3.338e+01
13586400,2.970e+01,4.499e+01,3.911e+01,9.999e-06,1.479e+01,3.011e-03,2.305e+01,2.223e-02,2.223e-02,1.212e-02,2.970e+01,2.970e+01,1.129e-02,3.286e+01
13590000,2.974e+01,4.498e+01,4.554e+01,1.164e-05,1.723e+01,3.502e-03,2.416e+01,2.586e-02,2.586e-02,1.214e-02,2.974e+01,2.974e+01,1.125e-02,3.311e+01
13593600,3.011e+01,4.492e+01,2.115e+02,5.391e-05,8.043e+01,1.602e-02,2.530e+01,1.183e-01,1.183e-01,1.238e-02,3.010e+01,3.010e+01,1.148e-02,3.352e+01
13597200,3.088e+01,4.491e+01,6.589e+02,1.669e-04,2.533e+02,4.836e-02,2.499e+01,3.570e-01,3.570e-01,1.294e-02,3.086e+01,3.086e+01,1.156e-02,3.616e+01
13600800,3.163e+01,4.498e+01,9.329e+02,2.349e-04,3.627e+02,6.657e-02,2.415e+01,4.915e-01,4.915e-01,1.354e-02,3.162e+01,3.162e+01,1.160e-02,3.910e+01
13604400,3.210e+01,4.506e+01,1.348e+03,3.379e-04,5.284e+02,9.449e-02,2.222e+01,6.976e-01,6.976e-01,1.395e-02,3.210e+01,3.210e+01,1.132e-02,4.225e+01
13608000,3.234e+01,4.509e+01,1.448e+03,3.620e-04,5.700e+02,1.006e-01,2.060e+01,7.428e-01,7.428e-01,1.415e-02,3.233e+01,3.233e+01,1.127e-02,4.350e+01
13611600,3.242e+01,4.500e+01,9.504e+02,2.373e-04,3.747e+02,6.589e-02,2.172e+01,4.864e-01,4.864e-01,1.419e-02,3.242e+01,3.242e+01,1.221e-02,4.011e+01
13615200,3.264e+01,4.503e+01,1.171e+03,2.918e-04,4.638e+02,8.053e-02,2.336e+01,5.945e-01,5.945e-01,1.438e-02,3.264e+01,3.264e+01,1.215e-02,4.133e+01
13618800,3.311e+01,4.504e+01,1.311e+03,3.245e-04,5.242e+02,8.861e-02,2.390e+01,6.542e-01,6.542e-01,1.477e-02,3.310e+01,3.310e+01,1.221e-02,4.313e+01
13622400,3.356e+01,4.505e+01,1.295e+03,3.186e-04,5.228e+02,8.611e-02,2.476e+01,6.357e-01,6.357e-01,1.517e-02,3.355e+01,3.355e+01,1.258e-02,4.374e+01
13626000,3.377e+01,4.500e+01,1.063e+03,2.606e-04,4.315e+02,7.013e-02,2.560e+01,5.178e-01,5.178e-01,1.535e-02,3.377e+01,3.377e+01,1.331e-02,4.184e+01
13629600,3.351e+01,4.496e+01,7.695e+02,1.895e-04,3.104e+02,5.128e-02,2.616e+01,3.786e-01,3.786e-01,1.511e-02,3.352e+01,3.352e+01,1.357e-02,3.957e+01
13633200,3.300e+01,4.494e+01,6.124e+02,1.518e-04,2.444e+02,4.158e-02,2.584e+01,3.070e-01,3.070e-01,1.466e-02,3.301e+01,3.301e+01,1.332e-02,3.824e+01
13636800,3.243e+01,4.496e+01,6.065e+02,1.514e-04,2.393e+02,4.203e-02,2.444e+01,3.103e-01,3.103e-01,1.418e-02,3.244e+01,3.244e+01,1.292e-02,3.734e+01
13640400,3.194e+01,4.492e+01,4.765e+02,1.196e-04,1.863e+02,3.365e-02,2.359e+01,2.484e-01,2.484e-01,1.376e-02,3.195e+01,3.195e+01,1.276e-02,3.584e+01
13644000,3.154e+01,4.490e+01,3.578e+02,9.017e-05,1.389e+02,2.565e-02,2.330e+01,1.894e-01,1.894e-01,1.343e-02,3.155e+01,3.155e+01,1.261e-02,3.471e+01
13647600,3.121e+01,4.495e+01,2.848e+02,7.197e-05,1.100e+02,2.067e-02,2.330e+01,1.526e-01,1.526e-01,1.319e-02,3.121e+01,3.121e+01,1.226e-02,3.478e+01
13651200,3.097e+01,4.495e+01,1.939e+02,4.912e-05,7.463e+01,1.421e-02,2.330e+01,1.049e-01,1.049e-01,1.301e-02,3.097e+01,3.097e+01,1.203e-02,3.473e+01
13654800,3.076e+01,4.495e+01,2.438e+02,6.185e-05,9.348e+01,1.800e-02,2.274e+01,1.329e-01,1.329e-01,1.284e-02,3.076e+01,3.076e+01,1.187e-02,3.449e+01
13658400,3.052e+01,4.495e+01,2.157e+02,5.484e-05,8.244e+01,1.608e-02,2.195e+01,1.187e-01,1.187e-01,1.266e-02,3.053e+01,3.053e+01,1.186e-02,3.357e+01
13662000,3.030e+01,4.496e+01,2.064e+02,5.255e-05,7.863e+01,1.551e-02,2.195e+01,1.145e-01,1.145e-01,1.250e-02,3.031e+01,3.031e+01,1.154e-02,3.397e+01
13665600,3.013e+01,4.496e+01,1.715e+02,4.372e-05,6.517e+01,1.298e-02,2.195e+01,9.586e-02,9.586e-02,1.235e-02,3.013e+01,3.013e+01,1.151e-02,3.334e+01
13669200,2.994e+01,4.497e+01,1.240e+02,3.166e-05,4.705e+01,9.449e-03,2.140e+01,6.976e-02,6.976e-02,1.222e-02,2.994e+01,2.994e+01,1.155e-02,3.250e+01
13672800,3.003e+01,4.467e+01,0.000e+00,0.000e+00,0.000e+00,0.000e+00,2.196e+01,0.000e+00,0.000e+00,1.219e-02,3.002e+01,3.002e+01,1.219e-02,3.002e+01
13676400,3.049e+01,4.373e+01,0.000e+00,0.000e+00,0.000e+00,0.000e+00,2.392e+01,0.000e+00,0.000e+00,1.224e-02,3.048e+01,3.048e+01,1.224e-02,3.048e+01
13680000,3.114e+01,4.334e+01,0.000e+00,0.000e+00,0.000e+00,0.000e+00,2.642e+01,0.000e+00,0.000e+00,1.259e-02,3.113e+01,3.113e+01,1.259e-02,3.113e+01
13683600,3.193e+01,4.442e+01,1.515e+02,3.788e-05,5.963e+01,1.060e-02,2.836e+01,7.828e-02,7.828e-02,1.350e-02,3.191e+01,3.191e+01,1.302e-02,3.376e+01
13687200,3.301e+01,4.488e+01,5.918e+02,1.465e-04,2.367e+02,4.012e-02,2.915e+01,2.962e-01,2.962e-01,1.452e-02,3.300e+01,3.300e+01,1.325e-02,3.800e+01
13690800,3.390e+01,4.497e+01,1.027e+03,2.510e-04,4.185e+02,6.744e-02,3.001e+01,4.979e-01,4.979e-01,1.531e-02,3.389e+01,3.389e+01,1.332e-02,4.174e+01
13694400,3.465e+01,4.497e+01,1.055e+03,2.548e-04,4.381e+02,6.745e-02,3.085e+01,4.980e-01,4.980e-01,1.598e-02,3.464e+01,3.464e+01,1.391e-02,4.296e+01
13698000,3.504e+01,4.497e+01,9.749e+02,2.339e-04,4.088e+02,6.145e-02,3.222e+01,4.537e-01,4.537e-01,1.636e-02,3.504e+01,3.504e+01,1.452e-02,4.245e+01
13701600,3.550e+01,4.499e+01,1.146e+03,2.723e-04,4.870e+02,7.093e-02,3.132e+01,5.237e-01,5.237e-01,1.679e-02,3.549e+01,3.549e+01,1.461e-02,4.433e+01
13705200,3.589e+01,4.506e+01,2.073e+03,4.882e-04,8.929e+02,1.264e-01,2.686e+01,9.335e-01,9.335e-01,1.720e-02,3.589e+01,3.589e+01,1.340e-02,5.144e+01
13708800,3.594e+01,4.502e+01,2.108e+03,4.956e-04,9.097e+02,1.284e-01,2.384e+01,9.481e-01,9.481e-01,1.722e-02,3.594e+01,3.594e+01,1.336e-02,5.177e+01
13712400,3.577e+01,4.510e+01,1.586e+03,3.749e-04,6.793e+02,9.713e-02,2.386e+01,7.171e-01,7.171e-01,1.708e-02,3.577e+01,3.577e+01,1.412e-02,4.785e+01
13716000,3.523e+01,4.505e+01,1.150e+03,2.751e-04,4.847e+02,7.189e-02,2.415e+01,5.308e-01,5.308e-01,1.656e-02,3.524e+01,3.524e+01,1.439e-02,4.399e+01
13719600,3.454e+01,4.499e+01,8.595e+02,2.082e-04,3.556e+02,5.513e-02,2.192e+01,4.070e-01,4.070e-01,1.589e-02,3.455e+01,3.455e+01,1.425e-02,4.108e+01
13723200,3.386e+01,4.495e+01,7.637e+02,1.869e-04,3.109e+02,5.020e-02,1.914e+01,3.706e-01,3.706e-01,1.526e-02,3.387e+01,3.387e+01,1.377e-02,3.976e+01
13726800,3.327e+01,4.496e+01,6.179e+02,1.525e-04,2.482e+02,4.151e-02,1.805e+01,3.065e-01,3.065e-01,1.475e-02,3.328e+01,3.328e+01,1.347e-02,3.833e+01
13730400,3.279e+01,4.492e+01,5.416e+02,1.346e-04,2.152e+02,3.707e-02,1.668e+01,2.737e-01,2.737e-01,1.433e-02,3.280e+01,3.280e+01,1.318e-02,3.728e+01
13734000,3.233e+01,4.491e+01,4.356e+02,1.088e-04,1.716e+02,3.032e-02,1.560e+01,2.238e-01,2.238e-01,1.395e-02,3.234e+01,3.234e+01,1.299e-02,3.606e+01
13737600,3.193e+01,4.491e+01,3.732e+02,9.365e-05,1.460e+02,2.635e-02,1.585e+01,1.946e-01,1.946e-01,1.363e-02,3.194e+01,3.194e+01,1.275e-02,3.538e+01
13741200,3.159e+01,4.493e+01,3.159e+02,7.955e-05,1.228e+02,2.259e-02,1.641e+01,1.668e-01,1.668e-01,1.337e-02,3.160e+01,3.160e+01,1.249e-02,3.499e+01
13744800,3.128e+01,4.494e+01,3.044e+02,7.688e-05,1.177e+02,2.203e-02,1.670e+01,1.627e-01,1.627e-01,1.314e-02,3.129e+01,3.129e+01,1.215e-02,3.509e+01
13748400,3.099e+01,4.494e+01,2.467e+02,6.247e-05,9.496e+01,1.806e-02,1.695e+01,1.333e-01,1.333e-01,1.293e-02,3.100e+01,3.100e+01,1.212e-02,3.410e+01
13752000,3.072e+01,4.495e+01,2.733e+02,6.937e-05,1.048e+02,2.021e-02,1.720e+01,1.492e-01,1.492e-01,1.273e-02,3.073e+01,3.073e+01,1.182e-02,3.423e+01
13755600,3.047e+01,4.495e+01,1.890e+02,4.807e-05,7.220e+01,1.411e-02,1.776e+01,1.042e-01,1.042e-01,1.255e-02,3.048e+01,3.048e+01,1.158e-02,3.416e+01
13759200,3.032e+01,4.498e+01,7.868e+01,2.003e-05,3.000e+01,5.908e-03,1.861e+01,4.362e-02,4.362e-02,1.244e-02,3.032e+01,3.032e+01,1.171e-02,3.313e+01
13762800,3.033e+01,4.498e+01,5.143e+01,1.309e-05,1.962e+01,3.863e-03,1.915e+01,2.852e-02,2.852e-02,1.245e-02,3.033e+01,3.033e+01,1.160e-02,3.357e+01
13766400,3.072e+01,4.493e+01,1.903e+02,4.827e-05,7.301e+01,1.407e-02,2.001e+01,1.039e-01,1.039e-01,1.271e-02,3.071e+01,3.071e+01,1.168e-02,3.465e+01
13770000,3.159e+01,4.488e+01,5.676e+02,1.428e-04,2.208e+02,4.058e-02,2.060e+01,2.996e-01,2.996e-01,1.334e-02,3.157e+01,3.157e+01,1.217e-02,3.610e+01
13773600,3.244e+01,4.496e+01,8.709e+02,2.174e-04,3.436e+02,6.035e-02,2.172e+01,4.456e-01,4.456e-01,1.405e-02,3.243e+01,3.243e+01,1.231e-02,3.920e+01
13777200,3.312e+01,4.498e+01,1.102e+03,2.728e-04,4.410e+02,7.456e-02,2.448e+01,5.504e-01,5.504e-01,1.462e-02,3.311e+01,3.311e+01,1.249e-02,4.146e+01
13780800,3.377e+01,4.498e+01,1.154e+03,2.827e-04,4.686e+02,7.615e-02,2.641e+01,5.622e-01,5.622e-01,1.518e-02,3.376e+01,3.376e+01,1.283e-02,4.305e+01
13784400,3.407e+01,4.499e+01,1.020e+03,2.490e-04,4.168e+02,6.659e-02,2.614e+01,4.917e-01,4.917e-01,1.546e-02,3.407e+01,3.407e+01,1.353e-02,4.173e+01
13788000,3.429e+01,4.504e+01,1.286e+03,3.127e-04,5.284e+02,8.322e-02,2.530e+01,6.144e-01,6.144e-01,1.568e-02,3.428e+01,3.428e+01,1.330e-02,4.375e+01
13791600,3.482e+01,4.505e+01,1.356e+03,3.267e-04,5.648e+02,8.612e-02,2.470e+01,6.358e-01,6.358e-01,1.616e-02,3.481e+01,3.481e+01,1.344e-02,4.571e+01
13795200,3.529e+01,4.507e+01,1.582e+03,3.777e-04,6.683e+02,9.872e-02,2.440e+01,7.289e-01,7.289e-01,1.663e-02,3.528e+01,3.528e+01,1.370e-02,4.715e+01
13798800,3.528e+01,4.509e+01,1.481e+03,3.537e-04,6.253e+02,9.235e-02,2.384e+01,6.818e-01,6.818e-01,1.666e-02,3.529e+01,3.529e+01,1.379e-02,4.690e+01
13802400,3.474e+01,4.506e+01,1.180e+03,2.847e-04,4.903e+02,7.505e-02,2.218e+01,5.541e-01,5.541e-01,1.616e-02,3.475e+01,3.475e+01,1.382e-02,4.411e+01
13806000,3.398e+01,4.501e+01,8.872e+02,2.169e-04,3.619e+02,5.805e-02,2.085e+01,4.286e-01,4.286e-01,1.545e-02,3.399e+01,3.399e+01,1.358e-02,4.138e+01
13809600,3.330e+01,4.496e+01,7.109e+02,1.755e-04,2.856e+02,4.771e-02,2.029e+01,3.522e-01,3.522e-01,1.485e-02,3.331e+01,3.331e+01,1.338e-02,3.908e+01
13813200,3.279e+01,4.493e+01,4.513e+02,1.121e-04,1.794e+02,3.087e-02,2.030e+01,2.279e-01,2.279e-01,1.440e-02,3.280e+01,3.280e+01,1.350e-02,3.634e+01
13816800,3.238e+01,4.491e+01,4.149e+02,1.036e-04,1.636e+02,2.881e-02,2.029e+01,2.127e-01,2.127e-01,1.407e-02,3.239e+01,3.239e+01,1.299e-02,3.658e+01
13820400,3.200e+01,4.489e+01,3.790e+02,9.504e-05,1.484e+02,2.670e-02,2.000e+01,1.971e-01,1.971e-01,1.377e-02,3.201e+01,3.201e+01,1.294e-02,3.522e+01
13824000,3.167e+01,4.493e+01,2.897e+02,7.289e-05,1.127e+02,2.067e-02,2.030e+01,1.526e-01,1.526e-01,1.352e-02,3.167e+01,3.167e+01,1.264e-02,3.507e+01
13827600,3.139e+01,4.495e+01,2.137e+02,5.390e-05,8.278e+01,1.540e-02,2.085e+01,1.137e-01,1.137e-01,1.333e-02,3.140e+01,3.140e+01,1.233e-02,3.522e+01
13831200,3.116e+01,4.496e+01,2.231e+02,5.641e-05,8.612e+01,1.622e-02,2.110e+01,1.198e-01,1.198e-01,1.316e-02,3.117e+01,3.117e+01,1.223e-02,3.473e+01
13834800,3.096e+01,4.496e+01,1.360e+02,3.445e-05,5.236e+01,9.965e-03,2.196e+01,7.357e-02,7.357e-02,1.301e-02,3.096e+01,3.096e+01,1.226e-02,3.383e+01
13838400,3.082e+01,4.497e+01,1.375e+02,3.488e-05,5.282e+01,1.014e-02,2.250e+01,7.483e-02,7.483e-02,1.292e-02,3.082e+01,3.082e+01,1.188e-02,3.478e+01
13842000,3.067e+01,4.497e+01,1.205e+02,3.060e-05,4.619e+01,8.931e-03,2.220e+01,6.593e-02,6.593e-02,1.281e-02,3.067e+01,3.067e+01,1.195e-02,3.395e+01
13845600,3.055e+01,4.499e+01,5.986e+01,1.521e-05,2.290e+01,4.455e-03,2.220e+01,3.289e-02,3.289e-02,1.274e-02,3.055e+01,3.055e+01,1.177e-02,3.425e+01
13849200,3.048e+01,4.499e+01,4.085e+01,1.039e-05,1.561e+01,3.049e-03,2.276e+01,2.251e-02,2.251e-02,1.270e-02,3.048e+01,3.048e+01,1.173e-02,3.417e+01
13852800,3.044e+01,4.498e+01,7.864e+01,2.000e-05,3.003e+01,5.881e-03,2.162e+01,4.342e-02,4.342e-02,1.266e-02,3.044e+01,3.044e+01,1.175e-02,3.391e+01
13856400,3.036e+01,4.497e+01,1.029e+02,2.620e-05,3.926e+01,7.722e-03,1.914e+01,5.701e-02,5.701e-02,1.259e-02,3.036e+01,3.036e+01,1.174e-02,3.360e+01
13860000,3.024e+01,4.496e+01,1.708e+02,4.352e-05,6.504e+01,1.288e-02,1.693e+01,9.508e-02,9.508e-02,1.248e-02,3.024e+01,3.024e+01,1.164e-02,3.347e+01
13863600,3.007e+01,4.497e+01,1.441e+02,3.677e-05,5.476e+01,1.093e-02,1.585e+01,8.071e-02,8.071e-02,1.235e-02,3.007e+01,3.007e+01,1.151e-02,3.328e+01
13867200,2.994e+01,4.498e+01,1.198e+02,3.058e-05,4.543e+01,9.138e-03,1.610e+01,6.746e-02,6.746e-02,1.225e-02,2.994e+01,2.994e+01,1.142e-02,3.313e+01
13870800,2.981e+01,4.497e+01,1.265e+02,3.232e-05,4.788e+01,9.696e-03,1.610e+01,7.158e-02,7.158e-02,1.215e-02,2.981e+01,2.981e+01,1.126e-02,3.319e+01
13874400,2.968e+01,4.497e+01,1.480e+02,3.785e-05,5.592e+01,1.140e-02,1.585e+01,8.420e-02,8.420e-02,1.205e-02,2.968e+01,2.968e+01,1.122e-02,3.284e+01
13878000,2.953e+01,4.497e+01,1.555e+02,3.981e-05,5.866e+01,1.206e-02,1.585e+01,8.903e-02,8.903e-02,1.193e-02,2.953e+01,2.953e+01,1.105e-02,3.288e+01
13881600,2.932e+01,4.496e+01,2.548e+02,6.533e-05,9.585e+01,1.993e-02,1.610e+01,1.471e-01,1.471e-01,1.177e-02,2.932e+01,2.932e+01,1.073e-02,3.327e+01
13885200,2.909e+01,4.496e+01,1.846e+02,4.738e-05,6.927e+01,1.458e-02,1.610e+01,1.076e-01,1.076e-01,1.160e-02,2.909e+01,2.909e+01,1.079e-02,3.218e+01
13888800,2.888e+01,4.496e+01,2.257e+02,5.802e-05,8.450e+01,1.799e-02,1.610e+01,1.328e-01,1.328e-01,1.145e-02,2.889e+01,2.889e+01,1.064e-02,3.195e+01
13892400,2.862e+01,4.494e+01,2.638e+02,6.792e-05,9.850e+01,2.126e-02,1.610e+01,1.570e-01,1.570e-01,1.126e-02,2.862e+01,2.862e+01,1.046e-02,3.165e+01
13896000,2.831e+01,4.496e+01,2.654e+02,6.840e-05,9.879e+01,2.166e-02,1.610e+01,1.599e-01,1.599e-01,1.105e-02,2.832e+01,2.832e+01,1.021e-02,3.150e+01
13899600,2.798e+01,4.496e+01,3.477e+02,8.977e-05,1.291e+02,2.882e-02,1.498e+01,2.128e-01,2.128e-01,1.082e-02,2.799e+01,2.799e+01,9.889e-03,3.152e+01
13903200,2.756e+01,4.494e+01,3.521e+02,9.103e-05,1.302e+02,2.974e-02,1.278e+01,2.196e-01,2.196e-01,1.055e-02,2.757e+01,2.757e+01,9.680e-03,3.084e+01
13906800,2.711e+01,4.496e+01,3.254e+02,8.423e-05,1.200e+02,2.804e-02,1.195e+01,2.070e-01,2.070e-01,1.027e-02,2.712e+01,2.712e+01,9.372e-03,3.052e+01
13910400,2.675e+01,4.497e+01,2.483e+02,6.433e-05,9.142e+01,2.178e-02,1.276e+01,1.608e-01,1.608e-01,1.005e-02,2.675e+01,2.675e+01,9.217e-03,2.991e+01
13914000,2.646e+01,4.497e+01,2.301e+02,5.966e-05,8.460e+01,2.050e-02,1.330e+01,1.514e-01,1.514e-01,9.881e-03,2.646e+01,2.646e+01,9.008e-03,2.975e+01
13917600,2.617e+01,4.497e+01,2.116e+02,5.488e-05,7.768e+01,1.913e-02,1.330e+01,1.412e-01,1.412e-01,9.708e-03,2.617e+01,2.617e+01,8.943e-03,2.905e+01
13921200,2.586e+01,4.497e+01,2.350e+02,6.098e-05,8.619e+01,2.158e-02,1.330e+01,1.593e-01,1.593e-01,9.534e-03,2.587e+01,2.587e+01,8.687e-03,2.906e+01
13924800,2.557e+01,4.497e+01,1.982e+02,5.143e-05,7.261e+01,1.848e-02,1.330e+01,1.364e-01,1.364e-01,9.366e-03,2.557e+01,2.557e+01,8.624e-03,2.837e+01
13928400,2.529e+01,4.498e+01,1.764e+02,4.577e-05,6.459e+01,1.668e-02,1.305e+01,1.231e-01,1.231e-01,9.212e-03,2.529e+01,2.529e+01,8.390e-03,2.840e+01
13932000,2.518e+01,4.495e+01,2.208e+01,5.729e-06,8.087e+00,2.104e-03,1.422e+01,1.554e-02,1.554e-02,9.140e-03,2.518e+01,2.518e+01,8.823e-03,2.638e+01
13935600,2.542e+01,4.433e+01,0.000e+00,0.000e+00,0.000e+00,0.000e+00,1.672e+01,0.000e+00,0.000e+00,9.137e-03,2.541e+01,2.541e+01,9.137e-03,2.541e+01
13939200,2.582e+01,4.330e+01,0.000e+00,0.000e+00,0.000e+00,0.000e+00,1.861e+01,0.000e+00,0.000e+00,9.137e-03,2.581e+01,2.581e+01,9.137e-03,2.581e+01
13942800,2.633e+01,4.202e+01,0.000e+00,0.000e+00,0.000e+00,0.000e+00,2.026e+01,0.000e+00,0.000e+00,9.137e-03,2.632e+01,2.632e+01,9.137e-03,2.632e+01
13946400,2.681e+01,4.085e+01,0.000e+00,0.000e+00,0.000e+00,0.000e+00,2.196e+01,0.000e+00,0.000e+00,9.137e-03,2.680e+01,2.680e+01,9.137e-03,2.680e+01
13950000,2.709e+01,4.018e+01,0.000e+00,0.000e+00,0.000e+00,0.000e+00,2.305e+01,0.000e+00,0.000e+00,9.137e-03,2.708e+01,2.708e+01,9.137e-03,2.708e+01
13953600,2.735e+01,3.956e+01,0.000e+00,0.000e+00,0.000e+00,0.000e+00,2.386e+01,0.000e+00,0.000e+00,9.137e-03,2.735e+01,2.735e+01,9.137e-03,2.735e+01
13957200,2.760e+01,3.897e+01,0.000e+00,0.000e+00,0.000e+00,0.000e+00,2.470e+01,0.000e+00,0.000e+00,9.137e-03,2.759e+01,2.759e+01,9.137e-03,2.759e+01
13960800,2.785e+01,3.838e+01,0.000e+00,0.000e+00,0.000e+00,0.000e+00,2.530e+01,0.000e+00,0.000e+00,9.137e-03,2.785e+01,2.785e+01,9.137e-03,2.785e+01
13964400,2.799e+01,3.808e+01,0.000e+00,0.000e+00,0.000e+00,0.000e+00,2.560e+01,0.000e+00,0.000e+00,9.137e-03,2.798e+01,2.798e+01,9.137e-03,2.798e+01
13968000,2.803e+01,3.796e+01,0.000e+00,0.000e+00,0.000e+00,0.000e+00,2.560e+01,0.000e+00,0.000e+00,9.137e-03,2.803e+01,2.803e+01,9.137e-03,2.803e+01
13971600,2.795e+01,3.811e+01,0.000e+00,0.000e+00,0.000e+00,0.000e+00,2.530e+01,0.000e+00,0.000e+00,9.137e-03,2.795e+01,2.795e+01,9.137e-03,2.795e+01
13975200,2.786e+01,3.832e+01,0.000e+00,0.000e+00,0.000e+00,0.000e+00,2.470e+01,0.000e+00,0.000e+00,9.137e-03,2.786e+01,2.786e+01,9.137e-03,2.786e+01
13978800,2.761e+01,3.889e+01,0.000e+00,0.000e+00,0.000e+00,0.000e+00,2.384e+01,0.000e+00,0.000e+00,9.137e-03,2.761e+01,2.761e+01,9.137e-03,2.761e+01
13982400,2.720e+01,3.985e+01,0.000e+00,0.000e+00,0.000e+00,0.000e+00,2.162e+01,0.000e+00,0.000e+00,9.137e-03,2.721e+01,2.721e+01,9.137e-03,2.721e+01
13986000,2.673e+01,4.099e+01,0.000e+00,0.000e+00,0.000e+00,0.000e+00,1.802e+01,0.000e+00,0.000e+00,9.137e-03,2.674e+01,2.674e+01,9.137e-03,2.674e+01
13989600,2.625e+01,4.216e+01,0.000e+00,0.000e+00,0.000e+00,0.000e+00,1.585e+01,0.000e+00,0.000e+00,9.137e-03,2.626e+01,2.626e+01,9.137e-03,2.626e+01
13993200,2.583e+01,4.321e+01,0.000e+00,0.000e+00,0.000e+00,0.000e+00,1.499e+01,0.000e+00,0.000e+00,9.137e-03,2.584e+01,2.584e+01,9.137e-03,2.584e+01
13996800,2.552e+01,4.402e+01,0.000e+00,0.000e+00,0.000e+00,0.000e+00,1.440e+01,0.000e+00,0.000e+00,9.137e-03,2.553e+01,2.553e+01,9.137e-03,2.553e+01
14000400,2.523e+01,4.478e+01,3.161e+01,8.202e-06,1.157e+01,3.019e-03,1.471e+01,2.229e-02,2.229e-02,9.134e-03,2.523e+01,2.523e+01,8.817e-03,2.643e+01
14004000,2.501e+01,4.498e+01,1.676e+02,4.350e-05,6.136e+01,1.613e-02,1.414e+01,1.191e-01,1.191e-01,9.058e-03,2.501e+01,2.501e+01,8.203e-03,2.824e+01
14007600,2.476e+01,4.498e+01,1.649e+02,4.278e-05,6.033e+01,1.608e-02,1.386e+01,1.187e-01,1.187e-01,8.923e-03,2.477e+01,2.477e+01,8.214e-03,2.745e+01
14011200,2.451e+01,4.498e+01,2.002e+02,5.194e-05,7.325e+01,1.982e-02,1.359e+01,1.464e-01,1.464e-01,8.787e-03,2.451e+01,2.451e+01,8.000e-03,2.748e+01
14014800,2.426e+01,4.498e+01,1.167e+02,3.027e-05,4.270e+01,1.171e-02,1.280e+01,8.646e-02,8.646e-02,8.648e-03,2.426e+01,2.426e+01,7.960e-03,2.686e+01
14018400,2.430e+01,4.474e+01,0.000e+00,0.000e+00,0.000e+00,0.000e+00,1.336e+01,0.000e+00,0.000e+00,8.616e-03,2.429e+01,2.429e+01,8.616e-03,2.429e+01
14022000,2.473e+01,4.381e+01,0.000e+00,0.000e+00,0.000e+00,0.000e+00,1.532e+01,0.000e+00,0.000e+00,8.652e-03,2.472e+01,2.472e+01,8.652e-03,2.472e+01
14025600,2.548e+01,4.303e+01,0.000e+00,0.000e+00,0.000e+00,0.000e+00,1.782e+01,0.000e+00,0.000e+00,8.880e-03,2.546e+01,2.546e+01,8.880e-03,2.546e+01
14029200,2.628e+01,4.383e+01,0.000e+00,0.000e+00,0.000e+00,0.000e+00,1.946e+01,0.000e+00,0.000e+00,9.490e-03,2.626e+01,2.626e+01,9.490e-03,2.626e+01
14032800,2.715e+01,4.489e+01,3.478e+02,8.997e-05,1.285e+02,2.992e-02,2.086e+01,2.209e-01,2.209e-01,1.025e-02,2.714e+01,2.714e+01,9.398e-03,3.035e+01
14036400,2.799e+01,4.495e+01,6.964e+02,1.798e-04,2.585e+02,5.764e-02,2.084e+01,4.256e-01,4.256e-01,1.079e-02,2.798e+01,2.798e+01,9.129e-03,3.426e+01
14040000,2.843e+01,4.503e+01,1.045e+03,2.693e-04,3.889e+02,8.473e-02,1.944e+01,6.256e-01,6.256e-01,1.109e-02,2.843e+01,2.843e+01,8.870e-03,3.684e+01
14043600,2.855e+01,4.496e+01,6.572e+02,1.693e-04,2.450e+02,5.310e-02,1.890e+01,3.920e-01,3.920e-01,1.115e-02,2.855e+01,2.855e+01,9.663e-03,3.418e+01
14047200,2.899e+01,4.493e+01,6.678e+02,1.716e-04,2.503e+02,5.297e-02,2.058e+01,3.910e-01,3.910e-01,1.143e-02,2.898e+01,2.898e+01,9.922e-03,3.471e+01
14050800,2.958e+01,4.499e+01,9.450e+02,2.420e-04,3.564e+02,7.309e-02,2.220e+01,5.396e-01,5.396e-01,1.187e-02,2.957e+01,2.957e+01,9.937e-03,3.692e+01
14054400,3.002e+01,4.503e+01,1.082e+03,2.763e-04,4.100e+02,8.216e-02,2.220e+01,6.066e-01,6.066e-01,1.219e-02,3.001e+01,3.001e+01,9.890e-03,3.877e+01
14058000,2.997e+01,4.508e+01,1.125e+03,2.875e-04,4.257e+02,8.549e-02,2.139e+01,6.311e-01,6.311e-01,1.217e-02,2.998e+01,2.998e+01,9.764e-03,3.915e+01
14061600,2.937e+01,4.502e+01,8.118e+02,2.082e-04,3.052e+02,6.324e-02,1.999e+01,4.669e-01,4.669e-01,1.174e-02,2.938e+01,2.938e+01,1.010e-02,3.563e+01
14065200,2.866e+01,4.499e+01,5.748e+02,1.480e-04,2.146e+02,4.615e-02,1.884e+01,3.407e-01,3.407e-01,1.126e-02,2.867e+01,2.867e+01,1.003e-02,3.332e+01
14068800,2.804e+01,4.497e+01,4.975e+02,1.284e-04,1.847e+02,4.105e-02,1.774e+01,3.030e-01,3.030e-01,1.085e-02,2.805e+01,2.805e+01,9.699e-03,3.239e+01
14072400,2.753e+01,4.495e+01,3.865e+02,9.994e-05,1.429e+02,3.266e-02,1.664e+01,2.411e-01,2.411e-01,1.051e-02,2.754e+01,2.754e+01,9.543e-03,3.120e+01
14076000,2.713e+01,4.496e+01,2.655e+02,6.874e-05,9.796e+01,2.288e-02,1.585e+01,1.689e-01,1.689e-01,1.026e-02,2.714e+01,2.714e+01,9.364e-03,3.054e+01
14079600,2.680e+01,4.497e+01,2.533e+02,6.561e-05,9.327e+01,2.217e-02,1.529e+01,1.637e-01,1.637e-01,1.007e-02,2.681e+01,2.681e+01,9.179e-03,3.016e+01
14083200,2.651e+01,4.497e+01,1.984e+02,5.142e-05,7.295e+01,1.762e-02,1.500e+01,1.301e-01,1.301e-01,9.890e-03,2.651e+01,2.651e+01,9.112e-03,2.945e+01
14086800,2.623e+01,4.497e+01,2.330e+02,6.042e-05,8.557e+01,2.099e-02,1.414e+01,1.550e-01,1.550e-01,9.728e-03,2.624e+01,2.624e+01,8.864e-03,2.949e+01
14090400,2.593e+01,4.497e+01,2.062e+02,5.350e-05,7.565e+01,1.886e-02,1.330e+01,1.393e-01,1.393e-01,9.553e-03,2.594e+01,2.594e+01,8.797e-03,2.879e+01
14094000,2.566e+01,4.498e+01,1.763e+02,4.574e-05,6.463e+01,1.635e-02,1.416e+01,1.207e-01,1.207e-01,9.401e-03,2.567e+01,2.567e+01,8.562e-03,2.883e+01
14097600,2.546e+01,4.498e+01,1.363e+02,3.538e-05,4.995e+01,1.279e-02,1.530e+01,9.442e-02,9.442e-02,9.289e-03,2.547e+01,2.547e+01,8.505e-03,2.842e+01
14101200,2.528e+01,4.498e+01,1.085e+02,2.815e-05,3.974e+01,1.027e-02,1.585e+01,7.584e-02,7.584e-02,9.188e-03,2.528e+01,2.528e+01,8.367e-03,2.838e+01
14104800,2.519e+01,4.500e+01,2.208e+01,5.730e-06,8.089e+00,2.102e-03,1.610e+01,1.552e-02,1.552e-02,9.141e-03,2.519e+01,2.519e+01,8.324e-03,2.828e+01
14108400,2.527e+01,4.496e+01,3.530e+00,9.157e-07,1.293e+00,3.360e-04,1.666e+01,2.481e-03,2.481e-03,9.170e-03,2.526e+01,2.526e+01,8.760e-03,2.681e+01
14112000,2.584e+01,4.460e+01,0.000e+00,0.000e+00,0.000e+00,0.000e+00,1.832e+01,0.000e+00,0.000e+00,9.404e-03,2.583e+01,2.583e+01,9.404e-03,2.583e+01
14115600,2.681e+01,4.479e+01,1.818e+02,4.704e-05,6.711e+01,1.571e-02,2.026e+01,1.160e-01,1.160e-01,1.001e-02,2.680e+01,2.680e+01,9.461e-03,2.886e+01
14119200,2.772e+01,4.493e+01,6.089e+02,1.573e-04,2.256e+02,5.102e-02,2.166e+01,3.767e-01,3.767e-01,1.060e-02,2.771e+01,2.771e+01,9.318e-03,3.256e+01
14122800,2.843e+01,4.493e+01,7.186e+02,1.851e-04,2.678e+02,5.835e-02,2.220e+01,4.308e-01,4.308e-01,1.106e-02,2.842e+01,2.842e+01,9.527e-03,3.423e+01
14126400,2.902e+01,4.498e+01,8.443e+02,2.169e-04,3.163e+02,6.684e-02,2.251e+01,4.934e-01,4.934e-01,1.147e-02,2.901e+01,2.901e+01,9.628e-03,3.598e+01
14130000,2.916e+01,4.500e+01,8.203e+02,2.107e-04,3.077e+02,6.452e-02,2.250e+01,4.763e-01,4.763e-01,1.158e-02,2.917e+01,2.917e+01,9.898e-03,3.557e+01
14133600,2.935e+01,4.499e+01,9.521e+02,2.442e-04,3.580e+02,7.435e-02,2.108e+01,5.489e-01,5.489e-01,1.170e-02,2.934e+01,2.934e+01,9.784e-03,3.662e+01
14137200,2.985e+01,4.499e+01,9.308e+02,2.380e-04,3.521e+02,7.123e-02,2.112e+01,5.259e-01,5.259e-01,1.205e-02,2.984e+01,2.984e+01,1.004e-02,3.747e+01
14140800,3.030e+01,4.503e+01,1.097e+03,2.797e-04,4.174e+02,8.242e-02,2.251e+01,6.085e-01,6.085e-01,1.238e-02,3.029e+01,3.029e+01,1.006e-02,3.914e+01
14144400,3.040e+01,4.501e+01,9.327e+02,2.375e-04,3.553e+02,6.977e-02,2.280e+01,5.151e-01,5.151e-01,1.245e-02,3.040e+01,3.040e+01,1.058e-02,3.755e+01
14148000,3.003e+01,4.498e+01,6.305e+02,1.610e-04,2.391e+02,4.783e-02,2.250e+01,3.531e-01,3.531e-01,1.219e-02,3.004e+01,3.004e+01,1.084e-02,3.517e+01
14151600,2.952e+01,4.496e+01,5.084e+02,1.303e-04,1.916e+02,3.941e-02,2.195e+01,2.910e-01,2.910e-01,1.183e-02,2.953e+01,2.953e+01,1.078e-02,3.351e+01
14155200,2.898e+01,4.497e+01,4.776e+02,1.228e-04,1.788e+02,3.788e-02,2.114e+01,2.797e-01,2.797e-01,1.145e-02,2.899e+01,2.899e+01,1.037e-02,3.308e+01
14158800,2.847e+01,4.492e+01,3.861e+02,9.947e-05,1.439e+02,3.129e-02,2.029e+01,2.310e-01,2.310e-01,1.111e-02,2.848e+01,2.848e+01,1.031e-02,3.149e+01
14162400,2.806e+01,4.495e+01,3.129e+02,8.074e-05,1.162e+02,2.582e-02,1.944e+01,1.906e-01,1.906e-01,1.084e-02,2.807e+01,2.807e+01,9.954e-03,3.142e+01
14166000,2.772e+01,4.497e+01,2.496e+02,6.448e-05,9.246e+01,2.092e-02,1.859e+01,1.544e-01,1.544e-01,1.062e-02,2.772e+01,2.772e+01,9.700e-03,3.121e+01
14169600,2.744e+01,4.497e+01,1.904e+02,4.923e-05,7.039e+01,1.616e-02,1.830e+01,1.193e-01,1.193e-01,1.046e-02,2.745e+01,2.745e+01,9.646e-03,3.052e+01
14173200,2.718e+01,4.497e+01,2.074e+02,5.367e-05,7.656e+01,1.782e-02,1.805e+01,1.316e-01,1.316e-01,1.030e-02,2.719e+01,2.719e+01,9.401e-03,3.060e+01
14176800,2.693e+01,4.498e+01,1.847e+02,4.783e-05,6.808e+01,1.607e-02,1.780e+01,1.186e-01,1.186e-01,1.015e-02,2.693e+01,2.693e+01,9.310e-03,3.012e+01
14180400,2.671e+01,4.498e+01,1.585e+02,4.107e-05,5.836e+01,1.394e-02,1.780e+01,1.029e-01,1.029e-01,1.002e-02,2.671e+01,2.671e+01,9.184e-03,2.986e+01
14184000,2.651e+01,4.498e+01,1.688e+02,4.375e-05,6.208e+01,1.500e-02,1.750e+01,1.108e-01,1.108e-01,9.901e-03,2.651e+01,2.651e+01,9.026e-03,2.981e+01
14187600,2.630e+01,4.498e+01,1.188e+02,3.079e-05,4.364e+01,1.065e-02,1.750e+01,7.866e-02,7.866e-02,9.780e-03,2.631e+01,2.631e+01,9.010e-03,2.921e+01
14191200,2.621e+01,4.499e+01,3.217e+01,8.339e-06,1.182e+01,2.900e-03,1.805e+01,2.141e-02,2.141e-02,9.720e-03,2.621e+01,2.621e+01,9.193e-03,2.819e+01
14194800,2.634e+01,4.481e+01,0.000e+00,0.000e+00,0.000e+00,0.000e+00,1.947e+01,0.000e+00,0.000e+00,9.754e-03,2.634e+01,2.634e+01,9.754e-03,2.634e+01
14198400,2.689e+01,4.454e+01,0.000e+00,0.000e+00,0.000e+00,0.000e+00,2.141e+01,0.000e+00,0.000e+00,1.001e-02,2.688e+01,2.688e+01,1.001e-02,2.688e+01
14202000,2.785e+01,4.480e+01,1.692e+02,4.363e-05,6.295e+01,1.396e-02,2.306e+01,1.031e-01,1.031e-01,1.066e-02,2.783e+01,2.783e+01,1.014e-02,2.980e+01
14205600,2.882e+01,4.492e+01,6.399e+02,1.645e-04,2.394e+02,5.112e-02,2.476e+01,3.774e-01,3.774e-01,1.133e-02,2.880e+01,2.880e+01,9.938e-03,3.409e+01
14209200,2.951e+01,4.496e+01,7.911e+02,2.026e-04,2.981e+02,6.139e-02,2.616e+01,4.533e-01,4.533e-01,1.182e-02,2.950e+01,2.950e+01,1.022e-02,3.557e+01
14212800,3.015e+01,4.498e+01,8.932e+02,2.279e-04,3.393e+02,6.752e-02,2.695e+01,4.985e-01,4.985e-01,1.227e-02,3.014e+01,3.014e+01,1.042e-02,3.722e+01
14216400,3.039e+01,4.497e+01,7.652e+02,1.949e-04,2.916e+02,5.730e-02,2.776e+01,4.230e-01,4.230e-01,1.246e-02,3.039e+01,3.039e+01,1.087e-02,3.646e+01
14220000,3.083e+01,4.491e+01,7.762e+02,1.969e-04,2.979e+02,5.719e-02,2.916e+01,4.222e-01,4.222e-01,1.276e-02,3.081e+01,3.081e+01,1.115e-02,3.697e+01
14223600,3.153e+01,4.497e+01,9.155e+02,2.307e-04,3.553e+02,6.564e-02,3.000e+01,4.846e-01,4.846e-01,1.331e-02,3.152e+01,3.152e+01,1.144e-02,3.874e+01
14227200,3.204e+01,4.504e+01,1.236e+03,3.099e-04,4.836e+02,8.684e-02,2.970e+01,6.411e-01,6.411e-01,1.375e-02,3.203e+01,3.203e+01,1.119e-02,4.193e+01
14230800,3.215e+01,4.502e+01,9.672e+02,2.423e-04,3.792e+02,6.770e-02,2.970e+01,4.998e-01,4.998e-01,1.384e-02,3.215e+01,3.215e+01,1.193e-02,3.954e+01
14234400,3.183e+01,4.496e+01,7.120e+02,1.789e-04,2.778e+02,5.041e-02,2.970e+01,3.722e-01,3.722e-01,1.358e-02,3.183e+01,3.183e+01,1.216e-02,3.732e+01
14238000,3.133e+01,4.494e+01,4.867e+02,1.229e-04,1.884e+02,3.512e-02,2.915e+01,2.593e-01,2.593e-01,1.319e-02,3.134e+01,3.134e+01,1.197e-02,3.605e+01
14241600,3.090e+01,4.491e+01,4.037e+02,1.023e-04,1.551e+02,2.963e-02,2.778e+01,2.188e-01,2.188e-01,1.285e-02,3.091e+01,3.091e+01,1.188e-02,3.466e+01
14245200,3.052e+01,4.492e+01,3.690e+02,9.384e-05,1.410e+02,2.751e-02,2.614e+01,2.031e-01,2.031e-01,1.257e-02,3.052e+01,3.052e+01,1.166e-02,3.400e+01
14248800,3.022e+01,4.494e+01,2.232e+02,5.689e-05,8.493e+01,1.684e-02,2.585e+01,1.244e-01,1.244e-01,1.234e-02,3.022e+01,3.022e+01,1.156e-02,3.323e+01
14252400,3.000e+01,4.496e+01,1.522e+02,3.886e-05,5.778e+01,1.158e-02,2.610e+01,8.551e-02,8.551e-02,1.220e-02,3.001e+01,3.001e+01,1.125e-02,3.363e+01
14256000,2.984e+01,4.497e+01,1.577e+02,4.029e-05,5.971e+01,1.208e-02,2.554e+01,8.916e-02,8.916e-02,1.208e-02,2.984e+01,2.984e+01,1.103e-02,3.386e+01
14259600,2.968e+01,4.497e+01,1.297e+02,3.316e-05,4.900e+01,9.995e-03,2.500e+01,7.379e-02,7.379e-02,1.197e-02,2.968e+01,2.968e+01,1.119e-02,3.263e+01
14263200,2.952e+01,4.497e+01,1.447e+02,3.704e-05,5.456e+01,1.122e-02,2.444e+01,8.287e-02,8.287e-02,1.186e-02,2.952e+01,2.952e+01,1.098e-02,3.287e+01
14266800,2.935e+01,4.497e+01,1.433e+02,3.672e-05,5.392e+01,1.119e-02,2.359e+01,8.264e-02,8.264e-02,1.175e-02,2.935e+01,2.935e+01,1.088e-02,3.268e+01
14270400,2.917e+01,4.496e+01,1.871e+02,4.801e-05,7.029e+01,1.473e-02,2.305e+01,1.087e-01,1.087e-01,1.162e-02,2.917e+01,2.917e+01,1.075e-02,3.248e+01
14274000,2.899e+01,4.497e+01,1.146e+02,2.943e-05,4.297e+01,9.081e-03,2.250e+01,6.704e-02,6.704e-02,1.150e-02,2.900e+01,2.900e+01,1.063e-02,3.227e+01
14277600,2.895e+01,4.493e+01,6.839e+00,1.757e-06,2.563e+00,5.438e-04,2.251e+01,4.015e-03,4.015e-03,1.145e-02,2.895e+01,2.895e+01,1.124e-02,2.976e+01
14281200,2.916e+01,4.457e+01,0.000e+00,0.000e+00,0.000e+00,0.000e+00,2.361e+01,0.000e+00,0.000e+00,1.150e-02,2.916e+01,2.916e+01,1.150e-02,2.916e+01
14284800,2.965e+01,4.454e+01,0.000e+00,0.000e+00,0.000e+00,0.000e+00,2.501e+01,0.000e+00,0.000e+00,1.182e-02,2.965e+01,2.965e+01,1.182e-02,2.965e+01
14288400,3.054e+01,4.487e+01,3.816e+02,9.690e-05,1.461e+02,2.837e-02,2.616e+01,2.095e-01,2.095e-01,1.253e-02,3.052e+01,3.052e+01,1.157e-02,3.421e+01
14292000,3.156e+01,4.491e+01,6.846e+02,1.724e-04,2.660e+02,4.903e-02,2.751e+01,3.620e-01,3.620e-01,1.332e-02,3.155e+01,3.155e+01,1.191e-02,3.697e+01
14295600,3.232e+01,4.497e+01,9.519e+02,2.380e-04,3.746e+02,6.630e-02,2.886e+01,4.895e-01,4.895e-01,1.394e-02,3.231e+01,3.231e+01,1.191e-02,4.020e+01
14299200,3.289e+01,4.505e+01,1.244e+03,3.090e-04,4.952e+02,8.476e-02,2.970e+01,6.257e-01,6.257e-01,1.444e-02,3.288e+01,3.288e+01,1.189e-02,4.285e+01
14302800,3.313e+01,4.498e+01,8.971e+02,2.220e-04,3.589e+02,6.062e-02,3.056e+01,4.475e-01,4.475e-01,1.463e-02,3.313e+01,3.313e+01,1.286e-02,4.006e+01
14306400,3.353e+01,4.497e+01,9.595e+02,2.361e-04,3.873e+02,6.395e-02,3.141e+01,4.721e-01,4.721e-01,1.496e-02,3.352e+01,3.352e+01,1.300e-02,4.127e+01
14310000,3.425e+01,4.500e+01,1.148e+03,2.795e-04,4.716e+02,7.454e-02,3.170e+01,5.503e-01,5.503e-01,1.561e-02,3.424e+01,3.424e+01,1.349e-02,4.268e+01
14313600,3.482e+01,4.505e+01,1.431e+03,3.447e-04,5.964e+02,9.084e-02,3.170e+01,6.706e-01,6.706e-01,1.616e-02,3.481e+01,3.481e+01,1.344e-02,4.572e+01
14317200,3.494e+01,4.507e+01,1.243e+03,2.989e-04,5.196e+02,7.853e-02,3.139e+01,5.798e-01,5.798e-01,1.630e-02,3.495e+01,3.495e+01,1.389e-02,4.463e+01
14320800,3.461e+01,4.497e+01,8.744e+02,2.115e-04,3.625e+02,5.594e-02,3.085e+01,4.130e-01,4.130e-01,1.596e-02,3.462e+01,3.462e+01,1.426e-02,4.142e+01
14324400,3.410e+01,4.494e+01,6.336e+02,1.545e-04,2.594e+02,4.132e-02,2.999e+01,3.051e-01,3.051e-01,1.548e-02,3.411e+01,3.411e+01,1.424e-02,3.905e+01
14328000,3.361e+01,4.493e+01,5.330e+02,1.310e-04,2.157e+02,3.540e-02,2.884e+01,2.614e-01,2.614e-01,1.505e-02,3.362e+01,3.362e+01,1.382e-02,3.848e+01
14331600,3.322e+01,4.491e+01,4.208e+02,1.040e-04,1.687e+02,2.837e-02,2.774e+01,2.094e-01,2.094e-01,1.470e-02,3.322e+01,3.322e+01,1.372e-02,3.706e+01
14335200,3.288e+01,4.492e+01,3.270e+02,8.114e-05,1.302e+02,2.231e-02,2.664e+01,1.647e-01,1.647e-01,1.442e-02,3.289e+01,3.289e+01,1.351e-02,3.644e+01
14338800,3.259e+01,4.493e+01,2.872e+02,7.153e-05,1.137e+02,1.981e-02,2.585e+01,1.462e-01,1.462e-01,1.418e-02,3.260e+01,3.260e+01,1.310e-02,3.681e+01
14342400,3.234e+01,4.494e+01,2.436e+02,6.083e-05,9.599e+01,1.695e-02,2.530e+01,1.252e-01,1.252e-01,1.398e-02,3.234e+01,3.234e+01,1.308e-02,3.583e+01
14346000,3.210e+01,4.495e+01,2.300e+02,5.760e-05,9.026e+01,1.614e-02,2.444e+01,1.192e-01,1.192e-01,1.379e-02,3.211e+01,3.211e+01,1.290e-02,3.556e+01
14349600,3.186e+01,4.493e+01,2.587e+02,6.494e-05,1.011e+02,1.832e-02,2.359e+01,1.352e-01,1.352e-01,1.360e-02,3.187e+01,3.187e+01,1.271e-02,3.530e+01
14353200,3.162e+01,4.494e+01,2.452e+02,6.172e-05,9.538e+01,1.752e-02,2.274e+01,1.294e-01,1.294e-01,1.341e-02,3.162e+01,3.162e+01,1.247e-02,3.524e+01
14356800,3.136e+01,4.495e+01,2.754e+02,6.949e-05,1.066e+02,1.987e-02,2.195e+01,1.467e-01,1.467e-01,1.321e-02,3.136e+01,3.136e+01,1.227e-02,3.495e+01
14360400,3.111e+01,4.495e+01,2.085e+02,5.273e-05,8.041e+01,1.519e-02,2.114e+01,1.121e-01,1.121e-01,1.302e-02,3.111e+01,3.111e+01,1.215e-02,3.444e+01
14364000,3.097e+01,4.498e+01,4.345e+01,1.100e-05,1.673e+01,3.182e-03,2.116e+01,2.349e-02,2.349e-02,1.292e-02,3.097e+01,3.097e+01,1.240e-02,3.296e+01
14367600,3.114e+01,4.471e+01,0.000e+00,0.000e+00,0.000e+00,0.000e+00,2.282e+01,0.000e+00,0.000e+00,1.297e-02,3.113e+01,3.113e+01,1.297e-02,3.113e+01
14371200,3.164e+01,4.465e+01,1.685e+01,4.229e-06,6.587e+00,1.195e-03,2.446e+01,8.821e-03,8.821e-03,1.333e-02,3.163e+01,3.163e+01,1.315e-02,3.232e+01
14374800,3.254e+01,4.486e+01,4.873e+02,1.213e-04,1.931e+02,3.364e-02,2.586e+01,2.484e-01,2.484e-01,1.411e-02,3.252e+01,3.252e+01,1.303e-02,3.674e+01
14378400,3.355e+01,4.493e+01,8.667e+02,2.129e-04,3.507e+02,5.762e-02,2.726e+01,4.254e-01,4.254e-01,1.499e-02,3.354e+01,3.354e+01,1.320e-02,4.058e+01
14382000,3.431e+01,4.497e+01,1.099e+03,2.671e-04,4.525e+02,7.116e-02,2.836e+01,5.254e-01,5.254e-01,1.566e-02,3.430e+01,3.430e+01,1.354e-02,4.276e+01
14385600,3.492e+01,4.504e+01,1.321e+03,3.179e-04,5.521e+02,8.363e-02,2.946e+01,6.174e-01,6.174e-01,1.625e-02,3.491e+01,3.491e+01,1.384e-02,4.458e+01
14389200,3.521e+01,4.499e+01,1.001e+03,2.395e-04,4.218e+02,6.271e-02,3.030e+01,4.630e-01,4.630e-01,1.653e-02,3.521e+01,3.521e+01,1.468e-02,4.266e+01
14392800,3.558e+01,4.500e+01,1.289e+03,3.060e-04,5.490e+02,7.964e-02,3.085e+01,5.880e-01,5.880e-01,1.689e-02,3.557e+01,3.557e+01,1.458e-02,4.494e+01
14396400,3.614e+01,4.505e+01,1.451e+03,3.402e-04,6.290e+02,8.774e-02,3.110e+01,6.478e-01,6.478e-01,1.747e-02,3.613e+01,3.613e+01,1.482e-02,4.703e+01
14400000,3.660e+01,4.508e+01,1.642e+03,3.808e-04,7.221e+02,9.752e-02,3.110e+01,7.200e-01,7.200e-01,1.795e-02,3.659e+01,3.659e+01,1.496e-02,4.902e+01
14403600,3.669e+01,4.507e+01,1.386e+03,3.209e-04,6.106e+02,8.199e-02,3.085e+01,6.054e-01,6.054e-01,1.806e-02,3.669e+01,3.669e+01,1.565e-02,4.673e+01
14407200,3.631e+01,4.502e+01,1.029e+03,2.402e-04,4.480e+02,6.177e-02,3.030e+01,4.560e-01,4.560e-01,1.767e-02,3.632e+01,3.632e+01,1.573e-02,4.434e+01
14410800,3.575e+01,4.494e+01,7.511e+02,1.776e-04,3.215e+02,4.611e-02,2.970e+01,3.405e-01,3.405e-01,1.710e-02,3.576e+01,3.576e+01,1.569e-02,4.152e+01
14414400,3.525e+01,4.493e+01,5.681e+02,1.358e-04,2.397e+02,3.556e-02,2.884e+01,2.625e-01,2.625e-01,1.663e-02,3.525e+01,3.525e+01,1.548e-02,3.988e+01
14418000,3.486e+01,4.489e+01,3.996e+02,9.617e-05,1.668e+02,2.537e-02,2.805e+01,1.873e-01,1.873e-01,1.624e-02,3.486e+01,3.486e+01,1.542e-02,3.816e+01
14421600,3.454e+01,4.488e+01,3.417e+02,8.266e-05,1.416e+02,2.193e-02,2.780e+01,1.619e-01,1.619e-01,1.595e-02,3.454e+01,3.454e+01,1.514e-02,3.781e+01
14425200,3.427e+01,4.491e+01,3.151e+02,7.658e-05,1.297e+02,2.043e-02,2.724e+01,1.509e-01,1.509e-01,1.572e-02,3.428e+01,3.428e+01,1.485e-02,3.776e+01
14428800,3.403e+01,4.490e+01,2.931e+02,7.153e-05,1.198e+02,1.918e-02,2.614e+01,1.416e-01,1.416e-01,1.550e-02,3.403e+01,3.403e+01,1.469e-02,3.723e+01
14432400,3.376e+01,4.493e+01,2.900e+02,7.107e-05,1.179e+02,1.917e-02,2.530e+01,1.415e-01,1.415e-01,1.528e-02,3.376e+01,3.376e+01,1.441e-02,3.718e+01
14436000,3.351e+01,4.493e+01,2.454e+02,6.037e-05,9.916e+01,1.636e-02,2.470e+01,1.208e-01,1.208e-01,1.507e-02,3.351e+01,3.351e+01,1.415e-02,3.714e+01
14439600,3.327e+01,4.492e+01,2.801e+02,6.912e-05,1.126e+02,1.883e-02,2.415e+01,1.391e-01,1.391e-01,1.486e-02,3.327e+01,3.327e+01,1.395e-02,3.687e+01
14443200,3.303e+01,4.494e+01,2.604e+02,6.447e-05,1.041e+02,1.767e-02,2.359e+01,1.304e-01,1.304e-01,1.466e-02,3.303e+01,3.303e+01,1.381e-02,3.636e+01
14446800,3.281e+01,4.495e+01,2.187e+02,5.430e-05,8.706e+01,1.495e-02,2.330e+01,1.104e-01,1.104e-01,1.447e-02,3.281e+01,3.281e+01,1.357e-02,3.635e+01
14450400,3.266e+01,4.496e+01,1.402e+02,3.487e-05,5.565e+01,9.640e-03,2.330e+01,7.117e-02,7.117e-02,1.434e-02,3.266e+01,3.266e+01,1.355e-02,3.571e+01
14454000,3.258e+01,4.498e+01,4.571e+01,1.138e-05,1.812e+01,3.151e-03,2.274e+01,2.327e-02,2.327e-02,1.426e-02,3.258e+01,3.258e+01,1.372e-02,3.469e+01
14457600,3.273e+01,4.461e+01,0.000e+00,0.000e+00,0.000e+00,0.000e+00,2.276e+01,0.000e+00,0.000e+00,1.425e-02,3.273e+01,3.273e+01,1.425e-02,3.273e+01
14461200,3.294e+01,4.412e+01,0.000e+00,0.000e+00,0.000e+00,0.000e+00,2.330e+01,0.000e+00,0.000e+00,1.425e-02,3.294e+01,3.294e+01,1.425e-02,3.294e+01
14464800,3.293e+01,4.415e+01,0.000e+00,0.000e+00,0.000e+00,0.000e+00,2.162e+01,0.000e+00,0.000e+00,1.425e-02,3.293e+01,3.293e+01,1.425e-02,3.293e+01
14468400,3.282e+01,4.447e+01,0.000e+00,0.000e+00,0.000e+00,0.000e+00,2.056e+01,0.000e+00,0.000e+00,1.425e-02,3.282e+01,3.282e+01,1.425e-02,3.282e+01
14472000,3.271e+01,4.477e+01,0.000e+00,0.000e+00,0.000e+00,0.000e+00,2.110e+01,0.000e+00,0.000e+00,1.425e-02,3.272e+01,3.272e+01,1.425e-02,3.272e+01
14475600,3.274e+01,4.469e+01,0.000e+00,0.000e+00,0.000e+00,0.000e+00,2.110e+01,0.000e+00,0.000e+00,1.425e-02,3.274e+01,3.274e+01,1.425e-02,3.274e+01
14479200,3.296e+01,4.418e+01,0.000e+00,0.000e+00,0.000e+00,0.000e+00,2.166e+01,0.000e+00,0.000e+00,1.425e-02,3.296e+01,3.296e+01,1.425e-02,3.296e+01
14482800,3.319e+01,4.364e+01,0.000e+00,0.000e+00,0.000e+00,0.000e+00,2.195e+01,0.000e+00,0.000e+00,1.425e-02,3.319e+01,3.319e+01,1.425e-02,3.319e+01
14486400,3.303e+01,4.404e+01,0.000e+00,0.000e+00,0.000e+00,0.000e+00,2.114e+01,0.000e+00,0.000e+00,1.425e-02,3.303e+01,3.303e+01,1.425e-02,3.303e+01
14490000,3.259e+01,4.491e+01,2.373e+02,5.910e-05,9.395e+01,1.638e-02,1.974e+01,1.209e-01,1.209e-01,1.418e-02,3.260e+01,3.260e+01,1.346e-02,3.541e+01
14493600,3.239e+01,4.496e+01,1.596e+02,3.983e-05,6.297e+01,1.109e-02,1.859e+01,8.187e-02,8.187e-02,1.402e-02,3.239e+01,3.239e+01,1.318e-02,3.565e+01
14497200,3.216e+01,4.494e+01,3.327e+02,8.328e-05,1.306e+02,2.331e-02,1.749e+01,1.721e-01,1.721e-01,1.384e-02,3.217e+01,3.217e+01,1.289e-02,3.587e+01
14500800,3.177e+01,4.493e+01,4.468e+02,1.123e-04,1.742e+02,3.175e-02,1.614e+01,2.344e-01,2.344e-01,1.352e-02,3.178e+01,3.178e+01,1.252e-02,3.565e+01
14504400,3.136e+01,4.491e+01,4.322e+02,1.091e-04,1.672e+02,3.120e-02,1.560e+01,2.304e-01,2.304e-01,1.319e-02,3.136e+01,3.136e+01,1.226e-02,3.495e+01
14508000,3.097e+01,4.492e+01,3.620e+02,9.169e-05,1.392e+02,2.652e-02,1.560e+01,1.958e-01,1.958e-01,1.289e-02,3.098e+01,3.098e+01,1.202e-02,3.429e+01
14511600,3.062e+01,4.494e+01,3.143e+02,7.985e-05,1.202e+02,2.334e-02,1.560e+01,1.723e-01,1.723e-01,1.263e-02,3.062e+01,3.062e+01,1.178e-02,3.390e+01
14515200,3.029e+01,4.494e+01,2.777e+02,7.074e-05,1.057e+02,2.089e-02,1.529e+01,1.542e-01,1.542e-01,1.240e-02,3.029e+01,3.029e+01,1.144e-02,3.396e+01
14518800,2.997e+01,4.494e+01,2.858e+02,7.297e-05,1.084e+02,2.177e-02,1.500e+01,1.607e-01,1.607e-01,1.218e-02,2.998e+01,2.998e+01,1.129e-02,3.338e+01
14522400,2.966e+01,4.493e+01,2.994e+02,7.661e-05,1.131e+02,2.310e-02,1.444e+01,1.705e-01,1.705e-01,1.196e-02,2.966e+01,2.966e+01,1.113e-02,3.282e+01
14526000,2.933e+01,4.494e+01,3.327e+02,8.532e-05,1.251e+02,2.603e-02,1.360e+01,1.921e-01,1.921e-01,1.172e-02,2.933e+01,2.933e+01,1.090e-02,3.245e+01
14529600,2.897e+01,4.494e+01,2.799e+02,7.192e-05,1.049e+02,2.222e-02,1.330e+01,1.640e-01,1.640e-01,1.148e-02,2.898e+01,2.898e+01,1.067e-02,3.205e+01
14533200,2.865e+01,4.495e+01,2.738e+02,7.046e-05,1.022e+02,2.203e-02,1.330e+01,1.626e-01,1.626e-01,1.126e-02,2.865e+01,2.865e+01,1.030e-02,3.228e+01
14536800,2.838e+01,4.497e+01,2.059e+02,5.305e-05,7.671e+01,1.675e-02,1.330e+01,1.237e-01,1.237e-01,1.107e-02,2.838e+01,2.838e+01,1.017e-02,3.178e+01
14540400,2.822e+01,4.499e+01,8.339e+01,2.150e-05,3.103e+01,6.836e-03,1.386e+01,5.047e-02,5.047e-02,1.096e-02,2.822e+01,2.822e+01,1.007e-02,3.159e+01
14544000,2.812e+01,4.499e+01,9.934e+01,2.562e-05,3.694e+01,8.179e-03,1.526e+01,6.039e-02,6.039e-02,1.090e-02,2.813e+01,2.813e+01,9.957e-03,3.168e+01
14547600,2.802e+01,4.498e+01,6.995e+01,1.805e-05,2.599e+01,5.784e-03,1.641e+01,4.270e-02,4.270e-02,1.082e-02,2.802e+01,2.802e+01,1.004e-02,3.097e+01
14551200,2.799e+01,4.496e+01,4.680e-01,1.208e-07,1.739e-01,3.878e-05,1.695e+01,2.863e-04,2.863e-04,1.080e-02,2.799e+01,2.799e+01,1.070e-02,2.839e+01
14554800,2.795e+01,4.499e+01,7.971e+01,2.057e-05,2.959e+01,6.618e-03,1.664e+01,4.886e-02,4.886e-02,1.078e-02,2.795e+01,2.795e+01,9.897e-03,3.128e+01
14558400,2.785e+01,4.499e+01,6.902e+01,1.782e-05,2.561e+01,5.752e-03,1.554e+01,4.246e-02,4.246e-02,1.071e-02,2.785e+01,2.785e+01,9.782e-03,3.137e+01
14562000,2.780e+01,4.500e+01,2.054e+01,5.302e-06,7.618e+00,1.716e-03,1.530e+01,1.267e-02,1.267e-02,1.068e-02,2.780e+01,2.780e+01,9.906e-03,3.072e+01
14565600,2.776e+01,4.498e+01,8.163e+00,2.108e-06,3.027e+00,6.830e-04,1.641e+01,5.042e-03,5.042e-03,1.066e-02,2.776e+01,2.776e+01,1.030e-02,2.913e+01
14569200,2.789e+01,4.464e+01,0.000e+00,0.000e+00,0.000e+00,0.000e+00,1.776e+01,0.000e+00,0.000e+00,1.066e-02,2.789e+01,2.789e+01,1.066e-02,2.789e+01
14572800,2.814e+01,4.403e+01,0.000e+00,0.000e+00,0.000e+00,0.000e+00,1.861e+01,0.000e+00,0.000e+00,1.066e-02,2.814e+01,2.814e+01,1.066e-02,2.814e+01
14576400,2.812e+01,4.409e+01,0.000e+00,0.000e+00,0.000e+00,0.000e+00,1.859e+01,0.000e+00,0.000e+00,1.066e-02,2.812e+01,2.812e+01,1.066e-02,2.812e+01
14580000,2.773e+01,4.492e+01,1.363e+02,3.521e-05,5.049e+01,1.144e-02,1.774e+01,8.447e-02,8.447e-02,1.063e-02,2.774e+01,2.774e+01,9.958e-03,3.026e+01
14583600,2.746e+01,4.497e+01,2.526e+02,6.532e-05,9.340e+01,2.144e-02,1.639e+01,1.583e-01,1.583e-01,1.047e-02,2.747e+01,2.747e+01,9.555e-03,3.092e+01
14587200,2.710e+01,4.496e+01,3.312e+02,8.573e-05,1.221e+02,2.858e-02,1.474e+01,2.110e-01,2.110e-01,1.025e-02,2.711e+01,2.711e+01,9.346e-03,3.050e+01
14590800,2.668e+01,4.495e+01,3.062e+02,7.936e-05,1.127e+02,2.696e-02,1.360e+01,1.990e-01,1.990e-01,9.993e-03,2.669e+01,2.669e+01,9.159e-03,2.983e+01
14594400,2.632e+01,4.497e+01,2.590e+02,6.717e-05,9.515e+01,2.323e-02,1.330e+01,1.715e-01,1.715e-01,9.777e-03,2.632e+01,2.632e+01,8.958e-03,2.941e+01
14598000,2.599e+01,4.497e+01,2.237e+02,5.802e-05,8.206e+01,2.039e-02,1.361e+01,1.505e-01,1.505e-01,9.588e-03,2.600e+01,2.600e+01,8.782e-03,2.903e+01
14601600,2.572e+01,4.498e+01,1.923e+02,4.988e-05,7.048e+01,1.779e-02,1.390e+01,1.313e-01,1.313e-01,9.432e-03,2.572e+01,2.572e+01,8.591e-03,2.889e+01
14605200,2.548e+01,4.498e+01,1.477e+02,3.833e-05,5.412e+01,1.384e-02,1.415e+01,1.022e-01,1.022e-01,9.301e-03,2.549e+01,2.549e+01,8.563e-03,2.827e+01
14608800,2.529e+01,4.499e+01,1.231e+02,3.193e-05,4.507e+01,1.165e-02,1.557e+01,8.599e-02,8.599e-02,9.193e-03,2.529e+01,2.529e+01,8.371e-03,2.839e+01
14612400,2.514e+01,4.499e+01,9.559e+01,2.480e-05,3.500e+01,9.124e-03,1.670e+01,6.736e-02,6.736e-02,9.113e-03,2.515e+01,2.515e+01,8.388e-03,2.788e+01
14616000,2.499e+01,4.499e+01,1.163e+02,3.019e-05,4.259e+01,1.120e-02,1.670e+01,8.268e-02,8.268e-02,9.030e-03,2.500e+01,2.500e+01,8.222e-03,2.805e+01
14619600,2.484e+01,4.499e+01,1.006e+02,2.610e-05,3.682e+01,9.767e-03,1.695e+01,7.211e-02,7.211e-02,8.947e-03,2.484e+01,2.484e+01,8.146e-03,2.787e+01
14623200,2.473e+01,4.499e+01,4.350e+01,1.129e-05,1.593e+01,4.250e-03,1.750e+01,3.138e-02,3.138e-02,8.887e-03,2.473e+01,2.473e+01,8.224e-03,2.723e+01
14626800,2.480e+01,4.494e+01,6.327e-01,1.641e-07,2.317e-01,6.193e-05,1.805e+01,4.572e-04,4.572e-04,8.911e-03,2.479e+01,2.479e+01,8.867e-03,2.496e+01
14630400,2.520e+01,4.496e+01,1.951e+01,5.060e-06,7.151e+00,1.858e-03,1.947e+01,1.372e-02,1.372e-02,9.129e-03,2.519e+01,2.519e+01,8.583e-03,2.724e+01
14634000,2.620e+01,4.492e+01,1.640e+02,4.247e-05,6.034e+01,1.465e-02,2.141e+01,1.082e-01,1.082e-01,9.685e-03,2.618e+01,2.618e+01,8.728e-03,2.979e+01
14637600,2.726e+01,4.490e+01,4.435e+02,1.147e-04,1.639e+02,3.797e-02,2.306e+01,2.803e-01,2.803e-01,1.032e-02,2.725e+01,2.725e+01,9.317e-03,3.105e+01
14641200,2.803e+01,4.495e+01,6.957e+02,1.795e-04,2.584e+02,5.753e-02,2.334e+01,4.247e-01,4.247e-01,1.082e-02,2.802e+01,2.802e+01,9.264e-03,3.391e+01
14644800,2.853e+01,4.500e+01,9.258e+02,2.385e-04,3.451e+02,7.485e-02,2.361e+01,5.526e-01,5.526e-01,1.117e-02,2.852e+01,2.852e+01,9.148e-03,3.616e+01
14648400,2.879e+01,4.495e+01,5.810e+02,1.495e-04,2.171e+02,4.648e-02,2.582e+01,3.432e-01,3.432e-01,1.133e-02,2.879e+01,2.879e+01,1.005e-02,3.366e+01
14652000,2.927e+01,4.492e+01,6.577e+02,1.687e-04,2.472e+02,5.157e-02,2.751e+01,3.808e-01,3.808e-01,1.165e-02,2.926e+01,2.926e+01,1.034e-02,3.422e+01
14655600,2.994e+01,4.496e+01,8.690e+02,2.220e-04,3.292e+02,6.631e-02,2.805e+01,4.896e-01,4.896e-01,1.213e-02,2.992e+01,2.992e+01,1.040e-02,3.651e+01
14659200,3.048e+01,4.501e+01,1.019e+03,2.594e-04,3.888e+02,7.604e-02,2.861e+01,5.614e-01,5.614e-01,1.254e-02,3.047e+01,3.047e+01,1.044e-02,3.850e+01
14662800,3.052e+01,4.505e+01,1.001e+03,2.549e-04,3.821e+02,7.448e-02,2.890e+01,5.498e-01,5.498e-01,1.261e-02,3.053e+01,3.053e+01,1.055e-02,3.838e+01
14666400,3.016e+01,4.497e+01,6.404e+02,1.634e-04,2.433e+02,4.835e-02,2.834e+01,3.570e-01,3.570e-01,1.233e-02,3.017e+01,3.017e+01,1.081e-02,3.596e+01
14670000,2.969e+01,4.494e+01,4.259e+02,1.090e-04,1.609e+02,3.279e-02,2.724e+01,2.421e-01,2.421e-01,1.199e-02,2.970e+01,2.970e+01,1.088e-02,3.391e+01
14673600,2.926e+01,4.493e+01,3.218e+02,8.254e-05,1.210e+02,2.521e-02,2.640e+01,1.861e-01,1.861e-01,1.169e-02,2.926e+01,2.926e+01,1.092e-02,3.216e+01
14677200,2.894e+01,4.495e+01,2.489e+02,6.394e-05,9.323e+01,1.977e-02,2.585e+01,1.460e-01,1.460e-01,1.147e-02,2.894e+01,2.894e+01,1.056e-02,3.242e+01
14680800,2.871e+01,4.497e+01,1.472e+02,3.787e-05,5.504e+01,1.181e-02,2.560e+01,8.721e-02,8.721e-02,1.132e-02,2.871e+01,2.871e+01,1.057e-02,3.155e+01
14684400,2.853e+01,4.497e+01,1.427e+02,3.673e-05,5.324e+01,1.154e-02,2.530e+01,8.517e-02,8.517e-02,1.121e-02,2.854e+01,2.854e+01,1.036e-02,3.175e+01
14688000,2.838e+01,4.497e+01,1.223e+02,3.150e-05,4.556e+01,9.953e-03,2.470e+01,7.348e-02,7.348e-02,1.111e-02,2.838e+01,2.838e+01,1.037e-02,3.118e+01
14691600,2.823e+01,4.498e+01,9.991e+01,2.576e-05,3.719e+01,8.185e-03,2.470e+01,6.043e-02,6.043e-02,1.102e-02,2.823e+01,2.823e+01,1.013e-02,3.160e+01
14695200,2.812e+01,4.499e+01,7.580e+01,1.955e-05,2.819e+01,6.242e-03,2.470e+01,4.608e-02,4.608e-02,1.096e-02,2.812e+01,2.812e+01,1.007e-02,3.148e+01
14698800,2.802e+01,4.499e+01,8.855e+01,2.285e-05,3.290e+01,7.323e-03,2.440e+01,5.407e-02,5.407e-02,1.089e-02,2.802e+01,2.802e+01,1.001e-02,3.136e+01
14702400,2.791e+01,4.499e+01,7.719e+01,1.992e-05,2.865e+01,6.415e-03,2.440e+01,4.736e-02,4.736e-02,1.083e-02,2.792e+01,2.792e+01,9.897e-03,3.144e+01
14706000,2.783e+01,4.499e+01,4.877e+01,1.259e-05,1.809e+01,4.069e-03,2.440e+01,3.004e-02,3.004e-02,1.078e-02,2.783e+01,2.783e+01,1.005e-02,3.055e+01
14709600,2.781e+01,4.497e+01,7.681e+00,1.983e-06,2.849e+00,6.418e-04,2.470e+01,4.738e-03,4.738e-03,1.075e-02,2.781e+01,2.781e+01,1.045e-02,2.897e+01
14713200,2.804e+01,4.455e+01,0.000e+00,0.000e+00,0.000e+00,0.000e+00,2.500e+01,0.000e+00,0.000e+00,1.080e-02,2.804e+01,2.804e+01,1.080e-02,2.804e+01
14716800,2.843e+01,4.468e+01,9.737e+00,2.504e-06,3.640e+00,7.846e-04,2.530e+01,5.792e-03,5.792e-03,1.109e-02,2.843e+01,2.843e+01,1.098e-02,2.883e+01
14720400,2.933e+01,4.488e+01,3.323e+02,8.510e-05,1.252e+02,2.591e-02,2.641e+01,1.913e-01,1.913e-01,1.175e-02,2.931e+01,2.931e+01,1.077e-02,3.304e+01
14724000,3.033e+01,4.491e+01,6.493e+02,1.654e-04,2.474e+02,4.877e-02,2.776e+01,3.601e-01,3.601e-01,1.247e-02,3.032e+01,3.032e+01,1.112e-02,3.550e+01
14727600,3.103e+01,4.498e+01,9.399e+02,2.380e-04,3.617e+02,6.868e-02,2.886e+01,5.071e-01,5.071e-01,1.302e-02,3.102e+01,3.102e+01,1.106e-02,3.856e+01
14731200,3.166e+01,4.500e+01,9.922e+02,2.498e-04,3.858e+02,7.077e-02,2.970e+01,5.225e-01,5.225e-01,1.351e-02,3.165e+01,3.165e+01,1.151e-02,3.936e+01
14734800,3.192e+01,4.498e+01,8.076e+02,2.028e-04,3.154e+02,5.706e-02,3.056e+01,4.213e-01,4.213e-01,1.373e-02,3.192e+01,3.192e+01,1.196e-02,3.878e+01
14738400,3.233e+01,4.497e+01,9.178e+02,2.294e-04,3.614e+02,6.386e-02,3.166e+01,4.715e-01,4.715e-01,1.407e-02,3.231e+01,3.231e+01,1.222e-02,3.952e+01
14742000,3.298e+01,4.501e+01,1.087e+03,2.696e-04,4.337e+02,7.383e-02,3.220e+01,5.451e-01,5.451e-01,1.464e-02,3.297e+01,3.297e+01,1.245e-02,4.153e+01
14745600,3.345e+01,4.505e+01,1.424e+03,3.508e-04,5.739e+02,9.503e-02,3.195e+01,7.016e-01,7.016e-01,1.508e-02,3.344e+01,3.344e+01,1.231e-02,4.432e+01
14749200,3.351e+01,4.506e+01,1.157e+03,2.849e-04,4.664e+02,7.700e-02,3.170e+01,5.685e-01,5.685e-01,1.514e-02,3.352e+01,3.352e+01,1.292e-02,4.224e+01
14752800,3.316e+01,4.500e+01,8.494e+02,2.101e-04,3.400e+02,5.727e-02,3.084e+01,4.228e-01,4.228e-01,1.479e-02,3.317e+01,3.317e+01,1.296e-02,4.036e+01
14756400,3.265e+01,4.495e+01,5.708e+02,1.421e-04,2.262e+02,3.923e-02,2.914e+01,2.896e-01,2.896e-01,1.432e-02,3.266e+01,3.266e+01,1.318e-02,3.713e+01
14760000,3.217e+01,4.492e+01,5.261e+02,1.317e-04,2.065e+02,3.684e-02,2.693e+01,2.720e-01,2.720e-01,1.391e-02,3.218e+01,3.218e+01,1.278e-02,3.657e+01
14763600,3.171e+01,4.492e+01,4.493e+02,1.131e-04,1.749e+02,3.201e-02,2.387e+01,2.363e-01,2.363e-01,1.354e-02,3.172e+01,3.172e+01,1.265e-02,3.512e+01
14767200,3.125e+01,4.491e+01,4.258e+02,1.076e-04,1.646e+02,3.082e-02,2.195e+01,2.276e-01,2.276e-01,1.317e-02,3.126e+01,3.126e+01,1.230e-02,3.462e+01
14770800,3.087e+01,4.492e+01,3.756e+02,9.523e-05,1.442e+02,2.762e-02,2.114e+01,2.039e-01,2.039e-01,1.288e-02,3.087e+01,3.087e+01,1.191e-02,3.462e+01
14774400,3.054e+01,4.494e+01,2.469e+02,6.276e-05,9.437e+01,1.839e-02,2.116e+01,1.358e-01,1.358e-01,1.265e-02,3.055e+01,3.055e+01,1.185e-02,3.359e+01
14778000,3.027e+01,4.495e+01,2.760e+02,7.031e-05,1.051e+02,2.078e-02,2.084e+01,1.534e-01,1.534e-01,1.245e-02,3.028e+01,3.028e+01,1.155e-02,3.372e+01
14781600,2.999e+01,4.494e+01,2.364e+02,6.034e-05,8.966e+01,1.799e-02,2.000e+01,1.328e-01,1.328e-01,1.225e-02,3.000e+01,3.000e+01,1.141e-02,3.319e+01
14785200,2.974e+01,4.496e+01,2.124e+02,5.431e-05,8.032e+01,1.633e-02,2.056e+01,1.206e-01,1.206e-01,1.207e-02,2.974e+01,2.974e+01,1.118e-02,3.312e+01
14788800,2.954e+01,4.496e+01,1.861e+02,4.765e-05,7.020e+01,1.443e-02,2.085e+01,1.065e-01,1.065e-01,1.192e-02,2.954e+01,2.954e+01,1.110e-02,3.268e+01
14792400,2.933e+01,4.497e+01,1.498e+02,3.840e-05,5.640e+01,1.171e-02,2.029e+01,8.642e-02,8.642e-02,1.177e-02,2.933e+01,2.933e+01,1.095e-02,3.244e+01
14796000,2.927e+01,4.491e+01,1.094e+01,2.804e-06,4.113e+00,8.578e-04,2.086e+01,6.333e-03,6.333e-03,1.172e-02,2.927e+01,2.927e+01,1.156e-02,2.989e+01
14799600,2.954e+01,4.442e+01,0.000e+00,0.000e+00,0.000e+00,0.000e+00,2.282e+01,0.000e+00,0.000e+00,1.177e-02,2.954e+01,2.954e+01,1.177e-02,2.954e+01
14803200,3.007e+01,4.431e+01,0.000e+00,0.000e+00,0.000e+00,0.000e+00,2.476e+01,0.000e+00,0.000e+00,1.210e-02,3.006e+01,3.006e+01,1.210e-02,3.006e+01
14806800,3.094e+01,4.485e+01,2.725e+02,6.895e-05,1.051e+02,1.993e-02,2.672e+01,1.472e-01,1.472e-01,1.287e-02,3.092e+01,3.092e+01,1.218e-02,3.358e+01
14810400,3.201e+01,4.491e+01,7.222e+02,1.810e-04,2.829e+02,5.088e-02,2.836e+01,3.756e-01,3.756e-01,1.373e-02,3.200e+01,3.200e+01,1.213e-02,3.819e+01
14814000,3.276e+01,4.499e+01,1.030e+03,2.561e-04,4.093e+02,7.057e-02,2.946e+01,5.210e-01,5.210e-01,1.436e-02,3.275e+01,3.275e+01,1.219e-02,4.124e+01
14817600,3.334e+01,4.504e+01,1.266e+03,3.125e-04,5.086e+02,8.485e-02,3.030e+01,6.264e-01,6.264e-01,1.486e-02,3.333e+01,3.333e+01,1.240e-02,4.296e+01
14821200,3.358e+01,4.498e+01,9.664e+02,2.376e-04,3.906e+02,6.423e-02,3.060e+01,4.742e-01,4.742e-01,1.505e-02,3.358e+01,3.358e+01,1.308e-02,4.135e+01
14824800,3.396e+01,4.496e+01,1.050e+03,2.567e-04,4.287e+02,6.887e-02,3.060e+01,5.085e-01,5.085e-01,1.537e-02,3.395e+01,3.395e+01,1.339e-02,4.182e+01
14828400,3.455e+01,4.504e+01,1.366e+03,3.309e-04,5.655e+02,8.764e-02,3.060e+01,6.470e-01,6.470e-01,1.594e-02,3.454e+01,3.454e+01,1.336e-02,4.484e+01
14832000,3.500e+01,4.507e+01,1.565e+03,3.758e-04,6.560e+02,9.871e-02,3.030e+01,7.288e-01,7.288e-01,1.637e-02,3.500e+01,3.500e+01,1.351e-02,4.648e+01
14835600,3.506e+01,4.507e+01,1.321e+03,3.169e-04,5.542e+02,8.311e-02,2.970e+01,6.136e-01,6.136e-01,1.643e-02,3.506e+01,3.506e+01,1.376e-02,4.580e+01
14839200,3.466e+01,4.501e+01,9.380e+02,2.267e-04,3.892e+02,5.986e-02,2.915e+01,4.420e-01,4.420e-01,1.604e-02,3.467e+01,3.467e+01,1.421e-02,4.199e+01
14842800,3.412e+01,4.496e+01,6.195e+02,1.510e-04,2.538e+02,4.034e-02,2.834e+01,2.978e-01,2.978e-01,1.554e-02,3.413e+01,3.413e+01,1.429e-02,3.908e+01
14846400,3.362e+01,4.494e+01,6.015e+02,1.478e-04,2.435e+02,3.992e-02,2.694e+01,2.948e-01,2.948e-01,1.509e-02,3.362e+01,3.362e+01,1.392e-02,3.824e+01
14850000,3.315e+01,4.491e+01,4.594e+02,1.136e-04,1.841e+02,3.102e-02,2.524e+01,2.290e-01,2.290e-01,1.469e-02,3.316e+01,3.316e+01,1.377e-02,3.675e+01
14853600,3.274e+01,4.490e+01,4.433e+02,1.102e-04,1.760e+02,3.038e-02,2.359e+01,2.243e-01,2.243e-01,1.434e-02,3.274e+01,3.274e+01,1.331e-02,3.675e+01
14857200,3.236e+01,4.489e+01,4.187e+02,1.046e-04,1.650e+02,2.911e-02,2.194e+01,2.149e-01,2.149e-01,1.402e-02,3.236e+01,3.236e+01,1.318e-02,3.562e+01
14860800,3.197e+01,4.491e+01,3.866e+02,9.698e-05,1.513e+02,2.727e-02,2.024e+01,2.013e-01,2.013e-01,1.371e-02,3.198e+01,3.198e+01,1.282e-02,3.542e+01
14864400,3.158e+01,4.493e+01,4.303e+02,1.084e-04,1.672e+02,3.081e-02,1.859e+01,2.275e-01,2.275e-01,1.341e-02,3.159e+01,3.159e+01,1.247e-02,3.521e+01
14868000,3.122e+01,4.491e+01,3.456e+02,8.737e-05,1.334e+02,2.510e-02,1.780e+01,1.853e-01,1.853e-01,1.312e-02,3.122e+01,3.122e+01,1.225e-02,3.457e+01
14871600,3.087e+01,4.492e+01,3.205e+02,8.126e-05,1.231e+02,2.358e-02,1.750e+01,1.741e-01,1.741e-01,1.286e-02,3.088e+01,3.088e+01,1.205e-02,3.396e+01
14875200,3.052e+01,4.494e+01,3.340e+02,8.493e-05,1.276e+02,2.490e-02,1.664e+01,1.838e-01,1.838e-01,1.260e-02,3.053e+01,3.053e+01,1.175e-02,3.379e+01
14878800,3.020e+01,4.494e+01,2.460e+02,6.270e-05,9.360e+01,1.856e-02,1.585e+01,1.370e-01,1.370e-01,1.236e-02,3.020e+01,3.020e+01,1.151e-02,3.342e+01
14882400,3.010e+01,4.492e+01,1.573e+01,4.010e-06,5.976e+00,1.193e-03,1.697e+01,8.805e-03,8.805e-03,1.227e-02,3.010e+01,3.010e+01,1.204e-02,3.096e+01
14886000,3.034e+01,4.450e+01,0.000e+00,0.000e+00,0.000e+00,0.000e+00,1.947e+01,0.000e+00,0.000e+00,1.232e-02,3.033e+01,3.033e+01,1.232e-02,3.033e+01
14889600,3.078e+01,4.463e+01,0.000e+00,0.000e+00,0.000e+00,0.000e+00,2.141e+01,0.000e+00,0.000e+00,1.266e-02,3.077e+01,3.077e+01,1.266e-02,3.077e+01
14893200,3.169e+01,4.488e+01,4.353e+02,1.094e-04,1.697e+02,3.103e-02,2.251e+01,2.291e-01,2.291e-01,1.341e-02,3.167e+01,3.167e+01,1.230e-02,3.597e+01
14896800,3.271e+01,4.490e+01,7.601e+02,1.890e-04,3.018e+02,5.219e-02,2.305e+01,3.853e-01,3.853e-01,1.425e-02,3.270e+01,3.270e+01,1.262e-02,3.905e+01
14900400,3.351e+01,4.498e+01,1.034e+03,2.544e-04,4.174e+02,6.887e-02,2.386e+01,5.084e-01,5.084e-01,1.495e-02,3.350e+01,3.350e+01,1.292e-02,4.149e+01
14904000,3.406e+01,4.505e+01,1.382e+03,3.374e-04,5.649e+02,9.022e-02,2.415e+01,6.661e-01,6.661e-01,1.545e-02,3.405e+01,3.405e+01,1.284e-02,4.442e+01
14907600,3.425e+01,4.502e+01,1.062e+03,2.585e-04,4.360e+02,6.886e-02,2.359e+01,5.084e-01,5.084e-01,1.561e-02,3.425e+01,3.425e+01,1.355e-02,4.246e+01
14911200,3.458e+01,4.502e+01,1.232e+03,2.982e-04,5.105e+02,7.894e-02,2.330e+01,5.828e-01,5.828e-01,1.589e-02,3.457e+01,3.457e+01,1.350e-02,4.413e+01
14914800,3.512e+01,4.505e+01,1.450e+03,3.473e-04,6.097e+02,9.107e-02,2.330e+01,6.723e-01,6.723e-01,1.641e-02,3.511e+01,3.511e+01,1.348e-02,4.690e+01
14918400,3.556e+01,4.512e+01,1.644e+03,3.904e-04,6.994e+02,1.015e-01,2.305e+01,7.491e-01,7.491e-01,1.686e-02,3.555e+01,3.555e+01,1.391e-02,4.754e+01
14922000,3.552e+01,4.511e+01,1.567e+03,3.723e-04,6.660e+02,9.683e-02,2.194e+01,7.149e-01,7.149e-01,1.683e-02,3.553e+01,3.553e+01,1.401e-02,4.697e+01
14925600,3.501e+01,4.504e+01,1.071e+03,2.571e-04,4.488e+02,6.746e-02,2.085e+01,4.980e-01,4.980e-01,1.633e-02,3.502e+01,3.502e+01,1.436e-02,4.294e+01
14929200,3.435e+01,4.497e+01,8.675e+02,2.108e-04,3.571e+02,5.606e-02,1.943e+01,4.139e-01,4.139e-01,1.570e-02,3.436e+01,3.436e+01,1.413e-02,4.059e+01
14932800,3.358e+01,4.501e+01,9.435e+02,2.321e-04,3.811e+02,6.269e-02,1.693e+01,4.628e-01,4.628e-01,1.504e-02,3.359e+01,3.359e+01,1.318e-02,4.088e+01
14936400,3.285e+01,4.497e+01,7.747e+02,1.925e-04,3.079e+02,5.289e-02,1.499e+01,3.905e-01,3.905e-01,1.439e-02,3.286e+01,3.286e+01,1.293e-02,3.854e+01
14940000,3.224e+01,4.495e+01,5.463e+02,1.367e-04,2.147e+02,3.815e-02,1.415e+01,2.816e-01,2.816e-01,1.387e-02,3.225e+01,3.225e+01,1.274e-02,3.665e+01
14943600,3.173e+01,4.495e+01,5.282e+02,1.329e-04,2.056e+02,3.759e-02,1.334e+01,2.775e-01,2.775e-01,1.347e-02,3.174e+01,3.174e+01,1.223e-02,3.651e+01
14947200,3.129e+01,4.492e+01,3.910e+02,9.877e-05,1.511e+02,2.829e-02,1.280e+01,2.088e-01,2.088e-01,1.311e-02,3.130e+01,3.130e+01,1.223e-02,3.465e+01
14950800,3.088e+01,4.491e+01,4.219e+02,1.070e-04,1.621e+02,3.100e-02,1.250e+01,2.289e-01,2.289e-01,1.279e-02,3.089e+01,3.089e+01,1.187e-02,3.442e+01
14954400,3.048e+01,4.491e+01,3.938e+02,1.002e-04,1.503e+02,2.941e-02,1.195e+01,2.172e-01,2.172e-01,1.249e-02,3.048e+01,3.048e+01,1.164e-02,3.374e+01
14958000,3.007e+01,4.492e+01,3.528e+02,9.004e-05,1.339e+02,2.678e-02,1.139e+01,1.977e-01,1.977e-01,1.220e-02,3.008e+01,3.008e+01,1.141e-02,3.307e+01
14961600,2.966e+01,4.492e+01,4.091e+02,1.047e-04,1.545e+02,3.155e-02,1.054e+01,2.329e-01,2.329e-01,1.190e-02,2.967e+01,2.967e+01,1.096e-02,3.325e+01
14965200,2.924e+01,4.492e+01,3.731e+02,9.573e-05,1.401e+02,2.928e-02,1.000e+01,2.162e-01,2.162e-01,1.161e-02,2.924e+01,2.924e+01,1.063e-02,3.297e+01
14968800,2.886e+01,4.494e+01,2.860e+02,7.354e-05,1.070e+02,2.280e-02,1.000e+01,1.684e-01,1.684e-01,1.135e-02,2.886e+01,2.886e+01,1.049e-02,3.212e+01
14972400,2.860e+01,4.495e+01,2.853e+02,7.343e-05,1.065e+02,2.300e-02,1.030e+01,1.698e-01,1.698e-01,1.117e-02,2.861e+01,2.861e+01,1.027e-02,3.203e+01
14976000,2.866e+01,4.492e+01,4.565e+02,1.175e-04,1.705e+02,3.674e-02,1.116e+01,2.712e-01,2.712e-01,1.120e-02,2.865e+01,2.865e+01,1.019e-02,3.249e+01
14979600,2.915e+01,4.493e+01,7.039e+02,1.807e-04,2.643e+02,5.547e-02,1.226e+01,4.095e-01,4.095e-01,1.152e-02,2.914e+01,2.914e+01,1.006e-02,3.470e+01
14983200,2.982e+01,4.496e+01,8.173e+02,2.090e-04,3.091e+02,6.265e-02,1.336e+01,4.626e-01,4.626e-01,1.199e-02,2.981e+01,2.981e+01,1.027e-02,3.637e+01
14986800,3.044e+01,4.498e+01,9.579e+02,2.438e-04,3.654e+02,7.162e-02,1.415e+01,5.288e-01,5.288e-01,1.244e-02,3.043e+01,3.043e+01,1.045e-02,3.802e+01
14990400,3.092e+01,4.502e+01,1.134e+03,2.876e-04,4.354e+02,8.313e-02,1.440e+01,6.138e-01,6.138e-01,1.281e-02,3.091e+01,3.091e+01,1.062e-02,3.931e+01
14994000,3.103e+01,4.502e+01,9.577e+02,2.427e-04,3.683e+02,6.992e-02,1.471e+01,5.162e-01,5.162e-01,1.290e-02,3.103e+01,3.103e+01,1.093e-02,3.858e+01
14997600,3.112e+01,4.504e+01,1.194e+03,3.023e-04,4.600e+02,8.686e-02,1.500e+01,6.412e-01,6.412e-01,1.297e-02,3.112e+01,3.112e+01,1.053e-02,4.047e+01
15001200,3.133e+01,4.508e+01,1.454e+03,3.672e-04,5.619e+02,1.049e-01,1.500e+01,7.743e-01,7.743e-01,1.314e-02,3.132e+01,3.132e+01,1.022e-02,4.254e+01
15004800,3.146e+01,4.510e+01,1.482e+03,3.739e-04,5.738e+02,1.063e-01,1.470e+01,7.851e-01,7.851e-01,1.325e-02,3.145e+01,3.145e+01,1.026e-02,4.296e+01
15008400,3.123e+01,4.509e+01,1.317e+03,3.331e-04,5.083e+02,9.533e-02,1.440e+01,7.038e-01,7.038e-01,1.309e-02,3.124e+01,3.124e+01,1.047e-02,4.131e+01
15012000,3.051e+01,4.507e+01,1.007e+03,2.562e-04,3.840e+02,7.484e-02,1.440e+01,5.526e-01,5.526e-01,1.255e-02,3.052e+01,3.052e+01,1.050e-02,3.837e+01
15015600,2.972e+01,4.500e+01,6.820e+02,1.746e-04,2.575e+02,5.239e-02,1.440e+01,3.868e-01,3.868e-01,1.196e-02,2.973e+01,2.973e+01,1.035e-02,3.585e+01
15019200,2.906e+01,4.496e+01,5.497e+02,1.412e-04,2.060e+02,4.342e-02,1.384e+01,3.206e-01,3.206e-01,1.149e-02,2.906e+01,2.906e+01,1.019e-02,3.400e+01
15022800,2.851e+01,4.494e+01,4.265e+02,1.099e-04,1.590e+02,3.450e-02,1.305e+01,2.547e-01,2.547e-01,1.111e-02,2.852e+01,2.852e+01,1.016e-02,3.213e+01
15026400,2.808e+01,4.494e+01,3.594e+02,9.276e-05,1.335e+02,2.965e-02,1.280e+01,2.189e-01,2.189e-01,1.082e-02,2.808e+01,2.808e+01,9.830e-03,3.183e+01
15030000,2.771e+01,4.495e+01,2.801e+02,7.237e-05,1.037e+02,2.350e-02,1.280e+01,1.735e-01,1.735e-01,1.058e-02,2.771e+01,2.771e+01,9.754e-03,3.081e+01
15033600,2.735e+01,4.497e+01,2.772e+02,7.170e-05,1.024e+02,2.364e-02,1.250e+01,1.745e-01,1.745e-01,1.036e-02,2.736e+01,2.736e+01,9.454e-03,3.079e+01
15037200,2.702e+01,4.496e+01,2.371e+02,6.140e-05,8.743e+01,2.055e-02,1.220e+01,1.517e-01,1.517e-01,1.016e-02,2.702e+01,2.702e+01,9.367e-03,3.003e+01
15040800,2.669e+01,4.497e+01,2.763e+02,7.160e-05,1.017e+02,2.433e-02,1.195e+01,1.796e-01,1.796e-01,9.969e-03,2.670e+01,2.670e+01,9.086e-03,3.003e+01
15044400,2.634e+01,4.496e+01,2.593e+02,6.723e-05,9.524e+01,2.322e-02,1.139e+01,1.714e-01,1.714e-01,9.760e-03,2.635e+01,2.635e+01,8.988e-03,2.926e+01
15048000,2.596e+01,4.496e+01,3.092e+02,8.021e-05,1.134e+02,2.823e-02,1.054e+01,2.084e-01,2.084e-01,9.543e-03,2.597e+01,2.597e+01,8.690e-03,2.918e+01
15051600,2.559e+01,4.497e+01,2.117e+02,5.494e-05,7.757e+01,1.968e-02,9.695e+00,1.453e-01,1.453e-01,9.328e-03,2.560e+01,2.560e+01,8.492e-03,2.875e+01
15055200,2.548e+01,4.493e+01,2.143e+01,5.559e-06,7.852e+00,2.010e-03,1.057e+01,1.484e-02,1.484e-02,9.246e-03,2.548e+01,2.548e+01,8.970e-03,2.652e+01
15058800,2.570e+01,4.433e+01,0.000e+00,0.000e+00,0.000e+00,0.000e+00,1.307e+01,0.000e+00,0.000e+00,9.244e-03,2.569e+01,2.569e+01,9.244e-03,2.569e+01
15062400,2.596e+01,4.368e+01,0.000e+00,0.000e+00,0.000e+00,0.000e+00,1.526e+01,0.000e+00,0.000e+00,9.244e-03,2.595e+01,2.595e+01,9.244e-03,2.595e+01
15066000,2.629e+01,4.288e+01,0.000e+00,0.000e+00,0.000e+00,0.000e+00,1.696e+01,0.000e+00,0.000e+00,9.244e-03,2.628e+01,2.628e+01,9.244e-03,2.628e+01
15069600,2.667e+01,4.195e+01,0.000e+00,0.000e+00,0.000e+00,0.000e+00,1.836e+01,0.000e+00,0.000e+00,9.244e-03,2.666e+01,2.666e+01,9.244e-03,2.666e+01
15073200,2.685e+01,4.149e+01,0.000e+00,0.000e+00,0.000e+00,0.000e+00,1.915e+01,0.000e+00,0.000e+00,9.244e-03,2.685e+01,2.685e+01,9.244e-03,2.685e+01
15076800,2.698e+01,4.117e+01,0.000e+00,0.000e+00,0.000e+00,0.000e+00,2.001e+01,0.000e+00,0.000e+00,9.244e-03,2.698e+01,2.698e+01,9.244e-03,2.698e+01
15080400,2.723e+01,4.060e+01,0.000e+00,0.000e+00,0.000e+00,0.000e+00,2.060e+01,0.000e+00,0.000e+00,9.244e-03,2.722e+01,2.722e+01,9.244e-03,2.722e+01
15084000,2.749e+01,3.997e+01,0.000e+00,0.000e+00,0.000e+00,0.000e+00,2.060e+01,0.000e+00,0.000e+00,9.244e-03,2.748e+01,2.748e+01,9.244e-03,2.748e+01
15087600,2.784e+01,3.909e+01,0.000e+00,0.000e+00,0.000e+00,0.000e+00,2.060e+01,0.000e+00,0.000e+00,9.244e-03,2.784e+01,2.784e+01,9.244e-03,2.784e+01
15091200,2.807e+01,3.857e+01,0.000e+00,0.000e+00,0.000e+00,0.000e+00,2.060e+01,0.000e+00,0.000e+00,9.244e-03,2.807e+01,2.807e+01,9.244e-03,2.807e+01
15094800,2.798e+01,3.880e+01,0.000e+00,0.000e+00,0.000e+00,0.000e+00,2.060e+01,0.000e+00,0.000e+00,9.244e-03,2.798e+01,2.798e+01,9.244e-03,2.798e+01
15098400,2.789e+01,3.901e+01,0.000e+00,0.000e+00,0.000e+00,0.000e+00,2.029e+01,0.000e+00,0.000e+00,9.244e-03,2.789e+01,2.789e+01,9.244e-03,2.789e+01
15102000,2.754e+01,3.982e+01,0.000e+00,0.000e+00,0.000e+00,0.000e+00,1.914e+01,0.000e+00,0.000e+00,9.244e-03,2.755e+01,2.755e+01,9.244e-03,2.755e+01
15105600,2.687e+01,4.143e+01,0.000e+00,0.000e+00,0.000e+00,0.000e+00,1.662e+01,0.000e+00,0.000e+00,9.244e-03,2.688e+01,2.688e+01,9.244e-03,2.688e+01
15109200,2.620e+01,4.310e+01,0.000e+00,0.000e+00,0.000e+00,0.000e+00,1.388e+01,0.000e+00,0.000e+00,9.244e-03,2.621e+01,2.621e+01,9.244e-03,2.621e+01
15112800,2.570e+01,4.442e+01,1.264e+01,3.279e-06,4.630e+00,1.184e-03,1.194e+01,8.744e-03,8.744e-03,9.244e-03,2.571e+01,2.571e+01,9.106e-03,2.623e+01
15116400,2.535e+01,4.498e+01,2.035e+02,5.280e-05,7.451e+01,1.922e-02,1.054e+01,1.419e-01,1.419e-01,9.170e-03,2.535e+01,2.535e+01,8.299e-03,2.864e+01
15120000,2.502e+01,4.497e+01,2.457e+02,6.378e-05,8.992e+01,2.361e-02,9.695e+00,1.743e-01,1.743e-01,8.989e-03,2.503e+01,2.503e+01,8.269e-03,2.775e+01
