last-generated=2026-07-06
statistics-initialization=
{
  "nonlinear": "5, 6, 0, 0, 0, 0, 0, 0",
  "numerical Jacobians": "0"
}
statistics-simulation=
{
  "linear": "0, 0, 0, 0, 0, 0, 0",
  "nonlinear": "1, 9, 0",
  "number of continuous time states": "27",
  "numerical Jacobians": "0"
}
time=[0e+00, 1.728e+05]
vol.T_start=[2.931499938964844e+02, 2.931499938964844e+02]
vol.T=[2.931499938964844e+02, 2.821237182617188e+02, 2.862236938476562e+02, 2.885517578125e+02, 2.899052124023438e+02, 2.907520446777344e+02, 2.913428649902344e+02, 2.9173974609375e+02, 2.9190869140625e+02, 2.920485229492188e+02, 2.922322387695312e+02, 2.922309875488281e+02, 2.922312316894531e+02, 2.922311706542969e+02, 2.922311401367188e+02, 2.922337951660156e+02, 2.922509155273438e+02, 2.922970275878906e+02, 2.925752563476562e+02, 2.926602172851562e+02, 2.927437133789062e+02, 2.927468566894531e+02, 2.927755126953125e+02, 2.928382568359375e+02, 2.929081115722656e+02, 2.929751586914062e+02, 2.930223999023438e+02, 2.930555419921875e+02, 2.930938110351562e+02, 2.931121520996094e+02, 2.930990905761719e+02, 2.930817565917969e+02, 2.93062744140625e+02, 2.93044921875e+02, 2.930311584472656e+02, 2.930238342285156e+02, 2.930182189941406e+02, 2.930043334960938e+02, 2.92779296875e+02, 2.926562194824219e+02, 2.927070922851562e+02, 2.927202453613281e+02, 2.926990051269531e+02, 2.927164916992188e+02, 2.927371826171875e+02, 2.927051086425781e+02, 2.927107238769531e+02, 2.927357788085938e+02, 2.92722900390625e+02, 2.926705322265625e+02, 2.927068481445312e+02, 2.926672973632812e+02, 2.925834045410156e+02, 2.926171264648438e+02, 2.926356506347656e+02, 2.926595458984375e+02, 2.926006774902344e+02, 2.926501770019531e+02, 2.926111145019531e+02, 2.926956176757812e+02, 2.927428283691406e+02, 2.9270458984375e+02, 2.927236938476562e+02, 2.927720947265625e+02, 2.927819519042969e+02, 2.927389831542969e+02, 2.927302856445312e+02, 2.93099609375e+02, 2.931566772460938e+02, 2.931868896484375e+02, 2.932061767578125e+02, 2.932114868164062e+02, 2.932230529785156e+02, 2.93205810546875e+02, 2.931863708496094e+02, 2.931921691894531e+02, 2.932192687988281e+02, 2.932555236816406e+02, 2.932409973144531e+02, 2.931875610351562e+02, 2.931536560058594e+02, 2.931307373046875e+02, 2.931360778808594e+02, 2.931505126953125e+02, 2.931377868652344e+02, 2.931242980957031e+02, 2.931036071777344e+02, 2.930708923339844e+02, 2.928621826171875e+02, 2.928284606933594e+02, 2.928218383789062e+02, 2.928095092773438e+02, 2.928254699707031e+02, 2.928599853515625e+02, 2.929004516601562e+02, 2.929368286132812e+02, 2.929588623046875e+02, 2.928829956054688e+02, 2.928130493164062e+02, 2.927695617675781e+02, 2.927602233886719e+02]
TOut.T=[2.609500122070312e+02, 2.608676452636719e+02, 2.609342651367188e+02, 2.61153564453125e+02, 2.614064331054688e+02, 2.616917419433594e+02, 2.619866027832031e+02, 2.621011047363281e+02, 2.620299682617188e+02, 2.62211181640625e+02, 2.625067138671875e+02, 2.625499877929688e+02, 2.625499877929688e+02, 2.625499877929688e+02, 2.625499877929688e+02, 2.625875549316406e+02, 2.628901062011719e+02, 2.632776489257812e+02, 2.637460632324219e+02, 2.6446923828125e+02, 2.655892028808594e+02, 2.665859985351562e+02, 2.674020080566406e+02, 2.682179870605469e+02, 2.690339965820312e+02, 2.698500061035156e+02, 2.704558715820312e+02, 2.709069213867188e+02, 2.715532531738281e+02, 2.720364685058594e+02, 2.720499877929688e+02, 2.720499877929688e+02, 2.720499877929688e+02, 2.720499877929688e+02, 2.720499877929688e+02, 2.720499877929688e+02, 2.719675598144531e+02, 2.716164855957031e+02, 2.713160400390625e+02, 2.71072998046875e+02, 2.710076599121094e+02, 2.717365112304688e+02, 2.720211181640625e+02, 2.716227111816406e+02, 2.714859924316406e+02, 2.718775329589844e+02, 2.7202783203125e+02, 2.717281494140625e+02, 2.714362182617188e+02, 2.714474182128906e+02, 2.714500122070312e+02, 2.704067077636719e+02, 2.692704162597656e+02, 2.696753845214844e+02, 2.703369750976562e+02, 2.701487121582031e+02, 2.698616027832031e+02, 2.69929931640625e+02, 2.702106018066406e+02, 2.708657531738281e+02, 2.718394165039062e+02, 2.721007690429688e+02, 2.720183410644531e+02, 2.721641845703125e+02, 2.724365844726562e+02, 2.725657043457031e+02, 2.72480224609375e+02, 2.7264599609375e+02, 2.729339904785156e+02, 2.732219848632812e+02, 2.73510009765625e+02, 2.738106079101562e+02, 2.744635620117188e+02, 2.748500061035156e+02, 2.748500061035156e+02, 2.748500061035156e+02, 2.748500061035156e+02, 2.748500061035156e+02, 2.742786560058594e+02, 2.732598266601562e+02, 2.727458801269531e+02, 2.725348205566406e+02, 2.729032287597656e+02, 2.736190795898438e+02, 2.73848876953125e+02, 2.738165588378906e+02, 2.734445495605469e+02, 2.726629028320312e+02, 2.727448425292969e+02, 2.734616394042969e+02, 2.738507690429688e+02, 2.740790100097656e+02, 2.743446655273438e+02, 2.746334838867188e+02, 2.749204406738281e+02, 2.751761474609375e+02, 2.753359069824219e+02, 2.740944213867188e+02, 2.731499938964844e+02, 2.731499938964844e+02, 2.731499938964844e+02]
boi.vol.T=[2.931499938964844e+02, 3.432203979492188e+02, 3.432072143554688e+02, 3.431998901367188e+02, 3.431954040527344e+02, 3.4319287109375e+02, 3.431914978027344e+02, 3.431904602050781e+02, 3.431892700195312e+02, 3.431890563964844e+02, 3.434253845214844e+02, 3.443492431640625e+02, 3.462215576171875e+02, 3.481018371582031e+02, 3.499855346679688e+02, 3.51947509765625e+02, 3.5522412109375e+02, 3.436029663085934e+02, 3.48722412109375e+02, 3.575465087890625e+02, 3.564335021972656e+02, 3.504806518554688e+02, 3.461772766113281e+02, 3.460973815917969e+02, 3.509103393554688e+02, 3.541339416503906e+02, 3.565918273925781e+02, 3.587714538574219e+02, 3.605917358398435e+02, 3.627940368652344e+02, 3.600289611816406e+02, 3.574750366210938e+02, 3.550606994628906e+02, 3.527754821777344e+02, 3.505820617675785e+02, 3.484187622070309e+02, 3.463067626953125e+02, 3.438551025390625e+02, 3.548921203613281e+02, 3.444610290527344e+02, 3.604816284179688e+02, 3.521689147949219e+02, 3.46181640625e+02, 3.555070495605469e+02, 3.571361083984375e+02, 3.497913513183594e+02, 3.438758850097656e+02, 3.612040710449219e+02, 3.54535400390625e+02, 3.470071716308594e+02, 3.549093933105469e+02, 3.547538452148438e+02, 3.519639892578125e+02, 3.520835266113281e+02, 3.489612121582031e+02, 3.557904968261722e+02, 3.43821472167969e+02, 3.569182128906247e+02, 3.459343872070312e+02, 3.623282165527344e+02, 3.542176818847656e+02, 3.480301818847656e+02, 3.487525634765625e+02, 3.626033020019531e+02, 3.556308288574219e+02, 3.498915100097656e+02, 3.443287048339844e+02, 3.606817016601562e+02, 3.562796936035149e+02, 3.571165771484381e+02, 3.595104980468757e+02, 3.63013671875e+02, 3.586052856445312e+02, 3.528735961914062e+02, 3.475618591308594e+02, 3.446839599609375e+02, 3.490947570800781e+02, 3.530167846679688e+02, 3.561892700195312e+02, 3.590071411132812e+02, 3.617304992675781e+02, 3.610988464355469e+02, 3.584170532226562e+02, 3.550300598144531e+02, 3.512077331542969e+02, 3.475862121582031e+02, 3.442534790039062e+02, 3.44989501953125e+02, 3.577601013183594e+02, 3.564817810058594e+02, 3.519833984375e+02, 3.485985717773438e+02, 3.453358764648438e+02, 3.463928527832031e+02, 3.511449890136719e+02, 3.551577758789062e+02, 3.587044067382812e+02, 3.6064306640625e+02, 3.547412414550781e+02, 3.500304565429688e+02, 3.456425170898438e+02]
temSup.T=[2.931499938964844e+02, 3.082262878417969e+02, 3.142807006835938e+02, 3.175196533203125e+02, 3.193420715332031e+02, 3.204291687011719e+02, 3.211431579589844e+02, 3.216387329101562e+02, 3.21906982421875e+02, 3.220515747070312e+02, 3.219580078125e+02, 3.21989013671875e+02, 3.219855041503906e+02, 3.219854736328125e+02, 3.219851379394531e+02, 3.21949951171875e+02, 3.217114868164062e+02, 3.190570068359376e+02, 3.170340270996094e+02, 3.157203369140625e+02, 3.148607482910156e+02, 3.146020812988281e+02, 3.137610778808594e+02, 3.127353515625e+02, 3.118696899414062e+02, 3.110661926269531e+02, 3.105511169433594e+02, 3.102489013671875e+02, 3.09869873046875e+02, 3.096767883300781e+02, 3.098450317382812e+02, 3.100326538085938e+02, 3.102070922851562e+02, 3.10333984375e+02, 3.103770446777344e+02, 3.103049316406249e+02, 3.101836853027344e+02, 3.102406311035156e+02, 3.141775207519531e+02, 3.153049926757812e+02, 3.152860717773438e+02, 3.151000671386719e+02, 3.148904113769531e+02, 3.14797119140625e+02, 3.149311828613281e+02, 3.151676940917969e+02, 3.145385437011719e+02, 3.148006591796875e+02, 3.151273193359375e+02, 3.154166564941406e+02, 3.149159851074219e+02, 3.158913269042969e+02, 3.166388549804688e+02, 3.165994262695312e+02, 3.157709350585938e+02, 3.160113525390625e+02, 3.161201171875e+02, 3.16134521484375e+02, 3.161722106933594e+02, 3.154181518554688e+02, 3.148452758789062e+02, 3.150142822265625e+02, 3.144735412597656e+02, 3.143489685058594e+02, 3.143071594238281e+02, 3.146716918945312e+02, 3.142271728515625e+02, 3.064254455566406e+02, 3.083556823730469e+02, 3.082622070312501e+02, 3.082000427246094e+02, 3.082799072265625e+02, 3.080244750976562e+02, 3.079894714355469e+02, 3.078875732421875e+02, 3.075543518066406e+02, 3.0722900390625e+02, 3.06935302734375e+02, 3.074107360839844e+02, 3.084046325683594e+02, 3.09075439453125e+02, 3.0940625e+02, 3.092843322753906e+02, 3.0892333984375e+02, 3.088666381835938e+02, 3.087738647460938e+02, 3.088087768554688e+02, 3.093007202148438e+02, 3.129166259765625e+02, 3.136065673828125e+02, 3.135955200195312e+02, 3.135022583007812e+02, 3.129081420898438e+02, 3.124167175292969e+02, 3.119827270507812e+02, 3.116585388183594e+02, 3.115655517578125e+02, 3.128426208496094e+02, 3.13854248046875e+02, 3.142276916503906e+02, 3.139126586914062e+02]
TSetSup.y=[3.086499938964844e+02, 3.231499938964844e+02, 3.231499938964844e+02, 3.231499938964844e+02, 3.231499938964844e+02, 3.231499938964844e+02, 3.231499938964844e+02, 3.231499938964844e+02, 3.231499938964844e+02, 3.231499938964844e+02, 3.219576416015625e+02, 3.219755554199219e+02, 3.219719543457031e+02, 3.219730224609375e+02, 3.219734802246094e+02, 3.219349365234375e+02, 3.216867065429688e+02, 3.210180358886719e+02, 3.169835815429688e+02, 3.157520446777344e+02, 3.145410766601562e+02, 3.144953918457031e+02, 3.140800476074219e+02, 3.131701965332031e+02, 3.121573791503906e+02, 3.111852722167969e+02, 3.105001831054688e+02, 3.100194702148438e+02, 3.094647216796875e+02, 3.091987915039062e+02, 3.0938818359375e+02, 3.096396789550781e+02, 3.099151000976562e+02, 3.101737060546875e+02, 3.103731079101562e+02, 3.104792175292969e+02, 3.105609741210938e+02, 3.107621459960938e+02, 3.140249938964844e+02, 3.158096008300781e+02, 3.150723571777344e+02, 3.148815307617188e+02, 3.151892700195312e+02, 3.149357299804688e+02, 3.146358032226562e+02, 3.151009216308594e+02, 3.150194091796875e+02, 3.146560363769531e+02, 3.148429565429688e+02, 3.156021728515625e+02, 3.150758361816406e+02, 3.156489868164062e+02, 3.168657531738281e+02, 3.163766174316406e+02, 3.161080932617188e+02, 3.1576171875e+02, 3.166150817871094e+02, 3.158973388671876e+02, 3.164638061523438e+02, 3.152384338378906e+02, 3.145538024902344e+02, 3.151083679199219e+02, 3.148315734863281e+02, 3.1412939453125e+02, 3.139865112304688e+02, 3.146098937988281e+02, 3.147359619140625e+02, 3.093807678222656e+02, 3.085531005859376e+02, 3.081151428222656e+02, 3.078353576660157e+02, 3.0775830078125e+02, 3.07590576171875e+02, 3.078409118652344e+02, 3.081224975585938e+02, 3.080385437011719e+02, 3.076456909179688e+02, 3.071200866699219e+02, 3.07330322265625e+02, 3.081051940917969e+02, 3.085968322753906e+02, 3.089291381835938e+02, 3.088520812988281e+02, 3.086426696777344e+02, 3.088270874023438e+02, 3.090226440429688e+02, 3.093224792480469e+02, 3.097968444824219e+02, 3.128232421875e+02, 3.133121948242188e+02, 3.134083251953125e+02, 3.135870361328125e+02, 3.133555297851562e+02, 3.128550415039062e+02, 3.122686157226562e+02, 3.117411193847656e+02, 3.114214172363281e+02, 3.125216674804688e+02, 3.135356140136719e+02, 3.141661682128906e+02, 3.143017883300781e+02]
temRet.T=[2.931499938964844e+02, 3.331811218261719e+02, 3.331686096191406e+02, 3.331614074707031e+02, 3.331570434570312e+02, 3.33154541015625e+02, 3.331532287597656e+02, 3.331521911621094e+02, 3.331510009765625e+02, 3.331508483886719e+02, 3.334168090820312e+02, 3.343828125e+02, 3.362585754394531e+02, 3.381389465332031e+02, 3.400230407714844e+02, 3.420038146972656e+02, 3.453583984375e+02, 3.363300170898434e+02, 3.397602233886719e+02, 3.529521789550781e+02, 3.485528869628906e+02, 3.422990112304688e+02, 3.381882934570312e+02, 3.421647338867188e+02, 3.473280334472656e+02, 3.508709411621094e+02, 3.535024719238281e+02, 3.557843017578125e+02, 3.575947265624997e+02, 3.562372741699219e+02, 3.533133239746094e+02, 3.505830688476562e+02, 3.479918518066406e+02, 3.455617065429688e+02, 3.432879638671878e+02, 3.411358947753905e+02, 3.390494995117188e+02, 3.391801147460938e+02, 3.475776062011719e+02, 3.398102722167969e+02, 3.524422607421875e+02, 3.43981201171875e+02, 3.378844604492188e+02, 3.510528564453125e+02, 3.492019958496094e+02, 3.414405822753906e+02, 3.394373474121094e+02, 3.556345520019531e+02, 3.464452209472656e+02, 3.385876159667969e+02, 3.504422912597656e+02, 3.464345397949219e+02, 3.470489501953125e+02, 3.435712585449219e+02, 3.442936096191406e+02, 3.47527252197266e+02, 3.376915588378908e+02, 3.486627502441403e+02, 3.374227600097656e+02, 3.542496337890625e+02, 3.462148132324219e+02, 3.396592102050781e+02, 3.443753662109375e+02, 3.548161926269531e+02, 3.47795654296875e+02, 3.416219177246094e+02, 3.376479187011719e+02, 3.58810791015625e+02, 3.537078552246087e+02, 3.54611755371094e+02, 3.570047302246093e+02, 3.569948120117188e+02, 3.5224169921875e+02, 3.46233154296875e+02, 3.40863037109375e+02, 3.417806701660156e+02, 3.464646606445312e+02, 3.506946411132812e+02, 3.537985229492188e+02, 3.5637939453125e+02, 3.576439514160156e+02, 3.545178833007812e+02, 3.517729187011719e+02, 3.482852478027344e+02, 3.443048095703125e+02, 3.406655578613281e+02, 3.39277099609375e+02, 3.417020263671875e+02, 3.508336181640625e+02, 3.487614135742188e+02, 3.44054931640625e+02, 3.405788269042969e+02, 3.376847534179688e+02, 3.425073547363281e+02, 3.475021667480469e+02, 3.517070617675781e+02, 3.553269348144531e+02, 3.531970520019531e+02, 3.469469604492188e+02, 3.418623962402344e+02, 3.375834045410156e+02]
TSetBoiRet.y=[3.331499938964844e+02, 3.331499938964844e+02]
