<<<<<<< HEAD
last-generated=2023-10-31
=======
last-generated=2025-09-26
>>>>>>> master
statistics-initialization=
{
  "linear": "6",
  "nonlinear": "1, 1, 1, 1, 1, 1",
  "numerical Jacobians": "0"
}
statistics-simulation=
{
  "linear": "6",
  "nonlinear": "1, 1, 1, 1, 1",
  "number of continuous time states": "11",
  "numerical Jacobians": "0"
}
time=[0e+00, 3.6e+03]
<<<<<<< HEAD
roo.yCFD[1]=[2.731538391113281e+02, 2.731573791503906e+02, 2.731683654785156e+02, 2.731761779785156e+02, 2.731831970214844e+02, 2.731895751953125e+02, 2.73201171875e+02, 2.7320654296875e+02, 2.732117309570312e+02, 2.732167663574219e+02, 2.732217102050781e+02, 2.732312927246094e+02, 2.732360229492188e+02, 2.7324072265625e+02, 2.732453918457031e+02, 2.732500610351562e+02, 2.732593688964844e+02, 2.732640686035156e+02, 2.732687377929688e+02, 2.732734375e+02, 2.732781677246094e+02, 2.7328759765625e+02, 2.732923278808594e+02, 2.732970886230469e+02, 2.733018188476562e+02, 2.733065490722656e+02, 2.733159484863281e+02, 2.733206481933594e+02, 2.733253173828125e+02, 2.733299560546875e+02, 2.733345642089844e+02, 2.733436584472656e+02, 2.733481140136719e+02, 2.733525390625e+02, 2.733569030761719e+02, 2.733611755371094e+02, 2.733695068359375e+02, 2.733735961914062e+02, 2.733775634765625e+02, 2.733814697265625e+02, 2.733853149414062e+02, 2.733927917480469e+02, 2.733964233398438e+02, 2.733999938964844e+02, 2.734035034179688e+02, 2.73406982421875e+02, 2.734137268066406e+02, 2.734170227050781e+02, 2.734202575683594e+02, 2.734234619140625e+02, 2.734266357421875e+02, 2.734328002929688e+02, 2.734358215332031e+02, 2.734387817382812e+02, 2.734417114257812e+02, 2.734446105957031e+02, 2.734502563476562e+02, 2.734530029296875e+02, 2.734557495117188e+02, 2.734584045410156e+02, 2.734610595703125e+02, 2.734662170410156e+02, 2.734687194824219e+02, 2.734712219238281e+02, 2.734736633300781e+02, 2.7347607421875e+02, 2.734807739257812e+02, 2.734830627441406e+02, 2.734853210449219e+02, 2.73487548828125e+02, 2.7348974609375e+02, 2.734940490722656e+02, 2.734961547851562e+02, 2.734982299804688e+02, 2.735002746582031e+02, 2.735022583007812e+02, 2.735061950683594e+02, 2.735081481933594e+02, 2.735100402832031e+02, 2.735119018554688e+02, 2.735137634277344e+02, 2.735173645019531e+02, 2.735191345214844e+02, 2.735209045410156e+02, 2.735226135253906e+02, 2.735243225097656e+02, 2.735276489257812e+02, 2.735292663574219e+02, 2.735308837890625e+02, 2.73532470703125e+02, 2.735340270996094e+02, 2.73537109375e+02, 2.735386047363281e+02, 2.735400695800781e+02, 2.735415344238281e+02, 2.7354296875e+02, 2.735458068847656e+02, 2.735471801757812e+02, 2.735485229492188e+02, 2.735498657226562e+02, 2.735512084960938e+02]
roo.yCFD[2]=[0e+00, 2.997244791913545e-06, 1.432012959412532e-05, 2.955822674266528e-05, 4.763660035678186e-05, 6.901679444126785e-05, 1.199270773213357e-04, 1.490780559834093e-04, 1.804192434065044e-04, 2.136976982001215e-04, 2.486303565092385e-04, 3.221389779355377e-04, 3.600113850552589e-04, 3.981078916694969e-04, 4.360125167295337e-04, 4.732749366667122e-04, 5.438216030597687e-04, 5.759460036642849e-04, 6.05098030064255e-04, 6.3059147214517e-04, 6.51812762953341e-04, 6.800246192142367e-04, 6.86904473695904e-04, 6.892461096867919e-04, 6.874389364384115e-04, 6.819525733590126e-04, 6.619206396862864e-04, 6.482934695668519e-04, 6.327930605039001e-04, 6.157527677714825e-04, 5.974594969302416e-04, 5.580672295764089e-04, 5.373934982344508e-04, 5.1633216207847e-04, 4.95079904794693e-04, 4.738428979180753e-04, 4.322592285461724e-04, 4.123422550037503e-04, 3.932976978830993e-04, 3.753301280084997e-04, 3.586216480471194e-04, 3.2954485504888e-04, 3.173438308294863e-04, 3.067249781452119e-04, 2.976378600578755e-04, 2.899787796195596e-04, 2.783274976536632e-04, 2.739613701123744e-04, 2.703025820665061e-04, 2.671589609235525e-04, 2.643558254931122e-04, 2.591997035779059e-04, 2.566310577094555e-04, 2.53972306381911e-04, 2.511841885279864e-04, 2.482497366145252e-04, 2.419640077278018e-04, 2.386570995440707e-04, 2.35284969676286e-04, 2.318862243555486e-04, 2.285003720317036e-04, 2.219157613581046e-04, 2.187804639106616e-04, 2.157827257178724e-04, 2.129393542418256e-04, 2.102606085827574e-04, 2.054081269307062e-04, 2.03227493329905e-04, 2.011996111832559e-04, 1.99312693439424e-04, 1.975530467461795e-04, 1.943565293913707e-04, 1.928896235767752e-04, 1.914910244522616e-04, 1.901470823213458e-04, 1.888445403892547e-04, 1.863135839812458e-04, 1.850623229984194e-04, 1.838066818891093e-04, 1.825373183237389e-04, 1.812457776395604e-04, 1.785673812264577e-04, 1.771689421730116e-04, 1.757250720402226e-04, 1.742329477565363e-04, 1.726909686112776e-04, 1.694575330475345e-04, 1.677690743235871e-04, 1.6603666881565e-04, 1.642643910599872e-04, 1.624570140847936e-04, 1.587595324963331e-04, 1.568816951476038e-04, 1.549929729662836e-04, 1.530998706584796e-04, 1.51208892930299e-04, 1.474578166380525e-04, 1.45608646562323e-04, 1.437835599062964e-04, 1.419867767253891e-04, 1.402219786541536e-04]
roo.surf_surBou[1].Q_flow=[3.718379593919963e-05, 7.856831507524475e-05, 1.427603274350986e-04, 1.211900016642176e-04, 1.057721674442291e-04, 9.431431681150571e-05, 7.850068504922092e-05, 7.280265708686784e-05, 6.80571683915332e-05, 6.402970757335424e-05, 6.055672201910056e-05, 5.483835775521584e-05, 5.244450585450977e-05, 5.029223757446744e-05, 4.834572609979659e-05, 4.657843965105712e-05, 4.351629468146712e-05, 4.22134944528807e-05, 4.108518987777643e-05, 4.018960316898301e-05, 3.965518044424243e-05, 4.09686763305217e-05, 4.428760439623147e-05, 5.143323505762964e-05, 6.540982576552778e-05, 9.120602771872655e-05, 2.137766859959811e-04, 3.391144273336977e-04, 5.347766564227641e-04, 8.276152657344937e-04, 1.247395994141698e-03, 2.580360975116491e-03, 3.53341456502676e-03, 4.685334395617247e-03, 6.024851463735104e-03, 7.527680601924658e-03, 1.088008470833302e-02, 1.264778524637222e-02, 1.442318875342607e-02, 1.617183722555637e-02, 1.786583848297596e-02, 2.101344987750053e-02, 2.244506403803825e-02, 2.377548441290855e-02, 2.500493638217449e-02, 2.613660134375095e-02, 2.812840230762959e-02, 2.900210581719875e-02, 2.980418503284454e-02, 3.054208494722843e-02, 3.122300840914249e-02, 3.244073316454887e-02, 3.298971056938171e-02, 3.350600227713585e-02, 3.399437665939331e-02, 3.445910289883615e-02, 3.533229976892471e-02, 3.574702143669128e-02, 3.615068271756172e-02, 3.654547780752182e-02, 3.693330660462379e-02, 3.769420087337494e-02, 3.806973621249199e-02, 3.844328597187996e-02, 3.881558030843735e-02, 3.918718919157982e-02, 3.992997854948044e-02, 4.030169174075127e-02, 4.067379236221313e-02, 4.104629904031754e-02, 4.141918569803238e-02, 4.216566681861877e-02, 4.253891110420227e-02, 4.291186854243279e-02, 4.328430816531181e-02, 4.365599900484085e-02, 4.439603909850121e-02, 4.476382583379745e-02, 4.512975364923477e-02, 4.549354314804077e-02, 4.585492983460426e-02, 4.656946659088135e-02, 4.692210629582405e-02, 4.727133736014366e-02, 4.761692881584167e-02, 4.795865714550018e-02, 4.862973839044571e-02, 4.895871877670288e-02, 4.928310960531235e-02, 4.960276186466217e-02, 4.99175488948822e-02, 5.053210258483887e-02, 5.083168670535088e-02, 5.112605169415474e-02, 5.141514539718628e-02, 5.169894173741341e-02, 5.225062742829323e-02, 5.251853540539742e-02, 5.278120189905167e-02, 5.303867533802986e-02, 5.329102277755737e-02]
roo.surf_surBou[2].Q_flow=[-3.721976578235626e-01, -3.490420877933502e-01, -2.847594916820526e-01, -2.479486912488937e-01, -2.211918979883194e-01, -2.010470479726791e-01, -1.729914844036102e-01, -1.629349440336227e-01, -1.546932905912399e-01, -1.478889733552933e-01, -1.422546803951263e-01, -1.3375423848629e-01, -1.30615770816803e-01, -1.2807697057724e-01, -1.260503381490707e-01, -1.244580671191216e-01, -1.2230034917593e-01, -1.216117218136787e-01, -1.211113333702087e-01, -1.207533553242683e-01, -1.204986870288849e-01, -1.201767697930336e-01, -1.20063915848732e-01, -1.199617385864258e-01, -1.198598593473434e-01, -1.197513192892075e-01, -1.194992139935493e-01, -1.193524375557899e-01, -1.19191512465477e-01, -1.190170124173164e-01, -1.188299804925919e-01, -1.184229701757431e-01, -1.182050630450249e-01, -1.179787442088127e-01, -1.177447438240051e-01, -1.175035908818245e-01, -1.170012950897217e-01, -1.167406663298607e-01, -1.16473600268364e-01, -1.161997988820076e-01, -1.159188970923424e-01, -1.153344362974167e-01, -1.150299310684204e-01, -1.14716574549675e-01, -1.143938526511192e-01, -1.140612810850143e-01, -1.133647561073303e-01, -1.129999905824661e-01, -1.126238107681274e-01, -1.122360080480576e-01, -1.118364781141281e-01, -1.110023930668831e-01, -1.105682030320168e-01, -1.101230606436729e-01, -1.096673831343651e-01, -1.092016994953155e-01, -1.082431524991989e-01, -1.077520027756691e-01, -1.072542369365692e-01, -1.067510172724724e-01, -1.062435284256935e-01, -1.052206307649612e-01, -1.04707732796669e-01, -1.041956022381783e-01, -1.036855280399323e-01, -1.03178933262825e-01, -1.021806001663208e-01, -1.016908288002014e-01, -1.012085378170013e-01, -1.007345467805862e-01, -1.002695858478546e-01, -9.936913102865219e-02, -9.893453866243362e-02, -9.851078689098358e-02, -9.80980172753334e-02, -9.769628196954727e-02, -9.692548960447311e-02, -9.655601531267166e-02, -9.61967259645462e-02, -9.584721177816391e-02, -9.550700336694717e-02, -9.485241770744324e-02, -9.453690052032471e-02, -9.422847628593445e-02, -9.392651170492172e-02, -9.363041073083878e-02, -9.305350482463837e-02, -9.277158975601196e-02, -9.249337017536163e-02, -9.221837669610977e-02, -9.194620698690414e-02, -9.140893071889877e-02, -9.114324301481247e-02, -9.087922424077988e-02, -9.061669558286667e-02, -9.03555303812027e-02, -8.98369774222374e-02, -8.957953751087189e-02, -8.932332694530487e-02, -8.906839042901993e-02, -8.881477266550064e-02]
roo.surf_surBou[1].T=[2.731499938964844e+02, 2.731499938964844e+02]
roo.surf_surBou[2].T=[2.741499938964844e+02, 2.741499938964844e+02]
roo.surf_surBou[3].T=[2.731619567871094e+02, 2.731659240722656e+02, 2.731699829101562e+02, 2.731775207519531e+02, 2.731842956542969e+02, 2.731905212402344e+02, 2.732017822265625e+02, 2.732070007324219e+02, 2.732120056152344e+02, 2.732168884277344e+02, 2.732216491699219e+02, 2.732309875488281e+02, 2.732355651855469e+02, 2.732401733398438e+02, 2.732447814941406e+02, 2.732494201660156e+02, 2.732587585449219e+02, 2.732634582519531e+02, 2.732682189941406e+02, 2.732729797363281e+02, 2.732778015136719e+02, 2.732874145507812e+02, 2.732922058105469e+02, 2.732969970703125e+02, 2.733017578125e+02, 2.733064880371094e+02, 2.733158874511719e+02, 2.733205261230469e+02, 2.733251342773438e+02, 2.733296813964844e+02, 2.73334228515625e+02, 2.733431701660156e+02, 2.733475952148438e+02, 2.733519897460938e+02, 2.733563537597656e+02, 2.733606567382812e+02, 2.73369140625e+02, 2.733733215332031e+02, 2.7337744140625e+02, 2.733815002441406e+02, 2.73385498046875e+02, 2.733932800292969e+02, 2.733970947265625e+02, 2.734008178710938e+02, 2.734044494628906e+02, 2.734080505371094e+02, 2.734150085449219e+02, 2.734183959960938e+02, 2.734217224121094e+02, 2.734249877929688e+02, 2.734281616210938e+02, 2.734344177246094e+02, 2.734374694824219e+02, 2.734404602050781e+02, 2.734434204101562e+02, 2.734463500976562e+02, 2.734520568847656e+02, 2.73454833984375e+02, 2.734576110839844e+02, 2.734603271484375e+02, 2.734630126953125e+02, 2.734682922363281e+02, 2.734708557128906e+02, 2.734734191894531e+02, 2.734759521484375e+02, 2.734784240722656e+02, 2.734833068847656e+02, 2.734856872558594e+02, 2.73488037109375e+02, 2.734903564453125e+02, 2.734926452636719e+02, 2.734971618652344e+02, 2.734993591308594e+02, 2.735014953613281e+02, 2.735036315917969e+02, 2.735057373046875e+02, 2.735098571777344e+02, 2.735118713378906e+02, 2.735138549804688e+02, 2.735158081054688e+02, 2.735177307128906e+02, 2.73521484375e+02, 2.735233154296875e+02, 2.73525146484375e+02, 2.735269165039062e+02, 2.735286865234375e+02, 2.735321350097656e+02, 2.735338134765625e+02, 2.735354614257812e+02, 2.73537109375e+02, 2.735387268066406e+02, 2.735418701171875e+02, 2.735434265136719e+02, 2.735449523925781e+02, 2.735464782714844e+02, 2.735479431152344e+02, 2.735508728027344e+02, 2.735522766113281e+02, 2.735537109375e+02, 2.735550842285156e+02, 2.735564575195312e+02]
roo.surf_surBou[4].T=[2.731619567871094e+02, 2.731659240722656e+02, 2.731699829101562e+02, 2.731775207519531e+02, 2.731842956542969e+02, 2.731905212402344e+02, 2.732017822265625e+02, 2.732070007324219e+02, 2.732120056152344e+02, 2.732168884277344e+02, 2.732216491699219e+02, 2.732309875488281e+02, 2.732355651855469e+02, 2.732401733398438e+02, 2.732447814941406e+02, 2.732494201660156e+02, 2.732587585449219e+02, 2.732634582519531e+02, 2.732682189941406e+02, 2.732729797363281e+02, 2.732778015136719e+02, 2.732874145507812e+02, 2.732922058105469e+02, 2.732969970703125e+02, 2.733017578125e+02, 2.733064880371094e+02, 2.733158874511719e+02, 2.733205261230469e+02, 2.733251342773438e+02, 2.733296813964844e+02, 2.73334228515625e+02, 2.733431701660156e+02, 2.733475952148438e+02, 2.733519897460938e+02, 2.733563232421875e+02, 2.733606567382812e+02, 2.73369140625e+02, 2.733733215332031e+02, 2.7337744140625e+02, 2.733815002441406e+02, 2.73385498046875e+02, 2.733932800292969e+02, 2.733970947265625e+02, 2.734008178710938e+02, 2.734044494628906e+02, 2.734080505371094e+02, 2.734150085449219e+02, 2.734183959960938e+02, 2.734217224121094e+02, 2.734249572753906e+02, 2.734281616210938e+02, 2.734344177246094e+02, 2.734374694824219e+02, 2.734404602050781e+02, 2.734434204101562e+02, 2.734463500976562e+02, 2.734520568847656e+02, 2.73454833984375e+02, 2.734576110839844e+02, 2.734603271484375e+02, 2.734630126953125e+02, 2.734682922363281e+02, 2.734708557128906e+02, 2.734734191894531e+02, 2.734759521484375e+02, 2.734784240722656e+02, 2.734833068847656e+02, 2.734856872558594e+02, 2.73488037109375e+02, 2.734903564453125e+02, 2.734926452636719e+02, 2.734971313476562e+02, 2.734993286132812e+02, 2.735014953613281e+02, 2.735036315917969e+02, 2.735057373046875e+02, 2.735098571777344e+02, 2.735118713378906e+02, 2.735138549804688e+02, 2.735158081054688e+02, 2.735177307128906e+02, 2.73521484375e+02, 2.735233154296875e+02, 2.73525146484375e+02, 2.735269165039062e+02, 2.735286865234375e+02, 2.735321350097656e+02, 2.735338134765625e+02, 2.735354614257812e+02, 2.73537109375e+02, 2.735387268066406e+02, 2.735418701171875e+02, 2.735434265136719e+02, 2.735449523925781e+02, 2.735464477539062e+02, 2.735479431152344e+02, 2.735508728027344e+02, 2.735522766113281e+02, 2.735536804199219e+02, 2.735550842285156e+02, 2.735564575195312e+02]
roo.surf_surBou[5].T=[2.731619567871094e+02, 2.731659545898438e+02, 2.731702575683594e+02, 2.731785888671875e+02, 2.731869812011719e+02, 2.731956787109375e+02, 2.732146911621094e+02, 2.732252502441406e+02, 2.732365417480469e+02, 2.732486877441406e+02, 2.732616271972656e+02, 2.732899475097656e+02, 2.733052673339844e+02, 2.733212280273438e+02, 2.733378295898438e+02, 2.733548889160156e+02, 2.733900146484375e+02, 2.734078369140625e+02, 2.734257202148438e+02, 2.734435119628906e+02, 2.734611206054688e+02, 2.734955139160156e+02, 2.735121765136719e+02, 2.735284118652344e+02, 2.735442199707031e+02, 2.735595397949219e+02, 2.735886840820312e+02, 2.736024475097656e+02, 2.736156921386719e+02, 2.736283264160156e+02, 2.73640380859375e+02, 2.736624755859375e+02, 2.736725158691406e+02, 2.736818237304688e+02, 2.736904296875e+02, 2.736983032226562e+02, 2.737120361328125e+02, 2.737179565429688e+02, 2.737233276367188e+02, 2.737281494140625e+02, 2.737325134277344e+02, 2.737400512695312e+02, 2.737432861328125e+02, 2.737462768554688e+02, 2.737490234375e+02, 2.737515563964844e+02, 2.737561340332031e+02, 2.737582397460938e+02, 2.737602233886719e+02, 2.737621154785156e+02, 2.737639465332031e+02, 2.737674560546875e+02, 2.737691345214844e+02, 2.737708129882812e+02, 2.737724609375e+02, 2.737740783691406e+02, 2.737773132324219e+02, 2.737789306640625e+02, 2.737805480957031e+02, 2.737821350097656e+02, 2.737837829589844e+02, 2.737870178222656e+02, 2.737886657714844e+02, 2.737903137207031e+02, 2.737919616699219e+02, 2.737936401367188e+02, 2.737969665527344e+02, 2.737986450195312e+02, 2.738003234863281e+02, 2.73802001953125e+02, 2.738036804199219e+02, 2.738070373535156e+02, 2.738086853027344e+02, 2.738103332519531e+02, 2.738119812011719e+02, 2.738136291503906e+02, 2.738168640136719e+02, 2.738184509277344e+02, 2.738200378417969e+02, 2.738215942382812e+02, 2.738231201171875e+02, 2.738261108398438e+02, 2.738275756835938e+02, 2.738290405273438e+02, 2.738304443359375e+02, 2.738318481445312e+02, 2.738345642089844e+02, 2.738358764648438e+02, 2.73837158203125e+02, 2.738384094238281e+02, 2.738396301269531e+02, 2.738420104980469e+02, 2.738431701660156e+02, 2.738442993164062e+02, 2.738453979492188e+02, 2.738464965820312e+02, 2.738485717773438e+02, 2.738495788574219e+02, 2.738505554199219e+02, 2.738515319824219e+02, 2.738524780273438e+02]
roo.surf_surBou[6].T=[2.731619567871094e+02, 2.731659240722656e+02, 2.731697998046875e+02, 2.731768188476562e+02, 2.731825561523438e+02, 2.73187255859375e+02, 2.731941833496094e+02, 2.731967163085938e+02, 2.7319873046875e+02, 2.732003784179688e+02, 2.732017211914062e+02, 2.732036437988281e+02, 2.73204345703125e+02, 2.732049560546875e+02, 2.732054138183594e+02, 2.732058410644531e+02, 2.732064819335938e+02, 2.732067565917969e+02, 2.732070007324219e+02, 2.732072143554688e+02, 2.732074279785156e+02, 2.732077941894531e+02, 2.732079467773438e+02, 2.732080993652344e+02, 2.732082214355469e+02, 2.732083740234375e+02, 2.732086181640625e+02, 2.73208740234375e+02, 2.732088623046875e+02, 2.73208984375e+02, 2.732090759277344e+02, 2.732092895507812e+02, 2.732094116210938e+02, 2.732095031738281e+02, 2.732096252441406e+02, 2.732097473144531e+02, 2.732100219726562e+02, 2.732101440429688e+02, 2.732103271484375e+02, 2.732104797363281e+02, 2.732106628417969e+02, 2.732111206054688e+02, 2.732113952636719e+02, 2.732117004394531e+02, 2.732120056152344e+02, 2.732123718261719e+02, 2.732132568359375e+02, 2.732137451171875e+02, 2.732142944335938e+02, 2.732148742675781e+02, 2.732155151367188e+02, 2.732169494628906e+02, 2.732177124023438e+02, 2.732185668945312e+02, 2.732194519042969e+02, 2.732203674316406e+02, 2.732223815917969e+02, 2.732234497070312e+02, 2.732245483398438e+02, 2.732256774902344e+02, 2.732268371582031e+02, 2.732292785644531e+02, 2.732305297851562e+02, 2.732318420410156e+02, 2.732331237792969e+02, 2.732344665527344e+02, 2.732371520996094e+02, 2.73238525390625e+02, 2.732399291992188e+02, 2.732413024902344e+02, 2.732427062988281e+02, 2.732454833984375e+02, 2.732468872070312e+02, 2.73248291015625e+02, 2.732496643066406e+02, 2.732510681152344e+02, 2.732538146972656e+02, 2.732551879882812e+02, 2.732565612792969e+02, 2.732579345703125e+02, 2.7325927734375e+02, 2.73261962890625e+02, 2.732633056640625e+02, 2.732646179199219e+02, 2.732659301757812e+02, 2.732672424316406e+02, 2.732698669433594e+02, 2.732711486816406e+02, 2.732724304199219e+02, 2.732737121582031e+02, 2.732749633789062e+02, 2.732774658203125e+02, 2.732787170410156e+02, 2.732799682617188e+02, 2.732811889648438e+02, 2.732824096679688e+02, 2.732848205566406e+02, 2.732860412597656e+02, 2.732872009277344e+02, 2.732883911132812e+02, 2.7328955078125e+02]
conPID.u_s=[2.751499938964844e+02, 2.751499938964844e+02]
conPID.u_m=[2.731538391113281e+02, 2.731573791503906e+02, 2.731683654785156e+02, 2.731761779785156e+02, 2.731831970214844e+02, 2.731895751953125e+02, 2.73201171875e+02, 2.7320654296875e+02, 2.732117309570312e+02, 2.732167663574219e+02, 2.732217102050781e+02, 2.732312927246094e+02, 2.732360229492188e+02, 2.7324072265625e+02, 2.732453918457031e+02, 2.732500610351562e+02, 2.732593688964844e+02, 2.732640686035156e+02, 2.732687377929688e+02, 2.732734375e+02, 2.732781677246094e+02, 2.7328759765625e+02, 2.732923278808594e+02, 2.732970886230469e+02, 2.733018188476562e+02, 2.733065490722656e+02, 2.733159484863281e+02, 2.733206481933594e+02, 2.733253173828125e+02, 2.733299560546875e+02, 2.733345642089844e+02, 2.733436584472656e+02, 2.733481140136719e+02, 2.733525390625e+02, 2.733569030761719e+02, 2.733611755371094e+02, 2.733695068359375e+02, 2.733735961914062e+02, 2.733775634765625e+02, 2.733814697265625e+02, 2.733853149414062e+02, 2.733927917480469e+02, 2.733964233398438e+02, 2.733999938964844e+02, 2.734035034179688e+02, 2.73406982421875e+02, 2.734137268066406e+02, 2.734170227050781e+02, 2.734202575683594e+02, 2.734234619140625e+02, 2.734266357421875e+02, 2.734328002929688e+02, 2.734358215332031e+02, 2.734387817382812e+02, 2.734417114257812e+02, 2.734446105957031e+02, 2.734502563476562e+02, 2.734530029296875e+02, 2.734557495117188e+02, 2.734584045410156e+02, 2.734610595703125e+02, 2.734662170410156e+02, 2.734687194824219e+02, 2.734712219238281e+02, 2.734736633300781e+02, 2.7347607421875e+02, 2.734807739257812e+02, 2.734830627441406e+02, 2.734853210449219e+02, 2.73487548828125e+02, 2.7348974609375e+02, 2.734940490722656e+02, 2.734961547851562e+02, 2.734982299804688e+02, 2.735002746582031e+02, 2.735022583007812e+02, 2.735061950683594e+02, 2.735081481933594e+02, 2.735100402832031e+02, 2.735119018554688e+02, 2.735137634277344e+02, 2.735173645019531e+02, 2.735191345214844e+02, 2.735209045410156e+02, 2.735226135253906e+02, 2.735243225097656e+02, 2.735276489257812e+02, 2.735292663574219e+02, 2.735308837890625e+02, 2.73532470703125e+02, 2.735340270996094e+02, 2.73537109375e+02, 2.735386047363281e+02, 2.735400695800781e+02, 2.735415344238281e+02, 2.7354296875e+02, 2.735458068847656e+02, 2.735471801757812e+02, 2.735485229492188e+02, 2.735498657226562e+02, 2.735512084960938e+02]
conPID.y=[1.996156454086304e+00, 2e+00, 2e+00, 2e+00, 2e+00, 2e+00, 2e+00, 2e+00, 2e+00, 2e+00, 2e+00, 2e+00, 2e+00, 2e+00, 2e+00, 2e+00, 2e+00, 2e+00, 2e+00, 2e+00, 2e+00, 2e+00, 2e+00, 2e+00, 2e+00, 2e+00, 2e+00, 2e+00, 2e+00, 2e+00, 2e+00, 2e+00, 2e+00, 2e+00, 2e+00, 2e+00, 2e+00, 2e+00, 2e+00, 2e+00, 2e+00, 2e+00, 2e+00, 2e+00, 2e+00, 2e+00, 2e+00, 2e+00, 2e+00, 2e+00, 2e+00, 2e+00, 2e+00, 2e+00, 2e+00, 2e+00, 2e+00, 2e+00, 2e+00, 2e+00, 2e+00, 2e+00, 2e+00, 2e+00, 2e+00, 2e+00, 2e+00, 2e+00, 2e+00, 2e+00, 2e+00, 2e+00, 2e+00, 2e+00, 2e+00, 2e+00, 2e+00, 2e+00, 2e+00, 2e+00, 2e+00, 2e+00, 2e+00, 2e+00, 2e+00, 2e+00, 2e+00, 2e+00, 2e+00, 2e+00, 2e+00, 2e+00, 2e+00, 2e+00, 2e+00, 2e+00, 2e+00, 2e+00, 2e+00, 2e+00, 2e+00]
=======
roo.yCFD[1]=[2.731768188476562e+02, 2.732022094726562e+02, 2.732860412597656e+02, 2.733523559570312e+02, 2.734156494140625e+02, 2.734768371582031e+02, 2.735945434570312e+02, 2.736515502929688e+02, 2.7370751953125e+02, 2.737625732421875e+02, 2.738166809082031e+02, 2.739223937988281e+02, 2.739740295410156e+02, 2.740248718261719e+02, 2.74074951171875e+02, 2.741242370605469e+02, 2.742203979492188e+02, 2.742673034667969e+02, 2.743134155273438e+02, 2.743586730957031e+02, 2.744031066894531e+02, 2.744894104003906e+02, 2.7453125e+02, 2.745721740722656e+02, 2.746122131347656e+02, 2.746513366699219e+02, 2.747267456054688e+02, 2.747630615234375e+02, 2.7479833984375e+02, 2.748326721191406e+02, 2.74865966796875e+02, 2.749295654296875e+02, 2.749598999023438e+02, 2.749892578125e+02, 2.750177001953125e+02, 2.750452575683594e+02, 2.750978698730469e+02, 2.751229858398438e+02, 2.751473693847656e+02, 2.751710510253906e+02, 2.751939392089844e+02, 2.752361450195312e+02, 2.752550964355469e+02, 2.752725219726562e+02, 2.752883911132812e+02, 2.753026428222656e+02, 2.753262023925781e+02, 2.7533544921875e+02, 2.753430480957031e+02, 2.753489379882812e+02, 2.753531799316406e+02, 2.753567810058594e+02, 2.753562622070312e+02, 2.753542175292969e+02, 2.753507690429688e+02, 2.753459777832031e+02, 2.753327026367188e+02, 2.753244018554688e+02, 2.753151245117188e+02, 2.753050231933594e+02, 2.752941284179688e+02, 2.752705993652344e+02, 2.752581481933594e+02, 2.752454223632812e+02, 2.752324829101562e+02, 2.75219482421875e+02, 2.751935729980469e+02, 2.751808776855469e+02, 2.7516845703125e+02, 2.751563720703125e+02, 2.751447448730469e+02, 2.75123046875e+02, 2.751131286621094e+02, 2.751038513183594e+02, 2.750952758789062e+02, 2.750874328613281e+02, 2.750740661621094e+02, 2.750685729980469e+02, 2.750639038085938e+02, 2.7506005859375e+02, 2.750570373535156e+02, 2.750533447265625e+02, 2.750526733398438e+02, 2.75052734375e+02, 2.750534973144531e+02, 2.750549621582031e+02, 2.750597839355469e+02, 2.750630493164062e+02, 2.750668640136719e+02, 2.750711059570312e+02, 2.750757751464844e+02, 2.75086181640625e+02, 2.750918273925781e+02, 2.7509765625e+02, 2.751036682128906e+02, 2.751097717285156e+02, 2.751221313476562e+02, 2.751282653808594e+02, 2.751343383789062e+02, 2.751402893066406e+02, 2.751460876464844e+02]
roo.yCFD[2]=[0e+00, 2.834599217749201e-05, 4.662228093366139e-05, 2.362031045777258e-05, 1.599774805072229e-05, 3.956034561269917e-05, 5.42851303180214e-05, 6.736895738868043e-05, 8.191972301574424e-05, 9.112917905440554e-05, 9.403275180375203e-05, 9.225868416251615e-05, 8.970371709438041e-05, 8.742658974369988e-05, 9.019955177791417e-05, 1.038075788528658e-04, 1.698965643299744e-04, 2.204235352110118e-04, 2.81028391327709e-04, 3.505353815853596e-04, 4.276696126908064e-04, 5.97597099840641e-04, 6.842195289209485e-04, 7.658389513380826e-04, 8.371241856366396e-04, 8.933790377341211e-04, 9.511588141322136e-04, 9.537310688756406e-04, 9.42960090469569e-04, 9.236380574293435e-04, 9.008620399981737e-04, 8.621806045994163e-04, 8.517310488969088e-04, 8.484406862407923e-04, 8.517534006386995e-04, 8.603677270002663e-04, 8.868703152984381e-04, 9.015422547236085e-04, 9.15408309083432e-04, 9.276216151192784e-04, 9.376247762702405e-04, 9.499024599790573e-04, 9.52583272010088e-04, 9.534185519441962e-04, 9.525622008368373e-04, 9.501320309937e-04, 9.409748017787933e-04, 9.344184654764831e-04, 9.266256238333881e-04, 9.176922612823546e-04, 9.077312424778938e-04, 8.852742030285299e-04, 8.73144599609077e-04, 8.606722694821656e-04, 8.480176329612732e-04, 8.353194571100171e-04, 8.10307334177196e-04, 7.9825718421489e-04, 7.866966770961881e-04, 7.757665007375181e-04, 7.655973313376307e-04, 7.479718769900501e-04, 7.406691438518465e-04, 7.34427128918469e-04, 7.292506634257734e-04, 7.251253118738532e-04, 7.198535604402423e-04, 7.185649592429399e-04, 7.180639659054577e-04, 7.182571571320295e-04, 7.190564647316933e-04, 7.221360574476421e-04, 7.242596475407481e-04, 7.266821921803057e-04, 7.293533999472857e-04, 7.322333985939622e-04, 7.384965429082513e-04, 7.418359164148569e-04, 7.452948484569788e-04, 7.488640258088708e-04, 7.525375694967806e-04, 7.601745892316103e-04, 7.641261909157038e-04, 7.681550923734903e-04, 7.722506998106837e-04, 7.764002657495439e-04, 7.847997476346791e-04, 7.890146225690842e-04, 7.932137814350426e-04, 7.97375978436321e-04, 8.014786872081459e-04, 8.094112854450941e-04, 8.131919312290847e-04, 8.168144850060344e-04, 8.202518802136183e-04, 8.234770502895117e-04, 8.291833801195025e-04, 8.316127932630479e-04, 8.337281760759652e-04, 8.355047320947051e-04, 8.369216811843216e-04]
roo.surf_surBou[1].Q_flow=[1.400223281234503e-02, 2.5850934907794e-02, 5.974508821964264e-02, 8.09832289814949e-02, 9.827244281768799e-02, 1.130339056253433e-01, 1.379110068082809e-01, 1.488350331783295e-01, 1.590705215930939e-01, 1.687753349542618e-01, 1.78075447678566e-01, 1.958959251642227e-01, 2.046192139387131e-01, 2.133470475673676e-01, 2.221716195344925e-01, 2.311820089817047e-01, 2.500919699668884e-01, 2.601346671581268e-01, 2.706416547298431e-01, 2.816466689109802e-01, 2.931667864322662e-01, 3.177391886711121e-01, 3.307503759860992e-01, 3.442021310329437e-01, 3.580614924430847e-01, 3.722986280918121e-01, 4.017882347106934e-01, 4.16969358921051e-01, 4.323773384094238e-01, 4.479475021362305e-01, 4.636020660400391e-01, 4.948131740093231e-01, 5.101936459541321e-01, 5.253245830535889e-01, 5.401462912559509e-01, 5.546048879623413e-01, 5.822683572769165e-01, 5.954095125198364e-01, 6.080572009086609e-01, 6.201887726783752e-01, 6.31702184677124e-01, 6.520260572433472e-01, 6.607200503349304e-01, 6.684386134147644e-01, 6.751890778541565e-01, 6.809869408607483e-01, 6.898400187492371e-01, 6.929791569709778e-01, 6.95330798625946e-01, 6.969557404518127e-01, 6.97917640209198e-01, 6.981086730957031e-01, 6.974616646766663e-01, 6.963957548141479e-01, 6.949612498283386e-01, 6.932023167610167e-01, 6.888549327850342e-01, 6.863222718238831e-01, 6.835786700248718e-01, 6.806401014328003e-01, 6.775198578834534e-01, 6.707758903503418e-01, 6.671751141548157e-01, 6.634416580200195e-01, 6.595930457115173e-01, 6.556499600410461e-01, 6.475802063941956e-01, 6.435098648071289e-01, 6.394569873809814e-01, 6.354538798332214e-01, 6.315325498580933e-01, 6.240673661231995e-01, 6.205822229385376e-01, 6.172917485237122e-01, 6.14216685295105e-01, 6.113758087158203e-01, 6.064554452896118e-01, 6.04397714138031e-01, 6.02618396282196e-01, 6.011210680007935e-01, 5.999072194099426e-01, 5.983241200447083e-01, 5.979464650154114e-01, 5.978358387947083e-01, 5.979834794998169e-01, 5.983791351318359e-01, 5.998663306236267e-01, 6.0093092918396e-01, 6.021894216537476e-01, 6.036255359649658e-01, 6.052219867706299e-01, 6.088237166404724e-01, 6.107918620109558e-01, 6.128464341163635e-01, 6.149680018424988e-01, 6.171374320983887e-01, 6.215444207191467e-01, 6.237466931343079e-01, 6.259264945983887e-01, 6.280666589736938e-01, 6.301523447036743e-01]
roo.surf_surBou[2].Q_flow=[-6.822618842124939e-01, -5.911467671394348e-01, -3.600290715694427e-01, -2.476639747619629e-01, -1.74463614821434e-01, -1.231805384159088e-01, -5.454729497432709e-02, -2.95957438647747e-02, -8.344283327460289e-03, 1.021586824208498e-02, 2.674216590821743e-02, 5.537841841578484e-02, 6.805603206157684e-02, 7.990442961454391e-02, 9.107621759176254e-02, 1.016783714294434e-01, 1.215029880404472e-01, 1.30873441696167e-01, 1.399419158697128e-01, 1.487463563680649e-01, 1.57314658164978e-01, 1.738612055778503e-01, 1.818796545267105e-01, 1.897648125886917e-01, 1.975431889295578e-01, 2.052384316921234e-01, 2.20527783036232e-01, 2.281688749790192e-01, 2.358295023441315e-01, 2.435161918401718e-01, 2.512358725070953e-01, 2.667967081069946e-01, 2.746478617191315e-01, 2.825534045696259e-01, 2.90515661239624e-01, 2.985332906246185e-01, 3.147140443325043e-01, 3.228611946105957e-01, 3.310313820838928e-01, 3.392080068588257e-01, 3.473061323165894e-01, 3.625347912311554e-01, 3.695397078990936e-01, 3.761224150657654e-01, 3.822551667690277e-01, 3.879253268241882e-01, 3.979120254516602e-01, 4.021884500980377e-01, 4.059509634971619e-01, 4.091807305812836e-01, 4.118682444095612e-01, 4.156074225902557e-01, 4.166593253612518e-01, 4.171601533889771e-01, 4.17111337184906e-01, 4.165229499340057e-01, 4.1380375623703e-01, 4.117259681224823e-01, 4.092148542404175e-01, 4.063141047954559e-01, 4.030725657939911e-01, 3.957600593566895e-01, 3.917922675609589e-01, 3.876896798610687e-01, 3.835079371929169e-01, 3.792985081672668e-01, 3.709977865219116e-01, 3.670008480548859e-01, 3.631548285484314e-01, 3.594891726970673e-01, 3.560305535793304e-01, 3.498278260231018e-01, 3.471165299415588e-01, 3.44674825668335e-01, 3.425068557262421e-01, 3.406136929988861e-01, 3.376489579677582e-01, 3.365702629089355e-01, 3.357527852058411e-01, 3.351873457431793e-01, 3.348626494407654e-01, 3.348882794380188e-01, 3.352138996124268e-01, 3.357310891151428e-01, 3.364268243312836e-01, 3.372879028320312e-01, 3.394533395767212e-01, 3.407312631607056e-01, 3.421216905117035e-01, 3.436113893985748e-01, 3.451871573925018e-01, 3.485446274280548e-01, 3.503004014492035e-01, 3.520904779434204e-01, 3.539023399353027e-01, 3.557238578796387e-01, 3.593467175960541e-01, 3.61126571893692e-01, 3.628732264041901e-01, 3.645751774311066e-01, 3.662221729755402e-01]
roo.surf_surBou[1].T=[2.731499938964844e+02, 2.731499938964844e+02]
roo.surf_surBou[2].T=[2.741499938964844e+02, 2.741499938964844e+02]
roo.surf_surBou[3].T=[2.731810913085938e+02, 2.732069702148438e+02, 2.732876281738281e+02, 2.733536376953125e+02, 2.734166870117188e+02, 2.734776611328125e+02, 2.735950927734375e+02, 2.736520080566406e+02, 2.737079467773438e+02, 2.737629699707031e+02, 2.738171691894531e+02, 2.739232482910156e+02, 2.739751586914062e+02, 2.740263977050781e+02, 2.740768737792969e+02, 2.741266784667969e+02, 2.7422412109375e+02, 2.742717590332031e+02, 2.743186340332031e+02, 2.743647155761719e+02, 2.744100036621094e+02, 2.744981384277344e+02, 2.745409545898438e+02, 2.745829467773438e+02, 2.746240844726562e+02, 2.746644592285156e+02, 2.747428894042969e+02, 2.747809753417969e+02, 2.748183288574219e+02, 2.748549499511719e+02, 2.74890869140625e+02, 2.749606323242188e+02, 2.749944458007812e+02, 2.750275573730469e+02, 2.750599670410156e+02, 2.750916442871094e+02, 2.751528015136719e+02, 2.751822204589844e+02, 2.752108764648438e+02, 2.752387390136719e+02, 2.752656555175781e+02, 2.753152160644531e+02, 2.753374328613281e+02, 2.753578186035156e+02, 2.753763122558594e+02, 2.75392822265625e+02, 2.754198608398438e+02, 2.754303894042969e+02, 2.7543896484375e+02, 2.754456176757812e+02, 2.754503784179688e+02, 2.754546203613281e+02, 2.754542236328125e+02, 2.754523010253906e+02, 2.754489135742188e+02, 2.754441528320312e+02, 2.754309387207031e+02, 2.754226989746094e+02, 2.754134521484375e+02, 2.754033813476562e+02, 2.753925170898438e+02, 2.753688659667969e+02, 2.753562927246094e+02, 2.753433532714844e+02, 2.753301696777344e+02, 2.753168334960938e+02, 2.752901000976562e+02, 2.752769165039062e+02, 2.752639770507812e+02, 2.752513732910156e+02, 2.752391662597656e+02, 2.752164001464844e+02, 2.752059326171875e+02, 2.751961669921875e+02, 2.751871032714844e+02, 2.751788330078125e+02, 2.751646728515625e+02, 2.751588439941406e+02, 2.751538696289062e+02, 2.751497497558594e+02, 2.751464538574219e+02, 2.751423645019531e+02, 2.751415405273438e+02, 2.751415100097656e+02, 2.751422119140625e+02, 2.751436157226562e+02, 2.751484375e+02, 2.751517639160156e+02, 2.751556396484375e+02, 2.751600341796875e+02, 2.751648559570312e+02, 2.751756286621094e+02, 2.751814880371094e+02, 2.751875610351562e+02, 2.751938171386719e+02, 2.752002258300781e+02, 2.752131652832031e+02, 2.752196350097656e+02, 2.752260131835938e+02, 2.752322998046875e+02, 2.752384033203125e+02]
roo.surf_surBou[4].T=[2.731810913085938e+02, 2.732069702148438e+02, 2.732876281738281e+02, 2.733536376953125e+02, 2.734166870117188e+02, 2.734776611328125e+02, 2.735950927734375e+02, 2.736520080566406e+02, 2.737079467773438e+02, 2.737629699707031e+02, 2.738171691894531e+02, 2.739232482910156e+02, 2.739751586914062e+02, 2.740263671875e+02, 2.740768737792969e+02, 2.741266784667969e+02, 2.7422412109375e+02, 2.742717590332031e+02, 2.743186340332031e+02, 2.743647155761719e+02, 2.744100036621094e+02, 2.744981384277344e+02, 2.745409240722656e+02, 2.745829162597656e+02, 2.746240844726562e+02, 2.746644592285156e+02, 2.747428588867188e+02, 2.747809448242188e+02, 2.748182983398438e+02, 2.748549499511719e+02, 2.74890869140625e+02, 2.749606018066406e+02, 2.749944152832031e+02, 2.750275268554688e+02, 2.750599365234375e+02, 2.750916137695312e+02, 2.751527709960938e+02, 2.751822204589844e+02, 2.752108764648438e+02, 2.752387390136719e+02, 2.752656555175781e+02, 2.753152160644531e+02, 2.753374328613281e+02, 2.753578186035156e+02, 2.753763122558594e+02, 2.75392822265625e+02, 2.754198913574219e+02, 2.75430419921875e+02, 2.7543896484375e+02, 2.754456176757812e+02, 2.754503784179688e+02, 2.754546203613281e+02, 2.754542236328125e+02, 2.754523010253906e+02, 2.754489135742188e+02, 2.754441528320312e+02, 2.754309387207031e+02, 2.754226989746094e+02, 2.754134826660156e+02, 2.754033813476562e+02, 2.753925170898438e+02, 2.753688659667969e+02, 2.753562927246094e+02, 2.753433532714844e+02, 2.753301696777344e+02, 2.753168334960938e+02, 2.752901000976562e+02, 2.752768859863281e+02, 2.752639465332031e+02, 2.752513427734375e+02, 2.752391662597656e+02, 2.752164001464844e+02, 2.752059326171875e+02, 2.751961364746094e+02, 2.751871032714844e+02, 2.751788330078125e+02, 2.751646728515625e+02, 2.751588439941406e+02, 2.751538696289062e+02, 2.751497497558594e+02, 2.751464538574219e+02, 2.751423645019531e+02, 2.751415405273438e+02, 2.751415100097656e+02, 2.751422119140625e+02, 2.751436157226562e+02, 2.751484375e+02, 2.751517639160156e+02, 2.751556396484375e+02, 2.751600341796875e+02, 2.751648559570312e+02, 2.751756286621094e+02, 2.751814880371094e+02, 2.751875610351562e+02, 2.751938171386719e+02, 2.752002258300781e+02, 2.752131652832031e+02, 2.752196350097656e+02, 2.752260131835938e+02, 2.752322998046875e+02, 2.752384033203125e+02]
roo.surf_surBou[5].T=[2.731810913085938e+02, 2.732070007324219e+02, 2.732882995605469e+02, 2.733561096191406e+02, 2.734220581054688e+02, 2.734867858886719e+02, 2.736134033203125e+02, 2.736754455566406e+02, 2.737367248535156e+02, 2.737972717285156e+02, 2.738570861816406e+02, 2.739747009277344e+02, 2.740326232910156e+02, 2.740899963378906e+02, 2.741469116210938e+02, 2.742034301757812e+02, 2.743153381347656e+02, 2.743708190917969e+02, 2.744260864257812e+02, 2.744811096191406e+02, 2.745359497070312e+02, 2.74645263671875e+02, 2.746997985839844e+02, 2.747542419433594e+02, 2.7480859375e+02, 2.748628540039062e+02, 2.749709167480469e+02, 2.750246276855469e+02, 2.750780944824219e+02, 2.751312255859375e+02, 2.751840209960938e+02, 2.7528857421875e+02, 2.753402709960938e+02, 2.753915405273438e+02, 2.754423522949219e+02, 2.754926452636719e+02, 2.755914306640625e+02, 2.756398010253906e+02, 2.756874694824219e+02, 2.757344055175781e+02, 2.757805480957031e+02, 2.758690795898438e+02, 2.759111328125e+02, 2.759515686035156e+02, 2.759903564453125e+02, 2.760273742675781e+02, 2.760958557128906e+02, 2.761271362304688e+02, 2.761563720703125e+02, 2.761835021972656e+02, 2.762085266113281e+02, 2.762521057128906e+02, 2.762707214355469e+02, 2.762872924804688e+02, 2.763018493652344e+02, 2.76314453125e+02, 2.763341369628906e+02, 2.763413391113281e+02, 2.763468933105469e+02, 2.763509216308594e+02, 2.763534545898438e+02, 2.763545227050781e+02, 2.763532409667969e+02, 2.763509216308594e+02, 2.7634765625e+02, 2.763435668945312e+02, 2.763333435058594e+02, 2.763274536132812e+02, 2.763211669921875e+02, 2.763146057128906e+02, 2.76307861328125e+02, 2.76294189453125e+02, 2.762874450683594e+02, 2.762808227539062e+02, 2.762744445800781e+02, 2.762683410644531e+02, 2.762571411132812e+02, 2.762521667480469e+02, 2.762476501464844e+02, 2.762436218261719e+02, 2.762401428222656e+02, 2.762348022460938e+02, 2.762329711914062e+02, 2.762317504882812e+02, 2.762310791015625e+02, 2.762310180664062e+02, 2.762325439453125e+02, 2.76234130859375e+02, 2.762362060546875e+02, 2.7623876953125e+02, 2.762417907714844e+02, 2.762490844726562e+02, 2.762532348632812e+02, 2.762577209472656e+02, 2.762624206542969e+02, 2.762673645019531e+02, 2.762777404785156e+02, 2.762830810546875e+02, 2.762884521484375e+02, 2.762938537597656e+02, 2.762991943359375e+02]
roo.surf_surBou[6].T=[2.731810913085938e+02, 2.732069396972656e+02, 2.732871704101562e+02, 2.733520812988281e+02, 2.734134521484375e+02, 2.734722900390625e+02, 2.735844421386719e+02, 2.736383666992188e+02, 2.736909790039062e+02, 2.737422790527344e+02, 2.73792236328125e+02, 2.738876647949219e+02, 2.739328308105469e+02, 2.739760437011719e+02, 2.740171508789062e+02, 2.740558776855469e+02, 2.7412548828125e+02, 2.741560363769531e+02, 2.741834716796875e+02, 2.742077331542969e+02, 2.742288208007812e+02, 2.742614135742188e+02, 2.74273193359375e+02, 2.742822265625e+02, 2.742887878417969e+02, 2.742932739257812e+02, 2.742976989746094e+02, 2.74298583984375e+02, 2.742992248535156e+02, 2.743000183105469e+02, 2.743013000488281e+02, 2.743063049316406e+02, 2.743102111816406e+02, 2.743150634765625e+02, 2.7432080078125e+02, 2.743273620605469e+02, 2.743423767089844e+02, 2.743506164550781e+02, 2.743591613769531e+02, 2.743678894042969e+02, 2.743765258789062e+02, 2.743916320800781e+02, 2.743975219726562e+02, 2.744020690917969e+02, 2.744052734375e+02, 2.744070434570312e+02, 2.744062805175781e+02, 2.744037170410156e+02, 2.743997802734375e+02, 2.7439453125e+02, 2.743881225585938e+02, 2.743721313476562e+02, 2.7436279296875e+02, 2.743526916503906e+02, 2.743419799804688e+02, 2.743307189941406e+02, 2.743070678710938e+02, 2.742948913574219e+02, 2.742825927734375e+02, 2.742703247070312e+02, 2.742581176757812e+02, 2.74234375e+02, 2.742229614257812e+02, 2.742119445800781e+02, 2.74201416015625e+02, 2.7419140625e+02, 2.741730651855469e+02, 2.74164794921875e+02, 2.741571044921875e+02, 2.741500854492188e+02, 2.741437377929688e+02, 2.741330871582031e+02, 2.741288146972656e+02, 2.741252746582031e+02, 2.741224365234375e+02, 2.741203002929688e+02, 2.741181030273438e+02, 2.741180114746094e+02, 2.741185607910156e+02, 2.741197509765625e+02, 2.741215209960938e+02, 2.74126708984375e+02, 2.741300354003906e+02, 2.741337890625e+02, 2.74137939453125e+02, 2.741424560546875e+02, 2.741523742675781e+02, 2.741576843261719e+02, 2.741631469726562e+02, 2.741687316894531e+02, 2.741744079589844e+02, 2.741857604980469e+02, 2.741913757324219e+02, 2.741968688964844e+02, 2.742022094726562e+02, 2.742073669433594e+02, 2.742169799804688e+02, 2.742213439941406e+02, 2.742254333496094e+02, 2.742291564941406e+02, 2.742325439453125e+02]
conPID.u_s=[2.751499938964844e+02, 2.751499938964844e+02]
conPID.u_m=[2.731768188476562e+02, 2.732022094726562e+02, 2.732860412597656e+02, 2.733523559570312e+02, 2.734156494140625e+02, 2.734768371582031e+02, 2.735945434570312e+02, 2.736515502929688e+02, 2.7370751953125e+02, 2.737625732421875e+02, 2.738166809082031e+02, 2.739223937988281e+02, 2.739740295410156e+02, 2.740248718261719e+02, 2.74074951171875e+02, 2.741242370605469e+02, 2.742203979492188e+02, 2.742673034667969e+02, 2.743134155273438e+02, 2.743586730957031e+02, 2.744031066894531e+02, 2.744894104003906e+02, 2.7453125e+02, 2.745721740722656e+02, 2.746122131347656e+02, 2.746513366699219e+02, 2.747267456054688e+02, 2.747630615234375e+02, 2.7479833984375e+02, 2.748326721191406e+02, 2.74865966796875e+02, 2.749295654296875e+02, 2.749598999023438e+02, 2.749892578125e+02, 2.750177001953125e+02, 2.750452575683594e+02, 2.750978698730469e+02, 2.751229858398438e+02, 2.751473693847656e+02, 2.751710510253906e+02, 2.751939392089844e+02, 2.752361450195312e+02, 2.752550964355469e+02, 2.752725219726562e+02, 2.752883911132812e+02, 2.753026428222656e+02, 2.753262023925781e+02, 2.7533544921875e+02, 2.753430480957031e+02, 2.753489379882812e+02, 2.753531799316406e+02, 2.753567810058594e+02, 2.753562622070312e+02, 2.753542175292969e+02, 2.753507690429688e+02, 2.753459777832031e+02, 2.753327026367188e+02, 2.753244018554688e+02, 2.753151245117188e+02, 2.753050231933594e+02, 2.752941284179688e+02, 2.752705993652344e+02, 2.752581481933594e+02, 2.752454223632812e+02, 2.752324829101562e+02, 2.75219482421875e+02, 2.751935729980469e+02, 2.751808776855469e+02, 2.7516845703125e+02, 2.751563720703125e+02, 2.751447448730469e+02, 2.75123046875e+02, 2.751131286621094e+02, 2.751038513183594e+02, 2.750952758789062e+02, 2.750874328613281e+02, 2.750740661621094e+02, 2.750685729980469e+02, 2.750639038085938e+02, 2.7506005859375e+02, 2.750570373535156e+02, 2.750533447265625e+02, 2.750526733398438e+02, 2.75052734375e+02, 2.750534973144531e+02, 2.750549621582031e+02, 2.750597839355469e+02, 2.750630493164062e+02, 2.750668640136719e+02, 2.750711059570312e+02, 2.750757751464844e+02, 2.75086181640625e+02, 2.750918273925781e+02, 2.7509765625e+02, 2.751036682128906e+02, 2.751097717285156e+02, 2.751221313476562e+02, 2.751282653808594e+02, 2.751343383789062e+02, 2.751402893066406e+02, 2.751460876464844e+02]
conPID.y=[1.973195433616638e+00, 2e+00, 2e+00, 2e+00, 2e+00, 2e+00, 2e+00, 2e+00, 2e+00, 2e+00, 2e+00, 2e+00, 2e+00, 2e+00, 2e+00, 2e+00, 2e+00, 2e+00, 2e+00, 2e+00, 2e+00, 2e+00, 2e+00, 2e+00, 2e+00, 2e+00, 2e+00, 2e+00, 2e+00, 2e+00, 2e+00, 2e+00, 2e+00, 2e+00, 2e+00, 2e+00, 2e+00, 2e+00, 1.991638779640198e+00, 1.964010119438171e+00, 1.929065585136414e+00, 1.866127729415894e+00, 1.819432616233826e+00, 1.767852067947388e+00, 1.712065577507019e+00, 1.652746677398682e+00, 1.579070210456848e+00, 1.516013264656067e+00, 1.451651930809021e+00, 1.386654257774353e+00, 1.321670651435852e+00, 1.256276607513428e+00, 1.194834470748901e+00, 1.135293841362e+00, 1.078169822692871e+00, 1.023935317993164e+00, 9.806044101715085e-01, 9.3492192029953e-01, 8.932545781135559e-01, 8.55859637260437e-01, 8.229429125785828e-01, 8.072909116744995e-01, 7.84795880317688e-01, 7.670007348060608e-01, 7.538946270942688e-01, 7.454220652580261e-01, 7.550247311592102e-01, 7.559238076210022e-01, 7.609478831291199e-01, 7.698904275894165e-01, 7.82515823841095e-01, 8.096520304679871e-01, 8.286709785461426e-01, 8.504064679145813e-01, 8.74545693397522e-01, 9.007646441459656e-01, 9.353303909301758e-01, 9.641399383544922e-01, 9.939326643943787e-01, 1.024379730224609e+00, 1.055158495903015e+00, 1.087476134300232e+00, 1.117219567298889e+00, 1.146345257759094e+00, 1.174590229988098e+00, 1.201709628105164e+00, 1.224631786346436e+00, 1.248093962669373e+00, 1.269817113876343e+00, 1.289651870727539e+00, 1.307472944259644e+00, 1.317549109458923e+00, 1.330502390861511e+00, 1.341241478919983e+00, 1.349743604660034e+00, 1.35600757598877e+00, 1.35356330871582e+00, 1.355164289474487e+00, 1.354702830314636e+00, 1.352262496948242e+00, 1.347942233085632e+00]
>>>>>>> master
