last-generated=2022-11-01
statistics-initialization=
{
  "linear": "0, 0, 0, 0",
  "nonlinear": "0, 0, 0, 0",
  "numerical Jacobians": "0"
}
statistics-simulation=
{
  "linear": "0, 0, 0, 0, 0, 0, 0, 0, 0, 0",
  "nonlinear": "0, 0, 0, 0",
  "number of continuous time states": "30",
  "numerical Jacobians": "0"
}
time=[1.6848e+07, 1.728e+07]
flo.TAirCor=[2.751499938964844e+02, 2.968106689453125e+02, 2.969787292480469e+02, 2.969801940917969e+02, 2.96982666015625e+02, 2.975477905273438e+02, 2.981379089355469e+02, 2.985169067382812e+02, 2.988031921386719e+02, 2.989195861816406e+02, 2.988462829589844e+02, 2.988681030273438e+02, 2.988973388671875e+02, 2.989308776855469e+02, 2.988983459472656e+02, 2.989064025878906e+02, 2.989188232421875e+02, 2.987863464355469e+02, 2.988075561523438e+02, 2.9886767578125e+02, 2.988944091796875e+02, 2.987791748046875e+02, 2.987015380859375e+02, 2.987116394042969e+02, 2.986995849609375e+02, 2.988731689453125e+02, 2.989486389160156e+02, 2.989549560546875e+02, 2.9896044921875e+02, 2.989628295898438e+02, 2.989663696289062e+02, 2.989774475097656e+02, 2.989958190917969e+02, 2.990186767578125e+02, 2.990415344238281e+02, 2.990823974609375e+02, 2.990931396484375e+02, 2.990815124511719e+02, 2.990875549316406e+02, 2.990950317382812e+02, 2.991499633789062e+02, 2.991499633789062e+02, 2.991499328613281e+02, 2.991499938964844e+02, 2.991499938964844e+02, 2.991499938964844e+02, 2.991543884277344e+02, 2.991510925292969e+02, 2.991500244140625e+02, 2.991499328613281e+02, 2.991499633789062e+02, 2.991507568359375e+02, 2.991504211425781e+02, 2.991500244140625e+02, 2.99150146484375e+02, 2.991500854492188e+02, 2.991485595703125e+02, 2.991497802734375e+02, 2.991499633789062e+02, 2.991500549316406e+02, 2.991500244140625e+02, 2.991496276855469e+02, 2.991498413085938e+02, 2.991499938964844e+02, 2.991500244140625e+02, 2.991499938964844e+02, 2.99156982421875e+02, 2.991510009765625e+02, 2.991500549316406e+02, 2.991499633789062e+02, 2.991499633789062e+02, 2.991506652832031e+02, 2.991503601074219e+02, 2.991500854492188e+02, 2.991501770019531e+02, 2.991500549316406e+02, 2.991484069824219e+02, 2.991497497558594e+02, 2.991499938964844e+02, 2.991500549316406e+02, 2.991500244140625e+02, 2.991495971679688e+02, 2.991497497558594e+02, 2.991499938964844e+02, 2.991500244140625e+02, 2.991499938964844e+02, 2.991584167480469e+02, 2.99151123046875e+02, 2.991500549316406e+02, 2.991498718261719e+02, 2.991499938964844e+02, 2.991505432128906e+02, 2.991503295898438e+02, 2.991500549316406e+02, 2.991501770019531e+02, 2.991500854492188e+02, 2.991486511230469e+02, 2.991497802734375e+02, 2.991499938964844e+02, 2.991500549316406e+02, 2.991500244140625e+02]
flo.TAirSou=[2.751499938964844e+02, 2.966680908203125e+02, 2.968207397460938e+02, 2.967814331054688e+02, 2.967570190429688e+02, 2.973287963867188e+02, 2.97994140625e+02, 2.985896911621094e+02, 2.990952453613281e+02, 2.991501159667969e+02, 2.991510925292969e+02, 2.991513671875e+02, 2.991505432128906e+02, 2.991504821777344e+02, 2.991505737304688e+02, 2.991483764648438e+02, 2.991449279785156e+02, 2.9885986328125e+02, 2.988936462402344e+02, 2.989990234375e+02, 2.990460815429688e+02, 2.987572937011719e+02, 2.986480407714844e+02, 2.987059936523438e+02, 2.986759643554688e+02, 2.989544982910156e+02, 2.991524047851562e+02, 2.99151123046875e+02, 2.991504211425781e+02, 2.991499633789062e+02, 2.991500549316406e+02, 2.991502075195312e+02, 2.991492309570312e+02, 2.991498718261719e+02, 2.991500244140625e+02, 2.991498718261719e+02, 2.991481323242188e+02, 2.991499328613281e+02, 2.991488647460938e+02, 2.991499633789062e+02, 2.991499938964844e+02, 2.991492614746094e+02, 2.991495056152344e+02, 2.9914990234375e+02, 2.991498718261719e+02, 2.99150390625e+02, 2.991621704101562e+02, 2.991510620117188e+02, 2.991510314941406e+02, 2.991498107910156e+02, 2.991497802734375e+02, 2.991488342285156e+02, 2.991495361328125e+02, 2.991498107910156e+02, 2.991517944335938e+02, 2.991499938964844e+02, 2.991450500488281e+02, 2.991495361328125e+02, 2.991492004394531e+02, 2.991500549316406e+02, 2.991499633789062e+02, 2.991487731933594e+02, 2.991495971679688e+02, 2.991498413085938e+02, 2.991499633789062e+02, 2.991502685546875e+02, 2.991614379882812e+02, 2.991521606445312e+02, 2.991506652832031e+02, 2.991497497558594e+02, 2.991496887207031e+02, 2.991494750976562e+02, 2.991490173339844e+02, 2.991516723632812e+02, 2.9914990234375e+02, 2.991490783691406e+02, 2.991444091796875e+02, 2.991493530273438e+02, 2.991495056152344e+02, 2.991499633789062e+02, 2.991499328613281e+02, 2.991484680175781e+02, 2.991493530273438e+02, 2.991498413085938e+02, 2.991498413085938e+02, 2.991503295898438e+02, 2.991605529785156e+02, 2.991534423828125e+02, 2.991507873535156e+02, 2.991497497558594e+02, 2.991512756347656e+02, 2.991496887207031e+02, 2.991521301269531e+02, 2.991468811035156e+02, 2.991497192382812e+02, 2.991499938964844e+02, 2.991445922851562e+02, 2.991491394042969e+02, 2.991498413085938e+02, 2.991501159667969e+02, 2.991499938964844e+02]
flo.TAirNor=[2.751499938964844e+02, 2.966736145019531e+02, 2.968297119140625e+02, 2.967987976074219e+02, 2.968219604492188e+02, 2.974965209960938e+02, 2.980355224609375e+02, 2.985643005371094e+02, 2.989973449707031e+02, 2.991502380371094e+02, 2.991502685546875e+02, 2.991512756347656e+02, 2.991505432128906e+02, 2.991502990722656e+02, 2.991499938964844e+02, 2.991495971679688e+02, 2.991470642089844e+02, 2.987695617675781e+02, 2.988095397949219e+02, 2.989317321777344e+02, 2.989888610839844e+02, 2.987061767578125e+02, 2.986165161132812e+02, 2.986666870117188e+02, 2.987210388183594e+02, 2.990945739746094e+02, 2.991515197753906e+02, 2.991510009765625e+02, 2.991502990722656e+02, 2.991501159667969e+02, 2.991500854492188e+02, 2.991512756347656e+02, 2.991505126953125e+02, 2.991499328613281e+02, 2.991499938964844e+02, 2.991497802734375e+02, 2.991432495117188e+02, 2.991494140625e+02, 2.991497497558594e+02, 2.991499633789062e+02, 2.991499328613281e+02, 2.991494140625e+02, 2.991495971679688e+02, 2.9914990234375e+02, 2.991496887207031e+02, 2.991503601074219e+02, 2.991608276367188e+02, 2.991525573730469e+02, 2.991502075195312e+02, 2.991499633789062e+02, 2.991499328613281e+02, 2.991509704589844e+02, 2.991509399414062e+02, 2.991498718261719e+02, 2.99150146484375e+02, 2.991499633789062e+02, 2.991439514160156e+02, 2.991495971679688e+02, 2.991492309570312e+02, 2.991500244140625e+02, 2.991499633789062e+02, 2.9914892578125e+02, 2.991496276855469e+02, 2.991498413085938e+02, 2.991498107910156e+02, 2.991502380371094e+02, 2.991603393554688e+02, 2.991520080566406e+02, 2.991505126953125e+02, 2.991499938964844e+02, 2.9914990234375e+02, 2.991510925292969e+02, 2.991504821777344e+02, 2.991502685546875e+02, 2.991498413085938e+02, 2.9914990234375e+02, 2.991424560546875e+02, 2.991493835449219e+02, 2.991495056152344e+02, 2.991499633789062e+02, 2.991499328613281e+02, 2.991486511230469e+02, 2.991494445800781e+02, 2.991498413085938e+02, 2.99149658203125e+02, 2.991502990722656e+02, 2.991595153808594e+02, 2.991527709960938e+02, 2.99150390625e+02, 2.991499633789062e+02, 2.991499938964844e+02, 2.991507568359375e+02, 2.991509399414062e+02, 2.991497497558594e+02, 2.991500549316406e+02, 2.991499633789062e+02, 2.991450805664062e+02, 2.991492309570312e+02, 2.991498413085938e+02, 2.991501159667969e+02, 2.991499938964844e+02]
flo.TAirEas=[2.751499938964844e+02, 2.9672998046875e+02, 2.967804565429688e+02, 2.967857971191406e+02, 2.969380187988281e+02, 2.980591125488281e+02, 2.987919921875e+02, 2.991528930664062e+02, 2.991516723632812e+02, 2.991506042480469e+02, 2.991502685546875e+02, 2.991510620117188e+02, 2.991504821777344e+02, 2.991502075195312e+02, 2.991500244140625e+02, 2.991495971679688e+02, 2.991466674804688e+02, 2.990100708007812e+02, 2.990578002929688e+02, 2.991478881835938e+02, 2.991497192382812e+02, 2.989423828125e+02, 2.988452453613281e+02, 2.988761596679688e+02, 2.989669494628906e+02, 2.991502075195312e+02, 2.991601867675781e+02, 2.991514282226562e+02, 2.991494445800781e+02, 2.991507263183594e+02, 2.991501159667969e+02, 2.991511840820312e+02, 2.991502380371094e+02, 2.991498718261719e+02, 2.991500854492188e+02, 2.991498718261719e+02, 2.991482238769531e+02, 2.991492919921875e+02, 2.991497497558594e+02, 2.991499938964844e+02, 2.991500244140625e+02, 2.991490478515625e+02, 2.991494140625e+02, 2.991498718261719e+02, 2.991493530273438e+02, 2.991499633789062e+02, 2.99177978515625e+02, 2.991544494628906e+02, 2.991497192382812e+02, 2.9915087890625e+02, 2.991499938964844e+02, 2.99150634765625e+02, 2.991506652832031e+02, 2.991498107910156e+02, 2.991502075195312e+02, 2.991499633789062e+02, 2.991451721191406e+02, 2.991494445800781e+02, 2.991492004394531e+02, 2.991500854492188e+02, 2.991499938964844e+02, 2.991486206054688e+02, 2.991495056152344e+02, 2.991498413085938e+02, 2.991495971679688e+02, 2.991497802734375e+02, 2.991752319335938e+02, 2.991533813476562e+02, 2.991499328613281e+02, 2.991509704589844e+02, 2.991500244140625e+02, 2.991507873535156e+02, 2.99150146484375e+02, 2.99150146484375e+02, 2.991499328613281e+02, 2.991499633789062e+02, 2.991452941894531e+02, 2.991492614746094e+02, 2.991494750976562e+02, 2.991499938964844e+02, 2.991499328613281e+02, 2.991483459472656e+02, 2.991492309570312e+02, 2.991498413085938e+02, 2.991493835449219e+02, 2.991497192382812e+02, 2.991655883789062e+02, 2.991505432128906e+02, 2.991501159667969e+02, 2.991510620117188e+02, 2.991500244140625e+02, 2.991504211425781e+02, 2.991506958007812e+02, 2.991496276855469e+02, 2.991501159667969e+02, 2.991499938964844e+02, 2.991445922851562e+02, 2.991493225097656e+02, 2.991498413085938e+02, 2.99150146484375e+02, 2.991499938964844e+02]
flo.TAirWes=[2.751499938964844e+02, 2.969524230957031e+02, 2.971344299316406e+02, 2.970970153808594e+02, 2.970586242675781e+02, 2.975751037597656e+02, 2.981945495605469e+02, 2.987445983886719e+02, 2.99154296875e+02, 2.991502075195312e+02, 2.991502685546875e+02, 2.991557006835938e+02, 2.991547241210938e+02, 2.991500549316406e+02, 2.991504211425781e+02, 2.991496887207031e+02, 2.991461181640625e+02, 2.990650939941406e+02, 2.990916137695312e+02, 2.991503601074219e+02, 2.991497802734375e+02, 2.989787902832031e+02, 2.988846435546875e+02, 2.989140319824219e+02, 2.988804016113281e+02, 2.990801391601562e+02, 2.991522216796875e+02, 2.991519775390625e+02, 2.99150634765625e+02, 2.991492309570312e+02, 2.991505126953125e+02, 2.991589965820312e+02, 2.991561889648438e+02, 2.991509094238281e+02, 2.991486206054688e+02, 2.991495971679688e+02, 2.991297607421875e+02, 2.991487426757812e+02, 2.991500549316406e+02, 2.991498718261719e+02, 2.991499938964844e+02, 2.9914892578125e+02, 2.991493225097656e+02, 2.991498718261719e+02, 2.9914990234375e+02, 2.991504211425781e+02, 2.991617126464844e+02, 2.991558227539062e+02, 2.991477966308594e+02, 2.991505432128906e+02, 2.991502990722656e+02, 2.991586608886719e+02, 2.9915966796875e+02, 2.991502380371094e+02, 2.991483764648438e+02, 2.991496276855469e+02, 2.991376037597656e+02, 2.991492614746094e+02, 2.991492004394531e+02, 2.991500854492188e+02, 2.991499633789062e+02, 2.991485290527344e+02, 2.991493225097656e+02, 2.991497192382812e+02, 2.991502990722656e+02, 2.99150390625e+02, 2.991612854003906e+02, 2.991529846191406e+02, 2.991506042480469e+02, 2.991487426757812e+02, 2.991499328613281e+02, 2.991610717773438e+02, 2.99158203125e+02, 2.991502990722656e+02, 2.991501159667969e+02, 2.991494750976562e+02, 2.991333618164062e+02, 2.9914892578125e+02, 2.991487121582031e+02, 2.991501159667969e+02, 2.991498718261719e+02, 2.991482543945312e+02, 2.991491088867188e+02, 2.991498107910156e+02, 2.991495666503906e+02, 2.991504821777344e+02, 2.991604614257812e+02, 2.991529846191406e+02, 2.991533813476562e+02, 2.991499328613281e+02, 2.991499938964844e+02, 2.991571655273438e+02, 2.991585388183594e+02, 2.991502075195312e+02, 2.991495056152344e+02, 2.9914990234375e+02, 2.991405944824219e+02, 2.991490173339844e+02, 2.991498413085938e+02, 2.991501770019531e+02, 2.991500244140625e+02]
hea[1].conPID.y=[1e+00, 0e+00, 0e+00, 0e+00, 0e+00, 0e+00, 0e+00, 0e+00, 0e+00, 0e+00, 0e+00, 0e+00, 0e+00, 0e+00, 0e+00, 0e+00, 0e+00, 0e+00, 0e+00, 0e+00, 0e+00, 0e+00, 0e+00, 0e+00, 0e+00, 0e+00, 0e+00, 0e+00, 0e+00, 0e+00, 0e+00, 0e+00, 0e+00, 0e+00, 0e+00, 0e+00, 0e+00, 0e+00, 0e+00, 0e+00, 0e+00, 0e+00, 0e+00, 0e+00, 0e+00, 0e+00, 0e+00, 0e+00, 0e+00, 0e+00, 0e+00, 0e+00, 0e+00, 0e+00, 0e+00, 0e+00, 0e+00, 0e+00, 0e+00, 0e+00, 0e+00, 0e+00, 0e+00, 0e+00, 0e+00, 0e+00, 0e+00, 0e+00, 0e+00, 0e+00, 0e+00, 0e+00, 0e+00, 0e+00, 0e+00, 0e+00, 0e+00, 0e+00, 0e+00, 0e+00, 0e+00, 0e+00, 0e+00, 0e+00, 0e+00, 0e+00, 0e+00, 0e+00, 0e+00, 0e+00, 0e+00, 0e+00, 0e+00, 0e+00, 0e+00, 0e+00, 0e+00, 0e+00, 0e+00, 0e+00, 0e+00]
hea[2].conPID.y=[1e+00, 0e+00, 0e+00, 0e+00, 0e+00, 0e+00, 0e+00, 0e+00, 0e+00, 0e+00, 0e+00, 0e+00, 0e+00, 0e+00, 0e+00, 0e+00, 0e+00, 0e+00, 0e+00, 0e+00, 0e+00, 0e+00, 0e+00, 0e+00, 0e+00, 0e+00, 0e+00, 0e+00, 0e+00, 0e+00, 0e+00, 0e+00, 0e+00, 0e+00, 0e+00, 0e+00, 0e+00, 0e+00, 0e+00, 0e+00, 0e+00, 0e+00, 0e+00, 0e+00, 0e+00, 0e+00, 0e+00, 0e+00, 0e+00, 0e+00, 0e+00, 0e+00, 0e+00, 0e+00, 0e+00, 0e+00, 0e+00, 0e+00, 0e+00, 0e+00, 0e+00, 0e+00, 0e+00, 0e+00, 0e+00, 0e+00, 0e+00, 0e+00, 0e+00, 0e+00, 0e+00, 0e+00, 0e+00, 0e+00, 0e+00, 0e+00, 0e+00, 0e+00, 0e+00, 0e+00, 0e+00, 0e+00, 0e+00, 0e+00, 0e+00, 0e+00, 0e+00, 0e+00, 0e+00, 0e+00, 0e+00, 0e+00, 0e+00, 0e+00, 0e+00, 0e+00, 0e+00, 0e+00, 0e+00, 0e+00, 0e+00]
hea[3].conPID.y=[1e+00, 0e+00, 0e+00, 0e+00, 0e+00, 0e+00, 0e+00, 0e+00, 0e+00, 0e+00, 0e+00, 0e+00, 0e+00, 0e+00, 0e+00, 0e+00, 0e+00, 0e+00, 0e+00, 0e+00, 0e+00, 0e+00, 0e+00, 0e+00, 0e+00, 0e+00, 0e+00, 0e+00, 0e+00, 0e+00, 0e+00, 0e+00, 0e+00, 0e+00, 0e+00, 0e+00, 0e+00, 0e+00, 0e+00, 0e+00, 0e+00, 0e+00, 0e+00, 0e+00, 0e+00, 0e+00, 0e+00, 0e+00, 0e+00, 0e+00, 0e+00, 0e+00, 0e+00, 0e+00, 0e+00, 0e+00, 0e+00, 0e+00, 0e+00, 0e+00, 0e+00, 0e+00, 0e+00, 0e+00, 0e+00, 0e+00, 0e+00, 0e+00, 0e+00, 0e+00, 0e+00, 0e+00, 0e+00, 0e+00, 0e+00, 0e+00, 0e+00, 0e+00, 0e+00, 0e+00, 0e+00, 0e+00, 0e+00, 0e+00, 0e+00, 0e+00, 0e+00, 0e+00, 0e+00, 0e+00, 0e+00, 0e+00, 0e+00, 0e+00, 0e+00, 0e+00, 0e+00, 0e+00, 0e+00, 0e+00, 0e+00]
hea[4].conPID.y=[1e+00, 0e+00, 0e+00, 0e+00, 0e+00, 0e+00, 0e+00, 0e+00, 0e+00, 0e+00, 0e+00, 0e+00, 0e+00, 0e+00, 0e+00, 0e+00, 0e+00, 0e+00, 0e+00, 0e+00, 0e+00, 0e+00, 0e+00, 0e+00, 0e+00, 0e+00, 0e+00, 0e+00, 0e+00, 0e+00, 0e+00, 0e+00, 0e+00, 0e+00, 0e+00, 0e+00, 0e+00, 0e+00, 0e+00, 0e+00, 0e+00, 0e+00, 0e+00, 0e+00, 0e+00, 0e+00, 0e+00, 0e+00, 0e+00, 0e+00, 0e+00, 0e+00, 0e+00, 0e+00, 0e+00, 0e+00, 0e+00, 0e+00, 0e+00, 0e+00, 0e+00, 0e+00, 0e+00, 0e+00, 0e+00, 0e+00, 0e+00, 0e+00, 0e+00, 0e+00, 0e+00, 0e+00, 0e+00, 0e+00, 0e+00, 0e+00, 0e+00, 0e+00, 0e+00, 0e+00, 0e+00, 0e+00, 0e+00, 0e+00, 0e+00, 0e+00, 0e+00, 0e+00, 0e+00, 0e+00, 0e+00, 0e+00, 0e+00, 0e+00, 0e+00, 0e+00, 0e+00, 0e+00, 0e+00, 0e+00, 0e+00]
hea[5].conPID.y=[1e+00, 0e+00, 0e+00, 0e+00, 0e+00, 0e+00, 0e+00, 0e+00, 0e+00, 0e+00, 0e+00, 0e+00, 0e+00, 0e+00, 0e+00, 0e+00, 0e+00, 0e+00, 0e+00, 0e+00, 0e+00, 0e+00, 0e+00, 0e+00, 0e+00, 0e+00, 0e+00, 0e+00, 0e+00, 0e+00, 0e+00, 0e+00, 0e+00, 0e+00, 0e+00, 0e+00, 0e+00, 0e+00, 0e+00, 0e+00, 0e+00, 0e+00, 0e+00, 0e+00, 0e+00, 0e+00, 0e+00, 0e+00, 0e+00, 0e+00, 0e+00, 0e+00, 0e+00, 0e+00, 0e+00, 0e+00, 0e+00, 0e+00, 0e+00, 0e+00, 0e+00, 0e+00, 0e+00, 0e+00, 0e+00, 0e+00, 0e+00, 0e+00, 0e+00, 0e+00, 0e+00, 0e+00, 0e+00, 0e+00, 0e+00, 0e+00, 0e+00, 0e+00, 0e+00, 0e+00, 0e+00, 0e+00, 0e+00, 0e+00, 0e+00, 0e+00, 0e+00, 0e+00, 0e+00, 0e+00, 0e+00, 0e+00, 0e+00, 0e+00, 0e+00, 0e+00, 0e+00, 0e+00, 0e+00, 0e+00, 0e+00]
flo.sou.heaPorAir.Q_flow=[7.9415e+03, 0e+00, 0e+00, 0e+00, 0e+00, 0e+00, 0e+00, 0e+00, 0e+00, -4.317856750488281e+02, -5.886890258789062e+02, -7.237449951171875e+02, -9.045469970703125e+02, -9.706641845703125e+02, -9.624811401367188e+02, -4.453235473632812e+02, -1.958089904785156e+02, 0e+00, 0e+00, 0e+00, 0e+00, 0e+00, 0e+00, 0e+00, 0e+00, 0e+00, -6.371615600585938e+01, -2.538967742919922e+02, -4.663544616699219e+02, -7.250846557617188e+02, -9.092711791992188e+02, -1.012809997558594e+03, -9.643294677734375e+02, -8.71737060546875e+02, -8.564049072265625e+02, -7.461087646484375e+02, -5.703272705078125e+02, -4.736697692871094e+02, -3.935971374511719e+02, -3.163213500976562e+02, -3.10116455078125e+02, -2.426432189941406e+02, -1.751569213867188e+02, -1.085294723510742e+02, -7.226187133789062e+01, -2.308363342285156e+02, -1.400134643554688e+03, -1.89860205078125e+03, -2.221539794921875e+03, -2.544044677734375e+03, -2.924081787109375e+03, -2.90624560546875e+03, -2.837919677734375e+03, -2.777158447265625e+03, -2.216445068359375e+03, -1.424163696289062e+03, -1.132496337890625e+03, -9.435103149414062e+02, -7.599169311523438e+02, -5.924605102539062e+02, -5.112046203613281e+02, -4.11750732421875e+02, -3.265005187988281e+02, -2.535998687744141e+02, -1.971715545654297e+02, -3.559578247070312e+02, -1.482559204101562e+03, -1.928540649414062e+03, -2.24894189453125e+03, -2.596844482421875e+03, -2.65540478515625e+03, -2.9089990234375e+03, -2.82922265625e+03, -2.963646728515625e+03, -2.25398779296875e+03, -1.707770141601562e+03, -1.145257568359375e+03, -9.610903930664062e+02, -7.891630249023438e+02, -6.5398095703125e+02, -5.449367065429688e+02, -4.353381652832031e+02, -3.198075561523438e+02, -2.493052673339844e+02, -2.006658782958984e+02, -3.378656311035156e+02, -1.516014404296875e+03, -1.930482421875e+03, -2.306447998046875e+03, -2.636888427734375e+03, -2.803244873046875e+03, -3.333633056640625e+03, -3.51032080078125e+03, -3.1977265625e+03, -2.030058471679688e+03, -1.46182666015625e+03, -1.094587524414062e+03, -7.53171142578125e+02, -6.04051025390625e+02, -4.9973779296875e+02, -4.453753662109375e+02]
flo.eas.heaPorAir.Q_flow=[4.711e+03, 0e+00, 0e+00, 0e+00, 0e+00, 0e+00, 0e+00, -7.413414764404297e+01, -4.399720764160156e+02, -3.926560668945312e+02, -2.89500244140625e+02, -3.659361572265625e+02, -4.101452941894531e+02, -4.304659729003906e+02, -3.411452941894531e+02, -2.118804016113281e+02, -1.35746826171875e+02, 0e+00, 0e+00, 0e+00, -2.088955307006836e+01, 0e+00, 0e+00, 0e+00, 0e+00, -4.672398071289062e+02, -1.125287719726562e+03, -1.378151977539062e+03, -1.156240112304688e+03, -7.177953491210938e+02, -6.45901611328125e+02, -6.994050903320312e+02, -7.398304443359375e+02, -6.939376831054688e+02, -6.540455322265625e+02, -5.737776489257812e+02, -4.806708984375e+02, -4.093709106445312e+02, -3.518263549804688e+02, -3.083251953125e+02, -2.983335266113281e+02, -2.502706298828125e+02, -1.997574005126953e+02, -1.510744476318359e+02, -1.598271331787109e+02, -4.367986755371094e+02, -1.634148681640625e+03, -2.196778076171875e+03, -2.138300048828125e+03, -1.756371337890625e+03, -1.620851318359375e+03, -1.776499145507812e+03, -1.813997436523438e+03, -1.795373046875e+03, -1.299864501953125e+03, -9.635928344726562e+02, -7.975745849609375e+02, -6.811788940429688e+02, -5.654638671875e+02, -4.594595031738281e+02, -4.038502502441406e+02, -3.37391357421875e+02, -2.796178588867188e+02, -2.296779937744141e+02, -2.332921752929688e+02, -5.652600708007812e+02, -1.798979858398438e+03, -2.30593701171875e+03, -2.219697265625e+03, -1.790051879882812e+03, -1.614059936523438e+03, -1.761822509765625e+03, -1.780767578125e+03, -1.785912353515625e+03, -1.282124145507812e+03, -9.953518676757812e+02, -7.96501708984375e+02, -6.8875537109375e+02, -5.806049194335938e+02, -4.925929260253906e+02, -4.210710754394531e+02, -3.491298217773438e+02, -2.740443420410156e+02, -2.258255920410156e+02, -2.383878479003906e+02, -6.038335571289062e+02, -1.73915673828125e+03, -1.874799560546875e+03, -1.866941528320312e+03, -1.768155883789062e+03, -1.611293090820312e+03, -1.774710205078125e+03, -1.837134887695312e+03, -1.794901000976562e+03, -1.293543701171875e+03, -9.772521362304688e+02, -7.622716064453125e+02, -5.449483032226562e+02, -4.621697692871094e+02, -3.936515197753906e+02, -3.550234375e+02]
flo.nor.heaPorAir.Q_flow=[7.9415e+03, 0e+00, 0e+00, 0e+00, 0e+00, 0e+00, 0e+00, 0e+00, 0e+00, -1.759957122802734e+02, -1.074124984741211e+02, -2.692373352050781e+02, -3.599022827148438e+02, -4.203706665039062e+02, -2.932264709472656e+02, -1.051879730224609e+02, -3.208489418029785e+00, 0e+00, 0e+00, 0e+00, 0e+00, 0e+00, 0e+00, 0e+00, 0e+00, 0e+00, -5.121321105957031e+01, -2.100116119384766e+02, -3.4219384765625e+02, -4.0659521484375e+02, -4.721403503417969e+02, -5.830966186523438e+02, -6.752139282226562e+02, -6.666718139648438e+02, -6.725592041015625e+02, -7.309561767578125e+02, -5.131497802734375e+02, -3.865613098144531e+02, -3.13007080078125e+02, -2.646912536621094e+02, -2.708828430175781e+02, -2.173867492675781e+02, -1.565438232421875e+02, -9.822602081298828e+01, -8.956552886962891e+01, -2.72966796875e+02, -1.3374970703125e+03, -1.807157836914062e+03, -2.036437622070312e+03, -2.169696044921875e+03, -2.12213134765625e+03, -2.4127744140625e+03, -2.505408203125e+03, -2.53100830078125e+03, -1.770223999023438e+03, -1.335653930664062e+03, -1.0378076171875e+03, -8.59174560546875e+02, -6.913746948242188e+02, -5.396483154296875e+02, -4.67501953125e+02, -3.785378112792969e+02, -3.008456420898438e+02, -2.344524383544922e+02, -2.124092102050781e+02, -4.169878234863281e+02, -1.435474609375e+03, -1.843874389648438e+03, -2.07225634765625e+03, -2.202033935546875e+03, -2.10935302734375e+03, -2.38877197265625e+03, -2.454435546875e+03, -2.52047802734375e+03, -1.752101928710938e+03, -1.427399291992188e+03, -1.05287939453125e+03, -8.731195068359375e+02, -7.152814331054688e+02, -5.930950317382812e+02, -4.938816833496094e+02, -3.964468383789062e+02, -2.909356384277344e+02, -2.270732116699219e+02, -2.1585986328125e+02, -4.113948974609375e+02, -1.46831884765625e+03, -1.840132690429688e+03, -2.13918310546875e+03, -2.34245703125e+03, -2.191264892578125e+03, -2.4844375e+03, -2.613697509765625e+03, -2.59712939453125e+03, -1.820625732421875e+03, -1.3424658203125e+03, -1.001325988769531e+03, -6.881497802734375e+02, -5.543902587890625e+02, -4.607001647949219e+02, -4.136351318359375e+02]
flo.wes.heaPorAir.Q_flow=[4.711e+03, 0e+00, 0e+00, 0e+00, 0e+00, 0e+00, 0e+00, 0e+00, -3.286248779296875e+01, -2.274575805664062e+02, -1.933586120605469e+02, -3.265762939453125e+02, -6.714908447265625e+02, -1.01509423828125e+03, -5.68473388671875e+02, -2.667767639160156e+02, -1.640911865234375e+02, 0e+00, 0e+00, -1.962642669677734e+01, -4.209206771850586e+01, 0e+00, 0e+00, 0e+00, 0e+00, 0e+00, -9.690379333496094e+01, -2.876734619140625e+02, -4.706072692871094e+02, -4.515500183105469e+02, -5.936197509765625e+02, -7.666074829101562e+02, -1.231134155273438e+03, -1.701331909179688e+03, -1.76888671875e+03, -1.458086059570312e+03, -6.9326708984375e+02, -4.970725708007812e+02, -4.292990417480469e+02, -4.061388244628906e+02, -3.726045532226562e+02, -3.200408630371094e+02, -2.640453186035156e+02, -2.096786193847656e+02, -1.756976013183594e+02, -2.605214538574219e+02, -9.308906860351562e+02, -1.312914794921875e+03, -1.515728271484375e+03, -1.58909814453125e+03, -1.53738037109375e+03, -1.86940673828125e+03, -2.45111279296875e+03, -2.900122314453125e+03, -2.156223876953125e+03, -1.568892822265625e+03, -1.016948608398438e+03, -7.43113037109375e+02, -6.218065795898438e+02, -5.139244384765625e+02, -4.563787231445312e+02, -3.822792663574219e+02, -3.203120422363281e+02, -2.5475390625e+02, -2.236012725830078e+02, -3.046851196289062e+02, -9.828438720703125e+02, -1.291722412109375e+03, -1.491466674804688e+03, -1.632177612304688e+03, -1.600711547851562e+03, -1.860913940429688e+03, -2.473345458984375e+03, -2.895162109375e+03, -2.402439208984375e+03, -1.743790771484375e+03, -1.009874572753906e+03, -7.81248291015625e+02, -6.63944580078125e+02, -5.789899291992188e+02, -4.982666015625e+02, -4.189552001953125e+02, -3.385588684082031e+02, -2.848903198242188e+02, -2.359426574707031e+02, -3.035241088867188e+02, -9.896130981445312e+02, -1.228989379882812e+03, -1.456580322265625e+03, -1.562154663085938e+03, -1.473305297851562e+03, -1.711988403320312e+03, -2.253788330078125e+03, -2.782337158203125e+03, -2.157977783203125e+03, -1.347967407226562e+03, -8.837078247070312e+02, -6.066143188476562e+02, -5.110006408691406e+02, -4.334600219726562e+02, -3.95462890625e+02]
flo.cor.heaPorAir.Q_flow=[1.0476017578125e+04, 0e+00, 0e+00, 0e+00, 0e+00, 0e+00, 0e+00, 0e+00, 0e+00, 0e+00, 0e+00, 0e+00, 0e+00, 0e+00, 0e+00, 0e+00, 0e+00, 0e+00, 0e+00, 0e+00, 0e+00, 0e+00, 0e+00, 0e+00, 0e+00, 0e+00, 0e+00, 0e+00, 0e+00, 0e+00, 0e+00, 0e+00, 0e+00, 0e+00, 0e+00, 0e+00, 0e+00, 0e+00, 0e+00, 0e+00, -5.701147842407227e+01, -6.151546478271484e+01, -5.430913162231445e+01, -4.115074920654297e+01, -4.961881637573242e+01, -9.848394775390625e+01, -1.177540893554688e+03, -1.453432495117188e+03, -1.576835327148438e+03, -1.64921923828125e+03, -1.431626831054688e+03, -1.7696962890625e+03, -1.836124633789062e+03, -1.897040283203125e+03, -1.044583251953125e+03, -6.840142211914062e+02, -5.423827514648438e+02, -4.795107727050781e+02, -4.05045166015625e+02, -3.416344909667969e+02, -2.863468322753906e+02, -2.499164733886719e+02, -2.209552764892578e+02, -1.907402954101562e+02, -1.812352905273438e+02, -2.147014770507812e+02, -1.291751953125e+03, -1.559310791015625e+03, -1.666904052734375e+03, -1.7265400390625e+03, -1.492478393554688e+03, -1.816851684570312e+03, -1.876685546875e+03, -1.935052856445312e+03, -1.081611328125e+03, -7.269856567382812e+02, -5.8080615234375e+02, -5.0715185546875e+02, -4.283996276855469e+02, -3.627687072753906e+02, -3.057241516113281e+02, -2.660472106933594e+02, -2.325015716552734e+02, -2.040673370361328e+02, -1.94287841796875e+02, -2.314598236083984e+02, -1.31853173828125e+03, -1.571570068359375e+03, -1.67709814453125e+03, -1.747914184570312e+03, -1.514258911132812e+03, -1.838824584960938e+03, -1.892565551757812e+03, -1.941605224609375e+03, -1.081504638671875e+03, -6.94040771484375e+02, -5.461454467773438e+02, -4.819276733398438e+02, -4.015543823242188e+02, -3.372215270996094e+02, -2.815599060058594e+02]
EHea.y=[0e+00, 1.7269602e+07, 1.7269602e+07, 1.7269602e+07, 1.7269602e+07, 1.7269602e+07, 1.7269602e+07, 1.7269602e+07, 1.7269602e+07, 1.7269602e+07, 1.7269602e+07, 1.7269602e+07, 1.7269602e+07, 1.7269602e+07, 1.7269602e+07, 1.7269602e+07, 1.7269602e+07, 1.7269602e+07, 1.7269602e+07, 1.7269602e+07, 1.7269602e+07, 1.7269602e+07, 1.7269602e+07, 1.7269602e+07, 1.7269602e+07, 1.7269602e+07, 1.7269602e+07, 1.7269602e+07, 1.7269602e+07, 1.7269602e+07, 1.7269602e+07, 1.7269602e+07, 1.7269602e+07, 1.7269602e+07, 1.7269602e+07, 1.7269602e+07, 1.7269602e+07, 1.7269602e+07, 1.7269602e+07, 1.7269602e+07, 1.7269602e+07, 1.7269602e+07, 1.7269602e+07, 1.7269602e+07, 1.7269602e+07, 1.7269602e+07, 1.7269602e+07, 1.7269602e+07, 1.7269602e+07, 1.7269602e+07, 1.7269602e+07, 1.7269602e+07, 1.7269602e+07, 1.7269602e+07, 1.7269602e+07, 1.7269602e+07, 1.7269602e+07, 1.7269602e+07, 1.7269602e+07, 1.7269602e+07, 1.7269602e+07, 1.7269602e+07, 1.7269602e+07, 1.7269602e+07, 1.7269602e+07, 1.7269602e+07, 1.7269602e+07, 1.7269602e+07, 1.7269602e+07, 1.7269602e+07, 1.7269602e+07, 1.7269602e+07, 1.7269602e+07, 1.7269602e+07, 1.7269602e+07, 1.7269602e+07, 1.7269602e+07, 1.7269602e+07, 1.7269602e+07, 1.7269602e+07, 1.7269602e+07, 1.7269602e+07, 1.7269602e+07, 1.7269602e+07, 1.7269602e+07, 1.7269602e+07, 1.7269602e+07, 1.7269602e+07, 1.7269602e+07, 1.7269602e+07, 1.7269602e+07, 1.7269602e+07, 1.7269602e+07, 1.7269602e+07, 1.7269602e+07, 1.7269602e+07, 1.7269602e+07, 1.7269602e+07, 1.7269602e+07, 1.7269602e+07, 1.7269602e+07]
ECoo.y=[0e+00, -1.878526125e+06, -1.878526125e+06, -1.878526125e+06, -1.878526125e+06, -1.878526125e+06, -1.878526125e+06, -1.908688125e+06, -3.077505e+06, -6.845744e+06, -1.0972033e+07, -1.7134282e+07, -2.5850396e+07, -3.7101332e+07, -4.775026e+07, -5.4725476e+07, -5.8373684e+07, -5.8773008e+07, -5.8773008e+07, -5.8790064e+07, -5.9064324e+07, -5.9103744e+07, -5.9103744e+07, -5.9103744e+07, -5.9103744e+07, -5.9894004e+07, -6.3696084e+07, -7.1209088e+07, -8.1391672e+07, -9.1676992e+07, -1.02199048e+08, -1.14405488e+08, -1.28769504e+08, -1.4515168e+08, -1.62357088e+08, -1.78552304e+08, -1.912992e+08, -1.99859024e+08, -2.06997264e+08, -2.12973328e+08, -2.18957296e+08, -2.24161056e+08, -2.28397216e+08, -2.31553152e+08, -2.33914784e+08, -2.3782576e+08, -2.50293056e+08, -2.8319808e+08, -3.22924128e+08, -3.64582624e+08, -4.05053312e+08, -4.51025696e+08, -4.98556256e+08, -5.4935968e+08, -5.91763456e+08, -6.21697216e+08, -6.44560896e+08, -6.61948608e+08, -6.76952128e+08, -6.88561984e+08, -6.98259136e+08, -7.06652736e+08, -7.13576256e+08, -7.19316672e+08, -7.23880064e+08, -7.301216e+08, -7.44820288e+08, -7.79525312e+08, -8.19906688e+08, -8.62558336e+08, -9.03257792e+08, -9.48730304e+08, -9.96455552e+08, -1.047169984e+09, -1.091250048e+09, -1.12318144e+09, -1.147564672e+09, -1.165424512e+09, -1.180908288e+09, -1.193359232e+09, -1.203895168e+09, -1.212830336e+09, -1.219927936e+09, -1.225720192e+09, -1.230455552e+09, -1.23680576e+09, -1.25213504e+09, -1.285671552e+09, -1.32478016e+09, -1.367100416e+09, -1.408110976e+09, -1.455039616e+09, -1.504806528e+09, -1.558641792e+09, -1.60190656e+09, -1.6308128e+09, -1.652757248e+09, -1.6680864e+09, -1.680302464e+09, -1.690228096e+09, -1.698746752e+09]
coo[1].conPID.y=[0e+00, 0e+00, 0e+00, 0e+00, 0e+00, 0e+00, 0e+00, 0e+00, 0e+00, 7.611911743879318e-02, 1.037794649600983e-01, 1.275883615016937e-01, 1.594617962837219e-01, 1.711175292730331e-01, 1.696749478578568e-01, 7.850569486618042e-02, 3.451899439096451e-02, 0e+00, 0e+00, 0e+00, 0e+00, 0e+00, 0e+00, 0e+00, 0e+00, 0e+00, 1.12324645742774e-02, 4.475924000144005e-02, 8.221321552991867e-02, 1.27824530005455e-01, 1.602946072816849e-01, 1.785473823547363e-01, 1.700007915496826e-01, 1.536777466535568e-01, 1.509748548269272e-01, 1.315308511257172e-01, 1.005424931645393e-01, 8.350282162427902e-02, 6.938688457012177e-02, 5.576401203870773e-02, 5.467015877366066e-02, 4.277535900473595e-02, 3.087825700640678e-02, 1.913256384432316e-02, 1.273898128420115e-02, 4.069393500685692e-02, 2.46828481554985e-01, 3.347028791904449e-01, 3.916332721710205e-01, 4.484873712062836e-01, 5.154837965965271e-01, 5.123394727706909e-01, 5.002943277359009e-01, 4.895827770233154e-01, 3.907351493835449e-01, 2.510645389556885e-01, 1.996467709541321e-01, 1.663306057453156e-01, 1.339650899171829e-01, 1.04444332420826e-01, 9.011980891227722e-02, 7.258716970682144e-02, 5.755848810076714e-02, 4.470689594745636e-02, 3.475920110940933e-02, 6.275148689746857e-02, 2.613590657711029e-01, 3.399807214736938e-01, 3.964639604091644e-01, 4.577953815460205e-01, 4.681189656257629e-01, 5.128248929977417e-01, 4.987611770629883e-01, 5.224586725234985e-01, 3.973535001277924e-01, 3.010613024234772e-01, 2.018964439630508e-01, 1.694297790527344e-01, 1.391208469867706e-01, 1.152897253632545e-01, 9.606640785932541e-02, 7.674538344144821e-02, 5.637859180569649e-02, 4.394980520009995e-02, 3.53752113878727e-02, 5.956203117966652e-02, 2.672568261623383e-01, 3.403230309486389e-01, 4.066016972064972e-01, 4.648547172546387e-01, 4.941815733909607e-01, 5.876832008361816e-01, 6.188313364982605e-01, 5.637243986129761e-01, 3.578772246837616e-01, 2.577041387557983e-01, 1.929638683795929e-01, 1.327758729457855e-01, 1.064876168966293e-01, 8.809833228588104e-02, 7.851482927799225e-02]
coo[2].conPID.y=[0e+00, 0e+00, 0e+00, 0e+00, 0e+00, 0e+00, 0e+00, 2.203094959259033e-02, 1.307495087385178e-01, 1.166882812976837e-01, 8.603276312351227e-02, 1.087477430701256e-01, 1.218856796622276e-01, 1.279245167970657e-01, 1.013804748654366e-01, 6.296594440937042e-02, 4.034081101417542e-02, 0e+00, 0e+00, 0e+00, 6.207890808582306e-03, 0e+00, 0e+00, 0e+00, 0e+00, 1.388528347015381e-01, 3.344094157218933e-01, 4.095548391342163e-01, 3.436077535152435e-01, 2.133121341466904e-01, 1.919469833374023e-01, 2.078469842672348e-01, 2.198604643344879e-01, 2.0622219145298e-01, 1.943671703338623e-01, 1.705134212970734e-01, 1.428442448377609e-01, 1.216555461287498e-01, 1.045546382665634e-01, 9.16270986199379e-02, 8.865780383348465e-02, 7.437463104724884e-02, 5.936327204108238e-02, 4.489582404494286e-02, 4.749691858887672e-02, 1.298064440488815e-01, 4.856311082839966e-01, 6.528315544128418e-01, 6.354532241821289e-01, 5.219528675079346e-01, 4.816794395446777e-01, 5.279343724250793e-01, 5.390779972076416e-01, 5.335432291030884e-01, 3.862895965576172e-01, 2.863574624061584e-01, 2.370206713676453e-01, 2.024305909872055e-01, 1.680427491664886e-01, 1.365407109260559e-01, 1.200149357318878e-01, 1.002648919820786e-01, 8.309594541788101e-02, 6.82549774646759e-02, 6.932903081178665e-02, 1.679821908473969e-01, 5.346150994300842e-01, 6.852710247039795e-01, 6.596425771713257e-01, 5.319619178771973e-01, 4.796611964702606e-01, 5.235728025436401e-01, 5.292028188705444e-01, 5.30731737613678e-01, 3.810175955295563e-01, 2.957955002784729e-01, 2.367018312215805e-01, 2.046821266412735e-01, 1.725423187017441e-01, 1.463872045278549e-01, 1.251325607299805e-01, 1.037532910704613e-01, 8.143962919712067e-02, 6.711013615131378e-02, 7.084334641695023e-02, 1.794453263282776e-01, 5.168370604515076e-01, 5.571469664573669e-01, 5.548117160797119e-01, 5.254549384117126e-01, 4.788389801979065e-01, 5.274027585983276e-01, 5.459539294242859e-01, 5.334029793739319e-01, 3.844111859798431e-01, 2.904166877269745e-01, 2.26529449224472e-01, 1.619460135698318e-01, 1.373461484909058e-01, 1.169841066002846e-01, 1.055047363042831e-01]
coo[3].conPID.y=[0e+00, 0e+00, 0e+00, 0e+00, 0e+00, 0e+00, 0e+00, 0e+00, 0e+00, 3.102612867951393e-02, 1.893565431237221e-02, 4.746361449360847e-02, 6.344685703516006e-02, 7.410677522420883e-02, 5.169263482093811e-02, 1.854349486529827e-02, 5.656217690557241e-04, 0e+00, 0e+00, 0e+00, 0e+00, 0e+00, 0e+00, 0e+00, 0e+00, 0e+00, 9.028331376612186e-03, 3.702276200056076e-02, 6.032504886388779e-02, 7.167831063270569e-02, 8.323320746421814e-02, 1.027935892343521e-01, 1.190328598022461e-01, 1.175269857048988e-01, 1.185648664832115e-01, 1.288596093654633e-01, 9.046272188425064e-02, 6.814654916524887e-02, 5.517974495887756e-02, 4.666218534111977e-02, 4.775369912385941e-02, 3.832291811704636e-02, 2.759697288274765e-02, 1.731617748737335e-02, 1.578942686319351e-02, 4.812107607722282e-02, 2.35786184668541e-01, 3.185822367668152e-01, 3.590017855167389e-01, 3.824937641620636e-01, 3.741086423397064e-01, 4.253458678722382e-01, 4.416761994361877e-01, 4.461892247200012e-01, 3.120712339878082e-01, 2.354612499475479e-01, 1.829541772603989e-01, 1.51463121175766e-01, 1.21881827712059e-01, 9.513412415981293e-02, 8.241550624370575e-02, 6.673209369182587e-02, 5.303581431508064e-02, 4.133141413331032e-02, 3.744543343782425e-02, 7.351041585206985e-02, 2.530585527420044e-01, 3.250549733638763e-01, 3.65316241979599e-01, 3.881946206092834e-01, 3.718559741973877e-01, 4.211145043373108e-01, 4.326902329921722e-01, 4.443328380584717e-01, 3.088765144348145e-01, 2.51634955406189e-01, 1.856111735105515e-01, 1.539214700460434e-01, 1.26096323132515e-01, 1.045562028884888e-01, 8.706596493721008e-02, 6.988926231861115e-02, 5.128878727555275e-02, 4.003053531050682e-02, 3.805374354124069e-02, 7.252444326877594e-02, 2.588486075401306e-01, 3.243953585624695e-01, 3.771146833896637e-01, 4.129496812820435e-01, 3.862961232662201e-01, 4.379792809486389e-01, 4.607664048671722e-01, 4.578456282615662e-01, 3.209564983844757e-01, 2.366621047258377e-01, 1.765228658914566e-01, 1.213133111596107e-01, 9.773296862840652e-02, 8.121642470359802e-02, 7.291936874389648e-02]
coo[4].conPID.y=[0e+00, 0e+00, 0e+00, 0e+00, 0e+00, 0e+00, 0e+00, 0e+00, 9.765968658030033e-03, 6.759512424468994e-02, 5.74616976082325e-02, 9.705089777708054e-02, 1.995515078306198e-01, 3.016624748706818e-01, 1.689371168613434e-01, 7.927986979484558e-02, 4.876409843564034e-02, 0e+00, 0e+00, 5.832518916577101e-03, 1.250878628343344e-02, 0e+00, 0e+00, 0e+00, 0e+00, 0e+00, 2.879756316542625e-02, 8.548988401889801e-02, 1.398535668849945e-01, 1.341902017593384e-01, 1.764100342988968e-01, 2.278179675340652e-01, 3.658645153045654e-01, 5.05596399307251e-01, 5.256721377372742e-01, 4.333093762397766e-01, 2.060229033231735e-01, 1.477184444665909e-01, 1.275777220726013e-01, 1.206950396299362e-01, 1.107294410467148e-01, 9.510872513055801e-02, 7.846815139055252e-02, 6.231162697076797e-02, 5.221325531601906e-02, 7.742094248533249e-02, 2.766391336917877e-01, 3.901678621768951e-01, 4.504393041133881e-01, 4.722431302070618e-01, 4.568738043308258e-01, 5.555443167686462e-01, 7.284138798713684e-01, 8.618491291999817e-01, 6.407797336578369e-01, 4.662385880947113e-01, 3.022135496139526e-01, 2.208359837532043e-01, 1.847864985466003e-01, 1.527264416217804e-01, 1.356251835823059e-01, 1.136045381426811e-01, 9.518931061029434e-02, 7.570695132017136e-02, 6.64491131901741e-02, 9.054535627365112e-02, 2.920784056186676e-01, 3.838699460029602e-01, 4.432293176651001e-01, 4.850453436374664e-01, 4.756943881511688e-01, 5.530204772949219e-01, 7.350209355354309e-01, 8.603751063346863e-01, 7.139492630958557e-01, 5.18214225769043e-01, 3.001112937927246e-01, 2.321688830852509e-01, 1.973089277744293e-01, 1.720623970031738e-01, 1.480732858181e-01, 1.245037764310837e-01, 1.006118431687355e-01, 8.46627950668335e-02, 7.011668384075165e-02, 9.020032733678818e-02, 2.94090062379837e-01, 3.652271628379822e-01, 4.328619241714478e-01, 4.642361402511597e-01, 4.378321766853333e-01, 5.087632536888123e-01, 6.697736978530884e-01, 8.268461227416992e-01, 6.413009762763977e-01, 4.005846679210663e-01, 2.626174688339233e-01, 1.80271714925766e-01, 1.518575400114059e-01, 1.288142651319504e-01, 1.175224035978317e-01]
coo[5].conPID.y=[0e+00, 0e+00, 0e+00, 0e+00, 0e+00, 0e+00, 0e+00, 0e+00, 0e+00, 0e+00, 0e+00, 0e+00, 0e+00, 0e+00, 0e+00, 0e+00, 0e+00, 0e+00, 0e+00, 0e+00, 0e+00, 0e+00, 0e+00, 0e+00, 0e+00, 0e+00, 0e+00, 0e+00, 0e+00, 0e+00, 0e+00, 0e+00, 0e+00, 0e+00, 0e+00, 0e+00, 0e+00, 0e+00, 0e+00, 0e+00, 7.61893205344677e-03, 8.220838382840157e-03, 7.257794495671988e-03, 5.499327089637518e-03, 6.630987394601107e-03, 1.316125318408012e-02, 1.573648750782013e-01, 1.942346394062042e-01, 2.107260078191757e-01, 2.203992754220963e-01, 1.913205534219742e-01, 2.364996671676636e-01, 2.453770488500595e-01, 2.53517746925354e-01, 1.395966112613678e-01, 9.141068160533905e-02, 7.248325645923615e-02, 6.408113241195679e-02, 5.412965267896652e-02, 4.565554112195969e-02, 3.826697915792465e-02, 3.339847922325134e-02, 2.952814660966396e-02, 2.549025975167751e-02, 2.422002330422401e-02, 2.869239635765553e-02, 1.726278811693192e-01, 2.083840519189835e-01, 2.227626740932465e-01, 2.307323217391968e-01, 1.99452668428421e-01, 2.428014576435089e-01, 2.507975697517395e-01, 2.585976719856262e-01, 1.445449888706207e-01, 9.715332090854645e-02, 7.761809974908829e-02, 6.777504831552505e-02, 5.725071206688881e-02, 4.847988858819008e-02, 4.085653647780418e-02, 3.555416688323021e-02, 3.107117675244808e-02, 2.727126516401768e-02, 2.596434764564037e-02, 3.093195706605911e-02, 1.762066930532455e-01, 2.100223749876022e-01, 2.241249978542328e-01, 2.335887402296066e-01, 2.023633867502213e-01, 2.457378655672073e-01, 2.529197335243225e-01, 2.594733238220215e-01, 1.445307284593582e-01, 9.275060892105103e-02, 7.298609614372253e-02, 6.440412253141403e-02, 5.366314947605133e-02, 4.506580159068108e-02, 3.762726485729218e-02]
