last-generated=2021-07-28
statistics-initialization=
{
  "nonlinear": "1, 1, 2",
  "numerical Jacobians": "0"
}
statistics-simulation=
{
  "linear": " ",
  "nonlinear": "1, 2, 1, 1",
  "number of continuous time states": "14",
  "numerical Jacobians": "0"
}
time=[1.0368e+07, 1.05408e+07]
tow.TWetBul=[2.849282531738281e+02, 2.840493774414062e+02, 2.830085144042969e+02, 2.832710571289062e+02, 2.836761779785156e+02, 2.841412963867188e+02, 2.846160278320312e+02, 2.852301330566406e+02, 2.85960205078125e+02, 2.861008605957031e+02, 2.852831115722656e+02, 2.849305419921875e+02, 2.850315856933594e+02, 2.855809936523438e+02, 2.859942626953125e+02, 2.864724426269531e+02, 2.870917053222656e+02, 2.874095153808594e+02, 2.876921081542969e+02, 2.878424682617188e+02, 2.877813720703125e+02, 2.877697448730469e+02, 2.881551208496094e+02, 2.886099853515625e+02, 2.892262268066406e+02, 2.89153564453125e+02, 2.885580444335938e+02, 2.883319396972656e+02, 2.882666320800781e+02, 2.881539611816406e+02, 2.879378967285156e+02, 2.877615356445312e+02, 2.876194152832031e+02, 2.875383911132812e+02, 2.873911437988281e+02, 2.87197509765625e+02, 2.870624084472656e+02, 2.87018310546875e+02, 2.868060607910156e+02, 2.863099670410156e+02, 2.859375e+02, 2.857127075195312e+02, 2.856157836914062e+02, 2.856731567382812e+02, 2.855760192871094e+02, 2.853554992675781e+02, 2.851089172363281e+02, 2.848495483398438e+02, 2.84742919921875e+02, 2.846487731933594e+02, 2.845284423828125e+02, 2.845021667480469e+02, 2.845227355957031e+02, 2.843717956542969e+02, 2.840622253417969e+02, 2.840100402832031e+02, 2.840326232910156e+02, 2.841138916015625e+02, 2.842566833496094e+02, 2.84081787109375e+02, 2.833987731933594e+02, 2.8314599609375e+02, 2.834083557128906e+02, 2.842964172363281e+02, 2.85259521484375e+02, 2.858926696777344e+02, 2.864755859375e+02, 2.869244079589844e+02, 2.873317565917969e+02, 2.877678833007812e+02, 2.874258728027344e+02, 2.872659606933594e+02, 2.877360534667969e+02, 2.88424560546875e+02, 2.881082153320312e+02, 2.872148742675781e+02, 2.865811767578125e+02, 2.860899353027344e+02, 2.860289611816406e+02, 2.860780334472656e+02, 2.860074768066406e+02, 2.858748779296875e+02, 2.853183288574219e+02, 2.842948608398438e+02, 2.838832092285156e+02, 2.835122375488281e+02, 2.8326171875e+02, 2.833031616210938e+02, 2.834540405273438e+02, 2.831671752929688e+02, 2.830662231445312e+02, 2.8297607421875e+02, 2.830252990722656e+02, 2.831185607910156e+02, 2.831827697753906e+02, 2.832194519042969e+02, 2.832313232421875e+02, 2.832536926269531e+02, 2.832166442871094e+02, 2.829290771484375e+02, 2.826780090332031e+02]
tow.sta_a.T=[2.931499938964844e+02, 2.941376647949219e+02, 2.941314697265625e+02, 2.941309814453125e+02, 2.885802307128906e+02, 2.867402954101562e+02, 2.941394958496094e+02, 2.947283325195312e+02, 2.941492919921875e+02, 2.905058288574219e+02, 2.957012939453125e+02, 2.875639038085938e+02, 2.895699157714844e+02, 2.951596374511719e+02, 2.941501770019531e+02, 2.904940795898438e+02, 2.910486755371094e+02, 2.913844299316406e+02, 2.94160888671875e+02, 2.906360168457031e+02, 2.942691650390625e+02, 2.945650634765625e+02, 2.95102294921875e+02, 2.941723327636719e+02, 2.944542236328125e+02, 2.947463073730469e+02, 2.943388977050781e+02, 2.958055114746094e+02, 2.941570739746094e+02, 2.946650085449219e+02, 2.955465393066406e+02, 2.918407287597656e+02, 2.915696716308594e+02, 2.92611572265625e+02, 2.941600646972656e+02, 2.941594543457031e+02, 2.910720825195312e+02, 2.911068115234375e+02, 2.941569519042969e+02, 2.959825134277344e+02, 2.947579345703125e+02, 2.892318115234375e+02, 2.91893798828125e+02, 2.953821716308594e+02, 2.941476135253906e+02, 2.941468811035156e+02, 2.955987854003906e+02, 2.875071716308594e+02, 2.894519653320312e+02, 2.945833435058594e+02, 2.911867370605469e+02, 2.956063232421875e+02, 2.899257507324219e+02, 2.893173522949219e+02, 2.941374206542969e+02, 2.941357727050781e+02, 2.943126525878906e+02, 2.890349731445312e+02, 2.948969421386719e+02, 2.941378479003906e+02, 2.954420471191406e+02, 2.941312866210938e+02, 2.95255859375e+02, 2.910062255859375e+02, 2.960567626953125e+02, 2.943623962402344e+02, 2.912530822753906e+02, 2.941542663574219e+02, 2.912313232421875e+02, 2.917312622070312e+02, 2.941600341796875e+02, 2.921965026855469e+02, 2.94161865234375e+02, 2.946000671386719e+02, 2.921386413574219e+02, 2.94158447265625e+02, 2.9415576171875e+02, 2.970849914550781e+02, 2.948040771484375e+02, 2.941507873535156e+02, 2.903115234375e+02, 2.952767333984375e+02, 2.945471496582031e+02, 2.941401672363281e+02, 2.954555358886719e+02, 2.883944702148438e+02, 2.955923156738281e+02, 2.881932983398438e+02, 2.954715270996094e+02, 2.90357421875e+02, 2.952729797363281e+02, 2.90402099609375e+02, 2.948812255859375e+02, 2.903626708984375e+02, 2.946033325195312e+02, 2.905987243652344e+02, 2.9441796875e+02, 2.882757568359375e+02, 2.942571716308594e+02, 2.941303405761719e+02, 2.941281127929688e+02]
tow.sta_b.T=[2.931499938964844e+02, 2.86789306640625e+02, 2.87203857421875e+02, 2.86059814453125e+02, 2.959542236328125e+02, 2.943772583007812e+02, 2.905981140136719e+02, 2.882178649902344e+02, 2.893713989257812e+02, 2.954706115722656e+02, 2.882672424316406e+02, 2.94369873046875e+02, 2.955718994140625e+02, 2.885676879882812e+02, 2.886085510253906e+02, 2.950721130371094e+02, 2.955422668457031e+02, 2.955934143066406e+02, 2.912438354492188e+02, 2.945496826171875e+02, 2.907768859863281e+02, 2.907636108398438e+02, 2.911476745605469e+02, 2.916082153320312e+02, 2.922261657714844e+02, 2.921560974121094e+02, 2.915577697753906e+02, 2.91300048828125e+02, 2.909780578613281e+02, 2.911497802734375e+02, 2.909253540039062e+02, 2.9589306640625e+02, 2.953763732910156e+02, 2.950392150878906e+02, 2.919676208496094e+02, 2.905447692871094e+02, 2.951299133300781e+02, 2.954013671875e+02, 2.903156433105469e+02, 2.892461242675781e+02, 2.889277954101562e+02, 2.945790710449219e+02, 2.955876770019531e+02, 2.886581420898438e+02, 2.882095031738281e+02, 2.911302490234375e+02, 2.880960083007812e+02, 2.944605102539062e+02, 2.956997985839844e+02, 2.876380615234375e+02, 2.951265258789062e+02, 2.8749951171875e+02, 2.946361083984375e+02, 2.959248962402344e+02, 2.866968078613281e+02, 2.878916625976562e+02, 2.870214233398438e+02, 2.953778076171875e+02, 2.872469177246094e+02, 2.905317993164062e+02, 2.864156188964844e+02, 2.900999755859375e+02, 2.864125366210938e+02, 2.949929504394531e+02, 2.882283325195312e+02, 2.888817749023438e+02, 2.946718444824219e+02, 2.902443542480469e+02, 2.953651733398438e+02, 2.950186157226562e+02, 2.907153930664062e+02, 2.947372131347656e+02, 2.903489990234375e+02, 2.914193420410156e+02, 2.954765319824219e+02, 2.907015686035156e+02, 2.901996459960938e+02, 2.886724548339844e+02, 2.890185852050781e+02, 2.887082824707031e+02, 2.952685852050781e+02, 2.885270690917969e+02, 2.883097229003906e+02, 2.905304565429688e+02, 2.86888916015625e+02, 2.949215393066406e+02, 2.862928771972656e+02, 2.949707946777344e+02, 2.864691162109375e+02, 2.949981689453125e+02, 2.860783386230469e+02, 2.951332702636719e+02, 2.860230102539062e+02, 2.952774963378906e+02, 2.861747436523438e+02, 2.953723449707031e+02, 2.862215576171875e+02, 2.954473876953125e+02, 2.86206298828125e+02, 2.899370727539062e+02, 2.853250732421875e+02]
tow.cooTowSpeCon.u_s=[2.879282531738281e+02, 2.870493774414062e+02, 2.860085144042969e+02, 2.862710571289062e+02, 2.866761779785156e+02, 2.871412963867188e+02, 2.876160278320312e+02, 2.882301330566406e+02, 2.88960205078125e+02, 2.891008605957031e+02, 2.882831115722656e+02, 2.879305419921875e+02, 2.880315856933594e+02, 2.885809936523438e+02, 2.889942626953125e+02, 2.894724426269531e+02, 2.900917053222656e+02, 2.904095153808594e+02, 2.906921081542969e+02, 2.908424682617188e+02, 2.907813720703125e+02, 2.907697448730469e+02, 2.911551208496094e+02, 2.916099853515625e+02, 2.922262268066406e+02, 2.92153564453125e+02, 2.915580444335938e+02, 2.913319396972656e+02, 2.912666320800781e+02, 2.911539611816406e+02, 2.909378967285156e+02, 2.907615356445312e+02, 2.906194152832031e+02, 2.905383911132812e+02, 2.903911437988281e+02, 2.90197509765625e+02, 2.900624084472656e+02, 2.90018310546875e+02, 2.898060607910156e+02, 2.893099670410156e+02, 2.889375e+02, 2.887127075195312e+02, 2.886157836914062e+02, 2.886731567382812e+02, 2.885760192871094e+02, 2.883554992675781e+02, 2.881089172363281e+02, 2.878495483398438e+02, 2.87742919921875e+02, 2.876487731933594e+02, 2.875284423828125e+02, 2.875021667480469e+02, 2.875227355957031e+02, 2.873717956542969e+02, 2.870622253417969e+02, 2.870100402832031e+02, 2.870326232910156e+02, 2.871138916015625e+02, 2.872566833496094e+02, 2.87081787109375e+02, 2.863987731933594e+02, 2.8614599609375e+02, 2.864083557128906e+02, 2.872964172363281e+02, 2.88259521484375e+02, 2.888926696777344e+02, 2.894755859375e+02, 2.899244079589844e+02, 2.903317565917969e+02, 2.907678833007812e+02, 2.904258728027344e+02, 2.902659606933594e+02, 2.907360534667969e+02, 2.91424560546875e+02, 2.911082153320312e+02, 2.902148742675781e+02, 2.895811767578125e+02, 2.890899353027344e+02, 2.890289611816406e+02, 2.890780334472656e+02, 2.890074768066406e+02, 2.888748779296875e+02, 2.883183288574219e+02, 2.872948608398438e+02, 2.868832092285156e+02, 2.865122375488281e+02, 2.8626171875e+02, 2.863031616210938e+02, 2.864540405273438e+02, 2.861671752929688e+02, 2.860662231445312e+02, 2.8597607421875e+02, 2.860252990722656e+02, 2.861185607910156e+02, 2.861827697753906e+02, 2.862194519042969e+02, 2.862313232421875e+02, 2.862536926269531e+02, 2.862166442871094e+02, 2.859290771484375e+02, 2.856780090332031e+02]
tow.cooTowSpeCon.u_m=[2.931499938964844e+02, 2.884492797851562e+02, 2.8773388671875e+02, 2.877210083007812e+02, 2.879182739257812e+02, 2.884117431640625e+02, 2.886708374023438e+02, 2.882174377441406e+02, 2.898162841796875e+02, 2.900963745117188e+02, 2.88267578125e+02, 2.890699768066406e+02, 2.890743408203125e+02, 2.885673217773438e+02, 2.899032592773438e+02, 2.901894836425781e+02, 2.9064697265625e+02, 2.909957275390625e+02, 2.912222290039062e+02, 2.914046020507812e+02, 2.907769165039062e+02, 2.907634887695312e+02, 2.911473693847656e+02, 2.916079711914062e+02, 2.922258605957031e+02, 2.921565856933594e+02, 2.915579833984375e+02, 2.912997131347656e+02, 2.917057495117188e+02, 2.9114990234375e+02, 2.909253540039062e+02, 2.913978576660156e+02, 2.912492370605469e+02, 2.911749267578125e+02, 2.910651245117188e+02, 2.909119262695312e+02, 2.907878112792969e+02, 2.907526245117188e+02, 2.906637268066406e+02, 2.8924560546875e+02, 2.889279479980469e+02, 2.89704345703125e+02, 2.896204528808594e+02, 2.886580505371094e+02, 2.895855102539062e+02, 2.894548034667969e+02, 2.880960998535156e+02, 2.890148315429688e+02, 2.889147644042969e+02, 2.876381530761719e+02, 2.887544860839844e+02, 2.874996643066406e+02, 2.887330932617188e+02, 2.887116394042969e+02, 2.883778991699219e+02, 2.883349914550781e+02, 2.870214233398438e+02, 2.88383056640625e+02, 2.872468872070312e+02, 2.884759826660156e+02, 2.864163818359375e+02, 2.876563720703125e+02, 2.864125061035156e+02, 2.883796997070312e+02, 2.882269287109375e+02, 2.888814086914062e+02, 2.902453918457031e+02, 2.905856628417969e+02, 2.908938598632812e+02, 2.91299072265625e+02, 2.911195678710938e+02, 2.909033508300781e+02, 2.912865295410156e+02, 2.914190063476562e+02, 2.918234558105469e+02, 2.91020263671875e+02, 2.905521240234375e+02, 2.887392578125e+02, 2.890185241699219e+02, 2.899824523925781e+02, 2.899438781738281e+02, 2.900726623535156e+02, 2.883103332519531e+02, 2.8871484375e+02, 2.86889404296875e+02, 2.879906921386719e+02, 2.862935791015625e+02, 2.877480773925781e+02, 2.864696044921875e+02, 2.877188110351562e+02, 2.860787353515625e+02, 2.875285949707031e+02, 2.860231018066406e+02, 2.876081848144531e+02, 2.861748046875e+02, 2.876993103027344e+02, 2.862216186523438e+02, 2.877275390625e+02, 2.862063903808594e+02, 2.875688171386719e+02, 2.872806091308594e+02]
onOffCon.reference=[2.931499938964844e+02, 2.944212341308594e+02, 2.958797607421875e+02, 2.945025634765625e+02, 2.959542236328125e+02, 2.943772583007812e+02, 2.956893005371094e+02, 2.947184448242188e+02, 2.946810913085938e+02, 2.954706115722656e+02, 2.95690185546875e+02, 2.94369873046875e+02, 2.955718994140625e+02, 2.95149658203125e+02, 2.942978210449219e+02, 2.950721130371094e+02, 2.955422668457031e+02, 2.955934143066406e+02, 2.953084411621094e+02, 2.945496826171875e+02, 2.942622985839844e+02, 2.945578918457031e+02, 2.95094970703125e+02, 2.941664123535156e+02, 2.944486389160156e+02, 2.947403564453125e+02, 2.94332763671875e+02, 2.957976379394531e+02, 2.941621704101562e+02, 2.946581420898438e+02, 2.955385437011719e+02, 2.9589306640625e+02, 2.953763732910156e+02, 2.950392150878906e+02, 2.948659973144531e+02, 2.949127197265625e+02, 2.951299133300781e+02, 2.954013671875e+02, 2.957377014160156e+02, 2.959662170410156e+02, 2.947487182617188e+02, 2.945790710449219e+02, 2.955876770019531e+02, 2.953720703125e+02, 2.942614440917969e+02, 2.953286437988281e+02, 2.955877685546875e+02, 2.944605102539062e+02, 2.956997985839844e+02, 2.945730285644531e+02, 2.951265258789062e+02, 2.955946044921875e+02, 2.946361083984375e+02, 2.959248962402344e+02, 2.94252685546875e+02, 2.956247253417969e+02, 2.943019714355469e+02, 2.953778076171875e+02, 2.948858947753906e+02, 2.950447692871094e+02, 2.954295349121094e+02, 2.950277404785156e+02, 2.952435913085938e+02, 2.949929504394531e+02, 2.960081176757812e+02, 2.94353515625e+02, 2.946718444824219e+02, 2.951654052734375e+02, 2.953651733398438e+02, 2.950186157226562e+02, 2.946193542480469e+02, 2.947372131347656e+02, 2.944263305664062e+02, 2.945935363769531e+02, 2.954765319824219e+02, 2.950993957519531e+02, 2.95472412109375e+02, 2.961299438476562e+02, 2.94794921875e+02, 2.944058227539062e+02, 2.952685852050781e+02, 2.961568298339844e+02, 2.945375366210938e+02, 2.950975646972656e+02, 2.954435119628906e+02, 2.949215393066406e+02, 2.955791320800781e+02, 2.949707946777344e+02, 2.95458984375e+02, 2.949981689453125e+02, 2.952603759765625e+02, 2.951332702636719e+02, 2.948689880371094e+02, 2.952774963378906e+02, 2.945915222167969e+02, 2.953723449707031e+02, 2.944064025878906e+02, 2.954473876953125e+02, 2.942457275390625e+02, 2.955378723144531e+02, 2.942330017089844e+02]
onOffCon.u=[2.951499938964844e+02, 2.951499938964844e+02]
tow.bypValCon.u_s=[2.831499938964844e+02, 2.831499938964844e+02]
tow.bypValCon.u_m=[2.931499938964844e+02, 2.884492797851562e+02, 2.8773388671875e+02, 2.877210083007812e+02, 2.879182739257812e+02, 2.884117431640625e+02, 2.886708374023438e+02, 2.882174377441406e+02, 2.898162841796875e+02, 2.900963745117188e+02, 2.88267578125e+02, 2.890699768066406e+02, 2.890743408203125e+02, 2.885673217773438e+02, 2.899032592773438e+02, 2.901894836425781e+02, 2.9064697265625e+02, 2.909957275390625e+02, 2.912222290039062e+02, 2.914046020507812e+02, 2.907769165039062e+02, 2.907634887695312e+02, 2.911473693847656e+02, 2.916079711914062e+02, 2.922258605957031e+02, 2.921565856933594e+02, 2.915579833984375e+02, 2.912997131347656e+02, 2.917057495117188e+02, 2.9114990234375e+02, 2.909253540039062e+02, 2.913978576660156e+02, 2.912492370605469e+02, 2.911749267578125e+02, 2.910651245117188e+02, 2.909119262695312e+02, 2.907878112792969e+02, 2.907526245117188e+02, 2.906637268066406e+02, 2.8924560546875e+02, 2.889279479980469e+02, 2.89704345703125e+02, 2.896204528808594e+02, 2.886580505371094e+02, 2.895855102539062e+02, 2.894548034667969e+02, 2.880960998535156e+02, 2.890148315429688e+02, 2.889147644042969e+02, 2.876381530761719e+02, 2.887544860839844e+02, 2.874996643066406e+02, 2.887330932617188e+02, 2.887116394042969e+02, 2.883778991699219e+02, 2.883349914550781e+02, 2.870214233398438e+02, 2.88383056640625e+02, 2.872468872070312e+02, 2.884759826660156e+02, 2.864163818359375e+02, 2.876563720703125e+02, 2.864125061035156e+02, 2.883796997070312e+02, 2.882269287109375e+02, 2.888814086914062e+02, 2.902453918457031e+02, 2.905856628417969e+02, 2.908938598632812e+02, 2.91299072265625e+02, 2.911195678710938e+02, 2.909033508300781e+02, 2.912865295410156e+02, 2.914190063476562e+02, 2.918234558105469e+02, 2.91020263671875e+02, 2.905521240234375e+02, 2.887392578125e+02, 2.890185241699219e+02, 2.899824523925781e+02, 2.899438781738281e+02, 2.900726623535156e+02, 2.883103332519531e+02, 2.8871484375e+02, 2.86889404296875e+02, 2.879906921386719e+02, 2.862935791015625e+02, 2.877480773925781e+02, 2.864696044921875e+02, 2.877188110351562e+02, 2.860787353515625e+02, 2.875285949707031e+02, 2.860231018066406e+02, 2.876081848144531e+02, 2.861748046875e+02, 2.876993103027344e+02, 2.862216186523438e+02, 2.877275390625e+02, 2.862063903808594e+02, 2.875688171386719e+02, 2.872806091308594e+02]
tow.bypValCon.y=[0e+00, 0e+00, 0e+00, 0e+00, 0e+00, 0e+00, 0e+00, 0e+00, 0e+00, 0e+00, 0e+00, 0e+00, 0e+00, 0e+00, 0e+00, 0e+00, 0e+00, 0e+00, 0e+00, 0e+00, 0e+00, 0e+00, 0e+00, 0e+00, 0e+00, 0e+00, 0e+00, 0e+00, 0e+00, 0e+00, 0e+00, 0e+00, 0e+00, 0e+00, 0e+00, 0e+00, 0e+00, 0e+00, 0e+00, 0e+00, 0e+00, 0e+00, 0e+00, 0e+00, 0e+00, 0e+00, 0e+00, 0e+00, 0e+00, 0e+00, 0e+00, 0e+00, 0e+00, 0e+00, 0e+00, 0e+00, 0e+00, 0e+00, 0e+00, 0e+00, 0e+00, 0e+00, 0e+00, 0e+00, 0e+00, 0e+00, 0e+00, 0e+00, 0e+00, 0e+00, 0e+00, 0e+00, 0e+00, 0e+00, 0e+00, 0e+00, 0e+00, 0e+00, 0e+00, 0e+00, 0e+00, 0e+00, 0e+00, 0e+00, 0e+00, 0e+00, 0e+00, 0e+00, 0e+00, 0e+00, 0e+00, 0e+00, 0e+00, 0e+00, 0e+00, 0e+00, 0e+00, 0e+00, 0e+00, 0e+00, 0e+00]
