last-generated=2016-03-16
statistics-initialization=
{
  "numerical Jacobians": "0", 
  "nonlinear": "19, 7, 7"
}
statistics-simulation=
{
  "numerical Jacobians": "0", 
  "nonlinear": "1, 1, 19, 1, 7, 7, 1, 1, 1, 1, 1, 1, 1, 1, 1, 1, 1, 1, 1", 
  "number of continuous time states": "177", 
  "linear": "0, 0, 0, 0, 0, 0, 0, 0, 0, 0, 0, 0, 0, 0, 0, 0, 0, 0, 0, 0, 0, 0, 0, 0, 0, 0, 0,   0, 0, 0, 0, 0, 0, 0, 0, 0, 0, 0, 0, 0, 0, 0, 0, 0, 0, 0, 0, 0, 0, 0, 0, 0, 0,   0, 0, 0, 0, 0, 0"
}
ele.air.vol.T=[293.149993896484375, 290.208587646484375, 288.861846923828125, 289.678466796875, 292.023895263671875, 292.187652587890625, 291.59942626953125, 291.3800048828125, 289.334747314453125, 288.446990966796875, 287.64166259765625, 287.084259033203125, 286.224822998046875, 288.459869384765625, 290.26910400390625, 291.18896484375, 291.110626220703125, 290.568023681640625, 288.2222900390625, 287.513946533203125, 286.753631591796875, 286.640411376953125, 287.201995849609375, 289.13140869140625, 290.40777587890625, 290.998443603515625, 291.156768798828125, 290.72137451171875, 288.416015625, 287.340728759765625, 286.643798828125, 286.05413818359375, 285.362030029296875, 287.457611083984375, 288.744781494140625, 289.54461669921875, 289.85443115234375, 289.488006591796875, 286.735931396484375, 285.957366943359375, 285.44549560546875, 285.08441162109375, 284.120819091796875, 286.760101318359375, 288.45025634765625, 289.251922607421875, 289.249542236328125, 289.035919189453125, 286.183929443359375, 285.262115478515625, 284.80743408203125, 284.389984130859375, 284.070159912109375, 286.757537841796875, 288.618743896484375, 288.664581298828125, 288.78546142578125, 288.5032958984375, 285.634429931640625, 284.70880126953125, 284.7303466796875, 284.495147705078125, 283.83184814453125, 287.023193359375, 287.932647705078125, 288.295654296875, 288.766632080078125, 288.615509033203125, 285.526153564453125, 284.54248046875, 284.047454833984375, 283.6334228515625, 283.275360107421875, 286.28564453125, 288.614654541015625, 289.354095458984375, 289.383575439453125, 289.257049560546875, 286.275848388671875, 285.22283935546875, 284.831939697265625, 284.46856689453125, 283.83062744140625, 286.701690673828125, 288.59100341796875, 289.52130126953125, 289.028045654296875, 288.85565185546875, 285.9010009765625, 284.98236083984375, 284.296234130859375, 283.8509521484375, 283.509613037109375, 286.437530517578125, 288.511383056640625, 289.30596923828125, 288.988189697265625, 288.754241943359375, 285.542999267578125, 284.52850341796875, 284.05059814453125]
clo.air.vol.T=[293.149993896484375, 292.889373779296875, 292.529754638671875, 292.590118408203125, 292.701629638671875, 293.1365966796875, 293.4715576171875, 293.542572021484375, 293.31585693359375, 292.916259765625, 292.59832763671875, 292.331329345703125, 292.03863525390625, 292.311004638671875, 292.454742431640625, 292.847137451171875, 293.26513671875, 293.289642333984375, 292.9493408203125, 292.582489013671875, 292.292694091796875, 292.0762939453125, 291.96771240234375, 292.378692626953125, 292.492767333984375, 292.797210693359375, 293.17401123046875, 293.20989990234375, 292.866729736328125, 292.500030517578125, 292.2103271484375, 291.982513427734375, 291.750823974609375, 292.123748779296875, 292.202239990234375, 292.450469970703125, 292.796630859375, 292.82122802734375, 292.2745361328125, 291.918426513671875, 291.695404052734375, 291.5025634765625, 291.266632080078125, 291.812469482421875, 291.97869873046875, 292.347900390625, 292.824798583984375, 292.92047119140625, 292.394683837890625, 291.977935791015625, 291.695159912109375, 291.481292724609375, 291.285186767578125, 291.868988037109375, 292.02850341796875, 292.26300048828125, 292.63330078125, 292.733917236328125, 292.13916015625, 291.752655029296875, 291.509490966796875, 291.36029052734375, 291.167449951171875, 291.831390380859375, 291.954345703125, 292.096160888671875, 292.262054443359375, 292.394744873046875, 291.695159912109375, 291.354461669921875, 291.117950439453125, 290.936676025390625, 290.771514892578125, 291.5556640625, 291.82061767578125, 292.309814453125, 292.812103271484375, 292.9266357421875, 292.3828125, 291.96881103515625, 291.67401123046875, 291.425933837890625, 291.214599609375, 291.842254638671875, 292.002716064453125, 292.449188232421875, 292.809478759765625, 292.81072998046875, 292.25189208984375, 291.8658447265625, 291.56353759765625, 291.3291015625, 291.1253662109375, 291.78289794921875, 291.945587158203125, 292.340240478515625, 292.759521484375, 292.8756103515625, 292.2952880859375, 291.860198974609375, 291.547393798828125]
X3B.air.vol.T=[293.149993896484375, 292.05230712890625, 291.38275146484375, 292.1160888671875, 293.88873291015625, 294.6461181640625, 295.48297119140625, 293.909088134765625, 293.455474853515625, 292.668609619140625, 292.0128173828125, 291.523529052734375, 290.99468994140625, 291.998809814453125, 293.161834716796875, 294.596405029296875, 294.76910400390625, 293.66632080078125, 293.161468505859375, 292.4310302734375, 291.867401123046875, 291.540924072265625, 291.513519287109375, 292.300140380859375, 293.211456298828125, 294.167694091796875, 294.787567138671875, 293.6064453125, 293.129669189453125, 292.390106201171875, 291.85162353515625, 291.426177978515625, 290.95574951171875, 291.9029541015625, 292.364166259765625, 293.594482421875, 293.936553955078125, 293.09259033203125, 292.243408203125, 291.617889404296875, 291.203094482421875, 290.88397216796875, 290.421112060546875, 291.667327880859375, 292.360687255859375, 294.05230712890625, 294.806060791015625, 293.506927490234375, 292.787689208984375, 292.003326416015625, 291.491424560546875, 291.07843017578125, 290.744049072265625, 291.82470703125, 292.804351806640625, 293.1102294921875, 294.31292724609375, 293.225250244140625, 292.4044189453125, 291.705841064453125, 291.40234375, 291.14813232421875, 290.769012451171875, 291.944244384765625, 292.239105224609375, 292.41046142578125, 293.076416015625, 292.7764892578125, 291.630767822265625, 291.04327392578125, 290.702728271484375, 290.43182373046875, 290.189453125, 291.6080322265625, 293.113861083984375, 294.787384033203125, 295.345489501953125, 293.709442138671875, 293.11053466796875, 292.322998046875, 291.81927490234375, 291.43743896484375, 290.96319580078125, 291.913055419921875, 292.98663330078125, 294.533599853515625, 294.654571533203125, 293.407745361328125, 292.764312744140625, 292.041351318359375, 291.4713134765625, 291.0474853515625, 290.693359375, 291.81219482421875, 292.789306640625, 294.2218017578125, 294.969818115234375, 293.506500244140625, 292.738067626953125, 291.92181396484375, 291.425201416015625]
weaDat.weaBus.TDryBul=[280.350006103515625, 280.225006103515625, 277.8377685546875, 279.201934814453125, 281.713348388671875, 283.149993896484375, 285.17144775390625, 284.550689697265625, 283.71063232421875, 282.47967529296875, 279.850006103515625, 279.032379150390625, 278.411529541015625, 280.90899658203125, 284.376678466796875, 287.04998779296875, 286.520965576171875, 284.524658203125, 284.957733154296875, 282.37567138671875, 282.04998779296875, 283.85546875, 286.160491943359375, 284.16314697265625, 285.810791015625, 288.149993896484375, 289.35797119140625, 287.141265869140625, 285.093994140625, 282.35675048828125, 282.04998779296875, 281.183929443359375, 277.815155029296875, 278.480010986328125, 281.933441162109375, 283.149993896484375, 283.529205322265625, 283.231597900390625, 282.5238037109375, 282.04998779296875, 281.45001220703125, 280.0377197265625, 277.478668212890625, 279.3797607421875, 280.314788818359375, 282.04998779296875, 284.064910888671875, 283.764404296875, 282.019256591796875, 281.3123779296875, 280.350006103515625, 279.850006103515625, 279.347320556640625, 278.619842529296875, 279.048675537109375, 279.850006103515625, 281.209991455078125, 281.45001220703125, 281.420013427734375, 279.665618896484375, 282.04998779296875, 280.873138427734375, 280.2459716796875, 281.107421875, 282.789215087890625, 280.95001220703125, 282.543426513671875, 282.156219482421875, 280.83587646484375, 279.880859375, 278.75, 278.149993896484375, 277.647308349609375, 277.0389404296875, 279.443145751953125, 283.149993896484375, 285.898834228515625, 284.178955078125, 282.889129638671875, 282.371002197265625, 282.04998779296875, 282.56988525390625, 280.248321533203125, 279.1676025390625, 280.256561279296875, 281.149993896484375, 282.933258056640625, 283.25714111328125, 282.44976806640625, 281.148956298828125, 279.850006103515625, 279.6387939453125, 279.25, 277.790008544921875, 280.02532958984375, 280.649993896484375, 281.95147705078125, 282.224273681640625, 280.83587646484375, 279.850006103515625, 279.850006103515625]
time=[0., 864000.]
X3B.surf_surBou[4].T=[293.133819580078125, 292.844818115234375, 292.49853515625, 292.3212890625, 293.495697021484375, 294.80322265625, 295.708404541015625, 294.938323974609375, 294.236724853515625, 293.674896240234375, 293.1695556640625, 292.733673095703125, 292.317138671875, 292.159454345703125, 293.13250732421875, 294.598236083984375, 295.253692626953125, 294.560791015625, 293.931243896484375, 293.4217529296875, 292.967437744140625, 292.60467529296875, 292.385986328125, 292.305419921875, 293.0782470703125, 294.183868408203125, 295.007965087890625, 294.343292236328125, 293.80230712890625, 293.326629638671875, 292.902313232421875, 292.537384033203125, 292.192596435546875, 292.03875732421875, 292.33905029296875, 293.384674072265625, 294.047027587890625, 293.549407958984375, 293.09808349609375, 292.682220458984375, 292.333099365234375, 292.044677734375, 291.7353515625, 291.651336669921875, 292.20550537109375, 293.873260498046875, 295.091949462890625, 294.329681396484375, 293.680694580078125, 293.143524169921875, 292.69830322265625, 292.323150634765625, 292.001556396484375, 291.892852783203125, 292.72491455078125, 293.149627685546875, 294.473236083984375, 293.90423583984375, 293.329193115234375, 292.851470947265625, 292.496124267578125, 292.220489501953125, 291.93572998046875, 291.87225341796875, 292.012298583984375, 292.22247314453125, 292.94000244140625, 292.884735107421875, 292.521026611328125, 292.17242431640625, 291.885406494140625, 291.647308349609375, 291.436920166015625, 291.435516357421875, 292.662506103515625, 294.457672119140625, 295.389617919921875, 294.582855224609375, 293.92584228515625, 293.378509521484375, 292.928009033203125, 292.548553466796875, 292.193695068359375, 292.04632568359375, 292.938232421875, 294.5572509765625, 295.12738037109375, 294.249542236328125, 293.66571044921875, 293.15106201171875, 292.696929931640625, 292.313385009765625, 291.981689453125, 291.876800537109375, 292.6964111328125, 294.001983642578125, 294.990570068359375, 294.3382568359375, 293.67657470703125, 293.12017822265625, 292.668548583984375]
X3B.surf_surBou[3].T=[293.133819580078125, 292.84564208984375, 292.512908935546875, 292.37481689453125, 293.60491943359375, 294.91656494140625, 295.711822509765625, 294.7779541015625, 293.947357177734375, 293.376739501953125, 292.930694580078125, 292.582672119140625, 292.263214111328125, 292.201995849609375, 293.26318359375, 294.75628662109375, 295.3206787109375, 294.46722412109375, 293.720245361328125, 293.1995849609375, 292.799041748046875, 292.516021728515625, 292.382476806640625, 292.3836669921875, 293.224822998046875, 294.3424072265625, 295.086029052734375, 294.280426025390625, 293.63568115234375, 293.15045166015625, 292.771575927734375, 292.477783203125, 292.21173095703125, 292.13983154296875, 292.518218994140625, 293.60784912109375, 294.24072265625, 293.634521484375, 293.099365234375, 292.66986083984375, 292.356964111328125, 292.12823486328125, 291.883758544921875, 291.8763427734375, 292.502166748046875, 294.19122314453125, 295.315093994140625, 294.3660888671875, 293.567535400390625, 292.996368408203125, 292.594573974609375, 292.29541015625, 292.056671142578125, 292.03515625, 292.947479248046875, 293.389495849609375, 294.6649169921875, 293.971099853515625, 293.28363037109375, 292.78564453125, 292.46917724609375, 292.25921630859375, 292.0438232421875, 292.057952880859375, 292.267059326171875, 292.514129638671875, 293.2320556640625, 293.12860107421875, 292.69244384765625, 292.315765380859375, 292.046356201171875, 291.85162353515625, 291.691436767578125, 291.7608642578125, 293.042236328125, 294.82080078125, 295.6016845703125, 294.572265625, 293.756256103515625, 293.17694091796875, 292.76934814453125, 292.467803955078125, 292.1998291015625, 292.139739990234375, 293.11114501953125, 294.752105712890625, 295.2197265625, 294.177734375, 293.4915771484375, 292.97845458984375, 292.58270263671875, 292.280609130859375, 292.034942626953125, 292.018951416015625, 292.92022705078125, 294.24810791015625, 295.1492919921875, 294.336212158203125, 293.54345703125, 292.963836669921875, 292.56304931640625]
X3B.surf_surBou[2].T=[293.133819580078125, 292.8453369140625, 292.508056640625, 292.358062744140625, 293.57293701171875, 294.888763427734375, 295.721954345703125, 294.8353271484375, 294.033782958984375, 293.453765869140625, 292.982818603515625, 292.606689453125, 292.260986328125, 292.175567626953125, 293.2176513671875, 294.7122802734375, 295.31170654296875, 294.50677490234375, 293.786651611328125, 293.25848388671875, 292.835418701171875, 292.52728271484375, 292.370697021484375, 292.351959228515625, 293.178924560546875, 294.300872802734375, 295.074798583984375, 294.311370849609375, 293.690185546875, 293.19830322265625, 292.800079345703125, 292.483642578125, 292.196136474609375, 292.103759765625, 292.465087890625, 293.548370361328125, 294.197540283203125, 293.6265869140625, 293.111907958984375, 292.67938232421875, 292.351043701171875, 292.103546142578125, 291.841583251953125, 291.815704345703125, 292.426513671875, 294.116363525390625, 295.274627685546875, 294.3809814453125, 293.617462158203125, 293.043212890625, 292.61981201171875, 292.295501708984375, 292.033447265625, 291.989898681640625, 292.885162353515625, 293.329803466796875, 294.62548828125, 293.9705810546875, 293.31097412109375, 292.809783935546875, 292.475555419921875, 292.24444580078125, 292.010162353515625, 292.00555419921875, 292.198974609375, 292.44207763671875, 293.165618896484375, 293.07989501953125, 292.66375732421875, 292.29071044921875, 292.011932373046875, 291.802947998046875, 291.62884521484375, 291.681793212890625, 292.949951171875, 294.739990234375, 295.572021484375, 294.60455322265625, 293.822906494140625, 293.237884521484375, 292.8074951171875, 292.4791259765625, 292.186676025390625, 292.104583740234375, 293.058868408203125, 294.70135498046875, 295.207000732421875, 294.213714599609375, 293.548797607421875, 293.02484130859375, 292.6060791015625, 292.279083251953125, 292.010528564453125, 291.972808837890625, 292.8570556640625, 294.185791015625, 295.12091064453125, 294.3558349609375, 293.594207763671875, 293.010009765625, 292.586944580078125]
X3B.surf_surBou[1].T=[293.133819580078125, 292.84478759765625, 292.498016357421875, 292.31915283203125, 293.490875244140625, 294.797149658203125, 295.705810546875, 294.94281005859375, 294.24847412109375, 293.689727783203125, 293.183868408203125, 292.745208740234375, 292.32440185546875, 292.161895751953125, 293.1297607421875, 294.592132568359375, 295.249359130859375, 294.562591552734375, 293.93927001953125, 293.4324951171875, 292.9775390625, 292.612091064453125, 292.389617919921875, 292.304840087890625, 293.073455810546875, 294.1766357421875, 295.002471923828125, 294.34332275390625, 293.80792236328125, 293.334625244140625, 292.909912109375, 292.542633056640625, 292.1943359375, 292.036346435546875, 292.33197021484375, 293.3741455078125, 294.035858154296875, 293.54180908203125, 293.094512939453125, 292.680511474609375, 292.3309326171875, 292.0404052734375, 291.728118896484375, 291.639801025390625, 292.189849853515625, 293.8551025390625, 295.07598876953125, 294.321380615234375, 293.68035888671875, 293.1474609375, 292.70263671875, 292.32537841796875, 292.00042724609375, 291.887420654296875, 292.71484375, 293.136810302734375, 294.46087646484375, 293.896514892578125, 293.32708740234375, 292.85211181640625, 292.496612548828125, 292.2188720703125, 291.931060791015625, 291.863525390625, 291.999603271484375, 292.20672607421875, 292.922760009765625, 292.868133544921875, 292.507476806640625, 292.16082763671875, 291.873870849609375, 291.63433837890625, 291.421722412109375, 291.416412353515625, 292.640289306640625, 294.434722900390625, 295.371246337890625, 294.5748291015625, 293.92718505859375, 293.38470458984375, 292.9351806640625, 292.553955078125, 292.19573974609375, 292.044189453125, 292.93145751953125, 294.547760009765625, 295.12042236328125, 294.249176025390625, 293.6712646484375, 293.158782958984375, 292.703765869140625, 292.3172607421875, 291.981597900390625, 291.8720703125, 292.686737060546875, 293.989501953125, 294.979583740234375, 294.333709716796875, 293.67889404296875, 293.1258544921875, 292.67388916015625]
