last-generated=2026-07-06
statistics-initialization=
{
  "nonlinear": "1",
  "numerical Jacobians": "0"
}
statistics-simulation=
{
  "linear": "0",
  "nonlinear": "0, 1",
  "number of continuous time states": "22",
  "numerical Jacobians": "0"
}
time=[0e+00, 3.6e+03]
hex.m1_flow=[1.000000014901161e-01, 4.743729531764984e-02, 1.545707508921623e-02, 2.558872289955616e-02, 1.995979063212872e-02, 1.524895429611206e-02, 1.886726729571819e-02, 2.46315114200115e-02, 2.823055163025856e-02, 2.167676202952862e-02, 1.669979281723499e-02, 1.767692714929581e-02, 2.340069971978664e-02, 3.09072807431221e-02, 2.388053387403493e-02, 1.824448443949223e-02, 1.741200685501099e-02, 2.041304111480713e-02, 6.371050607413054e-03, 2.66670809878633e-07, 2.666666034656373e-07, 3.017094219103456e-03, 3.279715310782194e-03, 2.937777310307865e-07, 3.318219445645809e-03, 3.570231376215816e-03, 1.861339434981346e-03, 3.145263995975247e-03, 3.72588960453867e-03, 2.344151958823204e-03, 3.244143910706043e-03, 3.545320359990001e-03, 3.049582915082283e-07, 3.719650441780686e-03, 6.373710464686155e-03, 1.38582494109869e-02, 1.824579387903214e-02, 1.802363805472851e-02, 1.74697507172823e-02, 2.950817532837391e-02, 5.003008618950844e-02, 4.737396165728569e-02, 7.429445534944534e-02, 7.596310973167419e-02, 5.327847972512245e-02, 4.754583165049553e-02, 1.625213772058487e-02, 3.453098610043526e-02, 3.494064509868622e-02, 2.477610297501087e-02, 2.357574924826622e-02, 3.436401858925819e-02, 3.777851164340973e-02, 2.654993534088135e-02, 2.401191554963586e-02, 3.54613624513147e-02, 3.940697386860855e-02, 2.739559672772884e-02, 2.554074116051197e-02, 4.124487191438675e-02, 3.553745895624161e-02, 2.285405807197094e-02, 3.559862077236176e-02, 3.487806394696236e-02, 3.519012406468391e-02, 3.522343561053276e-02, 3.522332757711411e-02, 3.522332757711411e-02, 3.522332385182381e-02, 3.522332012653351e-02, 3.522332012653351e-02, 3.522332012653351e-02, 3.522332385182381e-02, 3.522332385182381e-02, 3.522332385182381e-02, 3.522332385182381e-02, 3.522332385182381e-02, 3.522332385182381e-02, 3.522332385182381e-02, 3.522332385182381e-02, 3.522332385182381e-02, 3.522332385182381e-02, 3.522332385182381e-02, 3.522332385182381e-02, 1.649640500545502e-02, 5.134463310241699e-03, 2.666665750439279e-07, 2.666666034656373e-07, 3.062558826059103e-03, 3.266385989263654e-03, 3.30271921120584e-03, 3.297237446531653e-03, 3.295818110927939e-03, 3.295365255326033e-03, 3.294741502031684e-03, 3.294292837381363e-03, 3.294058842584491e-03, 3.29392496496439e-03, 3.293840680271387e-03, 3.293809713795781e-03, 3.293805755674839e-03]
hex.m2_flow=[3.429285809397697e-02, 2.800000086426735e-02, 2.800000086426735e-02, 2.800000086426735e-02, 2.800000086426735e-02, 2.800000086426735e-02, 2.800000086426735e-02, 2.800000086426735e-02, 2.800000086426735e-02, 2.800000086426735e-02, 2.800000086426735e-02, 2.800000086426735e-02, 2.800000086426735e-02, 2.800000086426735e-02, 2.800000086426735e-02, 2.800000086426735e-02, 2.800000086426735e-02, 2.800000086426735e-02, 2.800000086426735e-02, 2.800000086426735e-02, 2.800000086426735e-02, 2.800000086426735e-02, 2.800000086426735e-02, 2.800000086426735e-02, 2.800000086426735e-02, 2.800000086426735e-02, 2.800000086426735e-02, 2.800000086426735e-02, 2.800000086426735e-02, 2.800000086426735e-02, 2.800000086426735e-02, 2.800000086426735e-02, 2.800000086426735e-02, 2.800000086426735e-02, 2.800000086426735e-02, 2.800000086426735e-02, 2.800000086426735e-02, 2.800000086426735e-02, 2.800000086426735e-02, 2.800000086426735e-02, 2.800000086426735e-02, 2.800000086426735e-02, 2.800000086426735e-02, 2.800000086426735e-02, 2.800000086426735e-02, 2.800000086426735e-02, 2.800000086426735e-02, 2.800000086426735e-02, 2.800000086426735e-02, 2.800000086426735e-02, 2.800000086426735e-02, 2.800000086426735e-02, 2.800000086426735e-02, 2.800000086426735e-02, 2.800000086426735e-02, 2.800000086426735e-02, 2.800000086426735e-02, 2.800000086426735e-02, 2.800000086426735e-02, 2.800000086426735e-02, 2.800000086426735e-02, 2.800000086426735e-02, 2.800000086426735e-02, 2.800000086426735e-02, 2.800000086426735e-02, 2.800000086426735e-02, 2.800000086426735e-02, 2.800000086426735e-02, 2.800000086426735e-02, 2.800000086426735e-02, 2.800000086426735e-02, 2.800000086426735e-02, 2.800000086426735e-02, 2.800000086426735e-02, 2.800000086426735e-02, 2.800000086426735e-02, 2.800000086426735e-02, 2.800000086426735e-02, 2.800000086426735e-02, 2.800000086426735e-02, 2.800000086426735e-02, 2.800000086426735e-02, 2.800000086426735e-02, 2.800000086426735e-02, 2.800000086426735e-02, 2.800000086426735e-02, 2.800000086426735e-02, 2.800000086426735e-02, 2.800000086426735e-02, 2.800000086426735e-02, 2.800000086426735e-02, 2.800000086426735e-02, 2.800000086426735e-02, 2.800000086426735e-02, 2.800000086426735e-02, 2.800000086426735e-02, 2.800000086426735e-02, 2.800000086426735e-02, 2.800000086426735e-02, 2.800000086426735e-02, 2.800000086426735e-02]
con.u_s=[2.881499938964844e+02, 2.881499938964844e+02, 2.881499938964844e+02, 2.881499938964844e+02, 2.881499938964844e+02, 2.881499938964844e+02, 2.881499938964844e+02, 2.881499938964844e+02, 2.881499938964844e+02, 2.881499938964844e+02, 2.881499938964844e+02, 2.881499938964844e+02, 2.881499938964844e+02, 2.881499938964844e+02, 2.881499938964844e+02, 2.881499938964844e+02, 2.881499938964844e+02, 2.981499938964844e+02, 2.981499938964844e+02, 2.981499938964844e+02, 2.981499938964844e+02, 2.981499938964844e+02, 2.981499938964844e+02, 2.981499938964844e+02, 2.981499938964844e+02, 2.981499938964844e+02, 2.981499938964844e+02, 2.981499938964844e+02, 2.981499938964844e+02, 2.981499938964844e+02, 2.981499938964844e+02, 2.981499938964844e+02, 2.981499938964844e+02, 2.981499938964844e+02, 2.969500122070312e+02, 2.951499938964844e+02, 2.933500061035156e+02, 2.915499877929688e+02, 2.8975e+02, 2.879500122070312e+02, 2.861499938964844e+02, 2.843500061035156e+02, 2.831499938964844e+02, 2.831499938964844e+02, 2.831499938964844e+02, 2.881499938964844e+02, 2.881499938964844e+02, 2.881499938964844e+02, 2.881499938964844e+02, 2.881499938964844e+02, 2.881499938964844e+02, 2.881499938964844e+02, 2.881499938964844e+02, 2.881499938964844e+02, 2.881499938964844e+02, 2.881499938964844e+02, 2.881499938964844e+02, 2.881499938964844e+02, 2.881499938964844e+02, 2.881499938964844e+02, 2.881499938964844e+02, 2.881499938964844e+02, 2.881499938964844e+02, 2.881499938964844e+02, 2.881499938964844e+02, 2.881499938964844e+02, 2.881499938964844e+02, 2.881499938964844e+02, 2.881499938964844e+02, 2.881499938964844e+02, 2.881499938964844e+02, 2.881499938964844e+02, 2.881499938964844e+02, 2.881499938964844e+02, 2.881499938964844e+02, 2.881499938964844e+02, 2.881499938964844e+02, 2.881499938964844e+02, 2.881499938964844e+02, 2.881499938964844e+02, 2.881499938964844e+02, 2.881499938964844e+02, 2.881499938964844e+02, 2.881499938964844e+02, 2.981499938964844e+02, 2.981499938964844e+02, 2.981499938964844e+02, 2.981499938964844e+02, 2.981499938964844e+02, 2.981499938964844e+02, 2.981499938964844e+02, 2.981499938964844e+02, 2.981499938964844e+02, 2.981499938964844e+02, 2.981499938964844e+02, 2.981499938964844e+02, 2.981499938964844e+02, 2.981499938964844e+02, 2.981499938964844e+02, 2.981499938964844e+02, 2.981499938964844e+02]
con.u_m=[2.931499938964844e+02, 2.809220581054688e+02, 2.863849792480469e+02, 2.883934326171875e+02, 2.891853637695312e+02, 2.887805786132812e+02, 2.87626220703125e+02, 2.871039428710938e+02, 2.879869995117188e+02, 2.890178833007812e+02, 2.891004943847656e+02, 2.879340515136719e+02, 2.871670837402344e+02, 2.876711730957031e+02, 2.888260803222656e+02, 2.892074890136719e+02, 2.881394348144531e+02, 2.877979736328125e+02, 2.933829650878906e+02, 2.965852661132812e+02, 2.975736389160156e+02, 2.981770324707031e+02, 2.981817016601562e+02, 2.98115234375e+02, 2.980894470214844e+02, 2.981579895019531e+02, 2.98172119140625e+02, 2.980813903808594e+02, 2.981441345214844e+02, 2.98177978515625e+02, 2.980808410644531e+02, 2.981645812988281e+02, 2.981097412109375e+02, 2.981057434082031e+02, 2.977386779785156e+02, 2.943908996582031e+02, 2.934593811035156e+02, 2.925164794921875e+02, 2.9056640625e+02, 2.873875732421875e+02, 2.862580261230469e+02, 2.856050109863281e+02, 2.827781372070312e+02, 2.835388793945312e+02, 2.838189086914062e+02, 2.838735656738281e+02, 2.888402404785156e+02, 2.872737731933594e+02, 2.884629516601562e+02, 2.891828918457031e+02, 2.880743408203125e+02, 2.873179016113281e+02, 2.883262634277344e+02, 2.891716918945312e+02, 2.88153564453125e+02, 2.873453369140625e+02, 2.883285522460938e+02, 2.891639404296875e+02, 2.880944213867188e+02, 2.872150268554688e+02, 2.887977294921875e+02, 2.885299987792969e+02, 2.875729370117188e+02, 2.881587219238281e+02, 2.881515197753906e+02, 2.881499938964844e+02, 2.881499938964844e+02, 2.881499938964844e+02, 2.881499938964844e+02, 2.881499938964844e+02, 2.881499938964844e+02, 2.881499938964844e+02, 2.881499938964844e+02, 2.881499938964844e+02, 2.881499938964844e+02, 2.881499938964844e+02, 2.881499938964844e+02, 2.881499938964844e+02, 2.881499938964844e+02, 2.881499938964844e+02, 2.881499938964844e+02, 2.881499938964844e+02, 2.881499938964844e+02, 2.881499938964844e+02, 2.90318603515625e+02, 2.953473815917969e+02, 2.973963928222656e+02, 2.980838317871094e+02, 2.981587524414062e+02, 2.981566162109375e+02, 2.981503295898438e+02, 2.981497802734375e+02, 2.981499633789062e+02, 2.981499633789062e+02, 2.981499633789062e+02, 2.981499938964844e+02, 2.981499938964844e+02, 2.981499938964844e+02, 2.981499938964844e+02, 2.981499938964844e+02, 2.981499938964844e+02]
hex.Q1_flow=[0e+00, 1.51888818359375e+03, 1.044108642578125e+03, 1.3056484375e+03, 1.185926635742188e+03, 9.9249072265625e+02, 1.073960693359375e+03, 1.207962768554687e+03, 1.364053588867188e+03, 1.226893676757812e+03, 1.067973266601562e+03, 1.0365234375e+03, 1.166687377929688e+03, 1.393742309570312e+03, 1.256704589843751e+03, 1.109661987304688e+03, 1.014913208007812e+03, 1.0785390625e+03, 5.835228271484375e+02, 3.556234130859375e+02, 2.647932434082031e+02, 2.271462707519531e+02, 2.256407318115234e+02, 1.995697326660156e+02, 2.337003784179688e+02, 2.368564605712891e+02, 2.097121734619141e+02, 2.330563354492185e+02, 2.411698913574218e+02, 2.157217254638672e+02, 2.342912445068359e+02, 2.364636993408203e+02, 2.025230560302734e+02, 2.412427062988281e+02, 3.220531616210938e+02, 6.618504028320312e+02, 8.806582641601562e+02, 9.335949096679688e+02, 9.383394775390625e+02, 1.176488159179688e+03, 1.531162475585938e+03, 1.489217895507812e+03, 1.496702392578125e+03, 1.620197387695312e+03, 1.450200561523438e+03, 1.331714965820312e+03, 9.322606811523438e+02, 1.217664672851562e+03, 1.294683715820312e+03, 1.1367392578125e+03, 1.033926635742188e+03, 1.194745971679688e+03, 1.311487182617188e+03, 1.1521533203125e+03, 1.025897460937501e+03, 1.189145019531247e+03, 1.310086547851562e+03, 1.147865234375e+03, 1.03502880859375e+03, 1.242283813476562e+03, 1.242414428710938e+03, 9.791135864257812e+02, 1.15398583984375e+03, 1.178906372070312e+03, 1.178213134765625e+03, 1.177755004882812e+03, 1.177754516601562e+03, 1.177754516601562e+03, 1.177754516601562e+03, 1.177754638671875e+03, 1.177754516601562e+03, 1.177754516601562e+03, 1.177754516601562e+03, 1.177754516601562e+03, 1.177754516601562e+03, 1.177754516601562e+03, 1.177754516601562e+03, 1.177754516601562e+03, 1.177754516601562e+03, 1.177754516601562e+03, 1.177754516601562e+03, 1.177754516601562e+03, 1.177754516601562e+03, 1.177754516601562e+03, 8.276390991210938e+02, 4.331853637695312e+02, 2.796567993164062e+02, 2.092855834960938e+02, 2.168353729248047e+02, 2.202940521240234e+02, 2.228373870849609e+02, 2.240125885009766e+02, 2.246131896972656e+02, 2.249165649414062e+02, 2.250581359863281e+02, 2.251215209960938e+02, 2.251496887207031e+02, 2.251613922119141e+02, 2.251653442382812e+02, 2.251666107177734e+02, 2.251671295166016e+02]
hex.Q2_flow=[0e+00, -1.596139892578125e+03, -1.175392700195312e+03, -1.232194580078125e+03, -1.140753295898438e+03, -1.052070190429688e+03, -1.144281982421875e+03, -1.2330126953125e+03, -1.276595703125e+03, -1.168663330078125e+03, -1.080350341796875e+03, -1.113419189453125e+03, -1.209269409179688e+03, -1.305089599609375e+03, -1.191352539062501e+03, -1.099034301757812e+03, -1.094536743164062e+03, -1.1405205078125e+03, -6.485477905273438e+02, -3.768551025390625e+02, -2.761172790527344e+02, -2.222926788330078e+02, -2.232942504882812e+02, -2.149455261230469e+02, -2.337766571044922e+02, -2.308993225097656e+02, -2.140355072021484e+02, -2.336970367431638e+02, -2.338016815185547e+02, -2.162803039550781e+02, -2.343173217773438e+02, -2.302473297119141e+02, -2.16423828125e+02, -2.365966339111328e+02, -2.971249389648438e+02, -6.488796997070312e+02, -8.103267822265625e+02, -8.775985717773438e+02, -9.549684448242188e+02, -1.206654174804688e+03, -1.420944091796875e+03, -1.422625366210938e+03, -1.525517211914062e+03, -1.554953491210938e+03, -1.463628051757812e+03, -1.409796142578125e+03, -1.019542297363281e+03, -1.232347412109375e+03, -1.224504638671875e+03, -1.115338989257812e+03, -1.10772509765625e+03, -1.218970458984375e+03, -1.238073608398438e+03, -1.124138305664062e+03, -1.100662963867187e+03, -1.215141113281248e+03, -1.237312255859376e+03, -1.122229736328125e+03, -1.10776611328125e+03, -1.247331909179688e+03, -1.185541381835938e+03, -1.062093017578125e+03, -1.18882421875e+03, -1.178017211914062e+03, -1.177940551757812e+03, -1.1777548828125e+03, -1.177754516601562e+03, -1.177754516601562e+03, -1.177754516601562e+03, -1.177754516601562e+03, -1.177754516601562e+03, -1.177754516601562e+03, -1.177754516601562e+03, -1.177754516601562e+03, -1.177754516601562e+03, -1.177754516601562e+03, -1.177754516601562e+03, -1.177754516601562e+03, -1.177754516601562e+03, -1.177754516601562e+03, -1.177754516601562e+03, -1.177754516601562e+03, -1.177754516601562e+03, -1.177754516601562e+03, -9.11361083984375e+02, -4.788587036132812e+02, -2.935882873535156e+02, -2.205048675537109e+02, -2.203370513916016e+02, -2.224376373291016e+02, -2.241104888916016e+02, -2.246877593994141e+02, -2.249407958984375e+02, -2.2506884765625e+02, -2.251267395019531e+02, -2.251511840820312e+02, -2.251614837646484e+02, -2.251656951904297e+02, -2.251668395996094e+02, -2.251670684814453e+02, -2.251672058105469e+02]
hex.QLat2_flow=[0e+00, -9.807521362304688e+02, -7.359886474609375e+02, -7.803448486328125e+02, -7.225812377929688e+02, -6.60889404296875e+02, -7.188351440429688e+02, -7.754121093749998e+02, -8.08501220703125e+02, -7.406475830078125e+02, -6.816107177734375e+02, -6.992860107421875e+02, -7.601831665039062e+02, -8.260905151367188e+02, -7.551212768554692e+02, -6.946973266601562e+02, -6.87325927734375e+02, -7.1686572265625e+02, -3.888019409179688e+02, -1.946195373535156e+02, -1.191279525756836e+02, -7.801417541503906e+01, -7.943653869628906e+01, -7.520423126220703e+01, -8.768500518798828e+01, -8.510247802734375e+01, -7.394335174560547e+01, -8.767191314697249e+01, -8.712997436523439e+01, -7.536254119873047e+01, -8.804392242431641e+01, -8.457151031494141e+01, -7.600629425048828e+01, -8.926170349121094e+01, -1.326209716796875e+02, -3.89143798828125e+02, -5.051493225097656e+02, -5.505712280273438e+02, -5.996755981445312e+02, -7.597763061523438e+02, -8.961170043945312e+02, -8.94329345703125e+02, -9.46608154296875e+02, -9.681410522460938e+02, -9.133410034179688e+02, -8.790463256835938e+02, -6.393555908203125e+02, -7.762720336914062e+02, -7.761495971679688e+02, -7.057778930664062e+02, -6.963382568359375e+02, -7.677328491210938e+02, -7.847264404296875e+02, -7.116507568359375e+02, -6.918889160156248e+02, -7.653944091796862e+02, -7.842747192382816e+02, -7.103693237304688e+02, -6.9653125e+02, -7.862056274414062e+02, -7.514261474609375e+02, -6.671016845703125e+02, -7.48908203125e+02, -7.440361328125e+02, -7.439874877929688e+02, -7.438493041992188e+02, -7.438491821289062e+02, -7.438491821289062e+02, -7.4384912109375e+02, -7.4384912109375e+02, -7.4384912109375e+02, -7.4384912109375e+02, -7.4384912109375e+02, -7.4384912109375e+02, -7.4384912109375e+02, -7.4384912109375e+02, -7.4384912109375e+02, -7.4384912109375e+02, -7.4384912109375e+02, -7.4384912109375e+02, -7.4384912109375e+02, -7.4384912109375e+02, -7.4384912109375e+02, -7.4384912109375e+02, -5.685620727539062e+02, -2.691859130859375e+02, -1.32375732421875e+02, -7.833820343017578e+01, -7.767211151123047e+01, -7.926908111572266e+01, -8.047130584716797e+01, -8.084169006347656e+01, -8.098796081542969e+01, -8.105963897705078e+01, -8.109052276611328e+01, -8.110271453857422e+01, -8.110751342773438e+01, -8.1109375e+01, -8.110969543457031e+01, -8.110964202880859e+01, -8.110967254638672e+01]
hex.QSen2_flow=[0e+00, -6.153877563476562e+02, -4.394040832519531e+02, -4.518497924804688e+02, -4.181719970703125e+02, -3.911808471679688e+02, -4.254468383789062e+02, -4.576005249023436e+02, -4.680944519042969e+02, -4.280157775878906e+02, -3.987396850585938e+02, -4.141331176757812e+02, -4.490862426757812e+02, -4.789991149902344e+02, -4.362312011718753e+02, -4.043369750976562e+02, -4.072107849121094e+02, -4.2365478515625e+02, -2.597458190917969e+02, -1.822355804443359e+02, -1.569893188476562e+02, -1.442785186767578e+02, -1.438577117919922e+02, -1.397413024902344e+02, -1.460916595458984e+02, -1.457968444824219e+02, -1.400921478271484e+02, -1.460251159667968e+02, -1.466717071533203e+02, -1.409177551269531e+02, -1.462734069824219e+02, -1.456758270263672e+02, -1.404175415039062e+02, -1.473349151611328e+02, -1.645039672851562e+02, -2.597359008789062e+02, -3.051774597167969e+02, -3.270273132324219e+02, -3.552928466796875e+02, -4.468778381347656e+02, -5.248270874023438e+02, -5.282960815429688e+02, -5.789090576171875e+02, -5.868124389648438e+02, -5.502870483398438e+02, -5.307498168945312e+02, -3.801867370605469e+02, -4.560753479003906e+02, -4.483550415039062e+02, -4.0956103515625e+02, -4.113868713378906e+02, -4.512376098632812e+02, -4.533471984863281e+02, -4.124876098632812e+02, -4.08773986816406e+02, -4.497467346191399e+02, -4.530375976562503e+02, -4.118604431152344e+02, -4.112348022460938e+02, -4.611263427734375e+02, -4.341152648925781e+02, -3.949913635253906e+02, -4.39916015625e+02, -4.339810485839844e+02, -4.339530944824219e+02, -4.33905517578125e+02, -4.339054260253906e+02, -4.339054260253906e+02, -4.339054260253906e+02, -4.339053955078125e+02, -4.339053955078125e+02, -4.339053955078125e+02, -4.339054260253906e+02, -4.339054260253906e+02, -4.339054260253906e+02, -4.339054260253906e+02, -4.339054260253906e+02, -4.339054260253906e+02, -4.339054260253906e+02, -4.339054260253906e+02, -4.339054260253906e+02, -4.339054260253906e+02, -4.339054260253906e+02, -4.339054260253906e+02, -3.427989807128906e+02, -2.096727905273438e+02, -1.612125701904297e+02, -1.421666564941406e+02, -1.426649322509766e+02, -1.431685638427734e+02, -1.436391906738281e+02, -1.438460693359375e+02, -1.439528350830078e+02, -1.440092010498047e+02, -1.440362091064453e+02, -1.440484619140625e+02, -1.440539703369141e+02, -1.440563201904297e+02, -1.440571441650391e+02, -1.440574188232422e+02, -1.440575408935547e+02]
autTunSig.y=[0e+00, 0e+00, 0e+00, 0e+00, 0e+00, 0e+00, 0e+00, 0e+00, 0e+00, 0e+00, 0e+00, 0e+00, 0e+00, 0e+00, 0e+00, 0e+00, 0e+00, 0e+00, 0e+00, 0e+00, 0e+00, 0e+00, 0e+00, 0e+00, 0e+00, 0e+00, 0e+00, 0e+00, 0e+00, 0e+00, 0e+00, 0e+00, 0e+00, 0e+00, 0e+00, 0e+00, 0e+00, 0e+00, 0e+00, 0e+00, 0e+00, 0e+00, 0e+00, 0e+00, 0e+00, 0e+00, 0e+00, 0e+00, 0e+00, 0e+00, 0e+00, 0e+00, 0e+00, 0e+00, 0e+00, 0e+00, 0e+00, 0e+00, 0e+00, 1e+00, 1e+00, 1e+00, 1e+00, 1e+00, 1e+00, 1e+00, 1e+00, 1e+00, 1e+00, 1e+00, 1e+00, 1e+00, 1e+00, 1e+00, 1e+00, 1e+00, 1e+00, 1e+00, 1e+00, 0e+00, 0e+00, 0e+00, 0e+00, 0e+00, 0e+00, 0e+00, 0e+00, 0e+00, 0e+00, 0e+00, 0e+00, 0e+00, 0e+00, 0e+00, 0e+00, 0e+00, 0e+00, 0e+00, 0e+00, 0e+00, 0e+00]
con.inTunPro.y=[0e+00, 0e+00, 0e+00, 0e+00, 0e+00, 0e+00, 0e+00, 0e+00, 0e+00, 0e+00, 0e+00, 0e+00, 0e+00, 0e+00, 0e+00, 0e+00, 0e+00, 0e+00, 0e+00, 0e+00, 0e+00, 0e+00, 0e+00, 0e+00, 0e+00, 0e+00, 0e+00, 0e+00, 0e+00, 0e+00, 0e+00, 0e+00, 0e+00, 0e+00, 0e+00, 0e+00, 0e+00, 0e+00, 0e+00, 0e+00, 0e+00, 0e+00, 0e+00, 0e+00, 0e+00, 0e+00, 0e+00, 0e+00, 0e+00, 0e+00, 0e+00, 0e+00, 0e+00, 0e+00, 0e+00, 0e+00, 0e+00, 0e+00, 0e+00, 1e+00, 1e+00, 0e+00, 0e+00, 0e+00, 0e+00, 0e+00, 0e+00, 0e+00, 0e+00, 0e+00, 0e+00, 0e+00, 0e+00, 0e+00, 0e+00, 0e+00, 0e+00, 0e+00, 0e+00, 0e+00, 0e+00, 0e+00, 0e+00, 0e+00, 0e+00, 0e+00, 0e+00, 0e+00, 0e+00, 0e+00, 0e+00, 0e+00, 0e+00, 0e+00, 0e+00, 0e+00, 0e+00, 0e+00, 0e+00, 0e+00, 0e+00]
