last-generated=2020-04-07
statistics-simulation=
{
  "linear": " ",
  "nonlinear": " ",
  "numerical Jacobians": "0"
}
time=[0e+00, 6.048e+05]
con.SOC=[5e-01, 7.554675936698914e-01, 9.623079299926758e-01, 1.081149935722351e+00, 1.089372396469116e+00, 9.85410213470459e-01, 7.890521883964539e-01, 5.376743078231808e-01, 2.791252732276917e-01, 6.261882185935974e-02, -7.06339105963707e-02, -9.526882320642471e-02, -6.596755236387253e-03, 1.785039156675339e-01, 4.248000681400305e-01, 6.8541020154953e-01, 9.107282757759094e-01, 1.057865858078003e+00, 1.09881603717804e+00, 1.025784015655518e+00, 8.526711463928223e-01, 6.124287843704224e-01, 3.507860600948334e-01, 1.175456047058105e-01, -4.289622977375984e-02, -1.000000014901161e-01, -4.289622977375984e-02, 1.175456047058105e-01, 3.507860600948346e-01, 6.124287843704224e-01, 8.526711463928223e-01, 1.025784015655518e+00, 1.09881603717804e+00, 1.057865858078003e+00, 9.107282757759084e-01, 6.8541020154953e-01, 4.248000681400299e-01, 1.785039156675339e-01, -6.596755236387253e-03, -9.526882320642471e-02, -7.06339105963707e-02, 6.261882185935891e-02, 2.791252732276917e-01, 5.376743078231812e-01, 7.890521883964539e-01, 9.85410213470459e-01, 1.089372396469116e+00, 1.081149935722351e+00, 9.623079299926758e-01, 7.554675936698914e-01, 5e-01, 2.445324212312698e-01, 3.769205510616302e-02, -8.114989846944809e-02, -8.937235176563263e-02, 1.458980329334736e-02, 2.109477967023872e-01, 4.623256921768163e-01, 7.208747267723083e-01, 9.373811483383179e-01, 1.070633888244629e+00, 1.095268845558167e+00, 1.006596803665161e+00, 8.214960694313049e-01, 5.751999616622925e-01, 3.1458979845047e-01, 8.927173912525177e-02, -5.786589160561562e-02, -9.881603717803927e-02, -2.578400820493811e-02, 1.473288536071777e-01, 3.875712156295776e-01, 6.492139101028442e-01, 8.824543952941895e-01, 1.042896270751953e+00, 1.100000023841858e+00, 1.042896270751953e+00, 8.824543952941895e-01, 6.492139101028442e-01, 3.875712156295776e-01, 1.473288536071777e-01, -2.578400820493811e-02, -9.881603717803927e-02, -5.786589160561562e-02, 8.927173912525177e-02, 3.1458979845047e-01, 5.751999616622925e-01, 8.214960694313049e-01, 1.006596803665161e+00, 1.095268845558167e+00, 1.070633888244629e+00, 9.373811483383179e-01, 7.208747267723083e-01, 4.623256921768188e-01, 2.109477967023849e-01, 1.458980329334736e-02, -8.937235176563263e-02, -8.114989846944809e-02, 3.769205510616302e-02, 2.445324212312698e-01, 5e-01]
con.y=[0e+00, 0e+00, 0e+00, 0e+00, 0e+00, -4e+05, -4e+05, -4e+05, -4e+05, -4e+05, 0e+00, 0e+00, 2e+05, 2e+05, 2e+05, 2e+05, 2e+05, 0e+00, 0e+00, -4e+05, -4e+05, -4e+05, -4e+05, -4e+05, 0e+00, 0e+00, 2e+05, 2e+05, 2e+05, 2e+05, 2e+05, 0e+00, 0e+00, -4e+05, -4e+05, -4e+05, -4e+05, -4e+05, 0e+00, 0e+00, 2e+05, 2e+05, 2e+05, 2e+05, 2e+05, 2e+05, 0e+00, 0e+00, -4e+05, -4e+05, -4e+05, -4e+05, -4e+05, 0e+00, 0e+00, 2e+05, 2e+05, 2e+05, 2e+05, 2e+05, 0e+00, 0e+00, -4e+05, -4e+05, -4e+05, -4e+05, -4e+05, 0e+00, 0e+00, 2e+05, 2e+05, 2e+05, 2e+05, 2e+05, 0e+00, 0e+00, -4e+05, -4e+05, -4e+05, -4e+05, -4e+05, 0e+00, 0e+00, 2e+05, 2e+05, 2e+05, 2e+05, 2e+05, 0e+00, 0e+00, -4e+05, -4e+05, -4e+05, -4e+05, -4e+05, -4e+05, 0e+00, 0e+00, 2e+05, 2e+05, 2e+05]
con.isDay.y=[0e+00, 0e+00, 0e+00, 0e+00, 0e+00, 1e+00, 1e+00, 1e+00, 1e+00, 1e+00, 1e+00, 1e+00, 0e+00, 0e+00, 0e+00, 0e+00, 0e+00, 0e+00, 0e+00, 1e+00, 1e+00, 1e+00, 1e+00, 1e+00, 1e+00, 1e+00, 0e+00, 0e+00, 0e+00, 0e+00, 0e+00, 0e+00, 0e+00, 1e+00, 1e+00, 1e+00, 1e+00, 1e+00, 1e+00, 1e+00, 0e+00, 0e+00, 0e+00, 0e+00, 0e+00, 0e+00, 0e+00, 0e+00, 1e+00, 1e+00, 1e+00, 1e+00, 1e+00, 1e+00, 1e+00, 0e+00, 0e+00, 0e+00, 0e+00, 0e+00, 0e+00, 0e+00, 1e+00, 1e+00, 1e+00, 1e+00, 1e+00, 1e+00, 1e+00, 0e+00, 0e+00, 0e+00, 0e+00, 0e+00, 0e+00, 0e+00, 1e+00, 1e+00, 1e+00, 1e+00, 1e+00, 1e+00, 1e+00, 0e+00, 0e+00, 0e+00, 0e+00, 0e+00, 0e+00, 0e+00, 1e+00, 1e+00, 1e+00, 1e+00, 1e+00, 1e+00, 1e+00, 1e+00, 0e+00, 0e+00, 0e+00]
