last-generated=2024-01-17
statistics-simulation=
{
  "linear": " ",
  "nonlinear": " ",
  "numerical Jacobians": "0"
}
time=[0e+00, 1e+02]
criSol.G_TC=[1.250498352050781e+02, 9.222457885742188e+01, 7.342155456542969e+01, 7.730110168457031e+01, 1.038479232788086e+02, 1.4437109375e+02, 1.848180084228516e+02, 2.111363830566406e+02, 2.146361694335938e+02, 1.953035888671875e+02, 1.618010559082031e+02, 1.281534881591797e+02, 1.083863525390625e+02, 1.111638107299805e+02, 1.364748840332032e+02, 1.756335601806641e+02, 2.145925903320312e+02, 2.393055725097656e+02, 2.410888061523438e+02, 2.199352569580078e+02, 1.845145568847656e+02, 1.488591918945312e+02, 1.270025329589844e+02, 1.276169967651367e+02, 1.507001495361328e+02, 1.875747528076172e+02, 2.242025909423828e+02, 2.465464477539062e+02, 2.459319915771484e+02, 2.223616333007814e+02, 1.845145568847656e+02, 1.464328002929688e+02, 1.221593399047852e+02, 1.20376106262207e+02, 1.410901489257812e+02, 1.756335601806641e+02, 2.099773406982422e+02, 2.3009326171875e+02, 2.273158111572266e+02, 2.016559448242188e+02, 1.618010559082031e+02, 1.218011322021484e+02, 9.570671081542969e+01, 9.220691680908203e+01, 1.113155670166016e+02, 1.4437109375e+02, 1.773503723144531e+02, 1.962305603027344e+02, 1.923510131835938e+02, 1.657270355224609e+02, 1.250498352050781e+02, 8.437263488769531e+01, 5.774865341186523e+01, 5.386910247802734e+01, 7.274929809570312e+01, 1.05728569030762e+02, 1.387841033935549e+02, 1.578927459716796e+02, 1.543929595947266e+02, 1.282985382080078e+02, 8.829860687255859e+01, 4.844372940063477e+01, 2.278385353088379e+01, 2.000640106201172e+01, 4.012233352661133e+01, 7.446611022949219e+01, 1.09009521484375e+02, 1.297235565185547e+02, 1.279403305053711e+02, 1.03666862487793e+02, 6.558510589599609e+01, 2.773802757263184e+01, 4.167675495147705e+00, 3.55321478843689e+00, 2.589707183837891e+01, 6.252491760253906e+01, 9.939952087402344e+01, 1.224826736450195e+02, 1.230971374511719e+02, 1.01240478515625e+02, 6.558510589599609e+01, 3.01644115447998e+01, 9.010868072509766e+00, 1.079410171508789e+01, 3.550707626342773e+01, 7.446611022949219e+01, 1.136247787475586e+02, 1.389358673095703e+02, 1.417133178710938e+02, 1.21946174621582e+02, 8.829860687255859e+01, 5.479608535766602e+01, 3.546349716186523e+01, 3.896329116821289e+01, 6.528165435791016e+01, 1.057285690307617e+02, 1.462517395019531e+02, 1.727985687255859e+02, 1.766781158447266e+02, 1.578750915527344e+02, 1.250498352050781e+02]
criSol.TEnv=[1e+01, 1.587785243988037e+01, 1.951056480407715e+01, 1.951056480407715e+01, 1.587785243988037e+01, 1e+01, 4.122147560119629e+00, 4.894348382949815e-01, 4.894348382949829e-01, 4.122147560119629e+00, 1e+01, 1.587785243988037e+01, 1.951056480407715e+01, 1.951056480407715e+01, 1.587785243988036e+01, 1e+01, 4.122147560119629e+00, 4.894348382949829e-01, 4.894348382949829e-01, 4.122147560119629e+00, 1e+01, 1.587785243988037e+01, 1.951056480407715e+01, 1.951056480407715e+01, 1.587785243988037e+01, 1e+01, 4.122147560119629e+00, 4.894348382949829e-01, 4.894348382949911e-01, 4.122147560119612e+00, 1e+01, 1.587785243988037e+01, 1.951056480407715e+01, 1.951056480407715e+01, 1.587785243988037e+01, 1e+01, 4.122147560119629e+00, 4.894348382949829e-01, 4.894348382949829e-01, 4.122147560119629e+00, 1e+01, 1.587785243988037e+01, 1.951056480407715e+01, 1.951056480407715e+01, 1.587785243988037e+01, 1e+01, 4.122147560119629e+00, 4.894348382949829e-01, 4.894348382949829e-01, 4.122147560119629e+00, 1e+01, 1.587785243988037e+01, 1.951056480407715e+01, 1.951056480407715e+01, 1.587785243988037e+01, 9.999999999999956e+00, 4.122147560119594e+00, 4.894348382949993e-01, 4.894348382949718e-01, 4.122147560119629e+00, 1e+01, 1.587785243988037e+01, 1.951056480407715e+01, 1.951056480407715e+01, 1.587785243988037e+01, 1e+01, 4.122147560119629e+00, 4.894348382949829e-01, 4.894348382949829e-01, 4.122147560119629e+00, 1e+01, 1.587785243988037e+01, 1.951056480407715e+01, 1.951056480407715e+01, 1.587785243988037e+01, 1e+01, 4.122147560119629e+00, 4.894348382949829e-01, 4.894348382949829e-01, 4.122147560119629e+00, 1e+01, 1.587785243988037e+01, 1.951056480407715e+01, 1.951056480407715e+01, 1.587785243988037e+01, 1e+01, 4.122147560119629e+00, 4.894348382949829e-01, 4.894348382949829e-01, 4.122147560119629e+00, 1e+01, 1.587785243988037e+01, 1.951056480407715e+01, 1.951056480407715e+01, 1.587785243988037e+01, 1e+01, 4.122147560119629e+00, 4.894348382949829e-01, 4.894348382949829e-01, 4.122147560119629e+00, 1e+01]
criSol.TIn=[3e+01, 3.062790489196777e+01, 3.125333213806152e+01, 3.187381362915039e+01, 3.248690032958984e+01, 3.309017181396484e+01, 3.368124389648438e+01, 3.425779342651367e+01, 3.481753540039062e+01, 3.535826873779297e+01, 3.587785339355469e+01, 3.637424087524414e+01, 3.68454704284668e+01, 3.728968811035156e+01, 3.770513153076172e+01, 3.809017181396484e+01, 3.844327926635742e+01, 3.876306533813477e+01, 3.904827117919922e+01, 3.929776382446289e+01, 3.951056671142578e+01, 3.968583297729492e+01, 3.982287216186523e+01, 3.992114639282227e+01, 3.998026657104492e+01, 4e+01, 3.998026657104492e+01, 3.992114639282227e+01, 3.982287216186523e+01, 3.968583297729492e+01, 3.951056671142578e+01, 3.929776382446289e+01, 3.904827117919922e+01, 3.876306533813477e+01, 3.844327926635742e+01, 3.809017181396484e+01, 3.770513153076172e+01, 3.728968811035156e+01, 3.68454704284668e+01, 3.637424087524414e+01, 3.587785339355469e+01, 3.535826873779297e+01, 3.481753540039062e+01, 3.425779342651367e+01, 3.368124389648438e+01, 3.309017181396484e+01, 3.248690032958984e+01, 3.187381362915039e+01, 3.125333213806152e+01, 3.062790489196777e+01, 3e+01, 2.937209510803223e+01, 2.874666786193848e+01, 2.812618637084961e+01, 2.751310157775879e+01, 2.690983009338379e+01, 2.631875419616699e+01, 2.574220657348633e+01, 2.518246269226075e+01, 2.464173126220703e+01, 2.412214660644531e+01, 2.362576103210449e+01, 2.31545295715332e+01, 2.271031379699707e+01, 2.229486846923828e+01, 2.190983009338379e+01, 2.155672073364258e+01, 2.12369327545166e+01, 2.095172882080078e+01, 2.070223426818848e+01, 2.048943519592285e+01, 2.031416893005371e+01, 2.017712783813477e+01, 2.007885360717773e+01, 2.001973342895508e+01, 2e+01, 2.001973342895508e+01, 2.007885360717773e+01, 2.017712783813477e+01, 2.031416893005371e+01, 2.048943519592285e+01, 2.070223426818848e+01, 2.095172882080078e+01, 2.12369327545166e+01, 2.155672073364258e+01, 2.190983009338379e+01, 2.229486846923828e+01, 2.271031379699707e+01, 2.31545295715332e+01, 2.362576103210449e+01, 2.412214660644531e+01, 2.464173126220703e+01, 2.518246269226074e+01, 2.574220657348633e+01, 2.631875419616699e+01, 2.690983009338379e+01, 2.751310157775879e+01, 2.812618637084961e+01, 2.874666786193848e+01, 2.937209510803223e+01, 3e+01]
