last-generated=2025-11-18
statistics-initialization=
{
  "nonlinear": "5, 1, 1",
  "numerical Jacobians": "0"
}
statistics-simulation=
{
  "linear": "0, 0, 0, 0, 0, 0",
  "nonlinear": "1, 2",
  "number of continuous time states": "18",
  "numerical Jacobians": "0"
}
time=[0e+00, 8.64e+04]
vol.T_start=[2.931499938964844e+02, 2.931499938964844e+02]
vol.T=[2.931499938964844e+02, 2.917251892089844e+02, 2.886862182617188e+02, 2.866962890625e+02, 2.860060729980469e+02, 2.862417602539062e+02, 2.869993896484375e+02, 2.879871520996094e+02, 2.890218811035156e+02, 2.899991455078125e+02, 2.908689575195312e+02, 2.916097106933594e+02, 2.922152709960938e+02, 2.926876220703125e+02, 2.930194396972656e+02, 2.932230834960938e+02, 2.93335205078125e+02, 2.9340087890625e+02, 2.934582214355469e+02, 2.935157775878906e+02, 2.935619812011719e+02, 2.935757446289062e+02, 2.93549560546875e+02, 2.935038146972656e+02, 2.934499206542969e+02, 2.933947448730469e+02, 2.933426513671875e+02, 2.93296142578125e+02, 2.932564697265625e+02, 2.932239074707031e+02, 2.932032470703125e+02, 2.932161254882812e+02, 2.932645874023438e+02, 2.933365783691406e+02, 2.95460693359375e+02, 2.925295104980469e+02, 2.896095886230469e+02, 2.896296691894531e+02, 2.902962951660156e+02, 2.911327819824219e+02, 2.919900817871094e+02, 2.927715148925781e+02, 2.934074401855469e+02, 2.938791198730469e+02, 2.942116394042969e+02, 2.944272766113281e+02, 2.945483093261719e+02, 2.945964050292969e+02, 2.945913391113281e+02, 2.945502624511719e+02, 2.945060119628906e+02, 3.00104736328125e+02, 2.982427673339844e+02, 2.940140991210938e+02, 2.943144836425781e+02, 2.951688537597656e+02, 2.960208129882812e+02, 2.967854614257812e+02, 2.974311828613281e+02, 2.979300537109375e+02, 2.967666015625e+02, 2.856502990722656e+02, 2.835824584960938e+02, 2.883832092285156e+02, 2.929783325195312e+02, 2.956009826660156e+02, 2.936690063476562e+02, 2.910787353515625e+02, 2.912564392089844e+02, 2.928034973144531e+02, 2.939570007324219e+02, 2.946381530761719e+02, 2.950358276367188e+02, 2.945665283203125e+02, 2.919854125976562e+02, 2.906863708496094e+02, 2.8924169921875e+02, 2.897421264648438e+02, 2.904537353515625e+02, 2.911251525878906e+02, 2.91719482421875e+02, 2.922969055175781e+02, 2.928437805175781e+02, 2.932951049804688e+02, 2.935727844238281e+02, 2.936619262695312e+02, 2.936130981445312e+02, 2.934982299804688e+02, 2.93396240234375e+02, 2.933576965332031e+02, 2.93375244140625e+02, 2.934109497070312e+02, 2.934136352539062e+02, 2.933562622070312e+02, 2.932557678222656e+02, 2.931380004882812e+02, 2.9303271484375e+02, 2.929696350097656e+02, 2.92957275390625e+02, 2.929777526855469e+02, 2.930016784667969e+02]
temSup.T=[3.231499938964844e+02, 3.120061340332031e+02, 3.078104248046875e+02, 3.061668701171875e+02, 3.063214416503906e+02, 3.07460205078125e+02, 3.090392456054688e+02, 3.107223205566406e+02, 3.1231884765625e+02, 3.137316589355469e+02, 3.149218139648438e+02, 3.158842163085938e+02, 3.166313781738281e+02, 3.171847839355469e+02, 3.175671997070312e+02, 3.178028564453125e+02, 3.179252624511719e+02, 3.179720153808594e+02, 3.179771118164062e+02, 3.179610290527344e+02, 3.179289245605469e+02, 3.178775634765625e+02, 3.178033447265625e+02, 3.177141418457031e+02, 3.176211242675781e+02, 3.175321655273438e+02, 3.174520263671875e+02, 3.173831176757812e+02, 3.17326171875e+02, 3.172808227539062e+02, 3.172464294433594e+02, 3.172268371582031e+02, 3.172238159179688e+02, 3.172308349609375e+02, 3.139916687011718e+02, 3.047022705078126e+02, 3.043236083984375e+02, 3.05512939453125e+02, 3.066810607910156e+02, 3.078086242675781e+02, 3.0880029296875e+02, 3.095928039550781e+02, 3.101543273925781e+02, 3.104815063476562e+02, 3.106004943847656e+02, 3.105483093261719e+02, 3.103622131347656e+02, 3.100768127441406e+02, 3.097225341796875e+02, 3.093250122070312e+02, 3.090281372070312e+02, 3.04449951171875e+02, 2.851360168457031e+02, 2.884064025878906e+02, 2.905628662109375e+02, 2.920706787109375e+02, 2.933028869628906e+02, 2.943565063476562e+02, 2.952657470703125e+02, 2.960379943847656e+02, 2.835396728515625e+02, 2.83732421875e+02, 2.929269409179688e+02, 3.037993774414062e+02, 3.094871826171875e+02, 3.083076171875e+02, 3.022741394042969e+02, 2.984711303710938e+02, 3.039082946777344e+02, 3.063139953613281e+02, 3.076371765136719e+02, 3.083344421386719e+02, 3.088279113769531e+02, 3.045805053710938e+02, 2.996806640625e+02, 3.026063842773438e+02, 3.050538024902344e+02, 3.065574951171875e+02, 3.078489379882812e+02, 3.089519348144531e+02, 3.09854248046875e+02, 3.105761413574219e+02, 3.1114013671875e+02, 3.115457458496094e+02, 3.117832641601562e+02, 3.118578491210938e+02, 3.118077697753906e+02, 3.116881713867188e+02, 3.115537719726562e+02, 3.114442749023438e+02, 3.113700561523438e+02, 3.113177490234375e+02, 3.112651062011719e+02, 3.111953735351562e+02, 3.111118774414062e+02, 3.110299987792969e+02, 3.109668579101562e+02, 3.109361572265625e+02, 3.109426879882812e+02, 3.109779968261719e+02, 3.110260009765625e+02]
temRet.T=[3.231499938964844e+02, 3.099340515136719e+02, 3.055309753417969e+02, 3.033744812011719e+02, 3.031018371582031e+02, 3.039299011230469e+02, 3.05297607421875e+02, 3.068434448242188e+02, 3.083556823730469e+02, 3.097215270996094e+02, 3.108911437988281e+02, 3.118515930175781e+02, 3.126094055175781e+02, 3.1318115234375e+02, 3.135843200683594e+02, 3.138391418457031e+02, 3.139778747558594e+02, 3.140392150878906e+02, 3.140596618652344e+02, 3.140607299804688e+02, 3.140469665527344e+02, 3.140127258300781e+02, 3.139521484375e+02, 3.138734130859375e+02, 3.137881164550781e+02, 3.137046203613281e+02, 3.136281127929688e+02, 3.135614013671875e+02, 3.13505615234375e+02, 3.134606628417969e+02, 3.134265441894531e+02, 3.134095153808594e+02, 3.134131164550781e+02, 3.1343115234375e+02, 3.135132446289062e+02, 3.044541015625001e+02, 3.019860229492188e+02, 3.02991943359375e+02, 3.040615234375e+02, 3.051488647460938e+02, 3.061452026367188e+02, 3.06974853515625e+02, 3.075937194824219e+02, 3.07989013671875e+02, 3.081821594238281e+02, 3.082066955566406e+02, 3.080974426269531e+02, 3.078871765136719e+02, 3.076052551269531e+02, 3.07276611328125e+02, 3.069886779785156e+02, 3.043913879394531e+02, 2.905680541992188e+02, 2.885044250488281e+02, 2.906230163574219e+02, 2.921196594238281e+02, 2.933461608886719e+02, 2.943958129882812e+02, 2.95301513671875e+02, 2.960699768066406e+02, 2.885523681640625e+02, 2.837503356933594e+02, 2.884705810546875e+02, 3.00055908203125e+02, 3.062029113769531e+02, 3.080290832519531e+02, 3.021152648925781e+02, 2.979241638183594e+02, 3.015199890136719e+02, 3.040517883300781e+02, 3.055121154785156e+02, 3.062847595214844e+02, 3.067980041503906e+02, 3.043886108398438e+02, 2.995408630371094e+02, 3.002336730957031e+02, 3.024454956054688e+02, 3.038234252929688e+02, 3.050408325195312e+02, 3.0610107421875e+02, 3.069826354980469e+02, 3.077070617675781e+02, 3.0829541015625e+02, 3.087396545410156e+02, 3.090178527832031e+02, 3.091249389648438e+02, 3.090954284667969e+02, 3.089855651855469e+02, 3.088554992675781e+02, 3.087516784667969e+02, 3.086875610351562e+02, 3.086488647460938e+02, 3.086089172363281e+02, 3.085458984375e+02, 3.084616088867188e+02, 3.083719177246094e+02, 3.082964172363281e+02, 3.082525634765625e+02, 3.0824853515625e+02, 3.082766723632812e+02, 3.083194885253906e+02]
heaPum.refCyc.sigBus.hea=[1e+00, 1e+00, 1e+00, 1e+00, 1e+00, 1e+00, 1e+00, 1e+00, 1e+00, 1e+00, 1e+00, 1e+00, 1e+00, 1e+00, 1e+00, 1e+00, 1e+00, 1e+00, 1e+00, 1e+00, 1e+00, 1e+00, 1e+00, 1e+00, 1e+00, 1e+00, 1e+00, 1e+00, 1e+00, 1e+00, 1e+00, 1e+00, 1e+00, 1e+00, 0e+00, 0e+00, 1e+00, 1e+00, 1e+00, 1e+00, 1e+00, 1e+00, 1e+00, 1e+00, 1e+00, 1e+00, 1e+00, 1e+00, 1e+00, 1e+00, 1e+00, 0e+00, 0e+00, 0e+00, 0e+00, 0e+00, 0e+00, 0e+00, 0e+00, 0e+00, 0e+00, 1e+00, 1e+00, 1e+00, 1e+00, 0e+00, 0e+00, 1e+00, 1e+00, 1e+00, 1e+00, 1e+00, 1e+00, 0e+00, 0e+00, 1e+00, 1e+00, 1e+00, 1e+00, 1e+00, 1e+00, 1e+00, 1e+00, 1e+00, 1e+00, 1e+00, 1e+00, 1e+00, 1e+00, 1e+00, 1e+00, 1e+00, 1e+00, 1e+00, 1e+00, 1e+00, 1e+00, 1e+00, 1e+00, 1e+00, 1e+00]
heaPum.refCyc.sigBus.onOffMea=[1e+00, 1e+00, 1e+00, 1e+00, 1e+00, 1e+00, 1e+00, 1e+00, 1e+00, 1e+00, 1e+00, 1e+00, 1e+00, 1e+00, 1e+00, 1e+00, 1e+00, 1e+00, 1e+00, 1e+00, 1e+00, 1e+00, 1e+00, 1e+00, 1e+00, 1e+00, 1e+00, 1e+00, 1e+00, 1e+00, 1e+00, 1e+00, 1e+00, 1e+00, 0e+00, 0e+00, 1e+00, 1e+00, 1e+00, 1e+00, 1e+00, 1e+00, 1e+00, 1e+00, 1e+00, 1e+00, 1e+00, 1e+00, 1e+00, 1e+00, 1e+00, 0e+00, 1e+00, 0e+00, 0e+00, 0e+00, 0e+00, 0e+00, 0e+00, 0e+00, 1e+00, 0e+00, 1e+00, 1e+00, 1e+00, 0e+00, 0e+00, 1e+00, 1e+00, 1e+00, 1e+00, 1e+00, 1e+00, 0e+00, 0e+00, 1e+00, 1e+00, 1e+00, 1e+00, 1e+00, 1e+00, 1e+00, 1e+00, 1e+00, 1e+00, 1e+00, 1e+00, 1e+00, 1e+00, 1e+00, 1e+00, 1e+00, 1e+00, 1e+00, 1e+00, 1e+00, 1e+00, 1e+00, 1e+00, 1e+00, 1e+00]
