last-generated=2023-12-28
statistics-simulation=
{
  "linear": " ",
  "nonlinear": " ",
  "numerical Jacobians": "0"
}
time=[0e+00, 1e+00]
C_in.C=[1e+00, 1e+00, 1e+00, 1e+00, 1e+00, 1e+00, 1e+00, 1e+00, 1e+00, 1e+00, 1e+00, 1e+00, 1e+00, 1e+00, 1e+00, 1e+00, 1e+00, 1e+00, 1e+00, 1e+00, 1e+00, 1e+00, 1e+00, 1e+00, 1e+00, 1e+00, 1e+00, 1e+00, 1e+00, 1e+00, 1e+00, 1e+00, 1e+00, 1e+00, 1e+00, 1e+00, 1e+00, 1e+00, 1e+00, 1e+00, 1e+00, 1e+00, 1e+00, 1e+00, 1e+00, 1e+00, 1e+00, 1e+00, 1e+00, 1e+00, 1e+00, 1e+00, 1e+00, 1e+00, 1e+00, 1e+00, 1e+00, 1e+00, 1e+00, 1e+00, 1e+00, 1e+00, 1e+00, 1e+00, 1e+00, 1e+00, 1e+00, 1e+00, 1e+00, 1e+00, 1e+00, 1e+00, 1e+00, 1e+00, 1e+00, 1e+00, 1e+00, 1e+00, 1e+00, 1e+00, 1e+00, 1e+00, 1e+00, 1e+00, 1e+00, 1e+00, 1e+00, 1e+00, 1e+00, 1e+00, 1e+00, 1e+00, 1e+00, 1e+00, 1e+00, 1e+00, 1e+00, 1e+00, 1e+00, 1e+00, 1e+00]
C_out.C=[0e+00, 7.000000372528947e-03, 1.400000074505789e-02, 2.100000018626383e-02, 2.800000149011579e-02, 3.499999962747056e-02, 4.200000037252978e-02, 4.899999850988389e-02, 5.600000298022758e-02, 6.299999850988654e-02, 6.999999925494306e-02, 7.699999999999955e-02, 8.400000074505606e-02, 9.100000149011257e-02, 9.799999701977044e-02, 1.04999992549446e-01, 1.120000059604485e-01, 1.190000014901175e-01, 1.259999970197731e-01, 1.330000029802216e-01, 1.399999985098972e-01, 1.470000044703191e-01, 1.539999999999947e-01, 1.609999955296703e-01, 1.680000014901321e-01, 1.749999970197678e-01, 1.820000029802607e-01, 1.88999988079119e-01, 1.959999940395409e-01, 2.030000000000249e-01, 2.099999850988921e-01, 2.169999910593139e-01, 2.24000011920897e-01, 2.309999970197287e-01, 2.380000029802216e-01, 2.450000089406701e-01, 2.519999940395994e-01, 2.590000000000213e-01, 2.660000059604432e-01, 2.73000011920865e-01, 2.799999970197944e-01, 2.870000029802162e-01, 2.940000089406381e-01, 3.009999940395675e-01, 3.079999999999893e-01, 3.150000059604112e-01, 3.219999910593406e-01, 3.289999970197624e-01, 3.360000029801843e-01, 3.429999880791137e-01, 3.499999940395355e-01, 3.569999999998579e-01, 3.640000059601803e-01, 3.710000119205026e-01, 3.779999761584619e-01, 3.849999821187842e-01, 3.919999880790569e-01, 3.989999940395355e-01, 4.06e-01, 4.130000059604644e-01, 4.199999701980329e-01, 4.269999761583552e-01, 4.339999821186776e-01, 4.410000178813224e-01, 4.480000238416448e-01, 4.550000298019671e-01, 4.619999940395356e-01, 4.69e-01, 4.760000059604645e-01, 4.830000119209431e-01, 4.900000178812158e-01, 4.970000238415381e-01, 5.039999880794973e-01, 5.109999642374974e-01, 5.180000000001421e-01, 5.249999761581421e-01, 5.320000119207868e-01, 5.389999880793552e-01, 5.460000238414316e-01, 5.529999582770684e-01, 5.599999940397132e-01, 5.669999701976635e-01, 5.740000059603578e-01, 5.809999821188552e-01, 5.880000178810026e-01, 5.950000119205737e-01, 6.019999880792842e-01, 6.090000238417869e-01, 6.159999999999289e-01, 6.230000357625737e-01, 6.300000119205738e-01, 6.370000059600737e-01, 6.439999821188552e-01, 6.510000178815001e-01, 6.579999940395497e-01, 6.650000298021447e-01, 6.720000059601448e-01, 6.790000000004263e-01, 6.859999761584263e-01, 6.930000119210711e-01, 6.99999988079071e-01]
masTra.eps=[1e+00, 9.929999707564718e-01, 9.860000011175885e-01, 9.789999718740608e-01, 9.72000002235177e-01, 9.649999742955168e-01, 9.580000033527655e-01, 9.509999754130923e-01, 9.440000044703564e-01, 9.369999791383583e-01, 9.30000008195632e-01, 9.229999776482609e-01, 9.160000067055345e-01, 9.089999761581634e-01, 9.020000104308101e-01, 8.949999850988122e-01, 8.880000089407127e-01, 8.809999836087147e-01, 8.740000178813615e-01, 8.669999821186172e-01, 8.60000016391264e-01, 8.529999806285198e-01, 8.460000149011665e-01, 8.389999895691685e-01, 8.320000134110691e-01, 8.24999988079071e-01, 8.180000119209716e-01, 8.109999970197198e-01, 8.040000208616204e-01, 7.969999850988762e-01, 7.900000298022691e-01, 7.829999940395249e-01, 7.760000178814254e-01, 7.690000029801736e-01, 7.620000268220741e-01, 7.549999910593299e-01, 7.480000357627229e-01, 7.409999999999787e-01, 7.340000238417371e-01, 7.26999988079135e-01, 7.20000032782528e-01, 7.129999970197838e-01, 7.059999612570396e-01, 6.990000059604325e-01, 6.919999701976882e-01, 6.849999940395888e-01, 6.779999791385857e-01, 6.710000029802375e-01, 6.639999672174933e-01, 6.570000119208863e-01, 6.499999761581421e-01, 6.430000000001421e-01, 6.359999642374974e-01, 6.289999880794973e-01, 6.219999940392158e-01, 6.150000178812157e-01, 6.079999821186207e-01, 6.010000059605711e-01, 5.939999701979263e-01, 5.869999940399263e-01, 5.799999999996448e-01, 5.730000238416447e-01, 5.65999988079e-01, 5.59000011921e-01, 5.519999761583553e-01, 5.450000000003552e-01, 5.380000059600737e-01, 5.310000298020737e-01, 5.239999940394289e-01, 5.170000178813793e-01, 5.099999821187843e-01, 5.030000059607842e-01, 4.960000119205026e-01, 4.890000059601803e-01, 4.819999999998579e-01, 4.749999940395355e-01, 4.679999880792132e-01, 4.609999821188908e-01, 4.539999761585684e-01, 4.470000119206092e-01, 4.400000059602868e-01, 4.330000000000142e-01, 4.259999940396421e-01, 4.189999880793198e-01, 4.119999821189974e-01, 4.050000178810382e-01, 3.980000119207158e-01, 3.910000059603934e-01, 3.840000000000711e-01, 3.769999940397487e-01, 3.699999880794263e-01, 3.630000238414671e-01, 3.560000178811447e-01, 3.490000119208224e-01, 3.420000059604503e-01, 3.350000000001777e-01, 3.279999940395356e-01, 3.210000298018961e-01, 3.140000238415737e-01, 3.070000178812513e-01, 3.00000011920929e-01]
