last-generated=2022-03-08
statistics-initialization=
{
  "nonlinear": "1, 0",
  "numerical Jacobians": "0"
}
statistics-simulation=
{
  "linear": "0",
  "nonlinear": "1",
  "number of continuous time states": "4",
  "numerical Jacobians": "0"
}
time=[0e+00, 3.6e+03]
pum.pum.pum.P=[0e+00, 9.602662658691406e+01, 5.327053833007812e+02, 6.256109008789062e+02, 7.000365600585938e+02, 7.58101806640625e+02, 8.025884399414062e+02, 8.362424926757812e+02, 8.614752197265625e+02, 8.802725830078125e+02, 8.942116088867188e+02, 9.045134887695312e+02, 9.121088256835938e+02, 9.176989135742188e+02, 9.21807861328125e+02, 9.248252563476562e+02, 9.270394897460938e+02, 9.286632080078125e+02, 9.298538818359375e+02, 9.30726806640625e+02, 9.313666381835938e+02, 9.3183544921875e+02, 9.321790161132812e+02, 9.324307861328125e+02, 9.32615234375e+02, 9.327503051757812e+02, 9.328493041992188e+02, 9.329218139648438e+02, 9.329749145507812e+02, 9.33013671875e+02, 9.330419311523438e+02, 9.330626831054688e+02, 9.33077880859375e+02, 9.330890502929688e+02, 9.330973510742188e+02, 9.33103515625e+02, 9.331079711914062e+02, 9.33111328125e+02, 9.331137084960938e+02, 9.33115478515625e+02, 9.331168212890625e+02, 9.331177368164062e+02, 9.331184692382812e+02, 9.331190185546875e+02, 9.331194458007812e+02, 9.331196899414062e+02, 9.33119873046875e+02, 9.331200561523438e+02, 9.331201171875e+02, 9.331201782226562e+02, 9.331201782226562e+02, 9.331202392578125e+02, 9.331203002929688e+02, 9.33120361328125e+02, 9.331204223632812e+02, 9.331204223632812e+02, 9.331204833984375e+02, 9.331204833984375e+02, 9.331204833984375e+02, 9.331204833984375e+02, 9.331205444335938e+02, 9.331205444335938e+02, 9.331205444335938e+02, 9.331205444335938e+02, 9.331205444335938e+02, 9.331204833984375e+02, 9.331204833984375e+02, 9.331204833984375e+02, 9.331204833984375e+02, 9.331204833984375e+02, 9.331204833984375e+02, 9.331204833984375e+02, 9.331204833984375e+02, 9.331204833984375e+02, 9.331204833984375e+02, 9.331204833984375e+02, 9.331204833984375e+02, 9.331204833984375e+02, 9.331204833984375e+02, 9.331204833984375e+02, 9.331204833984375e+02, 9.331204833984375e+02, 9.331204833984375e+02, 9.331204833984375e+02, 9.331204833984375e+02, 9.331204833984375e+02, 9.331204833984375e+02, 9.331204833984375e+02, 9.331204833984375e+02, 9.331204833984375e+02, 9.331204833984375e+02, 9.331204833984375e+02, 9.331204833984375e+02, 9.331204833984375e+02, 9.331204833984375e+02, 9.331204833984375e+02, 9.331204833984375e+02, 9.331204833984375e+02, 9.331204833984375e+02, 9.331204833984375e+02, 9.331204833984375e+02]
pum.P=[1.2301501953125e+04, 1.32835673828125e+04, 1.63087890625e+03, 1.461573608398438e+03, 1.352315185546875e+03, 1.279129760742188e+03, 1.22888720703125e+03, 1.193781372070312e+03, 1.168936401367188e+03, 1.151190063476562e+03, 1.138427856445312e+03, 1.129204711914062e+03, 1.122515014648438e+03, 1.117650146484375e+03, 1.11410546875e+03, 1.11151904296875e+03, 1.109630004882812e+03, 1.10824951171875e+03, 1.10723974609375e+03, 1.106500854492188e+03, 1.1059599609375e+03, 1.10556396484375e+03, 1.105274047851562e+03, 1.105061645507812e+03, 1.10490625e+03, 1.104792358398438e+03, 1.104708862304688e+03, 1.104647827148438e+03, 1.10460302734375e+03, 1.104570434570312e+03, 1.104546630859375e+03, 1.104529174804688e+03, 1.104516357421875e+03, 1.1045068359375e+03, 1.104499877929688e+03, 1.104494750976562e+03, 1.104490966796875e+03, 1.104488159179688e+03, 1.104486083984375e+03, 1.104484619140625e+03, 1.104483520507812e+03, 1.104482666015625e+03, 1.104482055664062e+03, 1.104481689453125e+03, 1.104481323242188e+03, 1.104481079101562e+03, 1.10448095703125e+03, 1.104480834960938e+03, 1.104480712890625e+03, 1.104480712890625e+03, 1.104480712890625e+03, 1.104480590820312e+03, 1.104480590820312e+03, 1.10448046875e+03, 1.10448046875e+03, 1.10448046875e+03, 1.10448046875e+03, 1.10448046875e+03, 1.10448046875e+03, 1.10448046875e+03, 1.104480346679688e+03, 1.104480346679688e+03, 1.104480346679688e+03, 1.10448046875e+03, 1.10448046875e+03, 1.10448046875e+03, 1.10448046875e+03, 1.10448046875e+03, 1.10448046875e+03, 1.10448046875e+03, 1.10448046875e+03, 1.10448046875e+03, 1.10448046875e+03, 1.10448046875e+03, 1.10448046875e+03, 1.10448046875e+03, 1.10448046875e+03, 1.10448046875e+03, 1.10448046875e+03, 1.10448046875e+03, 1.10448046875e+03, 1.10448046875e+03, 1.10448046875e+03, 1.10448046875e+03, 1.10448046875e+03, 1.10448046875e+03, 1.10448046875e+03, 1.10448046875e+03, 1.10448046875e+03, 1.10448046875e+03, 1.10448046875e+03, 1.10448046875e+03, 1.10448046875e+03, 1.10448046875e+03, 1.10448046875e+03, 1.10448046875e+03, 1.10448046875e+03, 1.10448046875e+03, 1.10448046875e+03, 1.10448046875e+03, 1.10448046875e+03]
senMasFlo.m_flow=[0e+00, 4.685582160949707e+00, 8.295449256896973e+00, 8.752161979675293e+00, 9.086350440979004e+00, 9.330964088439941e+00, 9.510045051574707e+00, 9.641169548034668e+00, 9.737192153930664e+00, 9.807512283325195e+00, 9.859014511108398e+00, 9.896735191345215e+00, 9.924362182617188e+00, 9.944598197937012e+00, 9.959419250488281e+00, 9.97027587890625e+00, 9.978227615356445e+00, 9.984050750732422e+00, 9.988315582275391e+00, 9.991440773010254e+00, 9.993730545043945e+00, 9.995407104492188e+00, 9.996635437011719e+00, 9.997535705566406e+00, 9.998194694519043e+00, 9.998677253723145e+00, 9.999031066894531e+00, 9.999290466308594e+00, 9.999480247497559e+00, 9.999618530273438e+00, 9.999719619750977e+00, 9.99979305267334e+00, 9.999847412109375e+00, 9.999887466430664e+00, 9.999917030334473e+00, 9.99993896484375e+00, 9.999955177307129e+00, 9.999967575073242e+00, 9.99997615814209e+00, 9.999981880187988e+00, 9.99998664855957e+00, 9.999990463256836e+00, 9.999992370605469e+00, 9.999994277954102e+00, 9.999996185302734e+00, 9.999997138977051e+00, 9.999998092651367e+00, 9.999998092651367e+00, 9.999999046325684e+00, 9.999999046325684e+00, 9.999999046325684e+00, 9.999999046325684e+00, 9.999999046325684e+00, 1e+01, 1e+01, 1e+01, 1e+01, 1e+01, 1e+01, 1e+01, 1e+01, 1e+01, 1e+01, 1e+01, 1e+01, 1e+01, 1e+01, 1e+01, 1e+01, 1e+01, 1e+01, 1e+01, 1e+01, 1e+01, 1e+01, 1e+01, 1e+01, 1e+01, 1e+01, 1e+01, 1e+01, 1e+01, 1e+01, 1e+01, 1e+01, 1e+01, 1e+01, 1e+01, 1e+01, 1e+01, 1e+01, 1e+01, 1e+01, 1e+01, 1e+01, 1e+01, 1e+01, 1e+01, 1e+01, 1e+01, 1e+01]
pum.simMot.tau_e=[2.113417053222656e+01, 3.205718612670898e+01, 6.506035804748535e+00, 6.143829345703125e+00, 5.894635677337646e+00, 5.720029830932617e+00, 5.596366405487061e+00, 5.508048057556152e+00, 5.44456672668457e+00, 5.398717880249023e+00, 5.365481376647949e+00, 5.341323375701904e+00, 5.323727607727051e+00, 5.310893058776855e+00, 5.301520347595215e+00, 5.294670581817627e+00, 5.289661884307861e+00, 5.285998344421387e+00, 5.283317089080811e+00, 5.28135347366333e+00, 5.279916286468506e+00, 5.278863906860352e+00, 5.278092861175537e+00, 5.277528285980225e+00, 5.277114868164062e+00, 5.276811599731445e+00, 5.276589870452881e+00, 5.276427268981934e+00, 5.276308536529541e+00, 5.276221752166748e+00, 5.276158332824707e+00, 5.276111602783203e+00, 5.276077747344971e+00, 5.276052474975586e+00, 5.276033878326416e+00, 5.276020526885986e+00, 5.276010036468506e+00, 5.276002883911133e+00, 5.275997638702393e+00, 5.275993347167969e+00, 5.27599048614502e+00, 5.275988578796387e+00, 5.275986671447754e+00, 5.275985717773438e+00, 5.275984764099121e+00, 5.275983810424805e+00, 5.275983333587646e+00, 5.275983333587646e+00, 5.275982856750488e+00, 5.275982856750488e+00, 5.275982856750488e+00, 5.275982856750488e+00, 5.27598237991333e+00, 5.27598237991333e+00, 5.27598237991333e+00, 5.27598237991333e+00, 5.27598237991333e+00, 5.27598237991333e+00, 5.27598237991333e+00, 5.27598237991333e+00, 5.27598237991333e+00, 5.27598237991333e+00, 5.27598237991333e+00, 5.27598237991333e+00, 5.27598237991333e+00, 5.27598237991333e+00, 5.27598237991333e+00, 5.27598237991333e+00, 5.27598237991333e+00, 5.27598237991333e+00, 5.27598237991333e+00, 5.27598237991333e+00, 5.27598237991333e+00, 5.27598237991333e+00, 5.27598237991333e+00, 5.27598237991333e+00, 5.27598237991333e+00, 5.27598237991333e+00, 5.27598237991333e+00, 5.27598237991333e+00, 5.27598237991333e+00, 5.27598237991333e+00, 5.27598237991333e+00, 5.27598237991333e+00, 5.27598237991333e+00, 5.27598237991333e+00, 5.27598237991333e+00, 5.27598237991333e+00, 5.27598237991333e+00, 5.27598237991333e+00, 5.27598237991333e+00, 5.27598237991333e+00, 5.27598237991333e+00, 5.27598237991333e+00, 5.27598237991333e+00, 5.27598237991333e+00, 5.27598237991333e+00, 5.27598237991333e+00, 5.27598237991333e+00, 5.27598237991333e+00, 5.27598237991333e+00]
pum.pum.spe.w=[0e+00, 8.288192749023438e+01, 1.467187194824219e+02, 1.547952117919922e+02, 1.607050018310547e+02, 1.650307312011719e+02, 1.681976013183594e+02, 1.705164031982422e+02, 1.722144622802734e+02, 1.734580078125e+02, 1.743687591552734e+02, 1.750358123779297e+02, 1.755243682861328e+02, 1.758822174072266e+02, 1.761443328857422e+02, 1.763363037109375e+02, 1.764769287109375e+02, 1.765798950195312e+02, 1.766553344726562e+02, 1.767105865478516e+02, 1.767510681152344e+02, 1.767807312011719e+02, 1.768024444580078e+02, 1.76818359375e+02, 1.768300170898438e+02, 1.768385620117188e+02, 1.768448181152344e+02, 1.768493957519531e+02, 1.768527526855469e+02, 1.768551940917969e+02, 1.768569793701172e+02, 1.768582916259766e+02, 1.768592529296875e+02, 1.768599700927734e+02, 1.768604888916016e+02, 1.768608703613281e+02, 1.768611602783203e+02, 1.768613739013672e+02, 1.768615264892578e+02, 1.768616333007812e+02, 1.768617095947266e+02, 1.768617706298828e+02, 1.7686181640625e+02, 1.768618621826172e+02, 1.768618774414062e+02, 1.768618927001953e+02, 1.768619079589844e+02, 1.768619232177734e+02, 1.768619232177734e+02, 1.768619232177734e+02, 1.768619232177734e+02, 1.768619384765625e+02, 1.768619384765625e+02, 1.768619384765625e+02, 1.768619384765625e+02, 1.768619384765625e+02, 1.768619537353516e+02, 1.768619537353516e+02, 1.768619537353516e+02, 1.768619537353516e+02, 1.768619537353516e+02, 1.768619537353516e+02, 1.768619537353516e+02, 1.768619537353516e+02, 1.768619537353516e+02, 1.768619537353516e+02, 1.768619537353516e+02, 1.768619537353516e+02, 1.768619537353516e+02, 1.768619537353516e+02, 1.768619537353516e+02, 1.768619537353516e+02, 1.768619537353516e+02, 1.768619537353516e+02, 1.768619537353516e+02, 1.768619537353516e+02, 1.768619537353516e+02, 1.768619537353516e+02, 1.768619537353516e+02, 1.768619537353516e+02, 1.768619537353516e+02, 1.768619537353516e+02, 1.768619537353516e+02, 1.768619537353516e+02, 1.768619537353516e+02, 1.768619537353516e+02, 1.768619537353516e+02, 1.768619537353516e+02, 1.768619537353516e+02, 1.768619537353516e+02, 1.768619537353516e+02, 1.768619537353516e+02, 1.768619537353516e+02, 1.768619537353516e+02, 1.768619537353516e+02, 1.768619537353516e+02, 1.768619537353516e+02, 1.768619537353516e+02, 1.768619537353516e+02, 1.768619537353516e+02, 1.768619537353516e+02]
