last-generated=2020-12-13
statistics-initialization=
{
  "nonlinear": "2, 2, 2, 0, 0",
  "numerical Jacobians": "0"
}
statistics-simulation=
{
  "linear": " ",
  "nonlinear": "2, 2, 3, 0, 0",
  "number of continuous time states": "29",
  "numerical Jacobians": "0"
}
time=[0e+00, 8.64e+04]
buiWitETS.port_a.m_flow=[5.311238765716553e+00, 5.548718929290771e+00, 5.651348114013672e+00, 5.8403000831604e+00, 6.081424236297607e+00, 6.356822490692139e+00, 6.65581750869751e+00, 6.97044849395752e+00, 7.295679569244385e+00, 7.627143383026123e+00, 7.962303161621094e+00, 8.299939155578613e+00, 8.637920379638672e+00, 8.97540283203125e+00, 9.312766075134277e+00, 9.646096229553223e+00, 9.975045204162598e+00, 1.030130863189697e+01, 1.062175178527832e+01, 1.093752861022949e+01, 1.124500751495361e+01, 1.154638671875e+01, 1.183930587768555e+01, 1.212023067474365e+01, 1.240378284454346e+01, 1.265810298919678e+01, 1.292121505737305e+01, 1.319457912445068e+01, 1.346879768371582e+01, 1.374981021881104e+01, 1.40327615737915e+01, 1.431513690948486e+01, 1.460166931152344e+01, 1.488948631286621e+01, 1.51719446182251e+01, 1.544937801361084e+01, 1.571593952178955e+01, 1.59835205078125e+01, 1.623714065551758e+01, 1.648024368286133e+01, 1.671145629882812e+01, 1.692834281921387e+01, 1.712955474853516e+01, 1.731349563598633e+01, 1.747853469848633e+01, 1.762313461303711e+01, 1.774595642089844e+01, 1.784492492675781e+01, 1.791878128051758e+01, 1.79657096862793e+01, 1.798418617248535e+01, 1.797438049316406e+01, 1.793690299987793e+01, 1.787300109863281e+01, 1.778493309020996e+01, 1.76734676361084e+01, 1.754026794433594e+01, 1.73866024017334e+01, 1.721380996704102e+01, 1.702327919006348e+01, 1.68164005279541e+01, 1.659460067749023e+01, 1.635935020446777e+01, 1.611202049255371e+01, 1.585401725769043e+01, 1.558675193786621e+01, 1.531163597106934e+01, 1.503007984161377e+01, 1.47435188293457e+01, 1.445340156555176e+01, 1.416112804412842e+01, 1.386811637878418e+01, 1.357455921173096e+01, 1.328205394744873e+01, 1.299184131622314e+01, 1.270510673522949e+01, 1.241588973999023e+01, 1.211833190917969e+01, 1.178952789306641e+01, 1.144662284851074e+01, 1.108585071563721e+01, 1.071196842193604e+01, 1.032502937316895e+01, 9.928226470947266e+00, 9.522239685058594e+00, 9.109822273254395e+00, 8.692230224609375e+00, 8.271699905395508e+00, 7.849918365478516e+00, 7.428578853607178e+00, 7.009381294250488e+00, 6.59385347366333e+00, 6.183774471282959e+00, 5.780830383300781e+00, 5.38548469543457e+00, 4.997964382171631e+00, 4.727781772613525e+00, 5.030909061431885e+00, 5.341795444488525e+00, 5.660011768341064e+00, 5.984479427337646e+00]
buiWitETS.port_b.m_flow=[-5.311238765716553e+00, -5.548718929290771e+00, -5.651348114013672e+00, -5.8403000831604e+00, -6.081424236297607e+00, -6.356822490692139e+00, -6.65581750869751e+00, -6.97044849395752e+00, -7.295679569244385e+00, -7.627143383026123e+00, -7.962303161621094e+00, -8.299939155578613e+00, -8.637920379638672e+00, -8.97540283203125e+00, -9.312766075134277e+00, -9.646096229553223e+00, -9.975045204162598e+00, -1.030130863189697e+01, -1.062175178527832e+01, -1.093752861022949e+01, -1.124500751495361e+01, -1.154638671875e+01, -1.183930587768555e+01, -1.212023067474365e+01, -1.240378284454346e+01, -1.265810298919678e+01, -1.292121505737305e+01, -1.319457912445068e+01, -1.346879768371582e+01, -1.374981021881104e+01, -1.40327615737915e+01, -1.431513690948486e+01, -1.460166931152344e+01, -1.488948631286621e+01, -1.51719446182251e+01, -1.544937801361084e+01, -1.571593952178955e+01, -1.59835205078125e+01, -1.623714065551758e+01, -1.648024368286133e+01, -1.671145629882812e+01, -1.692834281921387e+01, -1.712955474853516e+01, -1.731349563598633e+01, -1.747853469848633e+01, -1.762313461303711e+01, -1.774595642089844e+01, -1.784492492675781e+01, -1.791878128051758e+01, -1.79657096862793e+01, -1.798418617248535e+01, -1.797438049316406e+01, -1.793690299987793e+01, -1.787300109863281e+01, -1.778493309020996e+01, -1.76734676361084e+01, -1.754026794433594e+01, -1.73866024017334e+01, -1.721380996704102e+01, -1.702327919006348e+01, -1.68164005279541e+01, -1.659460067749023e+01, -1.635935020446777e+01, -1.611202049255371e+01, -1.585401725769043e+01, -1.558675193786621e+01, -1.531163597106934e+01, -1.503007984161377e+01, -1.47435188293457e+01, -1.445340156555176e+01, -1.416112804412842e+01, -1.386811637878418e+01, -1.357455921173096e+01, -1.328205394744873e+01, -1.299184131622314e+01, -1.270510673522949e+01, -1.241588973999023e+01, -1.211833190917969e+01, -1.178952789306641e+01, -1.144662284851074e+01, -1.108585071563721e+01, -1.071196842193604e+01, -1.032502937316895e+01, -9.928226470947266e+00, -9.522239685058594e+00, -9.109822273254395e+00, -8.692230224609375e+00, -8.271699905395508e+00, -7.849918365478516e+00, -7.428578853607178e+00, -7.009381294250488e+00, -6.59385347366333e+00, -6.183774471282959e+00, -5.780830383300781e+00, -5.38548469543457e+00, -4.997964382171631e+00, -4.727781772613525e+00, -5.030909061431885e+00, -5.341795444488525e+00, -5.660011768341064e+00, -5.984479427337646e+00]
buiWitETS.bui.QHea_flow=[5.071398046875e+04, 9.91557109375e+04, 9.92213203125e+04, 9.92434609375e+04, 9.92513046875e+04, 9.925390625e+04, 9.92546015625e+04, 9.92547578125e+04, 9.92547734375e+04, 9.92547890625e+04, 9.92548671875e+04, 9.92549296875e+04, 9.925496875e+04, 9.92549765625e+04, 9.92549765625e+04, 9.92549765625e+04, 9.92549765625e+04, 9.92549765625e+04, 9.92549765625e+04, 9.92549765625e+04, 9.92549765625e+04, 9.92549765625e+04, 9.92549765625e+04, 9.92549765625e+04, 9.92549765625e+04, 9.92549765625e+04, 9.92549765625e+04, 9.92549765625e+04, 9.92549765625e+04, 9.92549765625e+04, 9.92549765625e+04, 9.92549765625e+04, 9.92549765625e+04, 9.92549765625e+04, 9.92549765625e+04, 9.92549765625e+04, 9.92549765625e+04, 9.92549765625e+04, 9.92549765625e+04, 9.92549765625e+04, 9.92549765625e+04, 9.92549765625e+04, 9.92549765625e+04, 9.92549765625e+04, 9.92549765625e+04, 9.92549765625e+04, 9.92549765625e+04, 9.92549765625e+04, 9.92549765625e+04, 9.92549765625e+04, 9.92549765625e+04, 9.92549765625e+04, 9.92549765625e+04, 9.92549765625e+04, 9.92549765625e+04, 9.92549765625e+04, 9.92549765625e+04, 9.92549765625e+04, 9.92549765625e+04, 9.92549765625e+04, 9.92549765625e+04, 9.92549765625e+04, 9.92549765625e+04, 9.92549765625e+04, 9.92549765625e+04, 9.92549765625e+04, 9.92549765625e+04, 9.92549765625e+04, 9.92549765625e+04, 9.92549765625e+04, 9.92549765625e+04, 9.92549765625e+04, 9.92549765625e+04, 9.92549765625e+04, 9.92549765625e+04, 9.92549765625e+04, 9.92549765625e+04, 9.92549765625e+04, 9.92549765625e+04, 9.92549765625e+04, 9.92549765625e+04, 9.92549765625e+04, 9.92549765625e+04, 9.92549765625e+04, 9.92549765625e+04, 9.92549765625e+04, 9.92549765625e+04, 9.92549765625e+04, 9.92549765625e+04, 9.92549765625e+04, 9.92549765625e+04, 9.92549765625e+04, 9.92549765625e+04, 9.92549765625e+04, 9.92549765625e+04, 9.92549765625e+04, 9.92549765625e+04, 9.92549765625e+04, 9.92549765625e+04, 9.92549765625e+04, 9.92549765625e+04]
buiWitETS.bui.QCoo_flow=[0e+00, -2.12083765625e+05, -2.24322609375e+05, -2.3674165625e+05, -2.4930684375e+05, -2.61988390625e+05, -2.747591875e+05, -2.875861875e+05, -3.0045603125e+05, -3.1331603125e+05, -3.2616646875e+05, -3.3899815625e+05, -3.51748e+05, -3.6442965625e+05, -3.769311875e+05, -3.893386875e+05, -4.016108125e+05, -4.13633125e+05, -4.25463e+05, -4.3700590625e+05, -4.4833428125e+05, -4.5932078125e+05, -4.6999396875e+05, -4.804246875e+05, -4.900604375e+05, -4.9995553125e+05, -5.0940965625e+05, -5.1909025e+05, -5.291776875e+05, -5.393699375e+05, -5.497248125e+05, -5.602178125e+05, -5.705769375e+05, -5.807915625e+05, -5.909758125e+05, -6.010033125e+05, -6.1096575e+05, -6.203398125e+05, -6.295351875e+05, -6.383113125e+05, -6.46604875e+05, -6.543949375e+05, -6.616093125e+05, -6.681879375e+05, -6.740745625e+05, -6.792166875e+05, -6.835656875e+05, -6.870430625e+05, -6.89604875e+05, -6.9118875e+05, -6.91739375e+05, -6.912648125e+05, -6.897863125e+05, -6.87354375e+05, -6.840618125e+05, -6.799354375e+05, -6.750271875e+05, -6.693859375e+05, -6.630655e+05, -6.561154375e+05, -6.485855e+05, -6.405253125e+05, -6.31984e+05, -6.230118125e+05, -6.136585e+05, -6.0397725e+05, -5.9401725e+05, -5.838286875e+05, -5.734618124999999e+05, -5.629669375000001e+05, -5.523945625000001e+05, -5.417951875e+05, -5.311688125e+05, -5.2057396875e+05, -5.1005465625e+05, -4.9965290625e+05, -4.891564375e+05, -4.783548125e+05, -4.6632659375e+05, -4.5378709375e+05, -4.4056221875e+05, -4.2683921875e+05, -4.126489375e+05, -3.9805190625e+05, -3.8308915625e+05, -3.6784109375e+05, -3.523571875e+05, -3.3669484375e+05, -3.209125625e+05, -3.0506834375e+05, -2.8922365625e+05, -2.7344371875e+05, -2.57786984375e+05, -2.42314734375e+05, -2.2712165625e+05, -2.1230515625e+05, -2.018415e+05, -2.14003453125e+05, -2.26315828125e+05, -2.3878528125e+05, -2.51388375e+05]
buiWitETS.ets.sta_a1.T=[2.801499938964844e+02, 2.801499938964844e+02, 2.801499938964844e+02, 2.801499938964844e+02, 2.801499938964844e+02, 2.801499938964844e+02, 2.801499938964844e+02, 2.801499938964844e+02, 2.801499938964844e+02, 2.801499938964844e+02, 2.801499938964844e+02, 2.801499938964844e+02, 2.801499938964844e+02, 2.801499938964844e+02, 2.801499938964844e+02, 2.801499938964844e+02, 2.801499938964844e+02, 2.801499938964844e+02, 2.801499938964844e+02, 2.801499938964844e+02, 2.801499938964844e+02, 2.801499938964844e+02, 2.801499938964844e+02, 2.801499938964844e+02, 2.801499938964844e+02, 2.801499938964844e+02, 2.801499938964844e+02, 2.801499938964844e+02, 2.801499938964844e+02, 2.801499938964844e+02, 2.801499938964844e+02, 2.801499938964844e+02, 2.801499938964844e+02, 2.801499938964844e+02, 2.801499938964844e+02, 2.801499938964844e+02, 2.801499938964844e+02, 2.801499938964844e+02, 2.801499938964844e+02, 2.801499938964844e+02, 2.801499938964844e+02, 2.801499938964844e+02, 2.801499938964844e+02, 2.801499938964844e+02, 2.801499938964844e+02, 2.801499938964844e+02, 2.801499938964844e+02, 2.801499938964844e+02, 2.801499938964844e+02, 2.801499938964844e+02, 2.801499938964844e+02, 2.801499938964844e+02, 2.801499938964844e+02, 2.801499938964844e+02, 2.801499938964844e+02, 2.801499938964844e+02, 2.801499938964844e+02, 2.801499938964844e+02, 2.801499938964844e+02, 2.801499938964844e+02, 2.801499938964844e+02, 2.801499938964844e+02, 2.801499938964844e+02, 2.801499938964844e+02, 2.801499938964844e+02, 2.801499938964844e+02, 2.801499938964844e+02, 2.801499938964844e+02, 2.801499938964844e+02, 2.801499938964844e+02, 2.801499938964844e+02, 2.801499938964844e+02, 2.801499938964844e+02, 2.801499938964844e+02, 2.801499938964844e+02, 2.801499938964844e+02, 2.801499938964844e+02, 2.801499938964844e+02, 2.801499938964844e+02, 2.801499938964844e+02, 2.801499938964844e+02, 2.801499938964844e+02, 2.801499938964844e+02, 2.801499938964844e+02, 2.801499938964844e+02, 2.801499938964844e+02, 2.801499938964844e+02, 2.801499938964844e+02, 2.801499938964844e+02, 2.801499938964844e+02, 2.801499938964844e+02, 2.801499938964844e+02, 2.801499938964844e+02, 2.801499938964844e+02, 2.801499938964844e+02, 2.801499938964844e+02, 2.801499938964844e+02, 2.801499938964844e+02, 2.801499938964844e+02, 2.801499938964844e+02, 2.801499938964844e+02]
buiWitETS.ets.sta_b1.T=[2.931499938964844e+02, 2.801499938964844e+02, 2.801499938964844e+02, 2.801499938964844e+02, 2.801499938964844e+02, 2.801499938964844e+02, 2.801499938964844e+02, 2.801499938964844e+02, 2.801499938964844e+02, 2.801499938964844e+02, 2.801499938964844e+02, 2.801499938964844e+02, 2.801499938964844e+02, 2.801499938964844e+02, 2.801499938964844e+02, 2.801499938964844e+02, 2.801499938964844e+02, 2.801499938964844e+02, 2.801499938964844e+02, 2.801499938964844e+02, 2.801499938964844e+02, 2.801499938964844e+02, 2.801499938964844e+02, 2.801499938964844e+02, 2.801499938964844e+02, 2.801499938964844e+02, 2.801499938964844e+02, 2.801499938964844e+02, 2.801499938964844e+02, 2.801499938964844e+02, 2.801499938964844e+02, 2.801499938964844e+02, 2.801499938964844e+02, 2.801499938964844e+02, 2.801499938964844e+02, 2.801499938964844e+02, 2.801499938964844e+02, 2.801499938964844e+02, 2.801499938964844e+02, 2.801499938964844e+02, 2.801499938964844e+02, 2.801499938964844e+02, 2.801499938964844e+02, 2.801499938964844e+02, 2.801499938964844e+02, 2.801499938964844e+02, 2.801499938964844e+02, 2.801499938964844e+02, 2.801499938964844e+02, 2.801499938964844e+02, 2.801499938964844e+02, 2.801499938964844e+02, 2.801499938964844e+02, 2.801499938964844e+02, 2.801499938964844e+02, 2.801499938964844e+02, 2.801499938964844e+02, 2.801499938964844e+02, 2.801499938964844e+02, 2.801499938964844e+02, 2.801499938964844e+02, 2.801499938964844e+02, 2.801499938964844e+02, 2.801499938964844e+02, 2.801499938964844e+02, 2.801499938964844e+02, 2.801499938964844e+02, 2.801499938964844e+02, 2.801499938964844e+02, 2.801499938964844e+02, 2.801499938964844e+02, 2.801499938964844e+02, 2.801499938964844e+02, 2.801499938964844e+02, 2.801499938964844e+02, 2.801499938964844e+02, 2.801499938964844e+02, 2.801499938964844e+02, 2.801499938964844e+02, 2.801499938964844e+02, 2.801499938964844e+02, 2.801499938964844e+02, 2.801499938964844e+02, 2.801499938964844e+02, 2.801499938964844e+02, 2.801499938964844e+02, 2.801499938964844e+02, 2.801499938964844e+02, 2.801499938964844e+02, 2.801499938964844e+02, 2.801499938964844e+02, 2.801499938964844e+02, 2.801499938964844e+02, 2.801499938964844e+02, 2.801499938964844e+02, 2.801499938964844e+02, 2.801499938964844e+02, 2.801499938964844e+02, 2.801499938964844e+02, 2.801499938964844e+02, 2.801499938964844e+02]
buiWitETS.ets.sta_a2.T=[2.931499938964844e+02, 2.895873413085938e+02, 2.895413818359375e+02, 2.897580261230469e+02, 2.899033813476562e+02, 2.899808349609375e+02, 2.900114135742188e+02, 2.900133056640625e+02, 2.899990539550781e+02, 2.899751892089844e+02, 2.899479064941406e+02, 2.899196472167969e+02, 2.898899230957031e+02, 2.898630065917969e+02, 2.898304138183594e+02, 2.898019409179688e+02, 2.897782287597656e+02, 2.897535095214844e+02, 2.897290649414062e+02, 2.897055969238281e+02, 2.896834106445312e+02, 2.896623840332031e+02, 2.896427612304688e+02, 2.896246337890625e+02, 2.896056823730469e+02, 2.895903015136719e+02, 2.895750732421875e+02, 2.895590515136719e+02, 2.895448608398438e+02, 2.895301513671875e+02, 2.895164489746094e+02, 2.895032348632812e+02, 2.894897766113281e+02, 2.89476806640625e+02, 2.894638671875e+02, 2.894510498046875e+02, 2.894403991699219e+02, 2.894290466308594e+02, 2.894182434082031e+02, 2.894084167480469e+02, 2.893991088867188e+02, 2.893904724121094e+02, 2.893824462890625e+02, 2.893750915527344e+02, 2.89368408203125e+02, 2.893623962402344e+02, 2.893570861816406e+02, 2.893525390625e+02, 2.893486938476562e+02, 2.893456115722656e+02, 2.893433227539062e+02, 2.893418579101562e+02, 2.893412475585938e+02, 2.893414916992188e+02, 2.893425903320312e+02, 2.893445739746094e+02, 2.893474426269531e+02, 2.893511657714844e+02, 2.893556823730469e+02, 2.893609924316406e+02, 2.893671264648438e+02, 2.893740234375e+02, 2.893817443847656e+02, 2.893902587890625e+02, 2.893995666503906e+02, 2.894096374511719e+02, 2.894204406738281e+02, 2.894319763183594e+02, 2.894442138671875e+02, 2.894570922851562e+02, 2.894706115722656e+02, 2.894847717285156e+02, 2.894994812011719e+02, 2.895147399902344e+02, 2.89530517578125e+02, 2.895467834472656e+02, 2.895635070800781e+02, 2.895806579589844e+02, 2.895991516113281e+02, 2.896202392578125e+02, 2.896428833007812e+02, 2.896678466796875e+02, 2.896947631835938e+02, 2.897239074707031e+02, 2.897551574707031e+02, 2.897887268066406e+02, 2.898246459960938e+02, 2.898631896972656e+02, 2.899044494628906e+02, 2.899485473632812e+02, 2.899955444335938e+02, 2.900453186035156e+02, 2.900981140136719e+02, 2.901539611816406e+02, 2.90212158203125e+02, 2.902716064453125e+02, 2.903318176269531e+02, 2.903294677734375e+02, 2.902967529296875e+02, 2.902542419433594e+02, 2.902099914550781e+02]
buiWitETS.ets.sta_b2.T=[2.931499938964844e+02, 2.896058044433594e+02, 2.895361633300781e+02, 2.897535400390625e+02, 2.899008483886719e+02, 2.89979736328125e+02, 2.900111083984375e+02, 2.900134582519531e+02, 2.899993896484375e+02, 2.899756164550781e+02, 2.899483337402344e+02, 2.899201049804688e+02, 2.898904113769531e+02, 2.898630676269531e+02, 2.898323059082031e+02, 2.898034057617188e+02, 2.897779541015625e+02, 2.897537841796875e+02, 2.897288513183594e+02, 2.897063293457031e+02, 2.896832580566406e+02, 2.896627807617188e+02, 2.896435546875e+02, 2.896227111816406e+02, 2.896127014160156e+02, 2.895890502929688e+02, 2.895747985839844e+02, 2.895617980957031e+02, 2.8954638671875e+02, 2.89531982421875e+02, 2.895176391601562e+02, 2.895008239746094e+02, 2.894878845214844e+02, 2.894781799316406e+02, 2.894657897949219e+02, 2.894524230957031e+02, 2.894388732910156e+02, 2.894296264648438e+02, 2.894184265136719e+02, 2.894084167480469e+02, 2.893992004394531e+02, 2.893905334472656e+02, 2.893825073242188e+02, 2.893751525878906e+02, 2.893684692382812e+02, 2.893624572753906e+02, 2.893571472167969e+02, 2.893525695800781e+02, 2.893487243652344e+02, 2.893456420898438e+02, 2.893433532714844e+02, 2.893418579101562e+02, 2.893412475585938e+02, 2.893415222167969e+02, 2.893425903320312e+02, 2.893445434570312e+02, 2.89347412109375e+02, 2.893511352539062e+02, 2.893556518554688e+02, 2.893609619140625e+02, 2.893670654296875e+02, 2.893739624023438e+02, 2.893816528320312e+02, 2.893901672363281e+02, 2.893995056152344e+02, 2.894095458984375e+02, 2.894203491210938e+02, 2.894318542480469e+02, 2.89444091796875e+02, 2.894569702148438e+02, 2.894704895019531e+02, 2.89484619140625e+02, 2.894993286132812e+02, 2.895145568847656e+02, 2.895303344726562e+02, 2.895466003417969e+02, 2.895632934570312e+02, 2.895804443359375e+02, 2.895989074707031e+02, 2.896199645996094e+02, 2.896426086425781e+02, 2.896674194335938e+02, 2.896942138671875e+02, 2.897233276367188e+02, 2.897546997070312e+02, 2.897884521484375e+02, 2.898245544433594e+02, 2.898630981445312e+02, 2.899042053222656e+02, 2.899478759765625e+02, 2.89994140625e+02, 2.900431213378906e+02, 2.900948181152344e+02, 2.901492919921875e+02, 2.902073059082031e+02, 2.902698669433594e+02, 2.903304443359375e+02, 2.903301391601562e+02, 2.902979125976562e+02, 2.902554321289062e+02, 2.902111206054688e+02]
