last-generated=2026-07-06
statistics-simulation=
{
  "linear": " ",
  "nonlinear": "1",
  "number of continuous time states": "5",
  "numerical Jacobians": "0"
}
time=[1.5552e+07, 1.5984e+07]
tow.TAir=[2.875499877929688e+02, 2.875499877929688e+02, 2.873420104980469e+02, 2.873196105957031e+02, 2.880299987792969e+02, 2.8875e+02, 2.928650512695312e+02, 2.939146423339844e+02, 2.951740112304688e+02, 2.976863708496094e+02, 3.009500122070312e+02, 3.058851318359375e+02, 3.048478393554688e+02, 3.021447448730469e+02, 2.995183715820312e+02, 2.9875e+02, 2.975149230957031e+02, 2.92087890625e+02, 2.908569946289062e+02, 2.895588073730469e+02, 2.883500061035156e+02, 2.871499938964844e+02, 2.859238586425781e+02, 2.845185241699219e+02, 2.847707214355469e+02, 2.8575e+02, 2.867289123535156e+02, 2.887908325195312e+02, 2.908976745605469e+02, 2.913082275390625e+02, 2.911499938964844e+02, 2.909500122070312e+02, 2.909500122070312e+02, 2.910436096191406e+02, 2.899307861328125e+02, 2.883500061035156e+02, 2.868519287109375e+02, 2.865304870605469e+02, 2.860600891113281e+02, 2.859500122070312e+02, 2.859500122070312e+02, 2.859356079101562e+02, 2.856700134277344e+02, 2.854299926757812e+02, 2.858696899414062e+02, 2.868500061035156e+02, 2.878500061035156e+02, 2.896499938964844e+02, 2.914500122070312e+02, 2.924169311523438e+02, 2.9275e+02, 2.930833435058594e+02, 2.921298217773438e+02, 2.913081665039062e+02, 2.899100036621094e+02, 2.883500061035156e+02, 2.868519287109375e+02, 2.865304870605469e+02, 2.860600891113281e+02, 2.859500122070312e+02, 2.859500122070312e+02, 2.859665222167969e+02, 2.861915893554688e+02, 2.863923950195312e+02, 2.864500122070312e+02, 2.864500122070312e+02, 2.864959411621094e+02, 2.872424621582031e+02, 2.879100036621094e+02, 2.886300048828125e+02, 2.8925e+02, 2.898099975585938e+02, 2.895700073242188e+02, 2.893299865722656e+02, 2.887166748046875e+02, 2.8775e+02, 2.869483947753906e+02, 2.865296020507812e+02, 2.860875854492188e+02, 2.857900085449219e+02, 2.855499877929688e+02, 2.853644104003906e+02, 2.856300048828125e+02, 2.858699951171875e+02, 2.862721252441406e+02, 2.866499938964844e+02, 2.873099975585938e+02, 2.888699951171875e+02, 2.904299926757812e+02, 2.915182189941406e+02, 2.924500122070312e+02, 2.931374816894531e+02, 2.926300048828125e+02, 2.923192138671875e+02, 2.911700134277344e+02, 2.898500061035156e+02, 2.8875e+02, 2.8875e+02, 2.8875e+02, 2.880703125e+02, 2.868500061035156e+02]
tow.vol.heatPort.Q_flow=[-0e+00, -1.33836728515625e+04, 2.626998147009854e-15, 1.317979030762955e-15, -2.467704453322853e-14, -9.5436845703125e+03, -3.810579345703125e+03, -4.94822509765625e+03, -4.34051025390625e+03, -3.940981689453125e+03, -3.507551025390625e+03, -3.239623779296875e+03, -6.6540478515625e+03, -6.2992001953125e+03, -6.63132470703125e+03, -5.5522431640625e+03, -6.49947900390625e+03, -6.45854150390625e+03, -5.8566044921875e+03, -5.91830859375e+03, -9.2249775390625e+03, -1.17797294921875e+04, -1.4938169921875e+04, -1.183510644562204e-15, -3.82845263671875e+03, -2.05179619903453e-14, -1.3336064453125e+04, -2.452484436035156e+02, -4.21426318359375e+03, -5.4310029296875e+03, -5.32466796875e+03, -5.29763720703125e+03, -5.2566708984375e+03, -5.171171875e+03, -6.06697998046875e+03, -1.259328351912699e-15, 7.545325041852236e-13, 2.750785710325943e-13, -1.57582099609375e+04, 4.630435341823613e-06, 4.987271039940191e-14, -1.57806767578125e+04, -5.360516175910435e-13, -3.919387761947559e-19, 5.287983245727546e-11, -7.523286464292123e-13, 7.835721138803751e-17, 7.408398972614367e-17, -4.4466044921875e+03, -5.10031005859375e+03, -5.0777255859375e+03, -5.297271484375e+03, -5.73351953125e+03, -5.5995830078125e+03, -6.01793408203125e+03, -3.22304697342147e-15, 7.06239428917288e-13, 2.212096337269459e-13, -1.6719005859375e+04, 6.019245120114647e-06, 4.009327117808666e-14, -1.55840087890625e+04, -6.103289531753098e-13, -2.528342682741568e-18, -1.108452619886277e-15, -1.33582568359375e+04, -4.663006786254087e-11, -6.97475768546979e-13, -8.97582421875e+03, -2.263720115492588e-14, -2.489941228122293e-16, -5.2893349609375e+03, -1.591282119094151e-12, -8.2762080078125e+03, -3.36333235838749e-14, -9.9595556640625e+03, -1.20577451171875e+04, 1.992403849726543e-05, 2.765467016880928e-16, -1.7108169921875e+04, 8.185084554579447e-12, -1.433359141549624e-18, -6.330025045797605e-12, 8.503147594677782e-14, -1.41857529296875e+04, 1.717785358401613e-10, -2.533149905115106e-12, -9.0601943359375e+03, -4.928814453125e+03, -4.89317138671875e+03, -4.781650390625e+03, -5.13529248046875e+03, -5.45348486328125e+03, -5.39898681640625e+03, -5.89707568359375e+03, -5.91217822265625e+03, -1.231484261354082e-16, -1.0441177734375e+04, -9.124314453125e+03, -8.770060546875e+03, -1.20071328125e+04]
tow.m_flow=[0e+00, 5e-01, -1.30784221256355e-19, -6.536088456005363e-20, 1.431704987119671e-18, 5e-01, 5e-01, 5e-01, 5e-01, 5e-01, 5e-01, 5e-01, 5e-01, 5e-01, 5e-01, 5e-01, 5e-01, 5e-01, 5e-01, 5e-01, 5e-01, 4.022287428379059e-01, 5e-01, 3.729316003596622e-20, 1.247928142547607e-01, 7.70265985217222e-19, 5e-01, 1.723770424723625e-02, 5e-01, 5e-01, 5e-01, 5e-01, 5e-01, 5e-01, 5e-01, 7.904452630556063e-20, -3.41354145394585e-17, -1.174106199876239e-17, 4.671035706996918e-01, -1.793251380721728e-10, -1.931449359518456e-18, 5e-01, 1.98704648459386e-17, 1.401338034060942e-23, -2.02215775388045e-15, 3.403845573677749e-17, -4.360041139888949e-21, -7.026885571147332e-21, 5e-01, 5e-01, 5e-01, 5e-01, 5e-01, 5e-01, 5e-01, 2.022968674190111e-19, -3.195030445483637e-17, -9.441757149035478e-18, 5e-01, -2.331106419006801e-10, -1.552715203484008e-18, 5e-01, 2.458614210876461e-17, 1.053748785161703e-22, 4.66552192894098e-20, 5e-01, 1.97853576885509e-15, 3.40448945106656e-17, 5e-01, 1.534005618798977e-18, 2.040894001181562e-20, 5e-01, 1.461588437711797e-16, 5e-01, 2.333013286869061e-18, 5e-01, 5e-01, -8.503589499220254e-10, -1.094941884893284e-20, 5e-01, -2.979290161201232e-16, 5.076355581610127e-23, 2.332301779193368e-16, -3.251778923253654e-18, 5e-01, -7.490520722674802e-15, 1.253692538788804e-16, 5e-01, 5e-01, 5e-01, 5e-01, 5e-01, 5e-01, 5e-01, 5e-01, 5e-01, 8.630344492425832e-21, 5e-01, 5e-01, 5e-01, 5e-01]
onOffCon.u=[2.951499938964844e+02, 2.951499938964844e+02]
onOffCon.reference=[2.931499938964844e+02, 2.959407043457031e+02, 2.958030090332031e+02, 2.958427124023438e+02, 2.950973510742188e+02, 2.953069763183594e+02, 2.966842956542969e+02, 2.982771606445312e+02, 2.992463073730469e+02, 3.015679016113281e+02, 3.0462451171875e+02, 3.094317016601562e+02, 3.100249633789062e+02, 3.071524047851562e+02, 3.046846618652344e+02, 3.034009704589844e+02, 3.026182556152344e+02, 2.971716613769531e+02, 2.956532897949219e+02, 2.943845825195312e+02, 2.947548217773438e+02, 2.961445007324219e+02, 2.950569152832031e+02, 2.951388854980469e+02, 2.94102783203125e+02, 2.956771545410156e+02, 2.950968627929688e+02, 2.961524963378906e+02, 2.949096984863281e+02, 2.959013061523438e+02, 2.956922912597656e+02, 2.954793701171875e+02, 2.954598083496094e+02, 2.955125732421875e+02, 2.948275756835938e+02, 2.954400939941406e+02, 2.947640075683594e+02, 2.953491821289062e+02, 2.961156921386719e+02, 2.941500549316406e+02, 2.9533642578125e+02, 2.95470947265625e+02, 2.945918273925781e+02, 2.960216064453125e+02, 2.943418273925781e+02, 2.95187744140625e+02, 2.951240234375e+02, 2.954511413574219e+02, 2.955729675292969e+02, 2.968520812988281e+02, 2.971743469238281e+02, 2.97612548828125e+02, 2.968673400878906e+02, 2.959817504882812e+02, 2.947833557128906e+02, 2.954861450195312e+02, 2.947996215820312e+02, 2.953838806152344e+02, 2.960435791015625e+02, 2.941831970214844e+02, 2.953695068359375e+02, 2.95407958984375e+02, 2.943812561035156e+02, 2.953348693847656e+02, 2.961433410644531e+02, 2.948285827636719e+02, 2.943772277832031e+02, 2.946890869140625e+02, 2.941958312988281e+02, 2.961153869628906e+02, 2.960586853027344e+02, 2.943354187011719e+02, 2.947527770996094e+02, 2.9528173828125e+02, 2.957314453125e+02, 2.945055847167969e+02, 2.947059326171875e+02, 2.941854248046875e+02, 2.950916137695312e+02, 2.959592895507812e+02, 2.944691467285156e+02, 2.959751281738281e+02, 2.943005065917969e+02, 2.956173400878906e+02, 2.950458679199219e+02, 2.942153625488281e+02, 2.945988159179688e+02, 2.951961059570312e+02, 2.947832336425781e+02, 2.958544616699219e+02, 2.967329711914062e+02, 2.975893249511719e+02, 2.972337951660156e+02, 2.9689697265625e+02, 2.959856262207031e+02, 2.946728515625e+02, 2.958736267089844e+02, 2.957355651855469e+02, 2.951067199707031e+02, 2.942579040527344e+02, 2.945833740234375e+02]
