last-generated=2023-11-15
statistics-simulation=
{
  "linear": " ",
  "nonlinear": " ",
  "number of continuous time states": "2",
  "numerical Jacobians": "0"
}
time=[0e+00, 3.6e+03]
chi.refCyc.sigBus.TConInMea=[3.031499938964844e+02, 3.031499938964844e+02, 3.051499938964844e+02, 3.111499938964844e+02, 3.131499938964844e+02, 3.131499938964844e+02, 3.131499938964844e+02, 3.131499938964844e+02, 3.131499938964844e+02, 3.131499938964844e+02, 3.131499938964844e+02, 3.131499938964844e+02, 3.131499938964844e+02, 3.131499938964844e+02, 3.131499938964844e+02, 3.131499938964844e+02, 3.131499938964844e+02, 3.131499938964844e+02, 3.131499938964844e+02, 3.131499938964844e+02, 3.131499938964844e+02, 3.131499938964844e+02, 3.131499938964844e+02, 3.131499938964844e+02, 3.131499938964844e+02, 3.131499938964844e+02, 3.131499938964844e+02, 3.131499938964844e+02, 3.131499938964844e+02, 3.131499938964844e+02, 3.131499938964844e+02, 3.131499938964844e+02, 3.131499938964844e+02, 3.131499938964844e+02, 3.131499938964844e+02, 3.131499938964844e+02, 3.131499938964844e+02, 3.131499938964844e+02, 3.131499938964844e+02, 3.131499938964844e+02, 3.131499938964844e+02, 3.131499938964844e+02, 3.131499938964844e+02, 3.131499938964844e+02, 3.131499938964844e+02, 3.131499938964844e+02, 3.131499938964844e+02, 3.131499938964844e+02, 3.131499938964844e+02, 3.131499938964844e+02, 3.131499938964844e+02, 3.131499938964844e+02, 3.131499938964844e+02, 3.131499938964844e+02, 3.131499938964844e+02, 3.131499938964844e+02, 3.131499938964844e+02, 3.131499938964844e+02, 3.131499938964844e+02, 3.131499938964844e+02, 3.131499938964844e+02, 3.131499938964844e+02, 3.131499938964844e+02, 3.131499938964844e+02, 3.131499938964844e+02, 3.131499938964844e+02, 3.131499938964844e+02, 3.131499938964844e+02, 3.131499938964844e+02, 3.131499938964844e+02, 3.131499938964844e+02, 3.131499938964844e+02, 3.131499938964844e+02, 3.131499938964844e+02, 3.131499938964844e+02, 3.131499938964844e+02, 3.131499938964844e+02, 3.131499938964844e+02, 3.131499938964844e+02, 3.131499938964844e+02, 3.131499938964844e+02, 3.131499938964844e+02, 3.131499938964844e+02, 3.131499938964844e+02, 3.131499938964844e+02, 3.131499938964844e+02, 3.131499938964844e+02, 3.131499938964844e+02, 3.131499938964844e+02, 3.131499938964844e+02, 3.131499938964844e+02, 3.131499938964844e+02, 3.131499938964844e+02, 3.131499938964844e+02, 3.131499938964844e+02, 3.131499938964844e+02, 3.131499938964844e+02, 3.131499938964844e+02, 3.131499938964844e+02, 3.131499938964844e+02, 3.131499938964844e+02]
chi.refCyc.sigBus.TConOutMea=[2.931499938964844e+02, 3.099316711425781e+02, 3.113283386230469e+02, 3.172862243652344e+02, 3.198943786621094e+02, 3.198954772949219e+02, 3.198955078125e+02, 3.198954772949219e+02, 3.198954772949219e+02, 3.198954772949219e+02, 3.198954772949219e+02, 3.198954772949219e+02, 3.198954772949219e+02, 3.198954772949219e+02, 3.198954772949219e+02, 3.198954772949219e+02, 3.198954772949219e+02, 3.198954772949219e+02, 3.198954772949219e+02, 3.198954772949219e+02, 3.198954772949219e+02, 3.198954772949219e+02, 3.198954772949219e+02, 3.198954772949219e+02, 3.198954772949219e+02, 3.198954772949219e+02, 3.20698974609375e+02, 3.213759765625e+02, 3.21382080078125e+02, 3.21382080078125e+02, 3.21382080078125e+02, 3.21382080078125e+02, 3.21382080078125e+02, 3.21382080078125e+02, 3.21382080078125e+02, 3.21382080078125e+02, 3.21382080078125e+02, 3.21382080078125e+02, 3.21382080078125e+02, 3.21382080078125e+02, 3.21382080078125e+02, 3.21382080078125e+02, 3.21382080078125e+02, 3.21382080078125e+02, 3.21382080078125e+02, 3.21382080078125e+02, 3.21382080078125e+02, 3.21382080078125e+02, 3.21382080078125e+02, 3.21382080078125e+02, 3.21382080078125e+02, 3.211178894042969e+02, 3.208219604492188e+02, 3.205234680175781e+02, 3.202221984863281e+02, 3.199182434082031e+02, 3.196115417480469e+02, 3.193019714355469e+02, 3.189895629882812e+02, 3.186742248535156e+02, 3.1835595703125e+02, 3.180346069335938e+02, 3.17710205078125e+02, 3.173827209472656e+02, 3.170520629882812e+02, 3.167181701660156e+02, 3.163810119628906e+02, 3.160404968261719e+02, 3.156965942382812e+02, 3.153492431640625e+02, 3.149983825683594e+02, 3.146439208984375e+02, 3.142858581542969e+02, 3.13924072265625e+02, 3.135585021972656e+02, 3.131890869140625e+02, 3.131499938964844e+02, 3.131499938964844e+02, 3.131499938964844e+02, 3.131499938964844e+02, 3.131499938964844e+02, 3.131499938964844e+02, 3.131499938964844e+02, 3.131499938964844e+02, 3.131499938964844e+02, 3.131499938964844e+02, 3.131499938964844e+02, 3.131499938964844e+02, 3.131499938964844e+02, 3.131499938964844e+02, 3.131499938964844e+02, 3.131499938964844e+02, 3.131499938964844e+02, 3.131499938964844e+02, 3.131499938964844e+02, 3.131499938964844e+02, 3.131499938964844e+02, 3.131499938964844e+02, 3.131499938964844e+02, 3.131499938964844e+02, 3.131499938964844e+02]
chi.refCyc.sigBus.TEvaOutMea=[2.931499938964844e+02, 2.822333679199219e+02, 2.822798461914062e+02, 2.82477783203125e+02, 2.825715637207031e+02, 2.825715637207031e+02, 2.825715637207031e+02, 2.825715637207031e+02, 2.825715637207031e+02, 2.825715637207031e+02, 2.825715637207031e+02, 2.825715637207031e+02, 2.825715637207031e+02, 2.825715637207031e+02, 2.825715637207031e+02, 2.825715637207031e+02, 2.825715637207031e+02, 2.825715637207031e+02, 2.825715637207031e+02, 2.825715637207031e+02, 2.825715637207031e+02, 2.825715637207031e+02, 2.825715637207031e+02, 2.825715637207031e+02, 2.825715637207031e+02, 2.825715637207031e+02, 2.873955383300781e+02, 2.910716247558594e+02, 2.9107177734375e+02, 2.9107177734375e+02, 2.9107177734375e+02, 2.9107177734375e+02, 2.9107177734375e+02, 2.9107177734375e+02, 2.9107177734375e+02, 2.9107177734375e+02, 2.9107177734375e+02, 2.9107177734375e+02, 2.9107177734375e+02, 2.9107177734375e+02, 2.9107177734375e+02, 2.9107177734375e+02, 2.9107177734375e+02, 2.9107177734375e+02, 2.9107177734375e+02, 2.9107177734375e+02, 2.9107177734375e+02, 2.9107177734375e+02, 2.9107177734375e+02, 2.9107177734375e+02, 2.9107177734375e+02, 2.913076477050781e+02, 2.915572814941406e+02, 2.918096008300781e+02, 2.920646057128906e+02, 2.923223876953125e+02, 2.925829467773438e+02, 2.928463745117188e+02, 2.931126708984375e+02, 2.933819274902344e+02, 2.936541442871094e+02, 2.939294128417969e+02, 2.94207763671875e+02, 2.944892578125e+02, 2.947739562988281e+02, 2.950618896484375e+02, 2.953531494140625e+02, 2.956477661132812e+02, 2.959457702636719e+02, 2.962472839355469e+02, 2.965523376464844e+02, 2.968609924316406e+02, 2.9717333984375e+02, 2.974893798828125e+02, 2.978092346191406e+02, 2.981329956054688e+02, 2.981499938964844e+02, 2.981499938964844e+02, 2.981499938964844e+02, 2.981499938964844e+02, 2.981499938964844e+02, 2.981499938964844e+02, 2.981499938964844e+02, 2.981499938964844e+02, 2.981499938964844e+02, 2.981499938964844e+02, 2.981499938964844e+02, 2.981499938964844e+02, 2.981499938964844e+02, 2.981499938964844e+02, 2.981499938964844e+02, 2.981499938964844e+02, 2.981499938964844e+02, 2.981499938964844e+02, 2.981499938964844e+02, 2.981499938964844e+02, 2.981499938964844e+02, 2.981499938964844e+02, 2.981499938964844e+02, 2.981499938964844e+02, 2.981499938964844e+02]
chi.refCyc.sigBus.TEvaInMea=[2.881499938964844e+02, 2.881499938964844e+02, 2.881499938964844e+02, 2.881499938964844e+02, 2.881499938964844e+02, 2.881499938964844e+02, 2.881499938964844e+02, 2.881499938964844e+02, 2.881499938964844e+02, 2.881499938964844e+02, 2.881499938964844e+02, 2.881499938964844e+02, 2.881499938964844e+02, 2.881499938964844e+02, 2.881499938964844e+02, 2.881499938964844e+02, 2.881499938964844e+02, 2.881499938964844e+02, 2.881499938964844e+02, 2.881499938964844e+02, 2.881499938964844e+02, 2.881499938964844e+02, 2.881499938964844e+02, 2.881499938964844e+02, 2.881499938964844e+02, 2.881499938964844e+02, 2.941499938964844e+02, 2.981499938964844e+02, 2.981499938964844e+02, 2.981499938964844e+02, 2.981499938964844e+02, 2.981499938964844e+02, 2.981499938964844e+02, 2.981499938964844e+02, 2.981499938964844e+02, 2.981499938964844e+02, 2.981499938964844e+02, 2.981499938964844e+02, 2.981499938964844e+02, 2.981499938964844e+02, 2.981499938964844e+02, 2.981499938964844e+02, 2.981499938964844e+02, 2.981499938964844e+02, 2.981499938964844e+02, 2.981499938964844e+02, 2.981499938964844e+02, 2.981499938964844e+02, 2.981499938964844e+02, 2.981499938964844e+02, 2.981499938964844e+02, 2.981499938964844e+02, 2.981499938964844e+02, 2.981499938964844e+02, 2.981499938964844e+02, 2.981499938964844e+02, 2.981499938964844e+02, 2.981499938964844e+02, 2.981499938964844e+02, 2.981499938964844e+02, 2.981499938964844e+02, 2.981499938964844e+02, 2.981499938964844e+02, 2.981499938964844e+02, 2.981499938964844e+02, 2.981499938964844e+02, 2.981499938964844e+02, 2.981499938964844e+02, 2.981499938964844e+02, 2.981499938964844e+02, 2.981499938964844e+02, 2.981499938964844e+02, 2.981499938964844e+02, 2.981499938964844e+02, 2.981499938964844e+02, 2.981499938964844e+02, 2.981499938964844e+02, 2.981499938964844e+02, 2.981499938964844e+02, 2.981499938964844e+02, 2.981499938964844e+02, 2.981499938964844e+02, 2.981499938964844e+02, 2.981499938964844e+02, 2.981499938964844e+02, 2.981499938964844e+02, 2.981499938964844e+02, 2.981499938964844e+02, 2.981499938964844e+02, 2.981499938964844e+02, 2.981499938964844e+02, 2.981499938964844e+02, 2.981499938964844e+02, 2.981499938964844e+02, 2.981499938964844e+02, 2.981499938964844e+02, 2.981499938964844e+02, 2.981499938964844e+02, 2.981499938964844e+02, 2.981499938964844e+02, 2.981499938964844e+02]
chi.QCon_flow=[1.6309075e+06, 1.42794925e+06, 1.42825875e+06, 1.423627875e+06, 1.42007675e+06, 1.42007675e+06, 1.42007675e+06, 1.42007675e+06, 1.42007675e+06, 1.42007675e+06, 1.42007675e+06, 1.42007675e+06, 1.42007675e+06, 1.42007675e+06, 1.42007675e+06, 1.42007675e+06, 1.42007675e+06, 1.42007675e+06, 1.42007675e+06, 1.42007675e+06, 1.42007675e+06, 1.42007675e+06, 1.42007675e+06, 1.42007675e+06, 1.42007675e+06, 1.42007675e+06, 1.610409e+06, 1.733033875e+06, 1.73303875e+06, 1.73303875e+06, 1.73303875e+06, 1.73303875e+06, 1.73303875e+06, 1.73303875e+06, 1.73303875e+06, 1.73303875e+06, 1.73303875e+06, 1.73303875e+06, 1.73303875e+06, 1.73303875e+06, 1.73303875e+06, 1.73303875e+06, 1.73303875e+06, 1.73303875e+06, 1.73303875e+06, 1.73303875e+06, 1.73303875e+06, 1.73303875e+06, 1.73303875e+06, 1.73303875e+06, 1.73303875e+06, 1.670885125e+06, 1.608535375e+06, 1.545627625e+06, 1.482153125e+06, 1.418102375e+06, 1.35346625e+06, 1.288235e+06, 1.222398875e+06, 1.155947875e+06, 1.088871875e+06, 1.0211601875e+06, 9.5280225e+05, 8.83787125e+05, 8.141035625e+05, 7.437401875e+05, 6.726853125e+05, 6.00926875e+05, 5.28452625e+05, 4.5525015625e+05, 3.813065e+05, 3.0660853125e+05, 2.3114284375e+05, 1.54895640625e+05, 7.78528515625e+04, 0e+00, 0e+00, 0e+00, 0e+00, 0e+00, 0e+00, 0e+00, 0e+00, 0e+00, 0e+00, 0e+00, 0e+00, 0e+00, 0e+00, 0e+00, 0e+00, 0e+00, 0e+00, 0e+00, 0e+00, 0e+00, 0e+00, 0e+00, 0e+00, 0e+00, 0e+00]
chi.QEva_flow=[-1.425055875e+06, -1.223745375e+06, -1.21240375e+06, -1.170515875e+06, -1.15379225e+06, -1.15379225e+06, -1.15379225e+06, -1.15379225e+06, -1.15379225e+06, -1.15379225e+06, -1.15379225e+06, -1.15379225e+06, -1.15379225e+06, -1.15379225e+06, -1.15379225e+06, -1.15379225e+06, -1.15379225e+06, -1.15379225e+06, -1.15379225e+06, -1.15379225e+06, -1.15379225e+06, -1.15379225e+06, -1.15379225e+06, -1.15379225e+06, -1.15379225e+06, -1.15379225e+06, -1.3426085e+06, -1.463988625e+06, -1.4639935e+06, -1.463993375e+06, -1.463993375e+06, -1.463993375e+06, -1.463993375e+06, -1.463993375e+06, -1.463993375e+06, -1.463993375e+06, -1.463993375e+06, -1.463993375e+06, -1.463993375e+06, -1.463993375e+06, -1.463993375e+06, -1.463993375e+06, -1.463993375e+06, -1.463993375e+06, -1.463993375e+06, -1.463993375e+06, -1.463993375e+06, -1.463993375e+06, -1.463993375e+06, -1.463993375e+06, -1.463993375e+06, -1.4125255e+06, -1.3608635e+06, -1.3086495e+06, -1.2558745e+06, -1.202529625e+06, -1.1486055e+06, -1.094092625e+06, -1.038981375e+06, -9.832616875e+05, -9.269235625e+05, -8.69956625e+05, -8.1235025e+05, -7.540936875e+05, -6.951758125e+05, -6.355853125e+05, -5.75310625e+05, -5.1433990625e+05, -4.52661e+05, -3.9026153125e+05, -3.2712878125e+05, -2.6324975e+05, -1.9861115625e+05, -1.33199359375e+05, -6.70003984375e+04, -0e+00, -0e+00, -0e+00, -0e+00, -0e+00, -0e+00, -0e+00, -0e+00, -0e+00, -0e+00, -0e+00, -0e+00, -0e+00, -0e+00, -0e+00, -0e+00, -0e+00, -0e+00, -0e+00, -0e+00, -0e+00, -0e+00, -0e+00, -0e+00, -0e+00, -0e+00]
chi.P=[2.05851609375e+05, 2.04203890625e+05, 2.15854984375e+05, 2.5311209375e+05, 2.6628453125e+05, 2.6628453125e+05, 2.6628453125e+05, 2.6628453125e+05, 2.6628453125e+05, 2.6628453125e+05, 2.6628453125e+05, 2.6628453125e+05, 2.6628453125e+05, 2.6628453125e+05, 2.6628453125e+05, 2.6628453125e+05, 2.6628453125e+05, 2.6628453125e+05, 2.6628453125e+05, 2.6628453125e+05, 2.6628453125e+05, 2.6628453125e+05, 2.6628453125e+05, 2.6628453125e+05, 2.6628453125e+05, 2.6628453125e+05, 2.6780053125e+05, 2.6904521875e+05, 2.6904528125e+05, 2.6904528125e+05, 2.6904528125e+05, 2.6904528125e+05, 2.6904528125e+05, 2.6904528125e+05, 2.6904528125e+05, 2.6904528125e+05, 2.6904528125e+05, 2.6904528125e+05, 2.6904528125e+05, 2.6904528125e+05, 2.6904528125e+05, 2.6904528125e+05, 2.6904528125e+05, 2.6904528125e+05, 2.6904528125e+05, 2.6904528125e+05, 2.6904528125e+05, 2.6904528125e+05, 2.6904528125e+05, 2.6904528125e+05, 2.6904528125e+05, 2.58359625e+05, 2.47671890625e+05, 2.3697821875e+05, 2.262785156249999e+05, 2.155727031249999e+05, 2.048606718749999e+05, 1.941423125e+05, 1.8341753125e+05, 1.7268621875e+05, 1.61948265625e+05, 1.512035625e+05, 1.40451984375e+05, 1.296934296875e+05, 1.18927765625e+05, 1.08154890625e+05, 9.73746640625e+04, 8.65869609375e+04, 7.579165625e+04, 6.498861328125e+04, 5.41776953125e+04, 4.3358765625e+04, 3.25316796875e+04, 2.1696291015625e+04, 1.08524482421875e+04, 0e+00, 0e+00, 0e+00, 0e+00, 0e+00, 0e+00, 0e+00, 0e+00, 0e+00, 0e+00, 0e+00, 0e+00, 0e+00, 0e+00, 0e+00, 0e+00, 0e+00, 0e+00, 0e+00, 0e+00, 0e+00, 0e+00, 0e+00, 0e+00, 0e+00, 0e+00]
chi.refCyc.sigBus.ySet=[1e+00, 1e+00, 1e+00, 1e+00, 1e+00, 1e+00, 1e+00, 1e+00, 1e+00, 1e+00, 1e+00, 1e+00, 1e+00, 1e+00, 1e+00, 1e+00, 1e+00, 1e+00, 1e+00, 1e+00, 1e+00, 1e+00, 1e+00, 1e+00, 1e+00, 1e+00, 1e+00, 1e+00, 1e+00, 1e+00, 1e+00, 1e+00, 1e+00, 1e+00, 1e+00, 1e+00, 1e+00, 1e+00, 1e+00, 1e+00, 1e+00, 1e+00, 1e+00, 1e+00, 1e+00, 1e+00, 1e+00, 1e+00, 1e+00, 1e+00, 1e+00, 9.599999785423279e-01, 9.200000166893005e-01, 8.799999952316284e-01, 8.399999737739561e-01, 8.000000119209287e-01, 7.599999904632566e-01, 7.200000286102295e-01, 6.800000071525574e-01, 6.399999856948853e-01, 6.000000238418579e-01, 5.600000023841858e-01, 5.199999809265137e-01, 4.799999892711639e-01, 4.399999976158142e-01, 4.000000059604645e-01, 3.600000143051147e-01, 3.199999928474426e-01, 2.800000011920929e-01, 2.39999994635582e-01, 2.000000029802322e-01, 1.599999964237213e-01, 1.19999997317791e-01, 7.999999821186066e-02, 3.999999910593033e-02, 0e+00, 0e+00, 0e+00, 0e+00, 0e+00, 0e+00, 0e+00, 0e+00, 0e+00, 0e+00, 0e+00, 0e+00, 0e+00, 0e+00, 0e+00, 0e+00, 0e+00, 0e+00, 0e+00, 0e+00, 0e+00, 0e+00, 0e+00, 0e+00, 0e+00, 0e+00]
chi.refCyc.sigBus.yMea=[1e+00, 1e+00, 1e+00, 1e+00, 1e+00, 1e+00, 1e+00, 1e+00, 1e+00, 1e+00, 1e+00, 1e+00, 1e+00, 1e+00, 1e+00, 1e+00, 1e+00, 1e+00, 1e+00, 1e+00, 1e+00, 1e+00, 1e+00, 1e+00, 1e+00, 1e+00, 1e+00, 1e+00, 1e+00, 1e+00, 1e+00, 1e+00, 1e+00, 1e+00, 1e+00, 1e+00, 1e+00, 1e+00, 1e+00, 1e+00, 1e+00, 1e+00, 1e+00, 1e+00, 1e+00, 1e+00, 1e+00, 1e+00, 1e+00, 1e+00, 1e+00, 9.599999785423279e-01, 9.200000166893005e-01, 8.799999952316284e-01, 8.399999737739561e-01, 8.000000119209287e-01, 7.599999904632566e-01, 7.200000286102295e-01, 6.800000071525574e-01, 6.399999856948853e-01, 6.000000238418579e-01, 5.600000023841858e-01, 5.199999809265137e-01, 4.799999892711639e-01, 4.399999976158142e-01, 4.000000059604645e-01, 3.600000143051147e-01, 3.199999928474426e-01, 2.800000011920929e-01, 2.39999994635582e-01, 2.000000029802322e-01, 1.599999964237213e-01, 1.19999997317791e-01, 7.999999821186066e-02, 3.999999910593033e-02, 0e+00, 0e+00, 0e+00, 0e+00, 0e+00, 0e+00, 0e+00, 0e+00, 0e+00, 0e+00, 0e+00, 0e+00, 0e+00, 0e+00, 0e+00, 0e+00, 0e+00, 0e+00, 0e+00, 0e+00, 0e+00, 0e+00, 0e+00, 0e+00, 0e+00, 0e+00]
