last-generated=2026-07-06
statistics-simulation=
{
  "linear": "0, 0, 0, 0, 0, 0, 0, 0, 0, 0",
  "nonlinear": "0, 0, 0, 0",
  "number of continuous time states": "36",
  "numerical Jacobians": "0"
}
time=[7.344e+06, 7.776e+06]
flo.TAirCor=[2.751499938964844e+02, 2.947670593261719e+02, 2.946196594238281e+02, 2.945826721191406e+02, 2.945663452148438e+02, 2.944137573242188e+02, 2.957666625976562e+02, 2.964344482421875e+02, 2.969031982421875e+02, 2.972967834472656e+02, 2.975946655273438e+02, 2.982633056640625e+02, 2.986143798828125e+02, 2.987939453125e+02, 2.977396545410156e+02, 2.969330749511719e+02, 2.96406982421875e+02, 2.960881042480469e+02, 2.958956909179688e+02, 2.95578857421875e+02, 2.953676147460938e+02, 2.952189331054688e+02, 2.949079284667969e+02, 2.9463232421875e+02, 2.942877807617188e+02, 2.940551452636719e+02, 2.955460510253906e+02, 2.963059692382812e+02, 2.965072326660156e+02, 2.968524780273438e+02, 2.967037963867188e+02, 2.970069885253906e+02, 2.969121704101562e+02, 2.971014709472656e+02, 2.959812622070312e+02, 2.952609558105469e+02, 2.949258117675781e+02, 2.946275634765625e+02, 2.943605346679688e+02, 2.941356506347656e+02, 2.939169006347656e+02, 2.938056030273438e+02, 2.93644287109375e+02, 2.935444641113281e+02, 2.935273132324219e+02, 2.935261840820312e+02, 2.945572204589844e+02, 2.954481811523438e+02, 2.9597021484375e+02, 2.964042053222656e+02, 2.964073181152344e+02, 2.969873657226562e+02, 2.97093994140625e+02, 2.969398498535156e+02, 2.954568786621094e+02, 2.946835327148438e+02, 2.942158508300781e+02, 2.937803344726562e+02, 2.936466674804688e+02, 2.936042175292969e+02, 2.935667419433594e+02, 2.935388793945312e+02, 2.935160217285156e+02, 2.934935302734375e+02, 2.934825439453125e+02, 2.934853820800781e+02, 2.939051513671875e+02, 2.944879150390625e+02, 2.947557373046875e+02, 2.947331237792969e+02, 2.945497131347656e+02, 2.948046875e+02, 2.949035339355469e+02, 2.946593933105469e+02, 2.940027465820312e+02, 2.936293334960938e+02, 2.935696105957031e+02, 2.935421447753906e+02, 2.935114135742188e+02, 2.934816284179688e+02, 2.934489135742188e+02, 2.934268798828125e+02, 2.933920593261719e+02, 2.933347473144531e+02, 2.933817749023438e+02, 2.933945922851562e+02, 2.938346862792969e+02, 2.942009887695312e+02, 2.944813232421875e+02, 2.947540283203125e+02, 2.946283874511719e+02, 2.949051818847656e+02, 2.946168212890625e+02, 2.944515991210938e+02, 2.937332153320312e+02, 2.935857849121094e+02, 2.935351257324219e+02, 2.935135803222656e+02, 2.934545288085938e+02, 2.934521484375e+02, 2.93377685546875e+02]
flo.TAirSou=[2.751499938964844e+02, 2.942062377929688e+02, 2.940385131835938e+02, 2.940445251464844e+02, 2.940679931640625e+02, 2.938298950195312e+02, 2.952011413574219e+02, 2.959249267578125e+02, 2.964000549316406e+02, 2.969399719238281e+02, 2.980162963867188e+02, 2.987978820800781e+02, 2.990165100097656e+02, 2.990647277832031e+02, 2.978414611816406e+02, 2.967628784179688e+02, 2.961896667480469e+02, 2.958529968261719e+02, 2.956576843261719e+02, 2.953747863769531e+02, 2.950265197753906e+02, 2.947798461914062e+02, 2.944697570800781e+02, 2.944022216796875e+02, 2.939425354003906e+02, 2.937263793945312e+02, 2.951307678222656e+02, 2.958953247070312e+02, 2.961648864746094e+02, 2.965394592285156e+02, 2.963772583007812e+02, 2.967101440429688e+02, 2.966233215332031e+02, 2.967669067382812e+02, 2.955852966308594e+02, 2.948467407226562e+02, 2.945123291015625e+02, 2.942030639648438e+02, 2.939403381347656e+02, 2.937475280761719e+02, 2.935713195800781e+02, 2.934609375e+02, 2.932553405761719e+02, 2.93149658203125e+02, 2.931497802734375e+02, 2.931498413085938e+02, 2.941399536132812e+02, 2.950468444824219e+02, 2.956215515136719e+02, 2.96134521484375e+02, 2.962091979980469e+02, 2.967965087890625e+02, 2.969232482910156e+02, 2.966224060058594e+02, 2.95142578125e+02, 2.942842712402344e+02, 2.938006286621094e+02, 2.933819885253906e+02, 2.93149169921875e+02, 2.931499633789062e+02, 2.931499938964844e+02, 2.931490173339844e+02, 2.931495666503906e+02, 2.931497497558594e+02, 2.931499633789062e+02, 2.931499938964844e+02, 2.934971923828125e+02, 2.940773620605469e+02, 2.944136352539062e+02, 2.945692749023438e+02, 2.943592529296875e+02, 2.947749938964844e+02, 2.948115539550781e+02, 2.94602783203125e+02, 2.935984497070312e+02, 2.931501770019531e+02, 2.931481018066406e+02, 2.931495361328125e+02, 2.931498107910156e+02, 2.9314990234375e+02, 2.931499938964844e+02, 2.93149169921875e+02, 2.931496887207031e+02, 2.931497497558594e+02, 2.931500244140625e+02, 2.931500549316406e+02, 2.932998657226562e+02, 2.936327209472656e+02, 2.937038269042969e+02, 2.939767456054688e+02, 2.940447692871094e+02, 2.942879333496094e+02, 2.936978759765625e+02, 2.936018371582031e+02, 2.931496276855469e+02, 2.931490173339844e+02, 2.931492919921875e+02, 2.931572265625e+02, 2.931499938964844e+02, 2.931499328613281e+02, 2.931499328613281e+02]
flo.TAirNor=[2.751499938964844e+02, 2.945412292480469e+02, 2.944231262207031e+02, 2.943777770996094e+02, 2.943517456054688e+02, 2.942072143554688e+02, 2.95531494140625e+02, 2.961965942382812e+02, 2.966228942871094e+02, 2.970428771972656e+02, 2.972896728515625e+02, 2.979515686035156e+02, 2.983187561035156e+02, 2.984858093261719e+02, 2.974548950195312e+02, 2.965874328613281e+02, 2.960409545898438e+02, 2.957218627929688e+02, 2.955419311523438e+02, 2.952657470703125e+02, 2.950330200195312e+02, 2.94936279296875e+02, 2.947254638671875e+02, 2.940175170898438e+02, 2.937495422363281e+02, 2.934215087890625e+02, 2.951036987304688e+02, 2.958307189941406e+02, 2.959185485839844e+02, 2.962884826660156e+02, 2.962557983398438e+02, 2.9644287109375e+02, 2.961670837402344e+02, 2.966621398925781e+02, 2.95535400390625e+02, 2.948214416503906e+02, 2.944970397949219e+02, 2.941967468261719e+02, 2.93935302734375e+02, 2.937460327148438e+02, 2.935695190429688e+02, 2.934552917480469e+02, 2.932618103027344e+02, 2.931496276855469e+02, 2.931498107910156e+02, 2.931498413085938e+02, 2.94143798828125e+02, 2.950118408203125e+02, 2.955549926757812e+02, 2.960174560546875e+02, 2.960505676269531e+02, 2.966261901855469e+02, 2.965725402832031e+02, 2.965391235351562e+02, 2.949757385253906e+02, 2.942695922851562e+02, 2.938059997558594e+02, 2.931478881835938e+02, 2.931478881835938e+02, 2.931508178710938e+02, 2.931499633789062e+02, 2.931481018066406e+02, 2.931495666503906e+02, 2.931487731933594e+02, 2.931504821777344e+02, 2.931500854492188e+02, 2.931578674316406e+02, 2.940484924316406e+02, 2.943544311523438e+02, 2.940053100585938e+02, 2.939734802246094e+02, 2.940116577148438e+02, 2.94105224609375e+02, 2.937894287109375e+02, 2.934899597167969e+02, 2.931498718261719e+02, 2.931504821777344e+02, 2.931495971679688e+02, 2.9314990234375e+02, 2.931498718261719e+02, 2.931499938964844e+02, 2.931492614746094e+02, 2.931497192382812e+02, 2.931497497558594e+02, 2.931500244140625e+02, 2.931500854492188e+02, 2.933273315429688e+02, 2.937576599121094e+02, 2.941246948242188e+02, 2.944619445800781e+02, 2.943472290039062e+02, 2.946177062988281e+02, 2.945290222167969e+02, 2.943572082519531e+02, 2.932472534179688e+02, 2.931499938964844e+02, 2.931483154296875e+02, 2.931495971679688e+02, 2.931499938964844e+02, 2.9314990234375e+02, 2.931499328613281e+02]
flo.TAirEas=[2.751499938964844e+02, 2.945115356445312e+02, 2.943906555175781e+02, 2.943413696289062e+02, 2.943118286132812e+02, 2.941666259765625e+02, 2.955074768066406e+02, 2.961507873535156e+02, 2.9658056640625e+02, 2.970367126464844e+02, 2.972766723632812e+02, 2.979571533203125e+02, 2.983260192871094e+02, 2.984773864746094e+02, 2.974453430175781e+02, 2.965475158691406e+02, 2.959986572265625e+02, 2.956775817871094e+02, 2.954923706054688e+02, 2.9493896484375e+02, 2.949708862304688e+02, 2.948846435546875e+02, 2.946851196289062e+02, 2.943143005371094e+02, 2.938428649902344e+02, 2.936522216796875e+02, 2.951434020996094e+02, 2.958262634277344e+02, 2.960731506347656e+02, 2.964036865234375e+02, 2.961619262695312e+02, 2.963604125976562e+02, 2.964853210449219e+02, 2.962355041503906e+02, 2.954414978027344e+02, 2.947596740722656e+02, 2.944332885742188e+02, 2.9412841796875e+02, 2.938665466308594e+02, 2.9367919921875e+02, 2.935076599121094e+02, 2.933985900878906e+02, 2.931938781738281e+02, 2.931496887207031e+02, 2.931498107910156e+02, 2.931498107910156e+02, 2.940981140136719e+02, 2.949978942871094e+02, 2.955448608398438e+02, 2.959960632324219e+02, 2.960280151367188e+02, 2.965998840332031e+02, 2.967311096191406e+02, 2.961419982910156e+02, 2.945748291015625e+02, 2.938762512207031e+02, 2.933607788085938e+02, 2.931561279296875e+02, 2.931493225097656e+02, 2.931499938964844e+02, 2.931499938964844e+02, 2.931491088867188e+02, 2.931495361328125e+02, 2.931449584960938e+02, 2.931507873535156e+02, 2.931501159667969e+02, 2.931547241210938e+02, 2.934319763183594e+02, 2.935725708007812e+02, 2.936993713378906e+02, 2.934772338867188e+02, 2.937826232910156e+02, 2.93875244140625e+02, 2.935460510253906e+02, 2.931522827148438e+02, 2.931513671875e+02, 2.931471557617188e+02, 2.931488952636719e+02, 2.931517028808594e+02, 2.931504821777344e+02, 2.931495666503906e+02, 2.931484375e+02, 2.931497802734375e+02, 2.93148681640625e+02, 2.931532592773438e+02, 2.93151123046875e+02, 2.931593017578125e+02, 2.933892517089844e+02, 2.9407421875e+02, 2.944109802246094e+02, 2.942867736816406e+02, 2.945419006347656e+02, 2.944548034667969e+02, 2.942671203613281e+02, 2.931554565429688e+02, 2.931499938964844e+02, 2.931481323242188e+02, 2.931495361328125e+02, 2.931499938964844e+02, 2.931499328613281e+02, 2.931499633789062e+02]
flo.TAirWes=[2.751499938964844e+02, 2.945852661132812e+02, 2.944867248535156e+02, 2.944265441894531e+02, 2.943912963867188e+02, 2.942388916015625e+02, 2.955043029785156e+02, 2.95838134765625e+02, 2.965894470214844e+02, 2.967785339355469e+02, 2.970574035644531e+02, 2.977011413574219e+02, 2.982889709472656e+02, 2.986398620605469e+02, 2.97413330078125e+02, 2.967372131347656e+02, 2.961130676269531e+02, 2.957779846191406e+02, 2.955923156738281e+02, 2.95322021484375e+02, 2.950833435058594e+02, 2.949874877929688e+02, 2.943694152832031e+02, 2.94284912109375e+02, 2.939130249023438e+02, 2.937046203613281e+02, 2.950650329589844e+02, 2.958150634765625e+02, 2.960915832519531e+02, 2.964217224121094e+02, 2.962507629394531e+02, 2.965864562988281e+02, 2.96544677734375e+02, 2.967118835449219e+02, 2.955409240722656e+02, 2.948059387207031e+02, 2.944655456542969e+02, 2.941577453613281e+02, 2.938905944824219e+02, 2.935463562011719e+02, 2.932161254882812e+02, 2.931660461425781e+02, 2.9314990234375e+02, 2.931510009765625e+02, 2.931498413085938e+02, 2.931498107910156e+02, 2.939418029785156e+02, 2.949270935058594e+02, 2.954798583984375e+02, 2.959549255371094e+02, 2.960042114257812e+02, 2.965928955078125e+02, 2.967803344726562e+02, 2.965315856933594e+02, 2.951210327148438e+02, 2.942782592773438e+02, 2.937617492675781e+02, 2.933526611328125e+02, 2.931493530273438e+02, 2.931499633789062e+02, 2.931499938964844e+02, 2.931490173339844e+02, 2.931495666503906e+02, 2.931497497558594e+02, 2.931499938964844e+02, 2.931499938964844e+02, 2.934294738769531e+02, 2.939830932617188e+02, 2.942923583984375e+02, 2.944095153808594e+02, 2.941883850097656e+02, 2.94573486328125e+02, 2.946979370117188e+02, 2.945576782226562e+02, 2.935812683105469e+02, 2.931501770019531e+02, 2.931480407714844e+02, 2.931495971679688e+02, 2.931498718261719e+02, 2.9314990234375e+02, 2.931499938964844e+02, 2.93149169921875e+02, 2.931496887207031e+02, 2.931498107910156e+02, 2.931500549316406e+02, 2.931500854492188e+02, 2.932237854003906e+02, 2.936724243164062e+02, 2.940463562011719e+02, 2.942165222167969e+02, 2.938419189453125e+02, 2.938867797851562e+02, 2.938143005371094e+02, 2.9339404296875e+02, 2.931466979980469e+02, 2.931495056152344e+02, 2.931493530273438e+02, 2.931445617675781e+02, 2.931508483886719e+02, 2.931508483886719e+02, 2.931508483886719e+02]
hea[1].conPID.y=[1e+00, 0e+00, 0e+00, 0e+00, 0e+00, 0e+00, 0e+00, 0e+00, 0e+00, 0e+00, 0e+00, 0e+00, 0e+00, 0e+00, 0e+00, 0e+00, 0e+00, 0e+00, 0e+00, 0e+00, 0e+00, 0e+00, 0e+00, 0e+00, 0e+00, 0e+00, 0e+00, 0e+00, 0e+00, 0e+00, 0e+00, 0e+00, 0e+00, 0e+00, 0e+00, 0e+00, 0e+00, 0e+00, 0e+00, 0e+00, 0e+00, 0e+00, 0e+00, 1.621972396969795e-02, 3.250144049525261e-02, 4.064232856035233e-02, 0e+00, 0e+00, 0e+00, 0e+00, 0e+00, 0e+00, 0e+00, 0e+00, 0e+00, 0e+00, 0e+00, 0e+00, 1.540328026749194e-03, 2.979603596031666e-02, 5.44901080429554e-02, 6.972181051969528e-02, 8.212407678365707e-02, 9.794728457927704e-02, 1.085879802703857e-01, 1.088386401534081e-01, 0e+00, 0e+00, 0e+00, 0e+00, 0e+00, 0e+00, 0e+00, 0e+00, 0e+00, 6.716481875628233e-03, 5.483973771333694e-02, 7.236162573099136e-02, 9.062955528497696e-02, 1.093390211462975e-01, 1.262266784906387e-01, 1.394526809453964e-01, 1.520439833402634e-01, 1.640264987945557e-01, 1.613146066665649e-01, 1.525765061378479e-01, 0e+00, 0e+00, 0e+00, 0e+00, 0e+00, 0e+00, 0e+00, 0e+00, 9.503480046987534e-02, 2.28822186589241e-01, 2.863022685050964e-01, 2.048692405223846e-01, 1.410606354475021e-01, 1.557969152927399e-01, 1.857713758945465e-01]
hea[2].conPID.y=[1e+00, 0e+00, 0e+00, 0e+00, 0e+00, 0e+00, 0e+00, 0e+00, 0e+00, 0e+00, 0e+00, 0e+00, 0e+00, 0e+00, 0e+00, 0e+00, 0e+00, 0e+00, 0e+00, 0e+00, 0e+00, 0e+00, 0e+00, 0e+00, 0e+00, 0e+00, 0e+00, 0e+00, 0e+00, 0e+00, 0e+00, 0e+00, 0e+00, 0e+00, 0e+00, 0e+00, 0e+00, 0e+00, 0e+00, 0e+00, 0e+00, 0e+00, 0e+00, 2.659591101109982e-02, 4.22806590795517e-02, 4.274917393922806e-02, 0e+00, 0e+00, 0e+00, 0e+00, 0e+00, 0e+00, 0e+00, 0e+00, 0e+00, 0e+00, 0e+00, 0e+00, 2.012062259018421e-02, 4.444132000207901e-02, 6.68259859085083e-02, 8.010637015104294e-02, 9.213807433843613e-02, 1.795304119586945e-01, 2.128872275352478e-01, 1.806636303663254e-01, 8.184446021914482e-03, 0e+00, 0e+00, 0e+00, 0e+00, 0e+00, 0e+00, 0e+00, 1.349278539419174e-01, 1.75608217716217e-01, 2.314645946025848e-01, 2.975901961326599e-01, 2.963695526123047e-01, 2.89208859205246e-01, 3.017440736293793e-01, 3.439698219299316e-01, 3.708673715591431e-01, 3.951941430568695e-01, 3.419120907783508e-01, 3.387893438339233e-01, 7.287180423736572e-02, 0e+00, 0e+00, 0e+00, 0e+00, 0e+00, 0e+00, 0e+00, 0e+00, 7.024154812097549e-02, 1.047648414969444e-01, 1.239337846636772e-01, 1.444245576858521e-01, 1.60082146525383e-01, 1.895611733198166e-01]
hea[3].conPID.y=[1e+00, 0e+00, 0e+00, 0e+00, 0e+00, 0e+00, 0e+00, 0e+00, 0e+00, 0e+00, 0e+00, 0e+00, 0e+00, 0e+00, 0e+00, 0e+00, 0e+00, 0e+00, 0e+00, 0e+00, 0e+00, 0e+00, 0e+00, 0e+00, 0e+00, 0e+00, 0e+00, 0e+00, 0e+00, 0e+00, 0e+00, 0e+00, 0e+00, 0e+00, 0e+00, 0e+00, 0e+00, 0e+00, 0e+00, 0e+00, 0e+00, 0e+00, 0e+00, 1.395452581346035e-02, 2.929382957518101e-02, 3.687639161944389e-02, 0e+00, 0e+00, 0e+00, 0e+00, 0e+00, 0e+00, 0e+00, 0e+00, 0e+00, 0e+00, 0e+00, 5.332164838910103e-02, 1.247124746441841e-01, 1.413147151470184e-01, 1.882385909557343e-01, 1.712672710418701e-01, 2.052213847637177e-01, 2.283614426851273e-01, 2.335203737020493e-01, 2.072861045598984e-01, 1.255801599472761e-02, 0e+00, 0e+00, 0e+00, 0e+00, 0e+00, 0e+00, 0e+00, 0e+00, 6.221742182970047e-02, 9.485632181167603e-02, 7.493419200181961e-02, 9.012598544359207e-02, 1.089644581079483e-01, 1.247349753975868e-01, 1.368651837110519e-01, 1.471942663192749e-01, 1.581277996301651e-01, 1.537384539842606e-01, 1.446262449026108e-01, 0e+00, 0e+00, 0e+00, 0e+00, 0e+00, 0e+00, 0e+00, 0e+00, 0e+00, 5.156095325946808e-02, 8.57173427939415e-02, 1.036357283592224e-01, 1.242940947413445e-01, 1.391111612319946e-01, 1.69415608048439e-01]
hea[4].conPID.y=[1e+00, 0e+00, 0e+00, 0e+00, 0e+00, 0e+00, 0e+00, 0e+00, 0e+00, 0e+00, 0e+00, 0e+00, 0e+00, 0e+00, 0e+00, 0e+00, 0e+00, 0e+00, 0e+00, 0e+00, 0e+00, 0e+00, 0e+00, 0e+00, 0e+00, 0e+00, 0e+00, 0e+00, 0e+00, 0e+00, 0e+00, 0e+00, 0e+00, 0e+00, 0e+00, 0e+00, 0e+00, 0e+00, 0e+00, 0e+00, 0e+00, 0e+00, 6.312057375907898e-02, 5.532605946063995e-02, 4.131229221820831e-02, 4.905810207128525e-02, 0e+00, 0e+00, 0e+00, 0e+00, 0e+00, 0e+00, 0e+00, 0e+00, 0e+00, 0e+00, 0e+00, 0e+00, 9.212750010192394e-03, 3.664275258779526e-02, 5.99152036011219e-02, 7.492462545633316e-02, 8.694770187139511e-02, 1.026792675256729e-01, 1.13535463809967e-01, 1.146189570426941e-01, 0e+00, 0e+00, 0e+00, 0e+00, 0e+00, 0e+00, 0e+00, 0e+00, 0e+00, 1.063963398337364e-02, 6.497205793857574e-02, 8.148214966058731e-02, 9.879899770021439e-02, 1.17933489382267e-01, 1.34286031126976e-01, 1.471575200557709e-01, 1.580193489789963e-01, 1.688908785581589e-01, 1.670053452253342e-01, 1.58503919839859e-01, 0e+00, 0e+00, 0e+00, 0e+00, 0e+00, 0e+00, 0e+00, 0e+00, 2.17383936047554e-01, 2.721478044986725e-01, 3.326499164104462e-01, 3.294964730739594e-01, 3.923011422157288e-01, 3.742404580116272e-01, 3.700456023216248e-01]
hea[5].conPID.y=[1e+00, 0e+00, 0e+00, 0e+00, 0e+00, 0e+00, 0e+00, 0e+00, 0e+00, 0e+00, 0e+00, 0e+00, 0e+00, 0e+00, 0e+00, 0e+00, 0e+00, 0e+00, 0e+00, 0e+00, 0e+00, 0e+00, 0e+00, 0e+00, 0e+00, 0e+00, 0e+00, 0e+00, 0e+00, 0e+00, 0e+00, 0e+00, 0e+00, 0e+00, 0e+00, 0e+00, 0e+00, 0e+00, 0e+00, 0e+00, 0e+00, 0e+00, 0e+00, 0e+00, 0e+00, 0e+00, 0e+00, 0e+00, 0e+00, 0e+00, 0e+00, 0e+00, 0e+00, 0e+00, 0e+00, 0e+00, 0e+00, 0e+00, 0e+00, 0e+00, 0e+00, 0e+00, 0e+00, 0e+00, 0e+00, 0e+00, 0e+00, 0e+00, 0e+00, 0e+00, 0e+00, 0e+00, 0e+00, 0e+00, 0e+00, 0e+00, 0e+00, 0e+00, 0e+00, 0e+00, 0e+00, 0e+00, 0e+00, 0e+00, 0e+00, 0e+00, 0e+00, 0e+00, 0e+00, 0e+00, 0e+00, 0e+00, 0e+00, 0e+00, 0e+00, 0e+00, 0e+00, 0e+00, 0e+00, 0e+00, 0e+00]
flo.sou.heaPorAir.Q_flow=[7.9415e+03, 0e+00, 0e+00, 0e+00, 0e+00, 0e+00, 0e+00, 0e+00, 0e+00, 0e+00, 0e+00, 0e+00, 0e+00, 0e+00, 0e+00, 0e+00, 0e+00, 0e+00, 0e+00, 0e+00, 0e+00, 0e+00, 0e+00, 0e+00, 0e+00, 0e+00, 0e+00, 0e+00, 0e+00, 0e+00, 0e+00, 0e+00, 0e+00, 0e+00, 0e+00, 0e+00, 0e+00, 0e+00, 0e+00, 0e+00, 0e+00, 0e+00, 0e+00, 1.288089294433594e+02, 2.581101989746094e+02, 3.227610473632812e+02, 0e+00, 0e+00, 0e+00, 0e+00, 0e+00, 0e+00, 0e+00, 0e+00, 0e+00, 0e+00, 0e+00, 0e+00, 1.223251533508301e+01, 2.366252136230469e+02, 4.327332153320312e+02, 5.536957397460938e+02, 6.521883544921875e+02, 7.778483276367188e+02, 8.623514404296875e+02, 8.64342041015625e+02, 0e+00, 0e+00, 0e+00, 0e+00, 0e+00, 0e+00, 0e+00, 0e+00, 0e+00, 5.333894348144531e+01, 4.355097961425781e+02, 5.746598510742188e+02, 7.19734619140625e+02, 8.683158569335938e+02, 1.00242919921875e+03, 1.107463500976562e+03, 1.207457397460938e+03, 1.302616455078125e+03, 1.281079956054688e+03, 1.211686279296875e+03, 0e+00, 0e+00, 0e+00, 0e+00, 0e+00, 0e+00, 0e+00, 0e+00, 7.547188720703125e+02, 1.817191284179688e+03, 2.27366943359375e+03, 1.626969116210938e+03, 1.120233032226562e+03, 1.237261108398438e+03, 1.475303344726562e+03]
flo.eas.heaPorAir.Q_flow=[4.711e+03, 0e+00, 0e+00, 0e+00, 0e+00, 0e+00, 0e+00, 0e+00, 0e+00, 0e+00, 0e+00, 0e+00, 0e+00, 0e+00, 0e+00, 0e+00, 0e+00, 0e+00, 0e+00, 0e+00, 0e+00, 0e+00, 0e+00, 0e+00, 0e+00, 0e+00, 0e+00, 0e+00, 0e+00, 0e+00, 0e+00, 0e+00, 0e+00, 0e+00, 0e+00, 0e+00, 0e+00, 0e+00, 0e+00, 0e+00, 0e+00, 0e+00, 0e+00, 1.252933349609375e+02, 1.991841888427734e+02, 2.01391357421875e+02, 0e+00, 0e+00, 0e+00, 0e+00, 0e+00, 0e+00, 0e+00, 0e+00, 0e+00, 0e+00, 0e+00, 0e+00, 9.478825378417969e+01, 2.093630523681641e+02, 3.148172302246094e+02, 3.77381103515625e+02, 4.340624694824219e+02, 8.457677612304688e+02, 1.002911682128906e+03, 8.511063232421875e+02, 3.855692291259766e+01, 0e+00, 0e+00, 0e+00, 0e+00, 0e+00, 0e+00, 0e+00, 6.356451416015625e+02, 8.272903442382812e+02, 1.0904296875e+03, 1.401947387695312e+03, 1.396197021484375e+03, 1.362462890625e+03, 1.421516235351562e+03, 1.62044189453125e+03, 1.747156127929688e+03, 1.861759643554688e+03, 1.610747802734375e+03, 1.59603662109375e+03, 3.432990417480469e+02, 0e+00, 0e+00, 0e+00, 0e+00, 0e+00, 0e+00, 0e+00, 0e+00, 3.309079284667969e+02, 4.935471801757812e+02, 5.8385205078125e+02, 6.803840942382812e+02, 7.5414697265625e+02, 8.93022705078125e+02]
flo.nor.heaPorAir.Q_flow=[7.9415e+03, 0e+00, 0e+00, 0e+00, 0e+00, 0e+00, 0e+00, 0e+00, 0e+00, 0e+00, 0e+00, 0e+00, 0e+00, 0e+00, 0e+00, 0e+00, 0e+00, 0e+00, 0e+00, 0e+00, 0e+00, 0e+00, 0e+00, 0e+00, 0e+00, 0e+00, 0e+00, 0e+00, 0e+00, 0e+00, 0e+00, 0e+00, 0e+00, 0e+00, 0e+00, 0e+00, 0e+00, 0e+00, 0e+00, 0e+00, 0e+00, 0e+00, 0e+00, 1.108198623657227e+02, 2.326369476318359e+02, 2.928538513183594e+02, 0e+00, 0e+00, 0e+00, 0e+00, 0e+00, 0e+00, 0e+00, 0e+00, 0e+00, 0e+00, 0e+00, 4.23453857421875e+02, 9.904041137695312e+02, 1.122250854492188e+03, 1.494896850585938e+03, 1.360119018554688e+03, 1.629765625e+03, 1.813532470703125e+03, 1.854501953125e+03, 1.64616259765625e+03, 9.972948455810547e+01, 0e+00, 0e+00, 0e+00, 0e+00, 0e+00, 0e+00, 0e+00, 0e+00, 4.940996704101562e+02, 7.53301513671875e+02, 5.9508984375e+02, 7.157355346679688e+02, 8.653412475585938e+02, 9.905828247070312e+02, 1.086914794921875e+03, 1.168943359375e+03, 1.25577197265625e+03, 1.220913940429688e+03, 1.14854931640625e+03, 0e+00, 0e+00, 0e+00, 0e+00, 0e+00, 0e+00, 0e+00, 0e+00, 0e+00, 4.094713134765625e+02, 6.807243041992188e+02, 8.230231323242188e+02, 9.8708154296875e+02, 1.104751220703125e+03, 1.3454140625e+03]
flo.wes.heaPorAir.Q_flow=[4.711e+03, 0e+00, 0e+00, 0e+00, 0e+00, 0e+00, 0e+00, 0e+00, 0e+00, 0e+00, 0e+00, 0e+00, 0e+00, 0e+00, 0e+00, 0e+00, 0e+00, 0e+00, 0e+00, 0e+00, 0e+00, 0e+00, 0e+00, 0e+00, 0e+00, 0e+00, 0e+00, 0e+00, 0e+00, 0e+00, 0e+00, 0e+00, 0e+00, 0e+00, 0e+00, 0e+00, 0e+00, 0e+00, 0e+00, 0e+00, 0e+00, 0e+00, 2.973610229492188e+02, 2.606410827636719e+02, 1.946222076416016e+02, 2.311127319335938e+02, 0e+00, 0e+00, 0e+00, 0e+00, 0e+00, 0e+00, 0e+00, 0e+00, 0e+00, 0e+00, 0e+00, 0e+00, 4.340126419067383e+01, 1.726240081787109e+02, 2.822605285644531e+02, 3.529699096679688e+02, 4.096106262207031e+02, 4.837220153808594e+02, 5.348655395507812e+02, 5.399699096679688e+02, 0e+00, 0e+00, 0e+00, 0e+00, 0e+00, 0e+00, 0e+00, 0e+00, 0e+00, 5.012331390380859e+01, 3.060833740234375e+02, 3.838623962402344e+02, 4.654420776367188e+02, 5.555846557617188e+02, 6.326214599609375e+02, 6.93259033203125e+02, 7.4442919921875e+02, 7.956449584960938e+02, 7.8676220703125e+02, 7.467119750976562e+02, 0e+00, 0e+00, 0e+00, 0e+00, 0e+00, 0e+00, 0e+00, 0e+00, 1.024095703125e+03, 1.28208837890625e+03, 1.56711376953125e+03, 1.552257934570312e+03, 1.848130615234375e+03, 1.763046752929688e+03, 1.743284912109375e+03]
flo.cor.heaPorAir.Q_flow=[1.0476017578125e+04, 0e+00, 0e+00, 0e+00, 0e+00, 0e+00, 0e+00, 0e+00, 0e+00, 0e+00, 0e+00, 0e+00, 0e+00, 0e+00, 0e+00, 0e+00, 0e+00, 0e+00, 0e+00, 0e+00, 0e+00, 0e+00, 0e+00, 0e+00, 0e+00, 0e+00, 0e+00, 0e+00, 0e+00, 0e+00, 0e+00, 0e+00, 0e+00, 0e+00, 0e+00, 0e+00, 0e+00, 0e+00, 0e+00, 0e+00, 0e+00, 0e+00, 0e+00, 0e+00, 0e+00, 0e+00, 0e+00, 0e+00, 0e+00, 0e+00, 0e+00, 0e+00, 0e+00, 0e+00, 0e+00, 0e+00, 0e+00, 0e+00, 0e+00, 0e+00, 0e+00, 0e+00, 0e+00, 0e+00, 0e+00, 0e+00, 0e+00, 0e+00, 0e+00, 0e+00, 0e+00, 0e+00, 0e+00, 0e+00, 0e+00, 0e+00, 0e+00, 0e+00, 0e+00, 0e+00, 0e+00, 0e+00, 0e+00, 0e+00, 0e+00, 0e+00, 0e+00, 0e+00, 0e+00, 0e+00, 0e+00, 0e+00, 0e+00, 0e+00, 0e+00, 0e+00, 0e+00, 0e+00, 0e+00, 0e+00, 0e+00]
EHea.y=[0e+00, 2.2425558e+07, 2.2425558e+07, 2.2425558e+07, 2.2425558e+07, 2.2425558e+07, 2.2425558e+07, 2.2425558e+07, 2.2425558e+07, 2.2425558e+07, 2.2425558e+07, 2.2425558e+07, 2.2425558e+07, 2.2425558e+07, 2.2425558e+07, 2.2425558e+07, 2.2425558e+07, 2.2425558e+07, 2.2425558e+07, 2.2425558e+07, 2.2425558e+07, 2.2425558e+07, 2.2425558e+07, 2.2425558e+07, 2.2425558e+07, 2.2425558e+07, 2.2425558e+07, 2.2425558e+07, 2.2425558e+07, 2.2425558e+07, 2.2425558e+07, 2.2425558e+07, 2.2425558e+07, 2.2425558e+07, 2.2425558e+07, 2.2425558e+07, 2.2425558e+07, 2.2425558e+07, 2.2425558e+07, 2.2425558e+07, 2.2425558e+07, 2.2425558e+07, 2.3244008e+07, 2.5031158e+07, 2.8296428e+07, 3.239135e+07, 3.4610672e+07, 3.4610672e+07, 3.4610672e+07, 3.4610672e+07, 3.4610672e+07, 3.4610672e+07, 3.4610672e+07, 3.4610672e+07, 3.4610672e+07, 3.4610672e+07, 3.4610672e+07, 3.5367516e+07, 3.8264496e+07, 4.5043272e+07, 5.4370988e+07, 6.5345736e+07, 7.7931248e+07, 9.2430552e+07, 1.10608312e+08, 1.28104944e+08, 1.40891024e+08, 1.41014048e+08, 1.41014048e+08, 1.41014048e+08, 1.41014048e+08, 1.41014048e+08, 1.41014048e+08, 1.41014048e+08, 1.42991712e+08, 1.4740032e+08, 1.56334688e+08, 1.68046448e+08, 1.81668544e+08, 1.9655304e+08, 2.13352816e+08, 2.31860336e+08, 2.52135376e+08, 2.7370752e+08, 2.96167232e+08, 3.16616736e+08, 3.31463872e+08, 3.31895296e+08, 3.31895296e+08, 3.31895296e+08, 3.31895296e+08, 3.31895296e+08, 3.31895296e+08, 3.31895296e+08, 3.35720416e+08, 3.4942512e+08, 3.68591552e+08, 3.8908112e+08, 4.08345568e+08, 4.28818944e+08, 4.51697088e+08]
ECoo.y=[0e+00, -4.174353125e+05, -4.174353125e+05, -4.174353125e+05, -4.174353125e+05, -4.174353125e+05, -4.174353125e+05, -4.174353125e+05, -4.174353125e+05, -4.174353125e+05, -4.174353125e+05, -4.174353125e+05, -4.174353125e+05, -4.174353125e+05, -4.174353125e+05, -4.174353125e+05, -4.174353125e+05, -4.174353125e+05, -4.174353125e+05, -4.174353125e+05, -4.174353125e+05, -4.174353125e+05, -4.174353125e+05, -4.174353125e+05, -4.174353125e+05, -4.174353125e+05, -4.174353125e+05, -4.174353125e+05, -4.174353125e+05, -4.174353125e+05, -4.174353125e+05, -4.174353125e+05, -4.174353125e+05, -4.174353125e+05, -4.174353125e+05, -4.174353125e+05, -4.174353125e+05, -4.174353125e+05, -4.174353125e+05, -4.174353125e+05, -4.174353125e+05, -4.174353125e+05, -4.174353125e+05, -4.174353125e+05, -4.174353125e+05, -4.174353125e+05, -4.174353125e+05, -4.174353125e+05, -4.174353125e+05, -4.174353125e+05, -4.174353125e+05, -4.174353125e+05, -4.174353125e+05, -4.174353125e+05, -4.174353125e+05, -4.174353125e+05, -4.174353125e+05, -4.174353125e+05, -4.174353125e+05, -4.174353125e+05, -4.174353125e+05, -4.174353125e+05, -4.174353125e+05, -4.174353125e+05, -4.174353125e+05, -4.174353125e+05, -4.174353125e+05, -4.174353125e+05, -4.174353125e+05, -4.174353125e+05, -4.174353125e+05, -4.174353125e+05, -4.174353125e+05, -4.174353125e+05, -4.174353125e+05, -4.174353125e+05, -4.174353125e+05, -4.174353125e+05, -4.174353125e+05, -4.174353125e+05, -4.174353125e+05, -4.174353125e+05, -4.174353125e+05, -4.174353125e+05, -4.174353125e+05, -4.174353125e+05, -4.174353125e+05, -4.174353125e+05, -4.174353125e+05, -4.174353125e+05, -4.174353125e+05, -4.174353125e+05, -4.174353125e+05, -4.174353125e+05, -4.174353125e+05, -4.174353125e+05, -4.174353125e+05, -4.174353125e+05, -4.174353125e+05, -4.174353125e+05, -4.174353125e+05]
coo[1].conPID.y=[0e+00, 0e+00, 0e+00, 0e+00, 0e+00, 0e+00, 0e+00, 0e+00, 0e+00, 0e+00, 0e+00, 0e+00, 0e+00, 0e+00, 0e+00, 0e+00, 0e+00, 0e+00, 0e+00, 0e+00, 0e+00, 0e+00, 0e+00, 0e+00, 0e+00, 0e+00, 0e+00, 0e+00, 0e+00, 0e+00, 0e+00, 0e+00, 0e+00, 0e+00, 0e+00, 0e+00, 0e+00, 0e+00, 0e+00, 0e+00, 0e+00, 0e+00, 0e+00, 0e+00, 0e+00, 0e+00, 0e+00, 0e+00, 0e+00, 0e+00, 0e+00, 0e+00, 0e+00, 0e+00, 0e+00, 0e+00, 0e+00, 0e+00, 0e+00, 0e+00, 0e+00, 0e+00, 0e+00, 0e+00, 0e+00, 0e+00, 0e+00, 0e+00, 0e+00, 0e+00, 0e+00, 0e+00, 0e+00, 0e+00, 0e+00, 0e+00, 0e+00, 0e+00, 0e+00, 0e+00, 0e+00, 0e+00, 0e+00, 0e+00, 0e+00, 0e+00, 0e+00, 0e+00, 0e+00, 0e+00, 0e+00, 0e+00, 0e+00, 0e+00, 0e+00, 0e+00, 0e+00, 0e+00, 0e+00, 0e+00, 0e+00]
coo[2].conPID.y=[0e+00, 0e+00, 0e+00, 0e+00, 0e+00, 0e+00, 0e+00, 0e+00, 0e+00, 0e+00, 0e+00, 0e+00, 0e+00, 0e+00, 0e+00, 0e+00, 0e+00, 0e+00, 0e+00, 0e+00, 0e+00, 0e+00, 0e+00, 0e+00, 0e+00, 0e+00, 0e+00, 0e+00, 0e+00, 0e+00, 0e+00, 0e+00, 0e+00, 0e+00, 0e+00, 0e+00, 0e+00, 0e+00, 0e+00, 0e+00, 0e+00, 0e+00, 0e+00, 0e+00, 0e+00, 0e+00, 0e+00, 0e+00, 0e+00, 0e+00, 0e+00, 0e+00, 0e+00, 0e+00, 0e+00, 0e+00, 0e+00, 0e+00, 0e+00, 0e+00, 0e+00, 0e+00, 0e+00, 0e+00, 0e+00, 0e+00, 0e+00, 0e+00, 0e+00, 0e+00, 0e+00, 0e+00, 0e+00, 0e+00, 0e+00, 0e+00, 0e+00, 0e+00, 0e+00, 0e+00, 0e+00, 0e+00, 0e+00, 0e+00, 0e+00, 0e+00, 0e+00, 0e+00, 0e+00, 0e+00, 0e+00, 0e+00, 0e+00, 0e+00, 0e+00, 0e+00, 0e+00, 0e+00, 0e+00, 0e+00, 0e+00]
coo[3].conPID.y=[0e+00, 0e+00, 0e+00, 0e+00, 0e+00, 0e+00, 0e+00, 0e+00, 0e+00, 0e+00, 0e+00, 0e+00, 0e+00, 0e+00, 0e+00, 0e+00, 0e+00, 0e+00, 0e+00, 0e+00, 0e+00, 0e+00, 0e+00, 0e+00, 0e+00, 0e+00, 0e+00, 0e+00, 0e+00, 0e+00, 0e+00, 0e+00, 0e+00, 0e+00, 0e+00, 0e+00, 0e+00, 0e+00, 0e+00, 0e+00, 0e+00, 0e+00, 0e+00, 0e+00, 0e+00, 0e+00, 0e+00, 0e+00, 0e+00, 0e+00, 0e+00, 0e+00, 0e+00, 0e+00, 0e+00, 0e+00, 0e+00, 0e+00, 0e+00, 0e+00, 0e+00, 0e+00, 0e+00, 0e+00, 0e+00, 0e+00, 0e+00, 0e+00, 0e+00, 0e+00, 0e+00, 0e+00, 0e+00, 0e+00, 0e+00, 0e+00, 0e+00, 0e+00, 0e+00, 0e+00, 0e+00, 0e+00, 0e+00, 0e+00, 0e+00, 0e+00, 0e+00, 0e+00, 0e+00, 0e+00, 0e+00, 0e+00, 0e+00, 0e+00, 0e+00, 0e+00, 0e+00, 0e+00, 0e+00, 0e+00, 0e+00]
coo[4].conPID.y=[0e+00, 0e+00, 0e+00, 0e+00, 0e+00, 0e+00, 0e+00, 0e+00, 0e+00, 0e+00, 0e+00, 0e+00, 0e+00, 0e+00, 0e+00, 0e+00, 0e+00, 0e+00, 0e+00, 0e+00, 0e+00, 0e+00, 0e+00, 0e+00, 0e+00, 0e+00, 0e+00, 0e+00, 0e+00, 0e+00, 0e+00, 0e+00, 0e+00, 0e+00, 0e+00, 0e+00, 0e+00, 0e+00, 0e+00, 0e+00, 0e+00, 0e+00, 0e+00, 0e+00, 0e+00, 0e+00, 0e+00, 0e+00, 0e+00, 0e+00, 0e+00, 0e+00, 0e+00, 0e+00, 0e+00, 0e+00, 0e+00, 0e+00, 0e+00, 0e+00, 0e+00, 0e+00, 0e+00, 0e+00, 0e+00, 0e+00, 0e+00, 0e+00, 0e+00, 0e+00, 0e+00, 0e+00, 0e+00, 0e+00, 0e+00, 0e+00, 0e+00, 0e+00, 0e+00, 0e+00, 0e+00, 0e+00, 0e+00, 0e+00, 0e+00, 0e+00, 0e+00, 0e+00, 0e+00, 0e+00, 0e+00, 0e+00, 0e+00, 0e+00, 0e+00, 0e+00, 0e+00, 0e+00, 0e+00, 0e+00, 0e+00]
coo[5].conPID.y=[0e+00, 0e+00, 0e+00, 0e+00, 0e+00, 0e+00, 0e+00, 0e+00, 0e+00, 0e+00, 0e+00, 0e+00, 0e+00, 0e+00, 0e+00, 0e+00, 0e+00, 0e+00, 0e+00, 0e+00, 0e+00, 0e+00, 0e+00, 0e+00, 0e+00, 0e+00, 0e+00, 0e+00, 0e+00, 0e+00, 0e+00, 0e+00, 0e+00, 0e+00, 0e+00, 0e+00, 0e+00, 0e+00, 0e+00, 0e+00, 0e+00, 0e+00, 0e+00, 0e+00, 0e+00, 0e+00, 0e+00, 0e+00, 0e+00, 0e+00, 0e+00, 0e+00, 0e+00, 0e+00, 0e+00, 0e+00, 0e+00, 0e+00, 0e+00, 0e+00, 0e+00, 0e+00, 0e+00, 0e+00, 0e+00, 0e+00, 0e+00, 0e+00, 0e+00, 0e+00, 0e+00, 0e+00, 0e+00, 0e+00, 0e+00, 0e+00, 0e+00, 0e+00, 0e+00, 0e+00, 0e+00, 0e+00, 0e+00, 0e+00, 0e+00, 0e+00, 0e+00, 0e+00, 0e+00, 0e+00, 0e+00, 0e+00, 0e+00, 0e+00, 0e+00, 0e+00, 0e+00, 0e+00, 0e+00, 0e+00, 0e+00]
