last-generated=2020-02-18
statistics-initialization=
{
  "linear": "5, 5, 5, 5, 5, 5"
}
statistics-simulation=
{
  "linear": "3, 0, 3, 0, 3, 0, 3, 0, 3, 0, 3, 0",
  "nonlinear": "1, 1, 1, 1, 1, 1",
  "number of continuous time states": "38",
  "numerical Jacobians": "0"
}
time=[0e+00, 6.048e+05]
bui.maxTSet[1].y=[2.4e+01, 2.4e+01]
bui.minTSet[1].y=[2e+01, 2e+01]
bui.office.TAir=[2.931499938964844e+02, 2.923302917480469e+02, 2.922717895507812e+02, 2.9219482421875e+02, 2.921451110839844e+02, 2.926216735839844e+02, 2.931598205566406e+02, 2.937451782226562e+02, 2.93576416015625e+02, 2.942833557128906e+02, 2.935390319824219e+02, 2.931487731933594e+02, 2.931497192382812e+02, 2.931497802734375e+02, 2.931449279785156e+02, 2.931006469726562e+02, 2.930131530761719e+02, 2.929347534179688e+02, 2.928963012695312e+02, 2.930777893066406e+02, 2.935480346679688e+02, 2.944002380371094e+02, 2.942932739257812e+02, 2.947921447753906e+02, 2.945562133789062e+02, 2.937745971679688e+02, 2.934878540039062e+02, 2.933812561035156e+02, 2.932879638671875e+02, 2.93162109375e+02, 2.9314990234375e+02, 2.931498413085938e+02, 2.931497802734375e+02, 2.931510314941406e+02, 2.937527160644531e+02, 2.946501770019531e+02, 2.948740234375e+02, 2.95027587890625e+02, 2.952194213867188e+02, 2.943673400878906e+02, 2.939378967285156e+02, 2.938346557617188e+02, 2.93735107421875e+02, 2.935726623535156e+02, 2.935386962890625e+02, 2.934394226074219e+02, 2.933042602539062e+02, 2.932066955566406e+02, 2.936727294921875e+02, 2.942803649902344e+02, 2.94970703125e+02, 2.948583984375e+02, 2.951054077148438e+02, 2.944070739746094e+02, 2.9390087890625e+02, 2.937346801757812e+02, 2.936439514160156e+02, 2.935401306152344e+02, 2.934400939941406e+02, 2.933121643066406e+02, 2.93194091796875e+02, 2.931498413085938e+02, 2.933355712890625e+02, 2.940644836425781e+02, 2.949641418457031e+02, 2.948968811035156e+02, 2.955231323242188e+02, 2.949704284667969e+02, 2.942953796386719e+02, 2.940277099609375e+02, 2.939221496582031e+02, 2.938188781738281e+02, 2.93701171875e+02, 2.936041870117188e+02, 2.9350390625e+02, 2.933933410644531e+02, 2.934292297363281e+02, 2.94247802734375e+02, 2.948053894042969e+02, 2.949255676269531e+02, 2.952913818359375e+02, 2.953218383789062e+02, 2.944181518554688e+02, 2.940346374511719e+02, 2.939198303222656e+02, 2.938569641113281e+02, 2.937003173828125e+02, 2.936677856445312e+02, 2.935392150878906e+02, 2.934541320800781e+02, 2.934047241210938e+02, 2.938004150390625e+02, 2.944440612792969e+02, 2.944967346191406e+02, 2.94627197265625e+02, 2.950843200683594e+02, 2.941762084960938e+02, 2.936934204101562e+02, 2.935617370605469e+02, 2.93464111328125e+02, 2.933659057617188e+02]
bui.floor.TAir=[2.931499938964844e+02, 2.928683776855469e+02, 2.928395690917969e+02, 2.927969665527344e+02, 2.927741088867188e+02, 2.929627380371094e+02, 2.931509399414062e+02, 2.931504516601562e+02, 2.931534118652344e+02, 2.932976379394531e+02, 2.931498107910156e+02, 2.931498413085938e+02, 2.931498413085938e+02, 2.931498718261719e+02, 2.931498413085938e+02, 2.931498107910156e+02, 2.931498718261719e+02, 2.931499328613281e+02, 2.931499328613281e+02, 2.931509399414062e+02, 2.93150634765625e+02, 2.932976989746094e+02, 2.935580444335938e+02, 2.936259765625e+02, 2.93351318359375e+02, 2.93231689453125e+02, 2.931574401855469e+02, 2.931498413085938e+02, 2.931498413085938e+02, 2.931498718261719e+02, 2.931499633789062e+02, 2.9314990234375e+02, 2.9314990234375e+02, 2.931501159667969e+02, 2.931506042480469e+02, 2.933522644042969e+02, 2.935941467285156e+02, 2.937119445800781e+02, 2.935814514160156e+02, 2.933876342773438e+02, 2.933052978515625e+02, 2.932165832519531e+02, 2.931499328613281e+02, 2.931498718261719e+02, 2.931498413085938e+02, 2.931497802734375e+02, 2.9314990234375e+02, 2.931499328613281e+02, 2.931502990722656e+02, 2.931504821777344e+02, 2.932953796386719e+02, 2.934894104003906e+02, 2.933037719726562e+02, 2.931498107910156e+02, 2.931498413085938e+02, 2.931498718261719e+02, 2.931498413085938e+02, 2.9314990234375e+02, 2.9314990234375e+02, 2.931498107910156e+02, 2.931498718261719e+02, 2.931499633789062e+02, 2.931508178710938e+02, 2.931527404785156e+02, 2.93278076171875e+02, 2.936157836914062e+02, 2.937025756835938e+02, 2.933402099609375e+02, 2.932462158203125e+02, 2.931502685546875e+02, 2.931498718261719e+02, 2.931498413085938e+02, 2.931498413085938e+02, 2.931498718261719e+02, 2.931498413085938e+02, 2.931498413085938e+02, 2.93150390625e+02, 2.93150390625e+02, 2.931498413085938e+02, 2.933710021972656e+02, 2.935015869140625e+02, 2.932995300292969e+02, 2.9314990234375e+02, 2.931498413085938e+02, 2.931498413085938e+02, 2.931499938964844e+02, 2.9314990234375e+02, 2.931498107910156e+02, 2.9314990234375e+02, 2.931499633789062e+02, 2.931499633789062e+02, 2.93150146484375e+02, 2.931500244140625e+02, 2.931504821777344e+02, 2.931489562988281e+02, 2.931494140625e+02, 2.931498718261719e+02, 2.931498718261719e+02, 2.931498718261719e+02, 2.9314990234375e+02, 2.931498718261719e+02]
bui.storage.TAir=[2.931499938964844e+02, 2.931499938964844e+02, 2.931499633789062e+02, 2.931499633789062e+02, 2.931500549316406e+02, 2.931512145996094e+02, 2.93150390625e+02, 2.931502075195312e+02, 2.931502075195312e+02, 2.931841125488281e+02, 2.9314990234375e+02, 2.931499328613281e+02, 2.931499328613281e+02, 2.931499633789062e+02, 2.931499328613281e+02, 2.9314990234375e+02, 2.931499328613281e+02, 2.931499633789062e+02, 2.931499633789062e+02, 2.931502685546875e+02, 2.931502990722656e+02, 2.931994934082031e+02, 2.934974060058594e+02, 2.935614929199219e+02, 2.932411193847656e+02, 2.931499633789062e+02, 2.931499328613281e+02, 2.931499328613281e+02, 2.931499328613281e+02, 2.931499633789062e+02, 2.931499938964844e+02, 2.931499633789062e+02, 2.931499633789062e+02, 2.931500549316406e+02, 2.931502990722656e+02, 2.9329541015625e+02, 2.935692749023438e+02, 2.936996459960938e+02, 2.935430603027344e+02, 2.933133850097656e+02, 2.932210693359375e+02, 2.931499633789062e+02, 2.931499328613281e+02, 2.931499328613281e+02, 2.931499328613281e+02, 2.9314990234375e+02, 2.931499633789062e+02, 2.931499633789062e+02, 2.931501159667969e+02, 2.931502075195312e+02, 2.932384033203125e+02, 2.934570922851562e+02, 2.932303771972656e+02, 2.931499328613281e+02, 2.931499328613281e+02, 2.931499328613281e+02, 2.931499328613281e+02, 2.931499633789062e+02, 2.931499633789062e+02, 2.9314990234375e+02, 2.931499633789062e+02, 2.931499938964844e+02, 2.931503601074219e+02, 2.931512451171875e+02, 2.932012939453125e+02, 2.935813903808594e+02, 2.936731567382812e+02, 2.932431335449219e+02, 2.931499633789062e+02, 2.9314990234375e+02, 2.931499328613281e+02, 2.931499328613281e+02, 2.931499328613281e+02, 2.931499328613281e+02, 2.931499328613281e+02, 2.931499328613281e+02, 2.93150146484375e+02, 2.931501770019531e+02, 2.931499328613281e+02, 2.933156127929688e+02, 2.934575805664062e+02, 2.932235412597656e+02, 2.931499328613281e+02, 2.931499328613281e+02, 2.931499328613281e+02, 2.931499938964844e+02, 2.931499633789062e+02, 2.9314990234375e+02, 2.931499633789062e+02, 2.931499938964844e+02, 2.931499938964844e+02, 2.931500549316406e+02, 2.931499938964844e+02, 2.931502075195312e+02, 2.931495361328125e+02, 2.931497192382812e+02, 2.931499328613281e+02, 2.931499328613281e+02, 2.931499328613281e+02, 2.931499633789062e+02, 2.931499633789062e+02]
bui.meeting.TAir=[2.931499938964844e+02, 2.931499938964844e+02, 2.931499938964844e+02, 2.931499938964844e+02, 2.931499938964844e+02, 2.931504516601562e+02, 2.94262939453125e+02, 2.952372436523438e+02, 2.946924743652344e+02, 2.96000244140625e+02, 2.950755920410156e+02, 2.939594116210938e+02, 2.935608520507812e+02, 2.934477233886719e+02, 2.933223571777344e+02, 2.932314758300781e+02, 2.931499938964844e+02, 2.931499938964844e+02, 2.931499938964844e+02, 2.933297729492188e+02, 2.948133544921875e+02, 2.962535095214844e+02, 2.957055053710938e+02, 2.966477355957031e+02, 2.966720275878906e+02, 2.952422485351562e+02, 2.946206359863281e+02, 2.9449755859375e+02, 2.943885192871094e+02, 2.942716369628906e+02, 2.941929016113281e+02, 2.941390380859375e+02, 2.940433349609375e+02, 2.941405944824219e+02, 2.953413391113281e+02, 2.969058532714844e+02, 2.970036010742188e+02, 2.971500854492188e+02, 2.971499633789062e+02, 2.964042663574219e+02, 2.955132751464844e+02, 2.953878784179688e+02, 2.952691955566406e+02, 2.951382141113281e+02, 2.950376892089844e+02, 2.949209289550781e+02, 2.947687377929688e+02, 2.946544799804688e+02, 2.955650939941406e+02, 2.967739868164062e+02, 2.971499633789062e+02, 2.971500549316406e+02, 2.971500549316406e+02, 2.969451599121094e+02, 2.959520263671875e+02, 2.956530151367188e+02, 2.955404357910156e+02, 2.954154357910156e+02, 2.952961120605469e+02, 2.951480102539062e+02, 2.9501025390625e+02, 2.948840637207031e+02, 2.954483032226562e+02, 2.967023620605469e+02, 2.971500549316406e+02, 2.971502685546875e+02, 2.971502380371094e+02, 2.971495971679688e+02, 2.966789245605469e+02, 2.961373291015625e+02, 2.960090637207031e+02, 2.958836669921875e+02, 2.9575341796875e+02, 2.956274108886719e+02, 2.955062561035156e+02, 2.953751831054688e+02, 2.955794372558594e+02, 2.968767395019531e+02, 2.971499938964844e+02, 2.971496276855469e+02, 2.971502685546875e+02, 2.971494140625e+02, 2.970755615234375e+02, 2.962909240722656e+02, 2.961522827148438e+02, 2.960662536621094e+02, 2.959257202148438e+02, 2.958334350585938e+02, 2.956829528808594e+02, 2.955763549804688e+02, 2.955442810058594e+02, 2.964037170410156e+02, 2.971502685546875e+02, 2.97149658203125e+02, 2.971500854492188e+02, 2.971499938964844e+02, 2.9714306640625e+02, 2.961959533691406e+02, 2.960006713867188e+02, 2.958778991699219e+02, 2.957550964355469e+02]
bui.restroom.TAir=[2.931499938964844e+02, 2.931499938964844e+02, 2.931499938964844e+02, 2.931499938964844e+02, 2.931499938964844e+02, 2.931502685546875e+02, 2.931501159667969e+02, 2.931500244140625e+02, 2.931701354980469e+02, 2.933242492675781e+02, 2.931499938964844e+02, 2.931499938964844e+02, 2.931499633789062e+02, 2.931499938964844e+02, 2.931499938964844e+02, 2.931499633789062e+02, 2.931499938964844e+02, 2.931499938964844e+02, 2.931499938964844e+02, 2.931500854492188e+02, 2.931500549316406e+02, 2.932906494140625e+02, 2.935661926269531e+02, 2.93633544921875e+02, 2.933407592773438e+02, 2.932126770019531e+02, 2.931499938964844e+02, 2.931499938964844e+02, 2.931499938964844e+02, 2.931499938964844e+02, 2.931499938964844e+02, 2.931499938964844e+02, 2.931499938964844e+02, 2.931500244140625e+02, 2.931500244140625e+02, 2.933473815917969e+02, 2.936021728515625e+02, 2.9372509765625e+02, 2.935846862792969e+02, 2.933771057128906e+02, 2.9329052734375e+02, 2.931968078613281e+02, 2.931499938964844e+02, 2.931499938964844e+02, 2.931499938964844e+02, 2.931499633789062e+02, 2.931499938964844e+02, 2.931499938964844e+02, 2.931500244140625e+02, 2.931500549316406e+02, 2.932844543457031e+02, 2.934886169433594e+02, 2.932875671386719e+02, 2.931499938964844e+02, 2.931499938964844e+02, 2.931499938964844e+02, 2.931499938964844e+02, 2.931499938964844e+02, 2.931499938964844e+02, 2.931499633789062e+02, 2.931499938964844e+02, 2.931499938964844e+02, 2.931500854492188e+02, 2.931502075195312e+02, 2.932571411132812e+02, 2.936122741699219e+02, 2.937014770507812e+02, 2.933131408691406e+02, 2.932148742675781e+02, 2.931499938964844e+02, 2.931499938964844e+02, 2.931499938964844e+02, 2.931499938964844e+02, 2.931499938964844e+02, 2.931499938964844e+02, 2.931499938964844e+02, 2.931500549316406e+02, 2.931500244140625e+02, 2.931499938964844e+02, 2.933572692871094e+02, 2.934927978515625e+02, 2.932779846191406e+02, 2.931499938964844e+02, 2.931499938964844e+02, 2.931499938964844e+02, 2.931499938964844e+02, 2.931499938964844e+02, 2.931499633789062e+02, 2.931499938964844e+02, 2.931499938964844e+02, 2.931499938964844e+02, 2.931500244140625e+02, 2.931499938964844e+02, 2.931500549316406e+02, 2.931499328613281e+02, 2.931499633789062e+02, 2.931499938964844e+02, 2.931499938964844e+02, 2.931499938964844e+02, 2.931499938964844e+02, 2.931499938964844e+02]
bui.iCT.TAir=[2.931499938964844e+02, 2.971499938964844e+02, 2.971499938964844e+02, 2.971499938964844e+02, 2.971499938964844e+02, 2.971500244140625e+02, 2.971500244140625e+02, 2.971500244140625e+02, 2.971499938964844e+02, 2.971499938964844e+02, 2.971499938964844e+02, 2.971499938964844e+02, 2.971499938964844e+02, 2.971499938964844e+02, 2.971499938964844e+02, 2.971499938964844e+02, 2.971499938964844e+02, 2.971499938964844e+02, 2.971499938964844e+02, 2.971500244140625e+02, 2.971500244140625e+02, 2.971500244140625e+02, 2.971499938964844e+02, 2.971499938964844e+02, 2.971499938964844e+02, 2.971499938964844e+02, 2.971499938964844e+02, 2.971499938964844e+02, 2.971499938964844e+02, 2.971507568359375e+02, 2.971499938964844e+02, 2.971499938964844e+02, 2.971499938964844e+02, 2.971499938964844e+02, 2.971500244140625e+02, 2.971499938964844e+02, 2.971499938964844e+02, 2.971499938964844e+02, 2.971499938964844e+02, 2.971499938964844e+02, 2.971499938964844e+02, 2.971499938964844e+02, 2.971499938964844e+02, 2.971507263183594e+02, 2.971499938964844e+02, 2.971499938964844e+02, 2.971499938964844e+02, 2.971499938964844e+02, 2.971499938964844e+02, 2.971499938964844e+02, 2.971499938964844e+02, 2.971499938964844e+02, 2.971499938964844e+02, 2.971499938964844e+02, 2.971499938964844e+02, 2.971499938964844e+02, 2.971499938964844e+02, 2.971499938964844e+02, 2.971499938964844e+02, 2.971499938964844e+02, 2.971499938964844e+02, 2.971499938964844e+02, 2.971500244140625e+02, 2.971500244140625e+02, 2.971499938964844e+02, 2.971499938964844e+02, 2.971499938964844e+02, 2.971499938964844e+02, 2.971499938964844e+02, 2.971499938964844e+02, 2.971499938964844e+02, 2.971499938964844e+02, 2.971507568359375e+02, 2.971499938964844e+02, 2.971499938964844e+02, 2.971499938964844e+02, 2.971499938964844e+02, 2.971499938964844e+02, 2.971499938964844e+02, 2.971499938964844e+02, 2.971499938964844e+02, 2.971499938964844e+02, 2.971499938964844e+02, 2.971499938964844e+02, 2.971499938964844e+02, 2.971499938964844e+02, 2.971507263183594e+02, 2.971499938964844e+02, 2.971499938964844e+02, 2.971499938964844e+02, 2.971499938964844e+02, 2.971499938964844e+02, 2.971499938964844e+02, 2.971499938964844e+02, 2.971499938964844e+02, 2.971499938964844e+02, 2.971499938964844e+02, 2.971499938964844e+02, 2.971499938964844e+02, 2.971499938964844e+02, 2.971499938964844e+02]
bui.terUni[1].QActHea_flow=[0e+00, 3.0223759765625e+04, 3.0311513671875e+04, 3.0427e+04, 3.050155859375e+04, 2.97867109375e+04, 0e+00, 0e+00, 0e+00, 0e+00, 0e+00, 1.15505263671875e+04, 2.0896572265625e+04, 2.485936328125e+04, 2.9001818359375e+04, 2.9068259765625e+04, 2.91995e+04, 2.9317072265625e+04, 2.9374751953125e+04, 2.9102517578125e+04, 0e+00, 0e+00, 0e+00, 0e+00, 0e+00, 0e+00, 0e+00, 0e+00, 0e+00, 0e+00, 1.732215454101562e+03, 3.827687255859375e+03, 8.08559423828125e+03, 6.429412109375e+03, 0e+00, 0e+00, 0e+00, 0e+00, 0e+00, 0e+00, 0e+00, 0e+00, 0e+00, 0e+00, 0e+00, 0e+00, 0e+00, 0e+00, 0e+00, 0e+00, 0e+00, 0e+00, 0e+00, 0e+00, 0e+00, 0e+00, 0e+00, 0e+00, 0e+00, 0e+00, 0e+00, 3.6150810546875e+03, 0e+00, 0e+00, 0e+00, 0e+00, 0e+00, 0e+00, 0e+00, 0e+00, 0e+00, 0e+00, 0e+00, 0e+00, 0e+00, 0e+00, 0e+00, 0e+00, 0e+00, 0e+00, 0e+00, 0e+00, 0e+00, 0e+00, 0e+00, 0e+00, 0e+00, 0e+00, 0e+00, 0e+00, 0e+00, 0e+00, 0e+00, 0e+00, 0e+00, 0e+00, 0e+00, 0e+00, 0e+00, 0e+00, 0e+00]
bui.terUni[2].QActHea_flow=[0e+00, 2.941662890625e+04, 2.94598515625e+04, 2.95237734375e+04, 2.9558033203125e+04, 2.9275125e+04, 1.721925e+04, 7.92963037109374e+03, 0e+00, 0e+00, 8.848919921875e+03, 1.14867841796875e+04, 1.3826505859375e+04, 1.6242890625e+04, 1.892950390625001e+04, 2.03667734375e+04, 2.3006525390625e+04, 2.51557578125e+04, 2.5990197265625e+04, 2.396141015625e+04, 6.1954677734375e+03, 0e+00, 0e+00, 0e+00, 0e+00, 0e+00, 0e+00, 3.581396728515625e+03, 6.588794921875015e+03, 9.3202666015625e+03, 1.12433037109375e+04, 1.20893759765625e+04, 1.4045884765625e+04, 1.52843623046875e+04, 3.898885009765558e+03, 0e+00, 0e+00, 0e+00, 0e+00, 0e+00, 0e+00, 0e+00, 9.4873095703125e+02, 4.0834501953125e+03, 7.25630908203125e+03, 1.012720703125e+04, 1.367750390625e+04, 1.59551171875e+04, 1.1054751953125e+04, 7.3304990234375e+03, 0e+00, 0e+00, 0e+00, 2.23899267578125e+03, 5.45990625e+03, 8.3017001953125e+03, 1.073498144531253e+04, 1.330829785156249e+04, 1.559228125e+04, 1.86120234375e+04, 2.10105234375e+04, 2.292446875e+04, 1.987021875e+04, 1.05051220703125e+04, 0e+00, 0e+00, 0e+00, 0e+00, 0e+00, 0e+00, 3.71883837890625e+03, 7.0031943359375e+03, 1.0008359375e+04, 1.2853611328125e+04, 1.5268384765625e+04, 1.777309765625e+04, 1.876631640625e+04, 5.2715947265625e+03, 4.76509326171875e+03, 0e+00, 0e+00, 0e+00, 1.43037377929685e+03, 5.087865234375e+03, 8.535029296875e+03, 1.00191044921875e+04, 1.27368427734375e+04, 1.4698228515625e+04, 1.7636958984375e+04, 1.912005078125e+04, 2.0212087890625e+04, 1.9156154296875e+04, 1.3864390625e+04, 1.549865625e+04, 4.6903681640625e+03, 2.297816650390625e+03, 1.37601025390625e+04, 1.61417978515625e+04, 1.840801171875e+04, 2.017733984375e+04, 2.1889734375e+04]
bui.terUni[3].QActHea_flow=[0e+00, 2.3537916015625e+04, 2.3709732421875e+04, 2.416919140625e+04, 2.4099203125e+04, 1.94325703125e+04, 1.03887724609375e+04, 6.093602050781245e+03, 2.15438330078125e+03, 0e+00, 6.69677880859375e+03, 7.78767431640625e+03, 8.7844482421875e+03, 9.882521484375e+03, 1.1184759765625e+04, 1.1815189453125e+04, 1.3163791015625e+04, 1.42552783203125e+04, 1.46299951171875e+04, 1.36760244140625e+04, 4.96527978515625e+03, 0e+00, 0e+00, 0e+00, 0e+00, 9.087481689453125e+02, 2.116551025390625e+03, 3.765354736328125e+03, 5.050189941406256e+03, 6.2497685546875e+03, 7.05220166015625e+03, 7.30695703125e+03, 8.2414677734375e+03, 8.8502373046875e+03, 3.276928955078093e+03, 0e+00, 0e+00, 0e+00, 0e+00, 0e+00, 0e+00, 5.795982055663985e+02, 2.150677978515625e+03, 3.52046484375e+03, 4.97748828125e+03, 6.31941015625e+03, 8.08380419921875e+03, 9.17600390625e+03, 6.71386376953125e+03, 4.89113330078125e+03, 0e+00, 0e+00, 0e+00, 2.6990859375e+03, 4.1099873046875e+03, 5.37802490234375e+03, 6.477032226562515e+03, 7.704703613281245e+03, 8.81430859375e+03, 1.03773427734375e+04, 1.16033701171875e+04, 1.258048046875e+04, 1.10856123046875e+04, 6.531568359375e+03, 0e+00, 0e+00, 0e+00, 0e+00, 2.748558044433769e+02, 1.97670532226561e+03, 3.51129248046875e+03, 4.9554951171875e+03, 6.31307275390625e+03, 7.6415947265625e+03, 8.7793076171875e+03, 1.0011783203125e+04, 1.05288203125e+04, 3.977281005859375e+03, 3.8097158203125e+03, 0e+00, 0e+00, 6.094760563419916e-11, 2.378340087890616e+03, 3.9768818359375e+03, 5.53913330078125e+03, 6.05556201171875e+03, 7.3529169921875e+03, 8.269603515625e+03, 9.7722607421875e+03, 1.04817568359375e+04, 1.1009267578125e+04, 1.05036806640625e+04, 7.9775419921875e+03, 8.8484326171875e+03, 3.643823974609375e+03, 2.505931884765625e+03, 8.116375e+03, 9.2634208984375e+03, 1.03826650390625e+04, 1.12510478515625e+04, 1.21203310546875e+04]
bui.terUni[4].QActHea_flow=[0e+00, 6.16212939453125e+03, 6.20813232421875e+03, 6.3306650390625e+03, 6.3117744140625e+03, 1.822689575195312e+03, 0e+00, 0e+00, 0e+00, 0e+00, 0e+00, 0e+00, 0e+00, 0e+00, 0e+00, 0e+00, 2.676240844726562e+02, 7.897182006835947e+02, 1.101630126953125e+03, 0e+00, 0e+00, 0e+00, 0e+00, 0e+00, 0e+00, 0e+00, 0e+00, 0e+00, 0e+00, 0e+00, 0e+00, 0e+00, 0e+00, 0e+00, 0e+00, 0e+00, 0e+00, 0e+00, 0e+00, 0e+00, 0e+00, 0e+00, 0e+00, 0e+00, 0e+00, 0e+00, 0e+00, 0e+00, 0e+00, 0e+00, 0e+00, 0e+00, 0e+00, 0e+00, 0e+00, 0e+00, 0e+00, 0e+00, 0e+00, 0e+00, 0e+00, 0e+00, 0e+00, 0e+00, 0e+00, 0e+00, 0e+00, 0e+00, 0e+00, 0e+00, 0e+00, 0e+00, 0e+00, 0e+00, 0e+00, 0e+00, 0e+00, 0e+00, 0e+00, 0e+00, 0e+00, 0e+00, 0e+00, 0e+00, 0e+00, 0e+00, 0e+00, 0e+00, 0e+00, 0e+00, 0e+00, 0e+00, 0e+00, 0e+00, 0e+00, 0e+00, 0e+00, 0e+00, 0e+00, 0e+00, 0e+00]
bui.terUni[5].QActHea_flow=[0e+00, 6.3520693359375e+03, 6.39957275390625e+03, 6.5275419921875e+03, 6.50995751953125e+03, 5.07975341796875e+03, 2.33913037109375e+03, 1.025538696289061e+03, 0e+00, 0e+00, 1.243797973632812e+03, 1.641657592773438e+03, 1.998596557617188e+03, 2.371300048828125e+03, 2.790137695312501e+03, 3.0153466796875e+03, 3.430858154296875e+03, 3.77027783203125e+03, 3.905584228515625e+03, 3.62108349609375e+03, 9.879077758789062e+02, 0e+00, 0e+00, 0e+00, 0e+00, 0e+00, 9.489307403564453e+01, 6.419351806640625e+02, 1.075521484375002e+03, 1.473303466796875e+03, 1.750579223632812e+03, 1.865967529296875e+03, 2.160182373046875e+03, 2.3496533203125e+03, 6.593402709960839e+02, 0e+00, 0e+00, 0e+00, 0e+00, 0e+00, 0e+00, 0e+00, 2.699545288085938e+02, 7.208360595703125e+02, 1.184822998046875e+03, 1.607833618164062e+03, 2.140697998046875e+03, 2.47974560546875e+03, 1.74664111328125e+03, 1.194740356445312e+03, 0e+00, 0e+00, 0e+00, 4.758511047363281e+02, 9.376212768554688e+02, 1.348111083984375e+03, 1.701642944335942e+03, 2.082223144531248e+03, 2.4227685546875e+03, 2.882790283203125e+03, 3.246594970703125e+03, 3.5370732421875e+03, 3.08158740234375e+03, 1.685299194335938e+03, 0e+00, 0e+00, 0e+00, 0e+00, 0e+00, 2.187020874023385e+02, 7.277391967773438e+02, 1.197463623046875e+03, 1.631481079101562e+03, 2.0474609375e+03, 2.402120361328125e+03, 2.775696044921875e+03, 2.924669921875e+03, 9.25354248046875e+02, 8.59674560546875e+02, 0e+00, 0e+00, 0e+00, 3.874967041015591e+02, 9.095606079101562e+02, 1.407966796875e+03, 1.605830322265625e+03, 2.006754516601562e+03, 2.294747314453125e+03, 2.73851220703125e+03, 2.957871337890625e+03, 3.120511474609375e+03, 2.96493603515625e+03, 2.18707861328125e+03, 2.434779541015625e+03, 8.42678466796875e+02, 4.892186279296875e+02, 2.18921337890625e+03, 2.54143212890625e+03, 2.879779052734375e+03, 3.143473388671875e+03, 3.402145263671875e+03]
bui.terUni[6].QActHea_flow=[0e+00, 0e+00, 0e+00, 0e+00, 0e+00, 0e+00, 0e+00, 0e+00, 0e+00, 0e+00, 0e+00, 0e+00, 0e+00, 0e+00, 0e+00, 0e+00, 0e+00, 0e+00, 0e+00, 0e+00, 0e+00, 0e+00, 0e+00, 0e+00, 0e+00, 0e+00, 0e+00, 0e+00, 0e+00, 0e+00, 0e+00, 0e+00, 0e+00, 0e+00, 0e+00, 0e+00, 0e+00, 0e+00, 0e+00, 0e+00, 0e+00, 0e+00, 0e+00, 0e+00, 0e+00, 0e+00, 0e+00, 0e+00, 0e+00, 0e+00, 0e+00, 0e+00, 0e+00, 0e+00, 0e+00, 0e+00, 0e+00, 0e+00, 0e+00, 0e+00, 0e+00, 0e+00, 0e+00, 0e+00, 0e+00, 0e+00, 0e+00, 0e+00, 0e+00, 0e+00, 0e+00, 0e+00, 0e+00, 0e+00, 0e+00, 0e+00, 0e+00, 0e+00, 0e+00, 0e+00, 0e+00, 0e+00, 0e+00, 0e+00, 0e+00, 0e+00, 0e+00, 0e+00, 0e+00, 0e+00, 0e+00, 0e+00, 0e+00, 0e+00, 0e+00, 0e+00, 0e+00, 0e+00, 0e+00, 0e+00, 0e+00]
bui.terUni[1].QActCoo_flow=[-0e+00, -0e+00, -0e+00, -0e+00, -0e+00, -0e+00, -0e+00, 0e+00, -0e+00, -0e+00, -0e+00, -0e+00, -0e+00, -0e+00, 0e+00, -0e+00, -0e+00, 0e+00, -0e+00, -0e+00, -0e+00, -0e+00, -0e+00, -0e+00, -0e+00, -0e+00, -0e+00, -0e+00, 0e+00, -0e+00, -0e+00, -0e+00, -0e+00, -0e+00, 0e+00, -0e+00, -0e+00, -0e+00, -0e+00, -0e+00, -0e+00, 0e+00, -0e+00, -0e+00, -0e+00, -0e+00, -0e+00, -0e+00, -0e+00, -0e+00, -0e+00, -0e+00, -0e+00, -0e+00, -0e+00, -0e+00, 0e+00, 0e+00, -0e+00, -0e+00, -0e+00, -0e+00, -0e+00, -0e+00, -0e+00, -0e+00, -0e+00, -0e+00, 0e+00, 0e+00, -0e+00, -0e+00, -0e+00, -0e+00, -0e+00, -0e+00, -0e+00, -0e+00, -0e+00, -0e+00, -0e+00, 0e+00, 0e+00, -0e+00, -0e+00, -0e+00, -0e+00, -0e+00, -0e+00, -0e+00, -0e+00, -0e+00, -0e+00, -0e+00, -0e+00, -0e+00, -0e+00, -0e+00, -0e+00, -0e+00, -0e+00]
bui.terUni[2].QActCoo_flow=[-0e+00, -0e+00, -0e+00, -0e+00, -0e+00, -0e+00, -0e+00, 0e+00, -0e+00, -0e+00, -0e+00, -0e+00, -0e+00, -0e+00, 0e+00, -0e+00, -0e+00, 0e+00, -0e+00, -0e+00, -0e+00, -0e+00, -0e+00, -0e+00, -0e+00, -0e+00, -0e+00, -0e+00, 0e+00, -0e+00, -0e+00, -0e+00, -0e+00, -0e+00, 0e+00, -0e+00, -0e+00, -0e+00, -0e+00, -0e+00, -0e+00, 0e+00, -0e+00, -0e+00, -0e+00, -0e+00, -0e+00, -0e+00, -0e+00, -0e+00, -0e+00, -0e+00, -0e+00, -0e+00, -0e+00, -0e+00, 0e+00, 0e+00, -0e+00, -0e+00, -0e+00, -0e+00, -0e+00, -0e+00, -0e+00, -0e+00, -0e+00, -0e+00, 0e+00, 0e+00, -0e+00, -0e+00, -0e+00, -0e+00, -0e+00, -0e+00, -0e+00, -0e+00, -0e+00, -0e+00, -0e+00, 0e+00, 0e+00, -0e+00, -0e+00, -0e+00, -0e+00, -0e+00, -0e+00, -0e+00, -0e+00, -0e+00, -0e+00, -0e+00, -0e+00, -0e+00, -0e+00, -0e+00, -0e+00, -0e+00, -0e+00]
bui.terUni[3].QActCoo_flow=[-0e+00, -0e+00, -0e+00, -0e+00, -0e+00, -0e+00, -0e+00, 0e+00, -0e+00, -0e+00, -0e+00, -0e+00, -0e+00, -0e+00, 0e+00, -0e+00, -0e+00, 0e+00, -0e+00, -0e+00, -0e+00, -0e+00, -0e+00, -0e+00, -0e+00, -0e+00, -0e+00, -0e+00, 0e+00, -0e+00, -0e+00, -0e+00, -0e+00, -0e+00, 0e+00, -0e+00, -0e+00, -0e+00, -0e+00, -0e+00, -0e+00, 0e+00, -0e+00, -0e+00, -0e+00, -0e+00, -0e+00, -0e+00, -0e+00, -0e+00, -0e+00, -0e+00, -0e+00, -0e+00, -0e+00, -0e+00, 0e+00, 0e+00, -0e+00, -0e+00, -0e+00, -0e+00, -0e+00, -0e+00, -0e+00, -0e+00, -0e+00, -0e+00, 0e+00, 0e+00, -0e+00, -0e+00, -0e+00, -0e+00, -0e+00, -0e+00, -0e+00, -0e+00, -0e+00, -0e+00, -0e+00, 0e+00, 0e+00, -0e+00, -0e+00, -0e+00, -0e+00, -0e+00, -0e+00, -0e+00, -0e+00, -0e+00, -0e+00, -0e+00, -0e+00, -0e+00, -0e+00, -0e+00, -0e+00, -0e+00, -0e+00]
bui.terUni[4].QActCoo_flow=[-0e+00, -0e+00, -0e+00, -0e+00, -0e+00, -0e+00, -0e+00, 0e+00, -0e+00, -0e+00, -0e+00, -0e+00, -0e+00, -0e+00, 0e+00, -0e+00, -0e+00, 0e+00, -0e+00, -0e+00, -0e+00, -0e+00, -0e+00, -0e+00, -0e+00, -0e+00, -0e+00, -0e+00, 0e+00, -0e+00, -0e+00, -0e+00, -0e+00, -0e+00, 0e+00, -0e+00, -0e+00, -3.936656188964844e+02, -3.192591552734375e+03, -0e+00, -0e+00, 0e+00, -0e+00, -0e+00, -0e+00, -0e+00, -0e+00, -0e+00, -0e+00, -0e+00, -2.4223876953125e+03, -6.913941040039062e+02, -4.13991064453125e+03, -0e+00, -0e+00, -0e+00, 0e+00, 0e+00, -0e+00, -0e+00, -0e+00, -0e+00, -0e+00, -0e+00, -4.07302587890625e+03, -1.633546264648438e+03, -6.74358740234375e+03, -3.24227685546875e+03, 0e+00, 0e+00, -0e+00, -0e+00, -0e+00, -0e+00, -0e+00, -0e+00, -0e+00, -0e+00, -4.28654931640625e+03, -2.58298779296875e+03, -5.6363134765625e+03, -6.649036621093647e+03, -1.654143488849513e-11, -0e+00, -0e+00, -0e+00, -0e+00, -0e+00, -0e+00, -0e+00, -0e+00, -0e+00, -2.625962890625e+03, -2.386933349609375e+03, -2.588324951171875e+03, -6.7035126953125e+03, -0e+00, -0e+00, -0e+00, -0e+00, -0e+00]
bui.terUni[5].QActCoo_flow=[-0e+00, -0e+00, -0e+00, -0e+00, -0e+00, -0e+00, -0e+00, 0e+00, -0e+00, -0e+00, -0e+00, -0e+00, -0e+00, -0e+00, 0e+00, -0e+00, -0e+00, 0e+00, -0e+00, -0e+00, -0e+00, -0e+00, -0e+00, -0e+00, -0e+00, -0e+00, -0e+00, -0e+00, 0e+00, -0e+00, -0e+00, -0e+00, -0e+00, -0e+00, 0e+00, -0e+00, -0e+00, -0e+00, -0e+00, -0e+00, -0e+00, 0e+00, -0e+00, -0e+00, -0e+00, -0e+00, -0e+00, -0e+00, -0e+00, -0e+00, -0e+00, -0e+00, -0e+00, -0e+00, -0e+00, -0e+00, 0e+00, 0e+00, -0e+00, -0e+00, -0e+00, -0e+00, -0e+00, -0e+00, -0e+00, -0e+00, -0e+00, -0e+00, 0e+00, 0e+00, -0e+00, -0e+00, -0e+00, -0e+00, -0e+00, -0e+00, -0e+00, -0e+00, -0e+00, -0e+00, -0e+00, 0e+00, 0e+00, -0e+00, -0e+00, -0e+00, -0e+00, -0e+00, -0e+00, -0e+00, -0e+00, -0e+00, -0e+00, -0e+00, -0e+00, -0e+00, -0e+00, -0e+00, -0e+00, -0e+00, -0e+00]
bui.terUni[6].QActCoo_flow=[-0e+00, -3.19255703125e+04, -3.248624609375e+04, -3.296176171875e+04, -3.346563671875e+04, -3.45489765625e+04, -3.617142578125e+04, -3.713295703125e+04, -3.80185234375e+04, -3.867610546875e+04, -3.805287109375e+04, -3.819453125e+04, -3.8328046875e+04, -3.84291015625e+04, -3.8485296875e+04, -3.8594578125e+04, -3.86151015625e+04, -3.865585546875e+04, -3.8779078125e+04, -3.9068e+04, -4.037932421875e+04, -4.134383984375e+04, -4.203303125e+04, -4.22719921875e+04, -4.156216015625e+04, -4.140911328125e+04, -4.1355e+04, -4.123471875e+04, -4.115598046875e+04, -2.888451953125e+04, -4.1042796875e+04, -4.108425e+04, -4.102988671875e+04, -4.101422265625e+04, -4.181879687500001e+04, -4.265163671875e+04, -4.33008125e+04, -4.352771484375e+04, -4.3104171875e+04, -4.26581953125e+04, -4.24895078125e+04, -4.2312703125e+04, -4.215214453125e+04, -8.93784375e+03, -4.185087109375e+04, -4.17117421875e+04, -4.15136015625e+04, -4.140230078125e+04, -4.176257421875e+04, -4.203518359375e+04, -4.290879296875e+04, -4.337962890625e+04, -4.288637890625e+04, -4.23785859375e+04, -4.221473828125e+04, -4.206815234375e+04, -4.194242578125e+04, -4.17981484375e+04, -4.165587109375e+04, -4.146504296875e+04, -4.13180390625e+04, -4.12030703125e+04, -4.141740625e+04, -4.203415625e+04, -4.307385546875e+04, -4.389266015625e+04, -4.400190625e+04, -4.2989e+04, -4.277678125e+04, -4.256998828125e+04, -4.23839296875e+04, -4.220829296875e+04, -4.028847265625e+04, -4.1868875e+04, -4.17313046875e+04, -4.158003125e+04, -4.152380859375e+04, -4.2408234375e+04, -4.24403828125e+04, -4.334653125e+04, -4.36282890625e+04, -4.297424609374999e+04, -4.259504296875e+04, -4.23945703125e+04, -4.21979296875e+04, -4.2139921875e+04, -1.933891796875e+04, -4.185183984375e+04, -4.1660984375e+04, -4.15750859375e+04, -4.1512703125e+04, -4.1587640625e+04, -4.19308828125e+04, -4.182183203125e+04, -4.252099609375e+04, -4.267718359375e+04, -4.193512890625e+04, -4.178688671875e+04, -4.164201171875e+04, -4.1530328125e+04, -4.141815625e+04]
supHeaWat.T_in=[3.131499938964844e+02, 3.131499938964844e+02]
bui.terUni[1].T_aHeaWat_nominal=[3.131499938964844e+02, 3.131499938964844e+02]
bui.terUni[2].T_aHeaWat_nominal=[3.131499938964844e+02, 3.131499938964844e+02]
bui.terUni[3].T_aHeaWat_nominal=[3.131499938964844e+02, 3.131499938964844e+02]
bui.terUni[4].T_aHeaWat_nominal=[3.131499938964844e+02, 3.131499938964844e+02]
bui.terUni[5].T_aHeaWat_nominal=[3.131499938964844e+02, 3.131499938964844e+02]
bui.terUni[6].T_aHeaWat_nominal=[3.131499938964844e+02, 3.131499938964844e+02]
bui.disFloHea.mAct_flow[1].y=[8.151542185393448e-14, 1.434034466743469e+00, 1.434034466743469e+00, 1.434034466743469e+00, 1.434034466743469e+00, 1.434034466743469e+00, 0e+00, 0e+00, 0e+00, 0e+00, 0e+00, 4.717820584774017e-01, 9.552989602088928e-01, 1.181833028793335e+00, 1.434034466743469e+00, 1.434034466743469e+00, 1.434034466743469e+00, 1.434034466743469e+00, 1.434034466743469e+00, 1.434034466743469e+00, 0e+00, 0e+00, 0e+00, 0e+00, 0e+00, 0e+00, 0e+00, 0e+00, 0e+00, 0e+00, 3.855963796377182e-02, 1.305799186229706e-01, 3.108794391155243e-01, 2.381317019462585e-01, 0e+00, 0e+00, 0e+00, 0e+00, 0e+00, 0e+00, 0e+00, 0e+00, 0e+00, 0e+00, 0e+00, 0e+00, 0e+00, 0e+00, 0e+00, 0e+00, 0e+00, 0e+00, 0e+00, 0e+00, 0e+00, 0e+00, 0e+00, 0e+00, 0e+00, 0e+00, 0e+00, 1.220923885703087e-01, 0e+00, 0e+00, 0e+00, 0e+00, 0e+00, 0e+00, 0e+00, 0e+00, 0e+00, 0e+00, 0e+00, 0e+00, 0e+00, 0e+00, 0e+00, 0e+00, 0e+00, 0e+00, 0e+00, 0e+00, 0e+00, 0e+00, 0e+00, 0e+00, 0e+00, 0e+00, 0e+00, 0e+00, 0e+00, 0e+00, 0e+00, 0e+00, 0e+00, 0e+00, 0e+00, 0e+00, 0e+00, 0e+00, 0e+00]
bui.disFloHea.mAct_flow[2].y=[8.151542185393448e-14, 1.434034466743469e+00, 1.434034466743469e+00, 1.434034466743469e+00, 1.434034466743469e+00, 1.434034466743469e+00, 7.568657994270325e-01, 3.039141893386836e-01, 0e+00, 0e+00, 3.453757464885712e-01, 4.687555730342865e-01, 5.831605792045593e-01, 7.059174776077271e-01, 8.477843999862674e-01, 9.260361790657043e-01, 1.074210166931152e+00, 1.199352502822876e+00, 1.249098300933838e+00, 1.129367232322693e+00, 2.280953228473663e-01, 0e+00, 0e+00, 0e+00, 0e+00, 0e+00, 0e+00, 1.207402572035789e-01, 2.449860423803336e-01, 3.669598698616028e-01, 4.571134448051453e-01, 4.977919459342957e-01, 5.941168665885925e-01, 6.566816568374634e-01, 1.334178447723361e-01, 0e+00, 0e+00, 0e+00, 0e+00, 0e+00, 0e+00, 0e+00, 1.363195758312941e-02, 1.407535374164581e-01, 2.74073600769043e-01, 4.043852984905243e-01, 5.757443308830261e-01, 6.910594701766968e-01, 4.481392800807953e-01, 2.773470878601074e-01, 0e+00, 0e+00, 0e+00, 6.233725324273109e-02, 1.969833672046661e-01, 3.205883502960205e-01, 4.329632818698897e-01, 5.574399232864373e-01, 6.724140048027039e-01, 8.307209610939026e-01, 9.616348147392273e-01, 1.069521903991699e+00, 8.988677859306335e-01, 4.221891164779663e-01, 0e+00, 0e+00, 0e+00, 0e+00, 0e+00, 0e+00, 1.262428015470505e-01, 2.629853487014771e-01, 3.988373577594757e-01, 5.350465178489685e-01, 6.558567881584167e-01, 7.860226631164551e-01, 8.39032769203186e-01, 1.891387850046158e-01, 1.682567000389099e-01, 0e+00, 0e+00, 0e+00, 2.667205408215455e-02, 1.815188527107239e-01, 3.311215937137604e-01, 3.993419110774994e-01, 5.293242931365967e-01, 6.269127130508423e-01, 7.788233757019043e-01, 8.580699563026428e-01, 9.175414443016052e-01, 8.600295782089233e-01, 5.850561857223511e-01, 6.67644202709198e-01, 1.651991158723831e-01, 6.513667106628418e-02, 5.798529982566833e-01, 7.006889581680298e-01, 8.198022842407227e-01, 9.156321883201599e-01, 1.01080584526062e+00]
bui.disFloHea.mAct_flow[3].y=[8.151542185393448e-14, 1.104771852493286e+00, 1.114701271057129e+00, 1.141391634941101e+00, 1.137318730354309e+00, 8.750576972961426e-01, 4.166584610939026e-01, 2.237422317266462e-01, 5.828817561268806e-02, 0e+00, 2.496585100889206e-01, 2.975767552852631e-01, 3.42442661523819e-01, 3.929776549339294e-01, 4.543204903602602e-01, 4.845432341098785e-01, 5.503062605857849e-01, 6.046109199523927e-01, 6.234727501869202e-01, 5.756837129592896e-01, 1.764694899320602e-01, 0e+00, 0e+00, 0e+00, 0e+00, 1.283544115722179e-02, 5.647145956754684e-02, 1.280983984470367e-01, 1.799643784761432e-01, 2.304085493087769e-01, 2.651290595531464e-01, 2.76302695274353e-01, 3.178797662258148e-01, 3.454406559467316e-01, 1.083733960986123e-01, 0e+00, 0e+00, 0e+00, 0e+00, 0e+00, 0e+00, 7.363572251051562e-03, 5.810898542404175e-02, 1.182886064052582e-01, 1.769680976867676e-01, 2.333914935588837e-01, 3.108022511005402e-01, 3.603338599205017e-01, 2.504019737243652e-01, 1.734216958284378e-01, 0e+00, 0e+00, 0e+00, 8.365735411643982e-02, 1.418116390705109e-01, 1.935650110244751e-01, 2.40166291594506e-01, 2.938878834247586e-01, 3.438022136688232e-01, 4.161098599433899e-01, 4.743519425392151e-01, 5.21680474281311e-01, 4.496093690395355e-01, 2.42535188794136e-01, 0e+00, 0e+00, 0e+00, 0e+00, 3.31470672972524e-03, 4.978496208786894e-02, 1.179186329245567e-01, 1.760631799697876e-01, 2.331202477216721e-01, 2.910861968994141e-01, 3.422087728977203e-01, 3.98999035358429e-01, 4.232410490512848e-01, 1.365313529968262e-01, 1.298652738332748e-01, 0e+00, 0e+00, 1.032477995160686e-15, 6.894519925117448e-02, 1.365135014057159e-01, 2.003012746572495e-01, 2.221194505691528e-01, 2.78326004743576e-01, 3.191444575786591e-01, 3.878529369831085e-01, 4.210209846496582e-01, 4.459687173366547e-01, 4.22054648399353e-01, 3.060468733310699e-01, 3.45361739397049e-01, 1.232417672872543e-01, 7.488742470741272e-02, 3.122619092464447e-01, 3.643471002578735e-01, 4.163605272769928e-01, 4.574834406375885e-01, 4.9929279088974e-01]
bui.disFloHea.mAct_flow[4].y=[8.151542185393448e-14, 2.266626060009003e-01, 2.286279797554016e-01, 2.338755577802658e-01, 2.330655604600906e-01, 4.26032543182373e-02, 0e+00, 0e+00, 0e+00, 0e+00, 0e+00, 0e+00, 0e+00, 0e+00, 0e+00, 0e+00, 3.225255059078336e-03, 1.066442765295507e-02, 1.705506443977356e-02, 0e+00, 0e+00, 0e+00, 0e+00, 0e+00, 0e+00, 0e+00, 0e+00, 0e+00, 0e+00, 0e+00, 0e+00, 0e+00, 0e+00, 0e+00, 0e+00, 0e+00, 0e+00, 0e+00, 0e+00, 0e+00, 0e+00, 0e+00, 0e+00, 0e+00, 0e+00, 0e+00, 0e+00, 0e+00, 0e+00, 0e+00, 0e+00, 0e+00, 0e+00, 0e+00, 0e+00, 0e+00, 0e+00, 0e+00, 0e+00, 0e+00, 0e+00, 0e+00, 0e+00, 0e+00, 0e+00, 0e+00, 0e+00, 0e+00, 0e+00, 0e+00, 0e+00, 0e+00, 0e+00, 0e+00, 0e+00, 0e+00, 0e+00, 0e+00, 0e+00, 0e+00, 0e+00, 0e+00, 0e+00, 0e+00, 0e+00, 0e+00, 0e+00, 0e+00, 0e+00, 0e+00, 0e+00, 0e+00, 0e+00, 0e+00, 0e+00, 0e+00, 0e+00, 0e+00, 0e+00, 0e+00, 0e+00]
bui.disFloHea.mAct_flow[5].y=[8.151542185393448e-14, 2.347941249608994e-01, 2.368343770503998e-01, 2.423440665006638e-01, 2.415860593318939e-01, 1.811881512403488e-01, 6.709779053926468e-02, 1.527864299714562e-02, 0e+00, 0e+00, 2.080080658197403e-02, 3.470756858587265e-02, 5.082617700099945e-02, 6.861424446105957e-02, 8.769433200359349e-02, 9.743250161409378e-02, 1.146635189652443e-01, 1.282950937747956e-01, 1.336793601512909e-01, 1.223347783088684e-01, 1.445318199694157e-02, 0e+00, 0e+00, 0e+00, 0e+00, 0e+00, 1.617957605049014e-03, 8.286269381642342e-03, 1.642872206866747e-02, 2.818716689944267e-02, 3.93662340939045e-02, 4.458843544125557e-02, 5.856521427631378e-02, 6.75942599773407e-02, 8.551586419343815e-03, 0e+00, 0e+00, 0e+00, 0e+00, 0e+00, 0e+00, 0e+00, 3.254060400649905e-03, 9.518803097307682e-03, 1.917551830410957e-02, 3.332666680216789e-02, 5.763047933578491e-02, 7.367862015962601e-02, 3.919286653399467e-02, 1.944161579012871e-02, 0e+00, 0e+00, 0e+00, 5.910759326070547e-03, 1.340673584491014e-02, 2.394238486886024e-02, 3.723561018705388e-02, 5.482494458556166e-02, 7.102788984775543e-02, 9.174129366874695e-02, 1.071199476718903e-01, 1.189584359526634e-01, 1.002373099327087e-01, 3.653807565569878e-02, 0e+00, 0e+00, 0e+00, 0e+00, 0e+00, 2.625984372571066e-03, 9.630490094423294e-03, 1.951507851481438e-02, 3.428858891129494e-02, 5.315949022769928e-02, 7.006166875362396e-02, 8.705811202526093e-02, 9.355189651250839e-02, 1.31616173312068e-02, 1.190724223852158e-02, 0e+00, 0e+00, 0e+00, 4.739990457892375e-03, 1.285126619040966e-02, 2.590621076524258e-02, 3.324603661894798e-02, 5.121491476893425e-02, 6.499391049146652e-02, 8.541308343410492e-02, 9.497858583927155e-02, 1.018728986382484e-01, 9.52814444899559e-02, 5.985471606254578e-02, 7.158903032541275e-02, 1.159710809588432e-02, 6.092808209359646e-03, 5.99568709731102e-02, 7.652172446250916e-02, 9.161073714494705e-02, 1.028343513607979e-01, 1.134964525699615e-01]
bui.disFloHea.mAct_flow[6].y=[8.151542185393448e-14, 0e+00, 0e+00, 0e+00, 0e+00, 0e+00, 0e+00, 0e+00, 0e+00, 0e+00, 0e+00, 0e+00, 0e+00, 0e+00, 0e+00, 0e+00, 0e+00, 0e+00, 0e+00, 0e+00, 0e+00, 0e+00, 0e+00, 0e+00, 0e+00, 0e+00, 0e+00, 0e+00, 0e+00, 0e+00, 0e+00, 0e+00, 0e+00, 0e+00, 0e+00, 0e+00, 0e+00, 0e+00, 0e+00, 0e+00, 0e+00, 0e+00, 0e+00, 0e+00, 0e+00, 0e+00, 0e+00, 0e+00, 0e+00, 0e+00, 0e+00, 0e+00, 0e+00, 0e+00, 0e+00, 0e+00, 0e+00, 0e+00, 0e+00, 0e+00, 0e+00, 0e+00, 0e+00, 0e+00, 0e+00, 0e+00, 0e+00, 0e+00, 0e+00, 0e+00, 0e+00, 0e+00, 0e+00, 0e+00, 0e+00, 0e+00, 0e+00, 0e+00, 0e+00, 0e+00, 0e+00, 0e+00, 0e+00, 0e+00, 0e+00, 0e+00, 0e+00, 0e+00, 0e+00, 0e+00, 0e+00, 0e+00, 0e+00, 0e+00, 0e+00, 0e+00, 0e+00, 0e+00, 0e+00, 0e+00, 0e+00]
supChiWat.T_in=[2.801499938964844e+02, 2.801499938964844e+02]
bui.terUni[1].T_aChiWat_nominal=[2.801499938964844e+02, 2.801499938964844e+02]
bui.terUni[2].T_aChiWat_nominal=[2.801499938964844e+02, 2.801499938964844e+02]
bui.terUni[3].T_aChiWat_nominal=[2.801499938964844e+02, 2.801499938964844e+02]
bui.terUni[4].T_aChiWat_nominal=[2.801499938964844e+02, 2.801499938964844e+02]
bui.terUni[5].T_aChiWat_nominal=[2.801499938964844e+02, 2.801499938964844e+02]
bui.terUni[6].T_aChiWat_nominal=[2.801499938964844e+02, 2.801499938964844e+02]
bui.disFloCoo.mAct_flow[1].y=[0e+00, 0e+00, 0e+00, 0e+00, 0e+00, 0e+00, 0e+00, 0e+00, 0e+00, 0e+00, 0e+00, 0e+00, 0e+00, 0e+00, 0e+00, 0e+00, 0e+00, 0e+00, 0e+00, 0e+00, 0e+00, 0e+00, 0e+00, 0e+00, 0e+00, 0e+00, 0e+00, 0e+00, 0e+00, 0e+00, 0e+00, 0e+00, 0e+00, 0e+00, 0e+00, 0e+00, 0e+00, 0e+00, 0e+00, 0e+00, 0e+00, 0e+00, 0e+00, 0e+00, 0e+00, 0e+00, 0e+00, 0e+00, 0e+00, 0e+00, 0e+00, 0e+00, 0e+00, 0e+00, 0e+00, 0e+00, 0e+00, 0e+00, 0e+00, 0e+00, 0e+00, 0e+00, 0e+00, 0e+00, 0e+00, 0e+00, 0e+00, 0e+00, 0e+00, 0e+00, 0e+00, 0e+00, 0e+00, 0e+00, 0e+00, 0e+00, 0e+00, 0e+00, 0e+00, 0e+00, 0e+00, 0e+00, 0e+00, 0e+00, 0e+00, 0e+00, 0e+00, 0e+00, 0e+00, 0e+00, 0e+00, 0e+00, 0e+00, 0e+00, 0e+00, 0e+00, 0e+00, 0e+00, 0e+00, 0e+00, 0e+00]
bui.disFloCoo.mAct_flow[2].y=[0e+00, 0e+00, 0e+00, 0e+00, 0e+00, 0e+00, 0e+00, 0e+00, 0e+00, 0e+00, 0e+00, 0e+00, 0e+00, 0e+00, 0e+00, 0e+00, 0e+00, 0e+00, 0e+00, 0e+00, 0e+00, 0e+00, 0e+00, 0e+00, 0e+00, 0e+00, 0e+00, 0e+00, 0e+00, 0e+00, 0e+00, 0e+00, 0e+00, 0e+00, 0e+00, 0e+00, 0e+00, 0e+00, 0e+00, 0e+00, 0e+00, 0e+00, 0e+00, 0e+00, 0e+00, 0e+00, 0e+00, 0e+00, 0e+00, 0e+00, 0e+00, 0e+00, 0e+00, 0e+00, 0e+00, 0e+00, 0e+00, 0e+00, 0e+00, 0e+00, 0e+00, 0e+00, 0e+00, 0e+00, 0e+00, 0e+00, 0e+00, 0e+00, 0e+00, 0e+00, 0e+00, 0e+00, 0e+00, 0e+00, 0e+00, 0e+00, 0e+00, 0e+00, 0e+00, 0e+00, 0e+00, 0e+00, 0e+00, 0e+00, 0e+00, 0e+00, 0e+00, 0e+00, 0e+00, 0e+00, 0e+00, 0e+00, 0e+00, 0e+00, 0e+00, 0e+00, 0e+00, 0e+00, 0e+00, 0e+00, 0e+00]
bui.disFloCoo.mAct_flow[3].y=[0e+00, 0e+00, 0e+00, 0e+00, 0e+00, 0e+00, 0e+00, 0e+00, 0e+00, 0e+00, 0e+00, 0e+00, 0e+00, 0e+00, 0e+00, 0e+00, 0e+00, 0e+00, 0e+00, 0e+00, 0e+00, 0e+00, 0e+00, 0e+00, 0e+00, 0e+00, 0e+00, 0e+00, 0e+00, 0e+00, 0e+00, 0e+00, 0e+00, 0e+00, 0e+00, 0e+00, 0e+00, 0e+00, 0e+00, 0e+00, 0e+00, 0e+00, 0e+00, 0e+00, 0e+00, 0e+00, 0e+00, 0e+00, 0e+00, 0e+00, 0e+00, 0e+00, 0e+00, 0e+00, 0e+00, 0e+00, 0e+00, 0e+00, 0e+00, 0e+00, 0e+00, 0e+00, 0e+00, 0e+00, 0e+00, 0e+00, 0e+00, 0e+00, 0e+00, 0e+00, 0e+00, 0e+00, 0e+00, 0e+00, 0e+00, 0e+00, 0e+00, 0e+00, 0e+00, 0e+00, 0e+00, 0e+00, 0e+00, 0e+00, 0e+00, 0e+00, 0e+00, 0e+00, 0e+00, 0e+00, 0e+00, 0e+00, 0e+00, 0e+00, 0e+00, 0e+00, 0e+00, 0e+00, 0e+00, 0e+00, 0e+00]
bui.disFloCoo.mAct_flow[4].y=[0e+00, 0e+00, 0e+00, 0e+00, 0e+00, 0e+00, 0e+00, 0e+00, 0e+00, 0e+00, 0e+00, 0e+00, 0e+00, 0e+00, 0e+00, 0e+00, 0e+00, 0e+00, 0e+00, 0e+00, 0e+00, 0e+00, 0e+00, 0e+00, 0e+00, 0e+00, 0e+00, 0e+00, 0e+00, 0e+00, 0e+00, 0e+00, 0e+00, 0e+00, 0e+00, 0e+00, 0e+00, 5.638351198285818e-03, 1.072456017136574e-01, 0e+00, 0e+00, 0e+00, 0e+00, 0e+00, 0e+00, 0e+00, 0e+00, 0e+00, 0e+00, 0e+00, 7.380043715238571e-02, 1.050038635730743e-02, 1.454401314258575e-01, 0e+00, 0e+00, 0e+00, 0e+00, 0e+00, 0e+00, 0e+00, 0e+00, 0e+00, 0e+00, 0e+00, 1.427561640739441e-01, 3.779201209545135e-02, 2.543224096298218e-01, 1.092997044324875e-01, 0e+00, 0e+00, 0e+00, 0e+00, 0e+00, 0e+00, 0e+00, 0e+00, 0e+00, 0e+00, 1.513475030660629e-01, 8.106896281242371e-02, 2.070556133985519e-01, 2.502515316009478e-01, 2.350550309948574e-16, 0e+00, 0e+00, 0e+00, 0e+00, 0e+00, 0e+00, 0e+00, 0e+00, 0e+00, 8.298179507255554e-02, 7.217781245708466e-02, 8.13046470284462e-02, 2.525944113731384e-01, 0e+00, 0e+00, 0e+00, 0e+00, 0e+00]
bui.disFloCoo.mAct_flow[5].y=[0e+00, 0e+00, 0e+00, 0e+00, 0e+00, 0e+00, 0e+00, 0e+00, 0e+00, 0e+00, 0e+00, 0e+00, 0e+00, 0e+00, 0e+00, 0e+00, 0e+00, 0e+00, 0e+00, 0e+00, 0e+00, 0e+00, 0e+00, 0e+00, 0e+00, 0e+00, 0e+00, 0e+00, 0e+00, 0e+00, 0e+00, 0e+00, 0e+00, 0e+00, 0e+00, 0e+00, 0e+00, 0e+00, 0e+00, 0e+00, 0e+00, 0e+00, 0e+00, 0e+00, 0e+00, 0e+00, 0e+00, 0e+00, 0e+00, 0e+00, 0e+00, 0e+00, 0e+00, 0e+00, 0e+00, 0e+00, 0e+00, 0e+00, 0e+00, 0e+00, 0e+00, 0e+00, 0e+00, 0e+00, 0e+00, 0e+00, 0e+00, 0e+00, 0e+00, 0e+00, 0e+00, 0e+00, 0e+00, 0e+00, 0e+00, 0e+00, 0e+00, 0e+00, 0e+00, 0e+00, 0e+00, 0e+00, 0e+00, 0e+00, 0e+00, 0e+00, 0e+00, 0e+00, 0e+00, 0e+00, 0e+00, 0e+00, 0e+00, 0e+00, 0e+00, 0e+00, 0e+00, 0e+00, 0e+00, 0e+00, 0e+00]
bui.disFloCoo.mAct_flow[6].y=[0e+00, 1.309937119483948e+00, 1.334921360015869e+00, 1.356141209602356e+00, 1.378656387329102e+00, 1.427165150642395e+00, 1.500070810317993e+00, 1.543415427207947e+00, 1.583423256874084e+00, 1.613186955451965e+00, 1.584977507591248e+00, 1.591385364532471e+00, 1.597427129745483e+00, 1.602000951766968e+00, 1.604544878005981e+00, 1.609493017196655e+00, 1.610422372817993e+00, 1.612267971038818e+00, 1.617849588394165e+00, 1.63094174861908e+00, 1.690473198890686e+00, 1.734367489814758e+00, 1.765788078308105e+00, 1.776691913604736e+00, 1.744318008422852e+00, 1.737342834472656e+00, 1.734877467155457e+00, 1.729398488998413e+00, 1.725812554359436e+00, 1.175076723098755e+00, 1.720658898353577e+00, 1.722546339035034e+00, 1.720071315765381e+00, 1.719357967376709e+00, 1.756015539169312e+00, 1.794026255607605e+00, 1.823697924613953e+00, 1.834078788757324e+00, 1.814708232879639e+00, 1.794326424598694e+00, 1.786622405052185e+00, 1.778550386428833e+00, 1.771222710609436e+00, 3.127065896987915e-01, 1.757479310035706e+00, 1.751135587692261e+00, 1.742103934288025e+00, 1.737032294273376e+00, 1.75345242023468e+00, 1.765885353088379e+00, 1.805776119232178e+00, 1.827304244041443e+00, 1.804751992225647e+00, 1.78155791759491e+00, 1.774079203605652e+00, 1.767390489578247e+00, 1.76165497303009e+00, 1.755075097084045e+00, 1.74858832359314e+00, 1.739891409873962e+00, 1.733193755149841e+00, 1.727957010269165e+00, 1.737719535827637e+00, 1.765837073326111e+00, 1.813319683074951e+00, 1.850782513618469e+00, 1.855786323547363e+00, 1.809442043304443e+00, 1.799743890762329e+00, 1.790297746658325e+00, 1.781801819801331e+00, 1.773784995079041e+00, 1.686262249946594e+00, 1.758300542831421e+00, 1.75202751159668e+00, 1.745131492614746e+00, 1.742568492889404e+00, 1.782910704612732e+00, 1.784379482269287e+00, 1.825789332389832e+00, 1.838680744171143e+00, 1.808769583702087e+00, 1.791441917419434e+00, 1.782287836074829e+00, 1.773312091827393e+00, 1.770664691925049e+00, 7.609789967536926e-01, 1.757523655891418e+00, 1.748821616172791e+00, 1.744906067848206e+00, 1.742063045501709e+00, 1.74547815322876e+00, 1.761128425598145e+00, 1.756154298782349e+00, 1.788061499595642e+00, 1.795194506645203e+00, 1.761322259902954e+00, 1.75456166267395e+00, 1.7479567527771e+00, 1.742866277694702e+00, 1.737754821777344e+00]
