last-generated=2020-02-18
statistics-initialization=
{
  "nonlinear": "5, 8, 0, 0, 0, 0",
  "numerical Jacobians": "0"
}
statistics-simulation=
{
  "linear": "0, 0, 0, 0, 0, 0, 0",
  "nonlinear": "1, 9, 0",
  "number of continuous time states": "29",
  "numerical Jacobians": "0"
}
time=[0e+00, 1.728e+05]
senTOut.T=[2.609500122070312e+02, 2.608676452636719e+02, 2.609342651367188e+02, 2.61153564453125e+02, 2.614064331054688e+02, 2.616917419433594e+02, 2.619866027832031e+02, 2.621011047363281e+02, 2.620299682617188e+02, 2.62211181640625e+02, 2.625067138671875e+02, 2.625499877929688e+02, 2.625499877929688e+02, 2.625499877929688e+02, 2.625499877929688e+02, 2.625875549316406e+02, 2.628901062011719e+02, 2.632776489257812e+02, 2.637460632324219e+02, 2.6446923828125e+02, 2.655892028808594e+02, 2.665859985351562e+02, 2.674020080566406e+02, 2.682179870605469e+02, 2.690339965820312e+02, 2.698500061035156e+02, 2.704558715820312e+02, 2.709069213867188e+02, 2.715532531738281e+02, 2.720364685058594e+02, 2.720499877929688e+02, 2.720499877929688e+02, 2.720499877929688e+02, 2.720499877929688e+02, 2.720499877929688e+02, 2.720499877929688e+02, 2.719675598144531e+02, 2.716164855957031e+02, 2.713160400390625e+02, 2.71072998046875e+02, 2.710076599121094e+02, 2.717365112304688e+02, 2.720211181640625e+02, 2.716227111816406e+02, 2.714859924316406e+02, 2.718775329589844e+02, 2.7202783203125e+02, 2.717281494140625e+02, 2.714362182617188e+02, 2.714474182128906e+02, 2.714500122070312e+02, 2.704067077636719e+02, 2.692704162597656e+02, 2.696753845214844e+02, 2.703369750976562e+02, 2.701487121582031e+02, 2.698616027832031e+02, 2.69929931640625e+02, 2.702106018066406e+02, 2.708657531738281e+02, 2.718394165039062e+02, 2.721007690429688e+02, 2.720183410644531e+02, 2.721641845703125e+02, 2.724365844726562e+02, 2.725657043457031e+02, 2.72480224609375e+02, 2.7264599609375e+02, 2.729339904785156e+02, 2.732219848632812e+02, 2.73510009765625e+02, 2.738106079101562e+02, 2.744635620117188e+02, 2.748500061035156e+02, 2.748500061035156e+02, 2.748500061035156e+02, 2.748500061035156e+02, 2.748500061035156e+02, 2.742786560058594e+02, 2.732598266601562e+02, 2.727458801269531e+02, 2.725348205566406e+02, 2.729032287597656e+02, 2.736190795898438e+02, 2.73848876953125e+02, 2.738165588378906e+02, 2.734445495605469e+02, 2.726629028320312e+02, 2.727448425292969e+02, 2.734616394042969e+02, 2.738507690429688e+02, 2.740790100097656e+02, 2.743446655273438e+02, 2.746334838867188e+02, 2.749204406738281e+02, 2.751761474609375e+02, 2.753359069824219e+02, 2.740944213867188e+02, 2.731499938964844e+02, 2.731499938964844e+02, 2.731499938964844e+02]
boi.T=[2.931499938964844e+02, 3.165351867675781e+02, 3.211932678222656e+02, 3.239187622070312e+02, 3.255936584472656e+02, 3.266730651855469e+02, 3.274218139648438e+02, 3.279639587402344e+02, 3.282896728515625e+02, 3.284765014648438e+02, 3.286872253417969e+02, 3.28899658203125e+02, 3.290321655273438e+02, 3.291088256835938e+02, 3.291531982421875e+02, 3.291798095703125e+02, 3.292459411621094e+02, 3.29852294921875e+02, 3.323901672363281e+02, 3.341692199707031e+02, 3.355613098144531e+02, 3.368361206054688e+02, 3.379591674804688e+02, 3.38953369140625e+02, 3.398726501464844e+02, 3.407482604980469e+02, 3.415787963867188e+02, 3.422850036621094e+02, 3.42907470703125e+02, 3.435356750488281e+02, 3.440262451171875e+02, 3.443160705566406e+02, 3.444837646484375e+02, 3.44580810546875e+02, 3.446370239257812e+02, 3.446695251464844e+02, 3.446850280761719e+02, 3.446178588867188e+02, 3.435914611816406e+02, 3.412229919433594e+02, 3.397286682128906e+02, 3.389544067382812e+02, 3.387848815917969e+02, 3.386920776367188e+02, 3.38486083984375e+02, 3.383943481445312e+02, 3.38491943359375e+02, 3.385395812988281e+02, 3.384336242675781e+02, 3.382903137207031e+02, 3.382220153808594e+02, 3.380679626464844e+02, 3.374671325683594e+02, 3.368549499511719e+02, 3.367423706054688e+02, 3.368324279785156e+02, 3.367799682617188e+02, 3.366773986816406e+02, 3.366748962402344e+02, 3.368271179199219e+02, 3.372598571777344e+02, 3.378341369628906e+02, 3.382137756347656e+02, 3.384231262207031e+02, 3.386307373046875e+02, 3.38852783203125e+02, 3.389990234375e+02, 3.394982299804688e+02, 3.419001770019531e+02, 3.434950866699219e+02, 3.445401000976562e+02, 3.452665100097656e+02, 3.458575744628906e+02, 3.464624938964844e+02, 3.469041137695312e+02, 3.471611328125e+02, 3.473098754882812e+02, 3.473960266113281e+02, 3.473983764648438e+02, 3.470625305175781e+02, 3.465125427246094e+02, 3.46011474609375e+02, 3.45698974609375e+02, 3.457442016601562e+02, 3.460087890625e+02, 3.462209777832031e+02, 3.463004760742188e+02, 3.461080932617188e+02, 3.449209899902344e+02, 3.427227783203125e+02, 3.416909790039062e+02, 3.412245788574219e+02, 3.410551147460938e+02, 3.410734558105469e+02, 3.412057495117188e+02, 3.413998718261719e+02, 3.416131591796875e+02, 3.416353454589844e+02, 3.410946960449219e+02, 3.405595703125e+02, 3.4024560546875e+02]
temSup.T=[2.931499938964844e+02, 3.073280639648438e+02, 3.118435363769531e+02, 3.144971923828125e+02, 3.161315612792969e+02, 3.171881103515625e+02, 3.179241027832031e+02, 3.184559631347656e+02, 3.187706604003906e+02, 3.189552307128906e+02, 3.191685485839844e+02, 3.193777465820312e+02, 3.195065307617188e+02, 3.195810241699219e+02, 3.196241455078125e+02, 3.196503295898438e+02, 3.197215270996094e+02, 3.204550170898438e+02, 3.229700012207031e+02, 3.247170715332031e+02, 3.260993041992188e+02, 3.273683166503906e+02, 3.284828796386719e+02, 3.294720458984375e+02, 3.303883666992188e+02, 3.312622680664062e+02, 3.320885009765625e+02, 3.327876586914062e+02, 3.334093933105469e+02, 3.340360107421875e+02, 3.345149841308594e+02, 3.347966003417969e+02, 3.349595031738281e+02, 3.350538024902344e+02, 3.351083984375e+02, 3.351399841308594e+02, 3.351539916992188e+02, 3.350799560546875e+02, 3.339166259765625e+02, 3.315945129394531e+02, 3.301380615234375e+02, 3.294026489257812e+02, 3.292516174316406e+02, 3.291526489257812e+02, 3.289450988769531e+02, 3.288649291992188e+02, 3.289672241210938e+02, 3.290068969726562e+02, 3.288947448730469e+02, 3.287539672851562e+02, 3.286886901855469e+02, 3.285179748535156e+02, 3.278974304199219e+02, 3.273048095703125e+02, 3.272160949707031e+02, 3.273031005859375e+02, 3.272432556152344e+02, 3.27143310546875e+02, 3.271475219726562e+02, 3.273104858398438e+02, 3.277587585449219e+02, 3.283294677734375e+02, 3.2869677734375e+02, 3.289023132324219e+02, 3.291116027832031e+02, 3.293325500488281e+02, 3.294728088378906e+02, 3.300938415527344e+02, 3.324724426269531e+02, 3.340303649902344e+02, 3.350538635253906e+02, 3.357679138183594e+02, 3.363582458496094e+02, 3.369608154296875e+02, 3.373906555175781e+02, 3.37640380859375e+02, 3.377848815917969e+02, 3.378685607910156e+02, 3.378605346679688e+02, 3.375051879882812e+02, 3.369531860351562e+02, 3.364581298828125e+02, 3.361604614257812e+02, 3.362245788574219e+02, 3.364915771484375e+02, 3.366981811523438e+02, 3.36768310546875e+02, 3.365594787597656e+02, 3.35244384765625e+02, 3.331134338378906e+02, 3.321250305175781e+02, 3.316785888671875e+02, 3.315211486816406e+02, 3.31547119140625e+02, 3.316838684082031e+02, 3.318800354003906e+02, 3.320932006835938e+02, 3.320898742675781e+02, 3.31529541015625e+02, 3.31007568359375e+02, 3.307025451660156e+02]
temRet.T=[2.931499938964844e+02, 3.118740539550781e+02, 3.164796447753906e+02, 3.191787414550781e+02, 3.208387756347656e+02, 3.219097595214844e+02, 3.226538391113281e+02, 3.231922302246094e+02, 3.235138854980469e+02, 3.236998901367188e+02, 3.239115600585938e+02, 3.24122802734375e+02, 3.242539367675781e+02, 3.24329833984375e+02, 3.243737487792969e+02, 3.244001770019531e+02, 3.244681396484375e+02, 3.25120849609375e+02, 3.276506652832031e+02, 3.2941796875e+02, 3.30806396484375e+02, 3.320791015625e+02, 3.331990356445312e+02, 3.341913757324219e+02, 3.351095886230469e+02, 3.359845581054688e+02, 3.368135375976562e+02, 3.375171508789062e+02, 3.381393432617188e+02, 3.387669677734375e+02, 3.392532958984375e+02, 3.395401306152344e+02, 3.397060546875e+02, 3.398020935058594e+02, 3.398576965332031e+02, 3.39889892578125e+02, 3.399048461914062e+02, 3.398351440429688e+02, 3.387586059570312e+02, 3.364070129394531e+02, 3.349265747070312e+02, 3.341665649414062e+02, 3.340038452148438e+02, 3.339088134765625e+02, 3.337022094726562e+02, 3.336147155761719e+02, 3.337140502929688e+02, 3.337587890625e+02, 3.336505432128906e+02, 3.335081481933594e+02, 3.334409790039062e+02, 3.332808532714844e+02, 3.326727600097656e+02, 3.320676879882812e+02, 3.319638977050781e+02, 3.320528869628906e+02, 3.319977111816406e+02, 3.318960571289062e+02, 3.318960266113281e+02, 3.320521850585938e+02, 3.324906005859375e+02, 3.330636291503906e+02, 3.33438720703125e+02, 3.336466674804688e+02, 3.338548889160156e+02, 3.340765380859375e+02, 3.342206115722656e+02, 3.347641906738281e+02, 3.371578979492188e+02, 3.387392272949219e+02, 3.397763366699219e+02, 3.404981994628906e+02, 3.410889892578125e+02, 3.416930847167969e+02, 3.421303405761719e+02, 3.423847045898438e+02, 3.425318908691406e+02, 3.426171264648438e+02, 3.4261572265625e+02, 3.42272705078125e+02, 3.417219543457031e+02, 3.412230834960938e+02, 3.40916015625e+02, 3.409681701660156e+02, 3.41233642578125e+02, 3.414438171386719e+02, 3.415198974609375e+02, 3.413214721679688e+02, 3.400874328613281e+02, 3.379137878417969e+02, 3.3689794921875e+02, 3.364388732910156e+02, 3.362738342285156e+02, 3.362949523925781e+02, 3.364288940429688e+02, 3.36623779296875e+02, 3.368370361328125e+02, 3.368499145507812e+02, 3.36302001953125e+02, 3.357716674804688e+02, 3.354609985351562e+02]
temRoo.T=[2.931499938964844e+02, 2.839912109375e+02, 2.869789733886719e+02, 2.888547668457031e+02, 2.900520324707031e+02, 2.908636169433594e+02, 2.914622802734375e+02, 2.918789672851562e+02, 2.9207470703125e+02, 2.92240478515625e+02, 2.924816284179688e+02, 2.926518859863281e+02, 2.927406921386719e+02, 2.927919616699219e+02, 2.928215942382812e+02, 2.928450622558594e+02, 2.929746704101562e+02, 2.951952819824219e+02, 2.973477172851562e+02, 2.987543029785156e+02, 3.000362243652344e+02, 3.012375183105469e+02, 3.022600708007812e+02, 3.031949157714844e+02, 3.040796508789062e+02, 3.049348449707031e+02, 3.057099609375e+02, 3.063327331542969e+02, 3.069501953125e+02, 3.075539245605469e+02, 3.079032287597656e+02, 3.080966186523438e+02, 3.0820849609375e+02, 3.082732543945312e+02, 3.083107604980469e+02, 3.083324584960938e+02, 3.083271484375e+02, 3.081764526367188e+02, 3.055174560546875e+02, 3.037301940917969e+02, 3.02681640625e+02, 3.023711242675781e+02, 3.024036865234375e+02, 3.022317810058594e+02, 3.020162048339844e+02, 3.020657958984375e+02, 3.022107543945312e+02, 3.021598205566406e+02, 3.019837036132812e+02, 3.018747253417969e+02, 3.018394165039062e+02, 3.014692077636719e+02, 3.006479797363281e+02, 3.002884826660156e+02, 3.00451416015625e+02, 3.004928588867188e+02, 3.003554077148438e+02, 3.002894287109375e+02, 3.003687133789062e+02, 3.006554565429688e+02, 3.012706604003906e+02, 3.017893676757812e+02, 3.020219116210938e+02, 3.021920471191406e+02, 3.024194946289062e+02, 3.026250610351562e+02, 3.026995849609375e+02, 3.047551879882812e+02, 3.067643127441406e+02, 3.079230041503906e+02, 3.087151794433594e+02, 3.09296875e+02, 3.09885986328125e+02, 3.104544067382812e+02, 3.107551574707031e+02, 3.109266357421875e+02, 3.110259399414062e+02, 3.110830383300781e+02, 3.109496459960938e+02, 3.103854064941406e+02, 3.098200378417969e+02, 3.093945617675781e+02, 3.092666931152344e+02, 3.095338134765625e+02, 3.098179016113281e+02, 3.099611206054688e+02, 3.099227600097656e+02, 3.095365600585938e+02, 3.068377990722656e+02, 3.054674377441406e+02, 3.049331359863281e+02, 3.046988220214844e+02, 3.046708984375e+02, 3.047787170410156e+02, 3.049629211425781e+02, 3.051800537109375e+02, 3.053895874023438e+02, 3.050861511230469e+02, 3.043350830078125e+02, 3.039600524902344e+02, 3.037503051757812e+02]
