last-generated=2025-05-07
statistics-initialization=
{
  "nonlinear": "1, 1, 4, 0, 2, 1, 1, 4, 4, 1, 4, 1, 4",
  "numerical Jacobians": "0"
}
statistics-simulation=
{
  "linear": " ",
  "nonlinear": "4, 1, 1, 1, 1, 1, 4, 4, 1, 4, 1, 4",
  "number of continuous time states": "19",
  "numerical Jacobians": "0"
}
time=[0e+00, 8.64e+04]
pla.PCoo=[0e+00, 1.222687109375e+05, 1.218917734375e+05, 1.2188934375e+05, 1.218893046875e+05, 1.218893125e+05, 1.218893125e+05, 1.218893125e+05, 1.218893125e+05, 1.2181015625e+05, 1.21343015625e+05, 1.206669921875e+05, 1.20059984375e+05, 1.19757078125e+05, 1.19539796875e+05, 1.192916796875e+05, 1.190130859375e+05, 1.18679515625e+05, 1.17738765625e+05, 1.1623375e+05, 1.146698125e+05, 1.135691328125e+05, 1.13092828125e+05, 1.129946875e+05, 1.1315921875e+05, 1.134732890625e+05, 1.1873246875e+05, 1.25165265625e+05, 1.317276875e+05, 1.38042515625e+05, 1.43472640625e+05, 1.47497125e+05, 1.5118103125e+05, 1.5567428125e+05, 1.6189784375e+05, 1.69311859375e+05, 1.77060640625e+05, 1.84423578125e+05, 1.90882203125e+05, 1.972700625e+05, 2.037085625e+05, 2.0991453125e+05, 2.15615234375e+05, 2.2098140625e+05, 2.26185359375e+05, 2.3123215625e+05, 2.3612346875e+05, 2.4078071875e+05, 2.45182578125e+05, 2.49405328125e+05, 2.53532453125e+05, 2.5755021875e+05, 2.61328078125e+05, 2.6484540625e+05, 2.68086375e+05, 2.7101221875e+05, 2.7356725e+05, 2.75779875e+05, 2.77687125e+05, 2.792460625e+05, 2.800600625e+05, 2.799965625e+05, 2.79217375e+05, 2.7820853125e+05, 2.7689428125e+05, 2.7528303125e+05, 2.7349e+05, 2.7161965625e+05, 2.700453125e+05, 2.6832990625e+05, 2.6600384375e+05, 2.629819375e+05, 2.5958959375e+05, 2.55975875e+05, 2.519708125e+05, 2.47411765625e+05, 2.4219584375e+05, 2.36543484375e+05, 2.308110625e+05, 2.2534971875e+05, 2.203876875e+05, 2.1569303125e+05, 2.11056984375e+05, 2.06286125e+05, 2.01099234375e+05, 1.9513159375e+05, 1.8874903125e+05, 1.82441984375e+05, 1.7668515625e+05, 1.713326875e+05, 1.66072859375e+05, 1.606879375e+05, 1.55013578125e+05, 1.49475265625e+05, 1.44158375e+05, 1.38801796875e+05, 1.33177375e+05, 1.27405625e+05, 1.217198984375e+05, 1.161056875e+05, 1.105404296875e+05]
loaVar.y=[9.13865e+05, 9.13865e+05, 9.13865e+05, 9.13865e+05, 9.13865e+05, 9.13865e+05, 9.13865e+05, 9.13865e+05, 9.13865e+05, 9.13865e+05, 9.13865e+05, 9.13865e+05, 9.13865e+05, 9.13865e+05, 9.13865e+05, 9.13865e+05, 9.13865e+05, 9.13865e+05, 9.13865e+05, 9.13865e+05, 9.13865e+05, 9.13865e+05, 9.13865e+05, 9.13865e+05, 9.13865e+05, 9.13865e+05, 9.529474375e+05, 9.91958375e+05, 1.030826375e+06, 1.069480375e+06, 1.107849625e+06, 1.145864e+06, 1.18345375e+06, 1.220550375e+06, 1.25708575e+06, 1.292993e+06, 1.328206625e+06, 1.362662125e+06, 1.396296375e+06, 1.429048e+06, 1.460856875e+06, 1.491664875e+06, 1.521415625e+06, 1.550054625e+06, 1.577529625e+06, 1.60379025e+06, 1.6287885e+06, 1.6524785e+06, 1.674817125e+06, 1.695763375e+06, 1.715278875e+06, 1.733328e+06, 1.749877625e+06, 1.764897625e+06, 1.778360375e+06, 1.79024125e+06, 1.800518625e+06, 1.8091735e+06, 1.816190375e+06, 1.821556e+06, 1.825260875e+06, 1.827298e+06, 1.827663875e+06, 1.826357625e+06, 1.82338175e+06, 1.818741625e+06, 1.81244575e+06, 1.80450575e+06, 1.794936125e+06, 1.78375425e+06, 1.770980625e+06, 1.75663875e+06, 1.74075475e+06, 1.72335775e+06, 1.704479625e+06, 1.68415475e+06, 1.6624205e+06, 1.6393165e+06, 1.614885125e+06, 1.589171e+06, 1.56222125e+06, 1.534085125e+06, 1.504814125e+06, 1.474461875e+06, 1.44308375e+06, 1.410737375e+06, 1.377481875e+06, 1.343378e+06, 1.30848825e+06, 1.272876375e+06, 1.2366075e+06, 1.19974825e+06, 1.162365875e+06, 1.12452875e+06, 1.086306125e+06, 1.047768e+06, 1.008984875e+06, 9.7002775e+05, 9.3096775e+05, 8.918765625e+05, 8.528255625e+05]
pla.chiStaCon.plr.y=[0e+00, 9.999995231628418e-01, 9.999995827674866e-01, 9.999995827674866e-01, 9.999995827674866e-01, 9.999995827674866e-01, 9.999995827674866e-01, 9.999995827674866e-01, 9.999995827674866e-01, 9.999995827674866e-01, 9.999995827674866e-01, 9.999995827674866e-01, 9.999995827674866e-01, 9.999995827674866e-01, 9.999995827674866e-01, 9.999995827674866e-01, 9.999995827674866e-01, 9.999995827674866e-01, 9.999995827674866e-01, 9.999995827674866e-01, 9.999995827674866e-01, 9.999995827674866e-01, 9.999995827674866e-01, 9.999995827674866e-01, 9.999995827674866e-01, 9.999995827674866e-01, 1.041816473007202e+00, 1.084506869316101e+00, 1.127042651176453e+00, 1.16934597492218e+00, 1.211339354515076e+00, 1.252946138381958e+00, 1.294090032577515e+00, 1.33469569683075e+00, 1.374689102172852e+00, 1.413996815681457e+00, 1.452547073364258e+00, 1.490269303321838e+00, 1.52709436416626e+00, 1.562955021858215e+00, 1.597785472869873e+00, 1.631522178649902e+00, 1.664103388786316e+00, 1.695469498634338e+00, 1.725562930107117e+00, 1.754328846931458e+00, 1.7817143201828e+00, 1.807669639587402e+00, 1.832147002220154e+00, 1.855101704597473e+00, 1.876491785049438e+00, 1.896278023719788e+00, 1.914424419403076e+00, 1.930897355079651e+00, 1.945667266845703e+00, 1.958706855773926e+00, 1.96999204158783e+00, 1.979502320289612e+00, 1.987220406532288e+00, 1.9931321144104e+00, 1.997226595878601e+00, 1.999496340751648e+00, 1.999937295913696e+00, 1.99854850769043e+00, 1.995332717895508e+00, 1.990295648574829e+00, 1.983446478843689e+00, 1.97479784488678e+00, 1.964365601539612e+00, 1.952168822288513e+00, 1.938229680061341e+00, 1.922573804855347e+00, 1.905229926109314e+00, 1.886229634284973e+00, 1.865607738494873e+00, 1.843401908874512e+00, 1.819652915000916e+00, 1.794404029846191e+00, 1.767701625823975e+00, 1.739594578742981e+00, 1.710134148597717e+00, 1.67937433719635e+00, 1.647371530532837e+00, 1.614184021949768e+00, 1.579872846603394e+00, 1.544500470161438e+00, 1.508131861686707e+00, 1.470833539962769e+00, 1.432673692703247e+00, 1.393722057342529e+00, 1.354050040245056e+00, 1.313730239868164e+00, 1.272836327552795e+00, 1.231443166732788e+00, 1.189626574516296e+00, 1.147462964057922e+00, 1.105029463768005e+00, 1.062403917312622e+00, 1.019664168357849e+00, 9.768883585929871e-01, 9.341548681259155e-01]
pla.chiStaCon.y[1]=[0e+00, 1e+00, 1e+00, 1e+00, 1e+00, 1e+00, 1e+00, 1e+00, 1e+00, 1e+00, 1e+00, 1e+00, 1e+00, 1e+00, 1e+00, 1e+00, 1e+00, 1e+00, 1e+00, 1e+00, 1e+00, 1e+00, 1e+00, 1e+00, 1e+00, 1e+00, 1e+00, 1e+00, 1e+00, 1e+00, 1e+00, 1e+00, 1e+00, 1e+00, 1e+00, 1e+00, 1e+00, 1e+00, 1e+00, 1e+00, 1e+00, 1e+00, 1e+00, 1e+00, 1e+00, 1e+00, 1e+00, 1e+00, 1e+00, 1e+00, 1e+00, 1e+00, 1e+00, 1e+00, 1e+00, 1e+00, 1e+00, 1e+00, 1e+00, 1e+00, 1e+00, 1e+00, 1e+00, 1e+00, 1e+00, 1e+00, 1e+00, 1e+00, 1e+00, 1e+00, 1e+00, 1e+00, 1e+00, 1e+00, 1e+00, 1e+00, 1e+00, 1e+00, 1e+00, 1e+00, 1e+00, 1e+00, 1e+00, 1e+00, 1e+00, 1e+00, 1e+00, 1e+00, 1e+00, 1e+00, 1e+00, 1e+00, 1e+00, 1e+00, 1e+00, 1e+00, 1e+00, 1e+00, 1e+00, 1e+00, 1e+00]
pla.chiStaCon.y[2]=[0e+00, 1e+00, 1e+00, 1e+00, 1e+00, 1e+00, 1e+00, 1e+00, 1e+00, 1e+00, 1e+00, 1e+00, 1e+00, 1e+00, 1e+00, 1e+00, 1e+00, 1e+00, 1e+00, 1e+00, 1e+00, 1e+00, 1e+00, 1e+00, 1e+00, 1e+00, 1e+00, 1e+00, 1e+00, 1e+00, 1e+00, 1e+00, 1e+00, 1e+00, 1e+00, 1e+00, 1e+00, 1e+00, 1e+00, 1e+00, 1e+00, 1e+00, 1e+00, 1e+00, 1e+00, 1e+00, 1e+00, 1e+00, 1e+00, 1e+00, 1e+00, 1e+00, 1e+00, 1e+00, 1e+00, 1e+00, 1e+00, 1e+00, 1e+00, 1e+00, 1e+00, 1e+00, 1e+00, 1e+00, 1e+00, 1e+00, 1e+00, 1e+00, 1e+00, 1e+00, 1e+00, 1e+00, 1e+00, 1e+00, 1e+00, 1e+00, 1e+00, 1e+00, 1e+00, 1e+00, 1e+00, 1e+00, 1e+00, 1e+00, 1e+00, 1e+00, 1e+00, 1e+00, 1e+00, 1e+00, 1e+00, 1e+00, 1e+00, 1e+00, 1e+00, 1e+00, 1e+00, 1e+00, 1e+00, 1e+00, 1e+00]
pla.senMasFlo.m_flow=[-0e+00, 2.68990535736084e+01, 2.68990535736084e+01, 2.68990535736084e+01, 2.68990535736084e+01, 2.68990535736084e+01, 2.68990535736084e+01, 2.68990535736084e+01, 2.68990535736084e+01, 2.68990535736084e+01, 2.68990535736084e+01, 2.68990535736084e+01, 2.68990535736084e+01, 2.68990535736084e+01, 2.68990535736084e+01, 2.68990535736084e+01, 2.68990535736084e+01, 2.68990535736084e+01, 2.68990535736084e+01, 2.68990535736084e+01, 2.68990535736084e+01, 2.68990535736084e+01, 2.68990535736084e+01, 2.68990535736084e+01, 2.68990535736084e+01, 2.68990535736084e+01, 2.68990535736084e+01, 2.68990535736084e+01, 2.68990535736084e+01, 2.68990535736084e+01, 2.68990535736084e+01, 2.68990535736084e+01, 2.68990535736084e+01, 2.68990535736084e+01, 2.68990535736084e+01, 2.68990535736084e+01, 2.68990535736084e+01, 2.68990535736084e+01, 2.68990535736084e+01, 2.68990535736084e+01, 2.68990535736084e+01, 2.68990535736084e+01, 2.68990535736084e+01, 2.68990535736084e+01, 2.68990535736084e+01, 2.68990535736084e+01, 2.68990535736084e+01, 2.68990535736084e+01, 2.68990535736084e+01, 2.68990535736084e+01, 2.68990535736084e+01, 2.68990535736084e+01, 2.68990535736084e+01, 2.68990535736084e+01, 2.68990535736084e+01, 2.68990535736084e+01, 2.68990535736084e+01, 2.68990535736084e+01, 2.68990535736084e+01, 2.68990535736084e+01, 2.68990535736084e+01, 2.68990535736084e+01, 2.68990535736084e+01, 2.68990535736084e+01, 2.68990535736084e+01, 2.68990535736084e+01, 2.68990535736084e+01, 2.68990535736084e+01, 2.68990535736084e+01, 2.68990535736084e+01, 2.68990535736084e+01, 2.68990535736084e+01, 2.68990535736084e+01, 2.68990535736084e+01, 2.68990535736084e+01, 2.68990535736084e+01, 2.68990535736084e+01, 2.68990535736084e+01, 2.68990535736084e+01, 2.68990535736084e+01, 2.68990535736084e+01, 2.68990535736084e+01, 2.68990535736084e+01, 2.68990535736084e+01, 2.68990535736084e+01, 2.68990535736084e+01, 2.68990535736084e+01, 2.68990535736084e+01, 2.68990535736084e+01, 2.68990535736084e+01, 2.68990535736084e+01, 2.68990535736084e+01, 2.68990535736084e+01, 2.68990535736084e+01, 2.68990535736084e+01, 2.68990535736084e+01, 2.68990535736084e+01, 2.68990535736084e+01, 2.68990535736084e+01, 2.68990535736084e+01, 2.68990535736084e+01]
pla.splCHWSup.port_1.m_flow=[0e+00, 2.689918518066406e+01, 2.689918518066406e+01, 2.689918518066406e+01, 2.689918518066406e+01, 2.689918518066406e+01, 2.689918518066406e+01, 2.689918518066406e+01, 2.689918518066406e+01, 2.689918518066406e+01, 2.689918518066406e+01, 2.689918518066406e+01, 2.689918518066406e+01, 2.689918518066406e+01, 2.689918518066406e+01, 2.689918518066406e+01, 2.689918518066406e+01, 2.689918518066406e+01, 2.689918518066406e+01, 2.689918518066406e+01, 2.689918518066406e+01, 2.689918518066406e+01, 2.689918518066406e+01, 2.689918518066406e+01, 2.689918518066406e+01, 2.689918518066406e+01, 2.689918518066406e+01, 2.689918518066406e+01, 2.689918518066406e+01, 2.689918518066406e+01, 2.689918518066406e+01, 2.689918518066406e+01, 2.689918518066406e+01, 2.689918518066406e+01, 2.689918518066406e+01, 2.689918518066406e+01, 2.689918518066406e+01, 2.689918518066406e+01, 2.689918518066406e+01, 2.689918518066406e+01, 2.689918518066406e+01, 2.689918518066406e+01, 2.689918518066406e+01, 2.689918518066406e+01, 2.689918518066406e+01, 2.689918518066406e+01, 2.689918518066406e+01, 2.689918518066406e+01, 2.689918518066406e+01, 2.689918518066406e+01, 2.689918518066406e+01, 2.689918518066406e+01, 2.689918518066406e+01, 2.689918518066406e+01, 2.689918518066406e+01, 2.689918518066406e+01, 2.689918518066406e+01, 2.689918518066406e+01, 2.689918518066406e+01, 2.689918518066406e+01, 2.689918518066406e+01, 2.689918518066406e+01, 2.689918518066406e+01, 2.689918518066406e+01, 2.689918518066406e+01, 2.689918518066406e+01, 2.689918518066406e+01, 2.689918518066406e+01, 2.689918518066406e+01, 2.689918518066406e+01, 2.689918518066406e+01, 2.689918518066406e+01, 2.689918518066406e+01, 2.689918518066406e+01, 2.689918518066406e+01, 2.689918518066406e+01, 2.689918518066406e+01, 2.689918518066406e+01, 2.689918518066406e+01, 2.689918518066406e+01, 2.689918518066406e+01, 2.689918518066406e+01, 2.689918518066406e+01, 2.689918518066406e+01, 2.689918518066406e+01, 2.689918518066406e+01, 2.689918518066406e+01, 2.689918518066406e+01, 2.689918518066406e+01, 2.689918518066406e+01, 2.689918518066406e+01, 2.689918518066406e+01, 2.689918518066406e+01, 2.689918518066406e+01, 2.689918518066406e+01, 2.689918518066406e+01, 2.689918518066406e+01, 2.689918518066406e+01, 2.689918518066406e+01, 2.689918518066406e+01, 2.689918518066406e+01]
pla.splCHWSup.port_2.m_flow=[-0e+00, -1.317957940045744e-04, -1.317957940045744e-04, -1.317957940045744e-04, -1.317957940045744e-04, -1.317957940045744e-04, -1.317957940045744e-04, -1.317957940045744e-04, -1.317957940045744e-04, -1.317957940045744e-04, -1.317957940045744e-04, -1.317957940045744e-04, -1.317957940045744e-04, -1.317957940045744e-04, -1.317957940045744e-04, -1.317957940045744e-04, -1.317957940045744e-04, -1.317957940045744e-04, -1.317957940045744e-04, -1.317957940045744e-04, -1.317957940045744e-04, -1.317957940045744e-04, -1.317957940045744e-04, -1.317957940045744e-04, -1.317957940045744e-04, -1.317957940045744e-04, -1.317957940045744e-04, -1.317957940045744e-04, -1.317957940045744e-04, -1.317957940045744e-04, -1.317957940045744e-04, -1.317957940045744e-04, -1.317957940045744e-04, -1.317957940045744e-04, -1.317957940045744e-04, -1.317957940045744e-04, -1.317957940045744e-04, -1.317957940045744e-04, -1.317957940045744e-04, -1.317957940045744e-04, -1.317957940045744e-04, -1.317957940045744e-04, -1.317957940045744e-04, -1.317957940045744e-04, -1.317957940045744e-04, -1.317957940045744e-04, -1.317957940045744e-04, -1.317957940045744e-04, -1.317957940045744e-04, -1.317957940045744e-04, -1.317957940045744e-04, -1.317957940045744e-04, -1.317957940045744e-04, -1.317957940045744e-04, -1.317957940045744e-04, -1.317957940045744e-04, -1.317957940045744e-04, -1.317957940045744e-04, -1.317957940045744e-04, -1.317957940045744e-04, -1.317957940045744e-04, -1.317957940045744e-04, -1.317957940045744e-04, -1.317957940045744e-04, -1.317957940045744e-04, -1.317957940045744e-04, -1.317957940045744e-04, -1.317957940045744e-04, -1.317957940045744e-04, -1.317957940045744e-04, -1.317957940045744e-04, -1.317957940045744e-04, -1.317957940045744e-04, -1.317957940045744e-04, -1.317957940045744e-04, -1.317957940045744e-04, -1.317957940045744e-04, -1.317957940045744e-04, -1.317957940045744e-04, -1.317957940045744e-04, -1.317957940045744e-04, -1.317957940045744e-04, -1.317957940045744e-04, -1.317957940045744e-04, -1.317957940045744e-04, -1.317957940045744e-04, -1.317957940045744e-04, -1.317957940045744e-04, -1.317957940045744e-04, -1.317957940045744e-04, -1.317957940045744e-04, -1.317957940045744e-04, -1.317957940045744e-04, -1.317957940045744e-04, -1.317957940045744e-04, -1.317957940045744e-04, -1.317957940045744e-04, -1.317957940045744e-04, -1.317957940045744e-04, -1.317957940045744e-04, -1.317957940045744e-04]
pla.splCHWSup.port_3.m_flow=[0e+00, -2.68990535736084e+01, -2.68990535736084e+01, -2.68990535736084e+01, -2.68990535736084e+01, -2.68990535736084e+01, -2.68990535736084e+01, -2.68990535736084e+01, -2.68990535736084e+01, -2.68990535736084e+01, -2.68990535736084e+01, -2.68990535736084e+01, -2.68990535736084e+01, -2.68990535736084e+01, -2.68990535736084e+01, -2.68990535736084e+01, -2.68990535736084e+01, -2.68990535736084e+01, -2.68990535736084e+01, -2.68990535736084e+01, -2.68990535736084e+01, -2.68990535736084e+01, -2.68990535736084e+01, -2.68990535736084e+01, -2.68990535736084e+01, -2.68990535736084e+01, -2.68990535736084e+01, -2.68990535736084e+01, -2.68990535736084e+01, -2.68990535736084e+01, -2.68990535736084e+01, -2.68990535736084e+01, -2.68990535736084e+01, -2.68990535736084e+01, -2.68990535736084e+01, -2.68990535736084e+01, -2.68990535736084e+01, -2.68990535736084e+01, -2.68990535736084e+01, -2.68990535736084e+01, -2.68990535736084e+01, -2.68990535736084e+01, -2.68990535736084e+01, -2.68990535736084e+01, -2.68990535736084e+01, -2.68990535736084e+01, -2.68990535736084e+01, -2.68990535736084e+01, -2.68990535736084e+01, -2.68990535736084e+01, -2.68990535736084e+01, -2.68990535736084e+01, -2.68990535736084e+01, -2.68990535736084e+01, -2.68990535736084e+01, -2.68990535736084e+01, -2.68990535736084e+01, -2.68990535736084e+01, -2.68990535736084e+01, -2.68990535736084e+01, -2.68990535736084e+01, -2.68990535736084e+01, -2.68990535736084e+01, -2.68990535736084e+01, -2.68990535736084e+01, -2.68990535736084e+01, -2.68990535736084e+01, -2.68990535736084e+01, -2.68990535736084e+01, -2.68990535736084e+01, -2.68990535736084e+01, -2.68990535736084e+01, -2.68990535736084e+01, -2.68990535736084e+01, -2.68990535736084e+01, -2.68990535736084e+01, -2.68990535736084e+01, -2.68990535736084e+01, -2.68990535736084e+01, -2.68990535736084e+01, -2.68990535736084e+01, -2.68990535736084e+01, -2.68990535736084e+01, -2.68990535736084e+01, -2.68990535736084e+01, -2.68990535736084e+01, -2.68990535736084e+01, -2.68990535736084e+01, -2.68990535736084e+01, -2.68990535736084e+01, -2.68990535736084e+01, -2.68990535736084e+01, -2.68990535736084e+01, -2.68990535736084e+01, -2.68990535736084e+01, -2.68990535736084e+01, -2.68990535736084e+01, -2.68990535736084e+01, -2.68990535736084e+01, -2.68990535736084e+01, -2.68990535736084e+01]
pla.cooTowWitByp.TWetBul=[2.79588623046875e+02, 2.79588623046875e+02, 2.79588623046875e+02, 2.79588623046875e+02, 2.79588623046875e+02, 2.79588623046875e+02, 2.79588623046875e+02, 2.79588623046875e+02, 2.79588623046875e+02, 2.795545043945312e+02, 2.794107360839844e+02, 2.792237854003906e+02, 2.790692138671875e+02, 2.790008544921875e+02, 2.789409790039062e+02, 2.788725280761719e+02, 2.787960510253906e+02, 2.786960754394531e+02, 2.784048461914062e+02, 2.77985595703125e+02, 2.775773620605469e+02, 2.773186340332031e+02, 2.772150573730469e+02, 2.772049560546875e+02, 2.772589416503906e+02, 2.773469848632812e+02, 2.775399780273438e+02, 2.778540649414062e+02, 2.781810302734375e+02, 2.784213256835938e+02, 2.783511657714844e+02, 2.778849487304688e+02, 2.773615417480469e+02, 2.771244506835938e+02, 2.774251708984375e+02, 2.780511169433594e+02, 2.787671508789062e+02, 2.793551330566406e+02, 2.796795959472656e+02, 2.800454711914062e+02, 2.80438720703125e+02, 2.807690734863281e+02, 2.809558715820312e+02, 2.810838317871094e+02, 2.811973266601562e+02, 2.813025512695312e+02, 2.814046936035156e+02, 2.814791870117188e+02, 2.815333251953125e+02, 2.815975036621094e+02, 2.817029113769531e+02, 2.818395385742188e+02, 2.819761962890625e+02, 2.821128234863281e+02, 2.822494506835938e+02, 2.823768310546875e+02, 2.824858703613281e+02, 2.825902709960938e+02, 2.827041015625e+02, 2.828075256347656e+02, 2.827873229980469e+02, 2.826187438964844e+02, 2.823604736328125e+02, 2.821515197753906e+02, 2.819474792480469e+02, 2.817623901367188e+02, 2.8162744140625e+02, 2.815769653320312e+02, 2.817180786132812e+02, 2.818868408203125e+02, 2.819556579589844e+02, 2.819044494628906e+02, 2.818428955078125e+02, 2.817861022949219e+02, 2.81674560546875e+02, 2.81449951171875e+02, 2.810774841308594e+02, 2.806339111328125e+02, 2.80230712890625e+02, 2.799801940917969e+02, 2.799381713867188e+02, 2.800126342773438e+02, 2.801335754394531e+02, 2.802319030761719e+02, 2.8019677734375e+02, 2.799279479980469e+02, 2.795666198730469e+02, 2.792732238769531e+02, 2.79185302734375e+02, 2.792131958007812e+02, 2.792606201171875e+02, 2.792582092285156e+02, 2.791640014648438e+02, 2.791354064941406e+02, 2.791527404785156e+02, 2.791357116699219e+02, 2.790216674804688e+02, 2.788758544921875e+02, 2.787445678710938e+02, 2.786195983886719e+02, 2.784927978515625e+02]
pla.cooTowWitByp.TLvg=[2.931499938964844e+02, 2.911814270019531e+02, 2.911103210449219e+02, 2.9110986328125e+02, 2.9110986328125e+02, 2.9110986328125e+02, 2.9110986328125e+02, 2.9110986328125e+02, 2.9110986328125e+02, 2.910948791503906e+02, 2.910066528320312e+02, 2.908792724609375e+02, 2.907651977539062e+02, 2.907083740234375e+02, 2.906676330566406e+02, 2.906211547851562e+02, 2.905690002441406e+02, 2.905065612792969e+02, 2.903308410644531e+02, 2.900507202148438e+02, 2.897606811523438e+02, 2.8955712890625e+02, 2.894691467285156e+02, 2.894510498046875e+02, 2.894814758300781e+02, 2.895395202636719e+02, 2.899916076660156e+02, 2.906316223144531e+02, 2.912798767089844e+02, 2.91867431640625e+02, 2.922768859863281e+02, 2.92414794921875e+02, 2.924820556640625e+02, 2.92689208984375e+02, 2.932000732421875e+02, 2.939159545898438e+02, 2.946838073730469e+02, 2.953745727539062e+02, 2.95895751953125e+02, 2.963993530273438e+02, 2.96908203125e+02, 2.973734130859375e+02, 2.977500610351562e+02, 2.980721435546875e+02, 2.983726806640625e+02, 2.986553649902344e+02, 2.989231262207031e+02, 2.991660461425781e+02, 2.993839111328125e+02, 2.995917663574219e+02, 2.998046875e+02, 3.000222473144531e+02, 3.002267456054688e+02, 3.004175720214844e+02, 3.005947570800781e+02, 3.007549743652344e+02, 3.008926391601562e+02, 3.010137939453125e+02, 3.011251831054688e+02, 3.012222595214844e+02, 3.012528076171875e+02, 3.012003479003906e+02, 3.010867309570312e+02, 3.009769592285156e+02, 3.00860107421875e+02, 3.007364807128906e+02, 3.006210021972656e+02, 3.005275573730469e+02, 3.0050830078125e+02, 3.005021057128906e+02, 3.004408569335938e+02, 3.003087768554688e+02, 3.001495361328125e+02, 2.999825134277344e+02, 2.997794189453125e+02, 2.995110168457031e+02, 2.99155517578125e+02, 2.987422790527344e+02, 2.983253784179688e+02, 2.979615173339844e+02, 2.97689697265625e+02, 2.974723510742188e+02, 2.972736511230469e+02, 2.970582275390625e+02, 2.967730407714844e+02, 2.963478088378906e+02, 2.958439331054688e+02, 2.9534814453125e+02, 2.949462280273438e+02, 2.946116638183594e+02, 2.942864990234375e+02, 2.939289855957031e+02, 2.935066528320312e+02, 2.930977172851562e+02, 2.927171325683594e+02, 2.923150634765625e+02, 2.9184765625e+02, 2.913369750976562e+02, 2.908261413574219e+02, 2.903118896484375e+02, 2.897893981933594e+02]
pla.senTCHWSup.T=[2.931499938964844e+02, 2.811499938964844e+02, 2.811499938964844e+02, 2.811499938964844e+02, 2.811499938964844e+02, 2.811499938964844e+02, 2.811499938964844e+02, 2.811499938964844e+02, 2.811499938964844e+02, 2.811499938964844e+02, 2.811499938964844e+02, 2.811499938964844e+02, 2.811499938964844e+02, 2.811499938964844e+02, 2.811499938964844e+02, 2.811499938964844e+02, 2.811499938964844e+02, 2.811499938964844e+02, 2.811499938964844e+02, 2.811499938964844e+02, 2.811499938964844e+02, 2.811499938964844e+02, 2.811499938964844e+02, 2.811499938964844e+02, 2.811499938964844e+02, 2.811499938964844e+02, 2.811499938964844e+02, 2.811499938964844e+02, 2.811499938964844e+02, 2.811499938964844e+02, 2.811499938964844e+02, 2.811499938964844e+02, 2.811499938964844e+02, 2.811499938964844e+02, 2.811499938964844e+02, 2.811499938964844e+02, 2.811499938964844e+02, 2.811499938964844e+02, 2.811499938964844e+02, 2.811499938964844e+02, 2.811499938964844e+02, 2.811499938964844e+02, 2.811499938964844e+02, 2.811499938964844e+02, 2.811499938964844e+02, 2.811499938964844e+02, 2.811499938964844e+02, 2.811499938964844e+02, 2.811499938964844e+02, 2.811499938964844e+02, 2.811499938964844e+02, 2.811499938964844e+02, 2.811499938964844e+02, 2.811499938964844e+02, 2.811499938964844e+02, 2.811499938964844e+02, 2.811499938964844e+02, 2.811499938964844e+02, 2.811499938964844e+02, 2.811499938964844e+02, 2.811499938964844e+02, 2.811499938964844e+02, 2.811499938964844e+02, 2.811499938964844e+02, 2.811499938964844e+02, 2.811499938964844e+02, 2.811499938964844e+02, 2.811499938964844e+02, 2.811499938964844e+02, 2.811499938964844e+02, 2.811499938964844e+02, 2.811499938964844e+02, 2.811499938964844e+02, 2.811499938964844e+02, 2.811499938964844e+02, 2.811499938964844e+02, 2.811499938964844e+02, 2.811499938964844e+02, 2.811499938964844e+02, 2.811499938964844e+02, 2.811499938964844e+02, 2.811499938964844e+02, 2.811499938964844e+02, 2.811499938964844e+02, 2.811499938964844e+02, 2.811499938964844e+02, 2.811499938964844e+02, 2.811499938964844e+02, 2.811499938964844e+02, 2.811499938964844e+02, 2.811499938964844e+02, 2.811499938964844e+02, 2.811499938964844e+02, 2.811499938964844e+02, 2.811499938964844e+02, 2.811499938964844e+02, 2.811499938964844e+02, 2.811499938964844e+02, 2.811499938964844e+02, 2.811499938964844e+02, 2.811499938964844e+02]
pla.senTCHWRet.T=[2.931499938964844e+02, 2.892699584960938e+02, 2.892699584960938e+02, 2.892699584960938e+02, 2.892699584960938e+02, 2.892699584960938e+02, 2.892699584960938e+02, 2.892699584960938e+02, 2.892699584960938e+02, 2.892699584960938e+02, 2.892699584960938e+02, 2.892699584960938e+02, 2.892699584960938e+02, 2.892699584960938e+02, 2.892699584960938e+02, 2.892699584960938e+02, 2.892699584960938e+02, 2.892699584960938e+02, 2.892699584960938e+02, 2.892699584960938e+02, 2.892699584960938e+02, 2.892699584960938e+02, 2.892699584960938e+02, 2.892699584960938e+02, 2.892699584960938e+02, 2.892699584960938e+02, 2.896094970703125e+02, 2.899561462402344e+02, 2.903015441894531e+02, 2.906450500488281e+02, 2.909860229492188e+02, 2.913238525390625e+02, 2.91657958984375e+02, 2.919876708984375e+02, 2.923124084472656e+02, 2.92631591796875e+02, 2.929446105957031e+02, 2.932509155273438e+02, 2.935499267578125e+02, 2.938411254882812e+02, 2.941239318847656e+02, 2.943978881835938e+02, 2.946624450683594e+02, 2.949171447753906e+02, 2.951614990234375e+02, 2.953950805664062e+02, 2.95617431640625e+02, 2.958281860351562e+02, 2.960269470214844e+02, 2.962133483886719e+02, 2.963870239257812e+02, 2.965476989746094e+02, 2.966950378417969e+02, 2.968287963867188e+02, 2.9694873046875e+02, 2.970545959472656e+02, 2.97146240234375e+02, 2.972234802246094e+02, 2.972861328125e+02, 2.973341369628906e+02, 2.973674011230469e+02, 2.973858032226562e+02, 2.97389404296875e+02, 2.973781127929688e+02, 2.973520202636719e+02, 2.973110961914062e+02, 2.972554931640625e+02, 2.971852722167969e+02, 2.971005554199219e+02, 2.970015258789062e+02, 2.968883361816406e+02, 2.967611999511719e+02, 2.966203918457031e+02, 2.964660949707031e+02, 2.962986450195312e+02, 2.961183471679688e+02, 2.959255065917969e+02, 2.957204895019531e+02, 2.95503662109375e+02, 2.952754211425781e+02, 2.950362243652344e+02, 2.947864379882812e+02, 2.945265808105469e+02, 2.942571105957031e+02, 2.939784851074219e+02, 2.936912841796875e+02, 2.933959655761719e+02, 2.930931091308594e+02, 2.927832336425781e+02, 2.924669494628906e+02, 2.921448364257812e+02, 2.918174133300781e+02, 2.914853820800781e+02, 2.911492614746094e+02, 2.908097229003906e+02, 2.904673461914062e+02, 2.90122802734375e+02, 2.897766723632812e+02, 2.894296264648438e+02, 2.89082275390625e+02, 2.887352905273438e+02]
