last-generated=2022-11-01
statistics-initialization=
{
  "nonlinear": "1, 0",
  "numerical Jacobians": "0"
}
statistics-simulation=
{
  "linear": "0, 0, 0",
  "nonlinear": " ",
  "number of continuous time states": "4",
  "numerical Jacobians": "0"
}
time=[0e+00, 3.6e+03]
hex.vol1.T=[2.831499938964844e+02, 2.899818115234375e+02, 2.941802673339844e+02, 2.967647094726562e+02, 2.983597717285156e+02, 2.993482666015625e+02, 2.999648132324219e+02, 3.00353271484375e+02, 3.006018981933594e+02, 3.007647094726562e+02, 3.008749084472656e+02, 3.009527587890625e+02, 3.010107727050781e+02, 3.010565490722656e+02, 3.010947265625e+02, 3.011282348632812e+02, 3.011587219238281e+02, 3.011873168945312e+02, 3.01214599609375e+02, 3.012410278320312e+02, 3.012667846679688e+02, 3.012920227050781e+02, 3.013168334960938e+02, 3.013412780761719e+02, 3.013653564453125e+02, 3.013891296386719e+02, 3.0141259765625e+02, 3.014357299804688e+02, 3.014585876464844e+02, 3.014811401367188e+02, 3.015033874511719e+02, 3.015253295898438e+02, 3.015470275878906e+02, 3.015683898925781e+02, 3.015895080566406e+02, 3.016103210449219e+02, 3.016308898925781e+02, 3.016511535644531e+02, 3.016711730957031e+02, 3.016908874511719e+02, 3.017103881835938e+02, 3.017295837402344e+02, 3.017485656738281e+02, 3.017672729492188e+02, 3.017857360839844e+02, 3.01803955078125e+02, 3.018218994140625e+02, 3.018396606445312e+02, 3.018571472167969e+02, 3.018743896484375e+02, 3.018914184570312e+02, 3.019082336425781e+02, 3.019248046875e+02, 3.01941162109375e+02, 3.019573059082031e+02, 3.019732360839844e+02, 3.019889526367188e+02, 3.020044555664062e+02, 3.020197448730469e+02, 3.020348205566406e+02, 3.020497131347656e+02, 3.020644226074219e+02, 3.020789184570312e+02, 3.020932006835938e+02, 3.021073303222656e+02, 3.021212463378906e+02, 3.021349792480469e+02, 3.021485290527344e+02, 3.021618957519531e+02, 3.021750793457031e+02, 3.021881103515625e+02, 3.022009582519531e+02, 3.02213623046875e+02, 3.022261352539062e+02, 3.022384643554688e+02, 3.022506408691406e+02, 3.022626342773438e+02, 3.022744750976562e+02, 3.022861633300781e+02, 3.022976989746094e+02, 3.0230908203125e+02, 3.023203125e+02, 3.023313903808594e+02, 3.023423156738281e+02, 3.023531188964844e+02, 3.023637390136719e+02, 3.023742370605469e+02, 3.023846130371094e+02, 3.023948364257812e+02, 3.024049072265625e+02, 3.024148559570312e+02, 3.024246826171875e+02, 3.024343566894531e+02, 3.024439086914062e+02, 3.024533386230469e+02, 3.02462646484375e+02, 3.024718322753906e+02, 3.024808654785156e+02, 3.024898071289062e+02, 3.024986267089844e+02, 3.0250732421875e+02]
hex.vol2.T=[2.831499938964844e+02, 2.845049743652344e+02, 2.871490783691406e+02, 2.898895874023438e+02, 2.9226416015625e+02, 2.941539306640625e+02, 2.955868530273438e+02, 2.966417541503906e+02, 2.9740478515625e+02, 2.979518737792969e+02, 2.983438720703125e+02, 2.98626708984375e+02, 2.988339538574219e+02, 2.989893493652344e+02, 2.991095886230469e+02, 2.992060546875e+02, 2.992864990234375e+02, 2.993561706542969e+02, 2.994185485839844e+02, 2.994759216308594e+02, 2.995298156738281e+02, 2.995812377929688e+02, 2.996308288574219e+02, 2.996790771484375e+02, 2.997261962890625e+02, 2.997723693847656e+02, 2.998177795410156e+02, 2.998624267578125e+02, 2.999064331054688e+02, 2.999497985839844e+02, 2.999925537109375e+02, 3.000347595214844e+02, 3.000763549804688e+02, 3.001174011230469e+02, 3.001578979492188e+02, 3.001978149414062e+02, 3.002372436523438e+02, 3.00276123046875e+02, 3.003144836425781e+02, 3.003523559570312e+02, 3.003897094726562e+02, 3.004265441894531e+02, 3.004629211425781e+02, 3.004988098144531e+02, 3.005341796875e+02, 3.005691223144531e+02, 3.006035766601562e+02, 3.006375732421875e+02, 3.006711120605469e+02, 3.007042236328125e+02, 3.007368774414062e+02, 3.007690734863281e+02, 3.008008728027344e+02, 3.008322448730469e+02, 3.008631896972656e+02, 3.008937072753906e+02, 3.00923828125e+02, 3.009535522460938e+02, 3.009828796386719e+02, 3.010118103027344e+02, 3.010403747558594e+02, 3.010685424804688e+02, 3.010963439941406e+02, 3.011237487792969e+02, 3.011508178710938e+02, 3.01177490234375e+02, 3.012038269042969e+02, 3.012298278808594e+02, 3.012554626464844e+02, 3.0128076171875e+02, 3.013056945800781e+02, 3.01330322265625e+02, 3.013546142578125e+02, 3.013786010742188e+02, 3.014022521972656e+02, 3.014255981445312e+02, 3.014486083984375e+02, 3.014713134765625e+02, 3.014937438964844e+02, 3.015158386230469e+02, 3.015376586914062e+02, 3.015592041015625e+02, 3.015804443359375e+02, 3.016013793945312e+02, 3.016220703125e+02, 3.016424560546875e+02, 3.0166259765625e+02, 3.016824645996094e+02, 3.017020568847656e+02, 3.017213745117188e+02, 3.017404479980469e+02, 3.0175927734375e+02, 3.017778625488281e+02, 3.017961730957031e+02, 3.018142395019531e+02, 3.018320922851562e+02, 3.018496704101562e+02, 3.018670349121094e+02, 3.018841857910156e+02, 3.019010620117188e+02, 3.019177551269531e+02]
hex.vol1.heatPort.Q_flow=[-0e+00, -1.1102109375e+03, -1.776024169921875e+03, -2.17037109375e+03, -2.3987607421875e+03, -2.525618896484375e+03, -2.5903212890625e+03, -2.616960205078125e+03, -2.620300048828125e+03, -2.609397216796875e+03, -2.58982080078125e+03, -2.565000732421875e+03, -2.5370556640625e+03, -2.5072978515625e+03, -2.476547119140625e+03, -2.44531298828125e+03, -2.41391357421875e+03, -2.38254931640625e+03, -2.351347412109375e+03, -2.320388427734375e+03, -2.28972265625e+03, -2.2593828125e+03, -2.229388427734375e+03, -2.199751708984375e+03, -2.170479248046875e+03, -2.141574462890625e+03, -2.1130380859375e+03, -2.084869873046875e+03, -2.057067626953125e+03, -2.029629028320312e+03, -2.002551147460938e+03, -1.975830444335938e+03, -1.949462768554688e+03, -1.923444458007812e+03, -1.897771240234375e+03, -1.872439208984375e+03, -1.847443969726562e+03, -1.822781616210938e+03, -1.798447631835938e+03, -1.77443798828125e+03, -1.75074853515625e+03, -1.727374877929688e+03, -1.70431298828125e+03, -1.681558715820312e+03, -1.659108032226562e+03, -1.63695703125e+03, -1.6151015625e+03, -1.593537719726562e+03, -1.572261840820312e+03, -1.551269897460938e+03, -1.53055810546875e+03, -1.510122924804688e+03, -1.489960571289062e+03, -1.4700673828125e+03, -1.450439697265625e+03, -1.431074096679687e+03, -1.411967041015625e+03, -1.393115112304688e+03, -1.374514892578125e+03, -1.356162963867188e+03, -1.338056030273438e+03, -1.32019091796875e+03, -1.302564331054688e+03, -1.285172973632812e+03, -1.268013793945312e+03, -1.251083740234375e+03, -1.234379760742188e+03, -1.217898803710938e+03, -1.201637817382812e+03, -1.185593994140625e+03, -1.169764404296875e+03, -1.154146118164062e+03, -1.138736450195312e+03, -1.123532348632812e+03, -1.108531372070312e+03, -1.093730590820312e+03, -1.079127563476562e+03, -1.064719482421875e+03, -1.050503784179688e+03, -1.036477783203125e+03, -1.022639099121094e+03, -1.008985229492188e+03, -9.955136108398438e+02, -9.822219848632812e+02, -9.691077270507812e+02, -9.561683959960938e+02, -9.4340185546875e+02, -9.308056030273438e+02, -9.183775024414062e+02, -9.061152954101562e+02, -8.940166625976562e+02, -8.820795288085938e+02, -8.703016967773438e+02, -8.586810302734375e+02, -8.472154541015625e+02, -8.359030151367188e+02, -8.247416381835938e+02, -8.137293701171875e+02, -8.028642578125e+02, -7.921444091796875e+02, -7.815678100585938e+02]
hex.vol2.heatPort.Q_flow=[-0e+00, -2.204468383789062e+02, -6.45220458984375e+02, -1.077190063476562e+03, -1.441525390625e+03, -1.720484008789062e+03, -1.920379760742188e+03, -2.055589599609375e+03, -2.141334228515625e+03, -2.190865966796875e+03, -2.214693359375e+03, -2.2207119140625e+03, -2.21464306640625e+03, -2.20052734375e+03, -2.181165283203125e+03, -2.158467529296875e+03, -2.133719970703125e+03, -2.107776123046875e+03, -2.0811982421875e+03, -2.054352294921875e+03, -2.027473754882812e+03, -2.000712036132812e+03, -1.974160400390625e+03, -1.9478759765625e+03, -1.921892578125e+03, -1.896228637695312e+03, -1.870893310546875e+03, -1.845890258789062e+03, -1.821220581054688e+03, -1.7968818359375e+03, -1.77287109375e+03, -1.74918408203125e+03, -1.725815551757812e+03, -1.702761352539062e+03, -1.680016845703125e+03, -1.657577758789062e+03, -1.63543994140625e+03, -1.613598876953125e+03, -1.592050537109375e+03, -1.570790649414062e+03, -1.5498154296875e+03, -1.529120971679688e+03, -1.508703369140625e+03, -1.48855859375e+03, -1.46868310546875e+03, -1.449073120117188e+03, -1.42972509765625e+03, -1.410635498046875e+03, -1.391801025390625e+03, -1.373218017578125e+03, -1.354883178710938e+03, -1.336793212890625e+03, -1.318944702148438e+03, -1.301334594726562e+03, -1.28395947265625e+03, -1.26681640625e+03, -1.249902221679688e+03, -1.2332138671875e+03, -1.216748413085938e+03, -1.200502807617188e+03, -1.184474243164062e+03, -1.168659790039062e+03, -1.153056274414062e+03, -1.1376611328125e+03, -1.122471557617188e+03, -1.107484741210938e+03, -1.092698120117188e+03, -1.07810888671875e+03, -1.063714477539062e+03, -1.04951220703125e+03, -1.03549951171875e+03, -1.021673950195312e+03, -1.008033081054688e+03, -9.9457421875e+02, -9.812950439453125e+02, -9.681931762695312e+02, -9.552662353515625e+02, -9.425119018554688e+02, -9.299279174804688e+02, -9.175118408203125e+02, -9.052615966796875e+02, -8.931748657226562e+02, -8.8124951171875e+02, -8.694834594726562e+02, -8.578744506835938e+02, -8.464202880859375e+02, -8.351190185546875e+02, -8.239686279296875e+02, -8.129669799804688e+02, -8.021121826171875e+02, -7.914021606445312e+02, -7.808351440429688e+02, -7.704091186523438e+02, -7.601222534179688e+02, -7.499727172851562e+02, -7.399586181640625e+02, -7.30078369140625e+02, -7.20330078125e+02, -7.107120971679688e+02, -7.0122265625e+02, -6.91860107421875e+02]
