last-generated=2016-12-09
statistics-simulation=
{
  "numerical Jacobians": "0", 
  "nonlinear": " ", 
  "number of continuous time states": "43", 
  "linear": "4, 4, 0, 0, 0, 0, 0, 0, 0, 0, 0, 0"
}
sla.sta_b.T=[293.149993896484375, 293.149993896484375, 293.149993896484375, 293.149993896484375, 293.149993896484375, 293.149993896484375, 293.149993896484375, 293.149993896484375, 293.149993896484375, 293.149993896484375, 293.149993896484375, 293.149993896484375, 293.149993896484375, 293.149993896484375, 293.149993896484375, 293.149993896484375, 293.149993896484375, 293.149993896484375, 293.149993896484375, 293.149993896484375, 293.149993896484375, 293.149993896484375, 293.149993896484375, 293.149993896484375, 293.149993896484375, 293.149993896484375, 293.149993896484375, 293.149993896484375, 293.149993896484375, 293.149993896484375, 293.149993896484375, 293.149993896484375, 293.149993896484375, 293.149993896484375, 293.149993896484375, 293.149993896484375, 293.149993896484375, 293.149993896484375, 293.149993896484375, 293.149993896484375, 293.149993896484375, 293.149993896484375, 293.149993896484375, 293.149993896484375, 293.149993896484375, 293.149993896484375, 293.149993896484375, 293.149993896484375, 293.149993896484375, 293.149993896484375, 293.149993896484375, 297.252777099609375, 297.39398193359375, 297.477264404296875, 297.539520263671875, 297.589630126953125, 297.632171630859375, 297.66876220703125, 297.70013427734375, 297.727020263671875, 297.750091552734375, 297.76971435546875, 297.786834716796875, 297.801666259765625, 297.814453125, 297.825408935546875, 297.834716796875, 297.8426513671875, 297.849395751953125, 297.855133056640625, 297.860107421875, 297.864105224609375, 297.86767578125, 297.870849609375, 297.873687744140625, 297.87615966796875, 297.87835693359375, 297.8802490234375, 297.881866455078125, 297.88323974609375, 297.8843994140625, 297.8853759765625, 297.88616943359375, 297.8868408203125, 297.887359619140625, 297.887786865234375, 297.88812255859375, 297.888397216796875, 297.888671875, 297.888916015625, 297.889190673828125, 297.889434814453125, 297.8896484375, 297.889862060546875, 297.8900146484375, 297.890167236328125, 297.89031982421875, 297.89044189453125, 297.890533447265625, 297.890625, 297.890716552734375]
sla.surf_b.T=[293.149993896484375, 293.149993896484375, 293.149993896484375, 293.149993896484375, 293.149993896484375, 293.149993896484375, 293.149993896484375, 293.149993896484375, 293.149993896484375, 293.149993896484375, 293.149993896484375, 293.149993896484375, 293.149993896484375, 293.149993896484375, 293.149993896484375, 293.149993896484375, 293.149993896484375, 293.149993896484375, 293.149993896484375, 293.149993896484375, 293.149993896484375, 293.149993896484375, 293.149993896484375, 293.149993896484375, 293.149993896484375, 293.149993896484375, 293.149993896484375, 293.149993896484375, 293.149993896484375, 293.149993896484375, 293.149993896484375, 293.149993896484375, 293.149993896484375, 293.149993896484375, 293.149993896484375, 293.149993896484375, 293.149993896484375, 293.149993896484375, 293.149993896484375, 293.149993896484375, 293.149993896484375, 293.149993896484375, 293.149993896484375, 293.149993896484375, 293.149993896484375, 293.149993896484375, 293.149993896484375, 293.149993896484375, 293.149993896484375, 293.149993896484375, 293.149993896484375, 293.149993896484375, 293.150054931640625, 293.15020751953125, 293.150482177734375, 293.1510009765625, 293.15167236328125, 293.152618408203125, 293.15374755859375, 293.15509033203125, 293.15667724609375, 293.158447265625, 293.160400390625, 293.162567138671875, 293.164886474609375, 293.1673583984375, 293.16998291015625, 293.1727294921875, 293.175628662109375, 293.178619384765625, 293.18170166015625, 293.1849365234375, 293.188232421875, 293.191558837890625, 293.1949462890625, 293.198394775390625, 293.201904296875, 293.2054443359375, 293.209014892578125, 293.212615966796875, 293.21624755859375, 293.21990966796875, 293.22357177734375, 293.227294921875, 293.230987548828125, 293.234710693359375, 293.238433837890625, 293.242156982421875, 293.245880126953125, 293.249603271484375, 293.2532958984375, 293.256988525390625, 293.260650634765625, 293.26434326171875, 293.267974853515625, 293.271636962890625, 293.275238037109375, 293.27886962890625, 293.282440185546875, 293.286041259765625, 293.289581298828125]
sla.surf_a.T=[293.149993896484375, 293.149993896484375, 293.149993896484375, 293.149993896484375, 293.149993896484375, 293.149993896484375, 293.149993896484375, 293.149993896484375, 293.149993896484375, 293.149993896484375, 293.149993896484375, 293.149993896484375, 293.149993896484375, 293.149993896484375, 293.149993896484375, 293.149993896484375, 293.149993896484375, 293.149993896484375, 293.149993896484375, 293.149993896484375, 293.149993896484375, 293.149993896484375, 293.149993896484375, 293.149993896484375, 293.149993896484375, 293.149993896484375, 293.149993896484375, 293.149993896484375, 293.149993896484375, 293.149993896484375, 293.149993896484375, 293.149993896484375, 293.149993896484375, 293.149993896484375, 293.149993896484375, 293.149993896484375, 293.149993896484375, 293.149993896484375, 293.149993896484375, 293.149993896484375, 293.149993896484375, 293.149993896484375, 293.149993896484375, 293.149993896484375, 293.149993896484375, 293.149993896484375, 293.149993896484375, 293.149993896484375, 293.149993896484375, 293.149993896484375, 293.149993896484375, 293.197296142578125, 293.430572509765625, 293.743682861328125, 294.049468994140625, 294.3262939453125, 294.56695556640625, 294.77508544921875, 294.954071044921875, 295.107330322265625, 295.238250732421875, 295.349945068359375, 295.447174072265625, 295.531280517578125, 295.60357666015625, 295.66534423828125, 295.717864990234375, 295.762451171875, 295.80035400390625, 295.832855224609375, 295.86126708984375, 295.883331298828125, 295.90301513671875, 295.920562744140625, 295.936187744140625, 295.949920654296875, 295.96197509765625, 295.972442626953125, 295.981414794921875, 295.98907470703125, 295.99554443359375, 296.00091552734375, 296.005340576171875, 296.008941650390625, 296.0118408203125, 296.01416015625, 296.01605224609375, 296.017608642578125, 296.01898193359375, 296.020294189453125, 296.02166748046875, 296.0228271484375, 296.02386474609375, 296.024810791015625, 296.025634765625, 296.026397705078125, 296.02703857421875, 296.027618408203125, 296.02813720703125, 296.028594970703125, 296.028961181640625]
time=[0., 86400.]
sla.surf_a.Q_flow=[0., 0., 0., 0., 0., 0., 0., 0., 0., 0., 0., 0., 0., 0., 0., 0., 0., 0., 0., 0., 0., 0., 0., 0., 0., 0., 0., 0., 0., 0., 0., 0., 0., 0., 0., 0., 0., 0., 0., 0., 0., 0., 0., 0., 0., 0., 0., 0., 0., 0., 0., -1.71439588069915771484, -11.41884708404541015625, -25.8563861846923828125, -40.91277313232421875, -55.15984344482433243684, -67.94488525390634947598, -79.26631927490225848487, -89.18309783935546875, -97.79796600341796875, -105.243316650390625, -111.65683746337890625, -117.28128814697265625, -122.17957305908203125, -126.412872314453125, -130.0462646484375, -133.1478118896484375, -135.7880096435546875, -138.03913879394534092171, -139.97489929199215907829, -141.6700592041015625, -142.988128662109375, -144.164520263671875, -145.216766357421875, -146.1520538330078125, -146.9776763916015625, -147.7009735107421875, -148.3293609619140625, -148.870269775390625, -149.3312225341796875, -149.7197265625, -150.043365478515625, -150.3097076416015625, -150.5263824462890625, -150.70098876953125, -150.841156005859375, -150.9545440673828125, -151.0487823486328125, -151.13153076171875, -151.21044921875, -151.29302978515625, -151.363067626953125, -151.4262237548828125, -151.48291015625, -151.5335693359375, -151.578582763671875, -151.618377685546875, -151.65338134765625, -151.683990478515625, -151.7106170654296875, -151.7336883544921875]
sla.surf_b.Q_flow=[0., 0., 0., 0., 0., 0., 0., 0., 0., 0., 0., 0., 0., 0., 0., 0., 0., 0., 0., 0., 0., 0., 0., 0., 0., 0., 0., 0., 0., 0., 0., 0., 0., 0., 0., 0., 0., 0., 0., 0., 0., 0., 0., 0., 0., 0., 0., 0., 0., 0., 0., -0.00009687557758297771, -0.00145752262324094772, -0.00604685302823781967, -0.01558728702366352081, -0.03112303838133828257, -0.05336091667413733752, -0.08288257569074602982, -0.119660988450050354, -0.16363772749900817871, -0.2147477567195892334, -0.27291733026504516602, -0.33768644928932189941, -0.40871629118919372559, -0.48566916584968566895, -0.56820058822631835938, -0.65595972537994384766, -0.74859005212783813477, -0.84572941064834683544, -0.94701087474822909229, -1.05206263065338045948, -1.16173589229583740234, -1.27393591403961181641, -1.38844466209411621094, -1.50512027740478515625, -1.62382006645202636719, -1.74440085887908935547, -1.86671876907348632812, -1.99062895774841308594, -2.11598610877990722656, -2.24264430999755859375, -2.37045645713806152344, -2.49927520751953125, -2.62895226478576660156, -2.75933861732482910156, -2.89028501510620117188, -3.02164101600646972656, -3.15325593948364257812, -3.28497838973999023438, -3.416656494140625, -3.54813814163208007812, -3.67945098876953125, -3.81057453155517578125, -3.94147086143493652344, -4.07210302352905273438, -4.20243358612060546875, -4.33242559432983398438, -4.4620418548583984375, -4.5912456512451171875, -4.71999979019165039062, -4.84826803207397460938]
