last-generated=2026-06-24
statistics-initialization=
{
  "nonlinear": "1, 2, 1, 1, 1, 1, 1, 1",
  "numerical Jacobians": "0"
}
statistics-simulation=
{
  "linear": " ",
  "nonlinear": "1, 2, 1, 1, 1, 1, 1, 1, 1",
  "number of continuous time states": "44",
  "numerical Jacobians": "0"
}
time=[0e+00, 3.6e+03]
cdu.conVal.u_s=[3.181499938964844e+02, 3.181499938964844e+02]
cdu.conVal.u_m=[3.181499938964844e+02, 3.045686950683594e+02, 3.188755798339844e+02, 3.18282470703125e+02, 3.188942260742188e+02, 3.193628845214844e+02, 3.192635192871094e+02, 3.191301879882812e+02, 3.190151977539062e+02, 3.189158935546875e+02, 3.188298645019531e+02, 3.187551574707031e+02, 3.186900634765625e+02, 3.186331787109375e+02, 3.185832824707031e+02, 3.185394287109375e+02, 3.185007019042969e+02, 3.184664306640625e+02, 3.1843603515625e+02, 3.184089660644531e+02, 3.183848266601562e+02, 3.183632202148438e+02, 3.183438720703125e+02, 3.183264770507812e+02, 3.183111267089844e+02, 3.182967834472656e+02, 3.182798767089844e+02, 3.182637023925781e+02, 3.182500305175781e+02, 3.182381286621094e+02, 3.182276306152344e+02, 3.182216186523438e+02, 3.182215881347656e+02, 3.182215881347656e+02, 3.182215881347656e+02, 3.182215881347656e+02, 3.182215881347656e+02, 3.182215881347656e+02, 3.182215881347656e+02, 3.182215881347656e+02, 3.182215881347656e+02, 3.182215881347656e+02, 3.182215881347656e+02, 3.182215881347656e+02, 3.182215881347656e+02, 3.182215881347656e+02, 3.182215881347656e+02, 3.182215881347656e+02, 3.182215881347656e+02, 3.182215881347656e+02, 3.182215881347656e+02, 3.182215881347656e+02, 3.182215881347656e+02, 3.182215881347656e+02, 3.182215881347656e+02, 3.182215881347656e+02, 3.182215881347656e+02, 3.182215881347656e+02, 3.182215881347656e+02, 3.182215881347656e+02, 3.182215881347656e+02, 3.182215881347656e+02, 3.182215881347656e+02, 3.182215881347656e+02, 3.182215881347656e+02, 3.182215881347656e+02, 3.182215881347656e+02, 3.182215881347656e+02, 3.182215881347656e+02, 3.182215881347656e+02, 3.182215881347656e+02, 3.182215881347656e+02, 3.182215881347656e+02, 3.182215881347656e+02, 3.182215881347656e+02, 3.182215881347656e+02, 3.182215881347656e+02, 3.182215881347656e+02, 3.182215881347656e+02, 3.182215881347656e+02, 3.182215881347656e+02, 3.182215881347656e+02, 3.182215881347656e+02, 3.182215881347656e+02, 3.182215881347656e+02, 3.182215881347656e+02, 3.182215881347656e+02, 3.182215881347656e+02, 3.182215881347656e+02, 3.182215881347656e+02, 3.182215881347656e+02, 3.182215881347656e+02, 3.182215881347656e+02, 3.182215881347656e+02, 3.182215881347656e+02, 3.182215881347656e+02, 3.182215881347656e+02, 3.182215881347656e+02, 3.182215881347656e+02, 3.182215881347656e+02, 3.182215881347656e+02]
TRacSup_nominal=[3.181499938964844e+02, 3.181499938964844e+02]
TRacRet_nominal=[3.231499938964844e+02, 3.231499938964844e+02]
senTRac_b.T=[3.181499938964844e+02, 3.091931762695312e+02, 3.230972900390625e+02, 3.231496887207031e+02, 3.231499938964844e+02, 3.231499938964844e+02, 3.231499938964844e+02, 3.231499938964844e+02, 3.231499938964844e+02, 3.231499938964844e+02, 3.231499938964844e+02, 3.231499938964844e+02, 3.231499938964844e+02, 3.231499938964844e+02, 3.231499938964844e+02, 3.231499938964844e+02, 3.231499938964844e+02, 3.231499938964844e+02, 3.231499938964844e+02, 3.231499938964844e+02, 3.231499938964844e+02, 3.231499938964844e+02, 3.231499938964844e+02, 3.231499938964844e+02, 3.231499938964844e+02, 3.231499938964844e+02, 3.231499938964844e+02, 3.231499938964844e+02, 3.231499938964844e+02, 3.231499938964844e+02, 3.231499938964844e+02, 3.231499938964844e+02, 3.231499938964844e+02, 3.231499938964844e+02, 3.231499938964844e+02, 3.231499938964844e+02, 3.231499938964844e+02, 3.231499938964844e+02, 3.231499938964844e+02, 3.231499938964844e+02, 3.231499938964844e+02, 3.231499938964844e+02, 3.231499938964844e+02, 3.231499938964844e+02, 3.231499938964844e+02, 3.231499938964844e+02, 3.231499938964844e+02, 3.231499938964844e+02, 3.231499938964844e+02, 3.231499938964844e+02, 3.231499938964844e+02, 3.231499938964844e+02, 3.231499938964844e+02, 3.231499938964844e+02, 3.231499938964844e+02, 3.231499938964844e+02, 3.231499938964844e+02, 3.231499938964844e+02, 3.231499938964844e+02, 3.231499938964844e+02, 3.231499938964844e+02, 3.231499938964844e+02, 3.231499938964844e+02, 3.231499938964844e+02, 3.231499938964844e+02, 3.231499938964844e+02, 3.231499938964844e+02, 3.231499938964844e+02, 3.231499938964844e+02, 3.231499938964844e+02, 3.231499938964844e+02, 3.231499938964844e+02, 3.231499938964844e+02, 3.231499938964844e+02, 3.231499938964844e+02, 3.231499938964844e+02, 3.231499938964844e+02, 3.231499938964844e+02, 3.231499938964844e+02, 3.231499938964844e+02, 3.231499938964844e+02, 3.231499938964844e+02, 3.231499938964844e+02, 3.231499938964844e+02, 3.231499938964844e+02, 3.231499938964844e+02, 3.231499938964844e+02, 3.231499938964844e+02, 3.231499938964844e+02, 3.231499938964844e+02, 3.231499938964844e+02, 3.231499938964844e+02, 3.231499938964844e+02, 3.231499938964844e+02, 3.231499938964844e+02, 3.231499938964844e+02, 3.231499938964844e+02, 3.231499938964844e+02, 3.231499938964844e+02, 3.231499938964844e+02, 3.231499938964844e+02]
TTowRet_nominal=[3.121499938964844e+02, 3.121499938964844e+02]
senTTow_b.T=[3.171499938964844e+02, 3.162553405761719e+02, 3.154554443359375e+02, 3.147457580566406e+02, 3.135835571289062e+02, 3.120689392089844e+02, 3.12106689453125e+02, 3.121347045898438e+02, 3.121541748046875e+02, 3.121677551269531e+02, 3.121773376464844e+02, 3.121840209960938e+02, 3.121883850097656e+02, 3.121908874511719e+02, 3.121919860839844e+02, 3.121919860839844e+02, 3.121911926269531e+02, 3.121897888183594e+02, 3.121880187988281e+02, 3.121859741210938e+02, 3.121838073730469e+02, 3.121815795898438e+02, 3.121793823242188e+02, 3.121772155761719e+02, 3.121751098632812e+02, 3.121731262207031e+02, 3.121712036132812e+02, 3.121695861816406e+02, 3.121681518554688e+02, 3.12166748046875e+02, 3.121653442382812e+02, 3.121639404296875e+02, 3.121624145507812e+02, 3.121607360839844e+02, 3.121591491699219e+02, 3.1215771484375e+02, 3.121564636230469e+02, 3.121553649902344e+02, 3.121544494628906e+02, 3.121536560058594e+02, 3.121529846191406e+02, 3.121524047851562e+02, 3.121519470214844e+02, 3.121515502929688e+02, 3.121512145996094e+02, 3.121509704589844e+02, 3.121508178710938e+02, 3.121507263183594e+02, 3.121506042480469e+02, 3.121504821777344e+02, 3.12150390625e+02, 3.121503601074219e+02, 3.121505126953125e+02, 3.121507263183594e+02, 3.121507568359375e+02, 3.121504516601562e+02, 3.121502685546875e+02, 3.121508178710938e+02, 3.121503601074219e+02, 3.121507873535156e+02, 3.121506042480469e+02, 3.121504821777344e+02, 3.121504211425781e+02, 3.121504516601562e+02, 3.121504821777344e+02, 3.121505126953125e+02, 3.121505126953125e+02, 3.121505126953125e+02, 3.121505432128906e+02, 3.121505432128906e+02, 3.121505432128906e+02, 3.121505432128906e+02, 3.121505432128906e+02, 3.121505432128906e+02, 3.121505432128906e+02, 3.121505432128906e+02, 3.121505432128906e+02, 3.121505432128906e+02, 3.121505432128906e+02, 3.121505432128906e+02, 3.121505432128906e+02, 3.121505432128906e+02, 3.121505432128906e+02, 3.121505432128906e+02, 3.121505432128906e+02, 3.121505432128906e+02, 3.121505432128906e+02, 3.121505432128906e+02, 3.121505432128906e+02, 3.121505432128906e+02, 3.121505432128906e+02, 3.121505432128906e+02, 3.121505432128906e+02, 3.121505432128906e+02, 3.121505432128906e+02, 3.121505432128906e+02, 3.121505432128906e+02, 3.121505432128906e+02, 3.121505432128906e+02, 3.121505432128906e+02, 3.121505432128906e+02]
senTTow_a.T=[3.171499938964844e+02, 3.170989074707031e+02, 3.166353759765625e+02, 3.157550659179688e+02, 3.14128662109375e+02, 3.150769653320312e+02, 3.15514892578125e+02, 3.156642456054688e+02, 3.158017883300781e+02, 3.159259643554688e+02, 3.160420532226562e+02, 3.161508483886719e+02, 3.162520141601562e+02, 3.163453369140625e+02, 3.16430908203125e+02, 3.165090026855469e+02, 3.165800476074219e+02, 3.1664453125e+02, 3.167029724121094e+02, 3.167558898925781e+02, 3.168038024902344e+02, 3.168471374511719e+02, 3.168863830566406e+02, 3.169219055175781e+02, 3.169541015625e+02, 3.169831848144531e+02, 3.170094909667969e+02, 3.170350036621094e+02, 3.170591125488281e+02, 3.170803833007812e+02, 3.17098876953125e+02, 3.171149291992188e+02, 3.171260070800781e+02, 3.171333312988281e+02, 3.171386108398438e+02, 3.171423645019531e+02, 3.171450500488281e+02, 3.171469421386719e+02, 3.171483154296875e+02, 3.171492614746094e+02, 3.171499328613281e+02, 3.17150390625e+02, 3.171507263183594e+02, 3.171509094238281e+02, 3.171510620117188e+02, 3.171511535644531e+02, 3.171512145996094e+02, 3.171512756347656e+02, 3.171513061523438e+02, 3.171513366699219e+02, 3.171513366699219e+02, 3.171513366699219e+02, 3.171513366699219e+02, 3.171513977050781e+02, 3.171514587402344e+02, 3.171515197753906e+02, 3.171514892578125e+02, 3.171513977050781e+02, 3.171514892578125e+02, 3.171514587402344e+02, 3.171514892578125e+02, 3.171514282226562e+02, 3.171511840820312e+02, 3.171513366699219e+02, 3.171513671875e+02, 3.171513977050781e+02, 3.171514282226562e+02, 3.171514587402344e+02, 3.171514587402344e+02, 3.171514587402344e+02, 3.171514587402344e+02, 3.171514587402344e+02, 3.171514587402344e+02, 3.171514892578125e+02, 3.171514892578125e+02, 3.171514892578125e+02, 3.171514892578125e+02, 3.171514892578125e+02, 3.171514892578125e+02, 3.171514892578125e+02, 3.171514892578125e+02, 3.171514892578125e+02, 3.171514892578125e+02, 3.171514892578125e+02, 3.171514892578125e+02, 3.171514892578125e+02, 3.171514892578125e+02, 3.171514892578125e+02, 3.171514892578125e+02, 3.171514892578125e+02, 3.171514892578125e+02, 3.171514892578125e+02, 3.171514892578125e+02, 3.171514892578125e+02, 3.171514892578125e+02, 3.171514892578125e+02, 3.171514892578125e+02, 3.171514892578125e+02, 3.171514892578125e+02, 3.171514892578125e+02, 3.171514892578125e+02]
TTowSup_nominal=[3.171499938964844e+02, 3.171499938964844e+02]
senTWSE_b1.T=[3.171499938964844e+02, 3.070434265136719e+02, 3.101256713867188e+02, 3.143547668457031e+02, 3.169858093261719e+02, 3.164303894042969e+02, 3.163548278808594e+02, 3.163032531738281e+02, 3.162911987304688e+02, 3.163103942871094e+02, 3.163488464355469e+02, 3.163983459472656e+02, 3.164533996582031e+02, 3.165105285644531e+02, 3.165674438476562e+02, 3.166227416992188e+02, 3.166754760742188e+02, 3.167251892089844e+02, 3.167716674804688e+02, 3.168148193359375e+02, 3.168546752929688e+02, 3.168913269042969e+02, 3.169250183105469e+02, 3.169558715820312e+02, 3.169840698242188e+02, 3.170093994140625e+02, 3.170343322753906e+02, 3.17058349609375e+02, 3.170796203613281e+02, 3.170980529785156e+02, 3.171142272949219e+02, 3.171259460449219e+02, 3.171332397460938e+02, 3.171385498046875e+02, 3.17142333984375e+02, 3.1714501953125e+02, 3.171469421386719e+02, 3.171483154296875e+02, 3.171492614746094e+02, 3.171499328613281e+02, 3.17150390625e+02, 3.171507263183594e+02, 3.171509399414062e+02, 3.171510620117188e+02, 3.171511535644531e+02, 3.171512145996094e+02, 3.171512756347656e+02, 3.171513061523438e+02, 3.171513366699219e+02, 3.171513366699219e+02, 3.171513366699219e+02, 3.171513366699219e+02, 3.171513977050781e+02, 3.171514892578125e+02, 3.171515502929688e+02, 3.171514892578125e+02, 3.171513671875e+02, 3.171515197753906e+02, 3.171514892578125e+02, 3.171515502929688e+02, 3.171514892578125e+02, 3.171515197753906e+02, 3.171514282226562e+02, 3.171514587402344e+02, 3.171514587402344e+02, 3.171514587402344e+02, 3.171514587402344e+02, 3.171514892578125e+02, 3.171514892578125e+02, 3.171514892578125e+02, 3.171514892578125e+02, 3.171514892578125e+02, 3.171514892578125e+02, 3.171514892578125e+02, 3.171514892578125e+02, 3.171514892578125e+02, 3.171514892578125e+02, 3.171514892578125e+02, 3.171514892578125e+02, 3.171514892578125e+02, 3.171514892578125e+02, 3.171514892578125e+02, 3.171514892578125e+02, 3.171514892578125e+02, 3.171514892578125e+02, 3.171514892578125e+02, 3.171514892578125e+02, 3.171514892578125e+02, 3.171514892578125e+02, 3.171514892578125e+02, 3.171514892578125e+02, 3.171514892578125e+02, 3.171514892578125e+02, 3.171514892578125e+02, 3.171514892578125e+02, 3.171514892578125e+02, 3.171514892578125e+02, 3.171514892578125e+02, 3.171514892578125e+02, 3.171514892578125e+02, 3.171514892578125e+02]
senTCDU_a.T=[2.931499938964844e+02, 2.995697631835938e+02, 3.03720458984375e+02, 3.07871826171875e+02, 3.123106994628906e+02, 3.150086669921875e+02, 3.151499938964844e+02, 3.151499938964844e+02, 3.151499938964844e+02, 3.151499938964844e+02, 3.151499938964844e+02, 3.151499938964844e+02, 3.151499938964844e+02, 3.151499938964844e+02, 3.151499938964844e+02, 3.151499938964844e+02, 3.151499938964844e+02, 3.151499938964844e+02, 3.151499938964844e+02, 3.151499938964844e+02, 3.151499938964844e+02, 3.151499938964844e+02, 3.151499938964844e+02, 3.151499938964844e+02, 3.151499938964844e+02, 3.151499938964844e+02, 3.151499938964844e+02, 3.151499938964844e+02, 3.151499938964844e+02, 3.151499938964844e+02, 3.151499938964844e+02, 3.151499938964844e+02, 3.151499938964844e+02, 3.151499938964844e+02, 3.151499938964844e+02, 3.151499938964844e+02, 3.151499938964844e+02, 3.151499938964844e+02, 3.151499938964844e+02, 3.151499938964844e+02, 3.151499938964844e+02, 3.151499938964844e+02, 3.151499938964844e+02, 3.151499938964844e+02, 3.151499938964844e+02, 3.151499938964844e+02, 3.151499938964844e+02, 3.151499938964844e+02, 3.151499938964844e+02, 3.151499938964844e+02, 3.151499938964844e+02, 3.151499938964844e+02, 3.151499938964844e+02, 3.151499938964844e+02, 3.151499938964844e+02, 3.151499938964844e+02, 3.151499938964844e+02, 3.151499938964844e+02, 3.151499938964844e+02, 3.151499938964844e+02, 3.151499938964844e+02, 3.151499938964844e+02, 3.151499938964844e+02, 3.151499938964844e+02, 3.151499938964844e+02, 3.151499938964844e+02, 3.151499938964844e+02, 3.151499938964844e+02, 3.151499938964844e+02, 3.151499938964844e+02, 3.151499938964844e+02, 3.151499938964844e+02, 3.151499938964844e+02, 3.151499938964844e+02, 3.151499938964844e+02, 3.151499938964844e+02, 3.151499938964844e+02, 3.151499938964844e+02, 3.151499938964844e+02, 3.151499938964844e+02, 3.151499938964844e+02, 3.151499938964844e+02, 3.151499938964844e+02, 3.151499938964844e+02, 3.151499938964844e+02, 3.151499938964844e+02, 3.151499938964844e+02, 3.151499938964844e+02, 3.151499938964844e+02, 3.151499938964844e+02, 3.151499938964844e+02, 3.151499938964844e+02, 3.151499938964844e+02, 3.151499938964844e+02, 3.151499938964844e+02, 3.151499938964844e+02, 3.151499938964844e+02, 3.151499938964844e+02, 3.151499938964844e+02, 3.151499938964844e+02, 3.151499938964844e+02]
senTCDU_b.T=[3.087814025878906e+02, 3.080256652832031e+02, 3.223148803710938e+02, 3.217717895507812e+02, 3.216194763183594e+02, 3.214559936523438e+02, 3.212936401367188e+02, 3.211579895019531e+02, 3.210365905761719e+02, 3.209284057617188e+02, 3.208321228027344e+02, 3.207465515136719e+02, 3.206704711914062e+02, 3.20602783203125e+02, 3.205425109863281e+02, 3.2048876953125e+02, 3.204407958984375e+02, 3.203978881835938e+02, 3.203594360351562e+02, 3.20324951171875e+02, 3.202939453125e+02, 3.202660217285156e+02, 3.202408447265625e+02, 3.202181091308594e+02, 3.201964416503906e+02, 3.201787414550781e+02, 3.201709289550781e+02, 3.201666564941406e+02, 3.201619567871094e+02, 3.201576843261719e+02, 3.201539306640625e+02, 3.201520385742188e+02, 3.201520385742188e+02, 3.201520385742188e+02, 3.201520385742188e+02, 3.201520385742188e+02, 3.201520385742188e+02, 3.201520385742188e+02, 3.201520385742188e+02, 3.201520385742188e+02, 3.201520385742188e+02, 3.201520385742188e+02, 3.201520385742188e+02, 3.201520385742188e+02, 3.201520385742188e+02, 3.201520385742188e+02, 3.201520385742188e+02, 3.201520385742188e+02, 3.201520385742188e+02, 3.201520385742188e+02, 3.201520385742188e+02, 3.201520385742188e+02, 3.201520385742188e+02, 3.201520385742188e+02, 3.201520385742188e+02, 3.201520385742188e+02, 3.201520385742188e+02, 3.201520385742188e+02, 3.201520385742188e+02, 3.201520385742188e+02, 3.201520385742188e+02, 3.201520385742188e+02, 3.201520385742188e+02, 3.201520385742188e+02, 3.201520385742188e+02, 3.201520385742188e+02, 3.201520385742188e+02, 3.201520385742188e+02, 3.201520385742188e+02, 3.201520385742188e+02, 3.201520385742188e+02, 3.201520385742188e+02, 3.201520385742188e+02, 3.201520385742188e+02, 3.201520385742188e+02, 3.201520385742188e+02, 3.201520385742188e+02, 3.201520385742188e+02, 3.201520385742188e+02, 3.201520385742188e+02, 3.201520385742188e+02, 3.201520385742188e+02, 3.201520385742188e+02, 3.201520385742188e+02, 3.201520385742188e+02, 3.201520385742188e+02, 3.201520385742188e+02, 3.201520385742188e+02, 3.201520385742188e+02, 3.201520385742188e+02, 3.201520385742188e+02, 3.201520385742188e+02, 3.201520385742188e+02, 3.201520385742188e+02, 3.201520385742188e+02, 3.201520385742188e+02, 3.201520385742188e+02, 3.201520385742188e+02, 3.201520385742188e+02, 3.201520385742188e+02, 3.201520385742188e+02]
