last-generated=2017-09-08
statistics-initialization=
{
  "numerical Jacobians": "0", 
  "nonlinear": "1"
}
statistics-simulation=
{
  "numerical Jacobians": "0", 
  "nonlinear": "0", 
  "number of continuous time states": "51", 
  "linear": "0"
}
hex.sta_b1.T=[2.931499938964844e+02, 2.932132568359375e+02, 2.947911987304688e+02, 2.962893981933594e+02, 2.971129455566406e+02, 2.977257995605469e+02, 2.981513366699219e+02, 2.984234924316406e+02, 2.985700988769531e+02, 2.986158142089844e+02, 2.985917358398438e+02, 2.985778503417969e+02, 2.986080017089844e+02, 2.986493835449219e+02, 2.986779174804688e+02, 2.986826782226562e+02, 2.986649169921875e+02, 2.986208801269531e+02, 2.987277221679688e+02, 3.002353820800781e+02, 3.024598388671875e+02, 3.028935852050781e+02, 3.030369262695312e+02, 3.03837890625e+02, 3.0455126953125e+02, 3.050750427246094e+02, 3.054996948242188e+02, 3.056388854980469e+02, 3.057291259765625e+02, 3.056179809570312e+02, 3.055227661132812e+02, 3.053905029296875e+02, 3.052921142578125e+02, 3.052411193847656e+02, 3.051460571289062e+02, 3.049466247558594e+02, 3.047202758789062e+02, 3.044862976074219e+02, 3.042062683105469e+02, 3.039066162109375e+02, 3.035868225097656e+02, 3.032482299804688e+02, 3.0290087890625e+02, 3.025520324707031e+02, 3.022060241699219e+02, 3.018599548339844e+02, 3.015232238769531e+02, 3.011885681152344e+02, 3.008656311035156e+02, 3.005479431152344e+02, 3.002441101074219e+02, 2.999205322265625e+02, 2.995751953125e+02, 2.992851257324219e+02, 2.990447998046875e+02, 2.988456420898438e+02, 2.986837158203125e+02, 2.985672912597656e+02, 2.984612426757812e+02, 2.983543701171875e+02, 2.982856140136719e+02, 2.982375183105469e+02, 2.98193603515625e+02, 2.981437683105469e+02, 2.981213684082031e+02, 2.981107788085938e+02, 2.980976257324219e+02, 2.980619812011719e+02, 2.983072814941406e+02, 3.005914916992188e+02, 3.040409240722656e+02, 3.045787048339844e+02, 3.046585388183594e+02, 3.05943603515625e+02, 3.067073669433594e+02, 3.072796020507812e+02, 3.076171264648438e+02, 3.07576416015625e+02, 3.07505615234375e+02, 3.0730419921875e+02, 3.071788940429688e+02, 3.070623779296875e+02, 3.070269165039062e+02, 3.070201110839844e+02, 3.070292053222656e+02, 3.070682373046875e+02, 3.070625e+02, 3.071084289550781e+02, 3.070706481933594e+02, 3.071224060058594e+02, 3.07060546875e+02, 3.071167297363281e+02, 3.070635070800781e+02, 3.071036376953125e+02, 3.070708312988281e+02, 3.070940551757812e+02, 3.070801391601562e+02, 3.070859069824219e+02, 3.070894775390625e+02, 3.070776062011719e+02, 3.07098388671875e+02]
time=[0e+00, 3.6e+03]
hex.sta_a1.T=[3.331499938964844e+02, 3.331499938964844e+02, 3.331499938964844e+02, 3.331499938964844e+02, 3.331499938964844e+02, 3.331499938964844e+02, 3.331499938964844e+02, 3.331499938964844e+02, 3.331499938964844e+02, 3.331499938964844e+02, 3.331499938964844e+02, 3.331499938964844e+02, 3.331499938964844e+02, 3.331499938964844e+02, 3.331499938964844e+02, 3.331499938964844e+02, 3.331499938964844e+02, 3.331499938964844e+02, 3.331499938964844e+02, 3.331499938964844e+02, 3.331499938964844e+02, 3.331499938964844e+02, 3.331499938964844e+02, 3.331499938964844e+02, 3.331499938964844e+02, 3.331499938964844e+02, 3.331499938964844e+02, 3.331499938964844e+02, 3.331499938964844e+02, 3.331499938964844e+02, 3.331499938964844e+02, 3.331499938964844e+02, 3.331499938964844e+02, 3.331499938964844e+02, 3.331499938964844e+02, 3.331499938964844e+02, 3.331499938964844e+02, 3.331499938964844e+02, 3.331499938964844e+02, 3.331499938964844e+02, 3.331499938964844e+02, 3.331499938964844e+02, 3.331499938964844e+02, 3.331499938964844e+02, 3.331499938964844e+02, 3.331499938964844e+02, 3.331499938964844e+02, 3.331499938964844e+02, 3.331499938964844e+02, 3.331499938964844e+02, 3.331499938964844e+02, 3.331499938964844e+02, 3.331499938964844e+02, 3.331499938964844e+02, 3.331499938964844e+02, 3.331499938964844e+02, 3.331499938964844e+02, 3.331499938964844e+02, 3.331499938964844e+02, 3.331499938964844e+02, 3.331499938964844e+02, 3.331499938964844e+02, 3.331499938964844e+02, 3.331499938964844e+02, 3.331499938964844e+02, 3.331499938964844e+02, 3.331499938964844e+02, 3.331499938964844e+02, 3.331499938964844e+02, 3.331499938964844e+02, 3.331499938964844e+02, 3.331499938964844e+02, 3.331499938964844e+02, 3.331499938964844e+02, 3.331499938964844e+02, 3.331499938964844e+02, 3.331499938964844e+02, 3.331499938964844e+02, 3.331499938964844e+02, 3.331499938964844e+02, 3.331499938964844e+02, 3.331499938964844e+02, 3.331499938964844e+02, 3.331499938964844e+02, 3.331499938964844e+02, 3.331499938964844e+02, 3.331499938964844e+02, 3.331499938964844e+02, 3.331499938964844e+02, 3.331499938964844e+02, 3.331499938964844e+02, 3.331499938964844e+02, 3.331499938964844e+02, 3.331499938964844e+02, 3.331499938964844e+02, 3.331499938964844e+02, 3.331499938964844e+02, 3.331499938964844e+02, 3.331499938964844e+02, 3.331499938964844e+02, 3.331499938964844e+02]
hex.sta_b2.T=[2.931499938964844e+02, 2.951136169433594e+02, 3.003689270019531e+02, 3.016092224121094e+02, 3.011187744140625e+02, 3.005111999511719e+02, 2.999352111816406e+02, 2.99394287109375e+02, 2.988855590820312e+02, 2.984071044921875e+02, 2.979723815917969e+02, 2.977557373046875e+02, 2.977362670898438e+02, 2.97750732421875e+02, 2.977682189941406e+02, 2.977884521484375e+02, 2.978051147460938e+02, 2.977790832519531e+02, 2.989142761230469e+02, 3.019686584472656e+02, 3.039979553222656e+02, 3.035911560058594e+02, 3.027555541992188e+02, 3.024452819824219e+02, 3.026053161621094e+02, 3.025033264160156e+02, 3.025730895996094e+02, 3.025023803710938e+02, 3.025612182617188e+02, 3.025265502929688e+02, 3.025411376953125e+02, 3.025532836914062e+02, 3.025180358886719e+02, 3.025748291015625e+02, 3.024803161621094e+02, 3.021761474609375e+02, 3.01843994140625e+02, 3.016090698242188e+02, 3.013155822753906e+02, 3.010325317382812e+02, 3.0075830078125e+02, 3.004508666992188e+02, 3.001674499511719e+02, 2.999111938476562e+02, 2.996284484863281e+02, 2.99357421875e+02, 2.990783081054688e+02, 2.988043823242188e+02, 2.985347595214844e+02, 2.982658996582031e+02, 2.979972534179688e+02, 2.977713012695312e+02, 2.977178955078125e+02, 2.977242431640625e+02, 2.977433166503906e+02, 2.977711181640625e+02, 2.978050842285156e+02, 2.97784423828125e+02, 2.977506713867188e+02, 2.977795104980469e+02, 2.97809326171875e+02, 2.977831420898438e+02, 2.9775537109375e+02, 2.977810974121094e+02, 2.978121337890625e+02, 2.977859497070312e+02, 2.977572326660156e+02, 2.978008728027344e+02, 2.992190246582031e+02, 3.023914794921875e+02, 3.047770690917969e+02, 3.044943542480469e+02, 3.036051635742188e+02, 3.033662719726562e+02, 3.035804748535156e+02, 3.034580688476562e+02, 3.035215454101562e+02, 3.034618835449219e+02, 3.035071105957031e+02, 3.034918518066406e+02, 3.03498779296875e+02, 3.035095825195312e+02, 3.03484375e+02, 3.035233459472656e+02, 3.034738159179688e+02, 3.035331115722656e+02, 3.034666137695312e+02, 3.03537841796875e+02, 3.034649963378906e+02, 3.035345153808594e+02, 3.034736633300781e+02, 3.03521728515625e+02, 3.034881591796875e+02, 3.035075073242188e+02, 3.035021362304688e+02, 3.034938354492188e+02, 3.035151672363281e+02, 3.034814147949219e+02, 3.035264892578125e+02, 3.034714050292969e+02, 3.035349731445312e+02]
hex.hexReg[1].ele[1, 1].vol2.T=[2.931499938964844e+02, 2.979962768554688e+02, 2.994544677734375e+02, 2.990629577636719e+02, 2.98366943359375e+02, 2.977191467285156e+02, 2.971609191894531e+02, 2.966802673339844e+02, 2.96258544921875e+02, 2.958818664550781e+02, 2.95599365234375e+02, 2.96005615234375e+02, 2.967454223632812e+02, 2.972491455078125e+02, 2.975540771484375e+02, 2.977380981445312e+02, 2.978361511230469e+02, 2.978405456542969e+02, 2.989224243164062e+02, 2.994601135253906e+02, 2.993224182128906e+02, 2.987315979003906e+02, 2.980707397460938e+02, 2.982557373046875e+02, 2.9866845703125e+02, 2.987251281738281e+02, 2.988582153320312e+02, 2.988338012695312e+02, 2.989145812988281e+02, 2.988705749511719e+02, 2.989022216796875e+02, 2.988818054199219e+02, 2.988651428222656e+02, 2.988911743164062e+02, 2.988066711425781e+02, 2.986031799316406e+02, 2.984721374511719e+02, 2.984692687988281e+02, 2.983786010742188e+02, 2.983169250488281e+02, 2.982545471191406e+02, 2.981480407714844e+02, 2.980797424316406e+02, 2.980370178222656e+02, 2.979279479980469e+02, 2.978405456542969e+02, 2.977198181152344e+02, 2.976086120605469e+02, 2.974861145019531e+02, 2.973584899902344e+02, 2.972105712890625e+02, 2.971652526855469e+02, 2.974447937011719e+02, 2.976775512695312e+02, 2.978186950683594e+02, 2.979035339355469e+02, 2.979537963867188e+02, 2.978989868164062e+02, 2.978465576171875e+02, 2.979006652832031e+02, 2.979182739257812e+02, 2.978582153320312e+02, 2.978164367675781e+02, 2.978691101074219e+02, 2.978936462402344e+02, 2.97837890625e+02, 2.97798828125e+02, 2.97890380859375e+02, 2.9902685546875e+02, 2.994707946777344e+02, 2.993970642089844e+02, 2.988594970703125e+02, 2.982198791503906e+02, 2.985323181152344e+02, 2.988643798828125e+02, 2.989092407226562e+02, 2.990158996582031e+02, 2.989795837402344e+02, 2.990377197265625e+02, 2.989988708496094e+02, 2.990183410644531e+02, 2.989945068359375e+02, 2.989922180175781e+02, 2.989981689453125e+02, 2.989774780273438e+02, 2.990094604492188e+02, 2.989691467285156e+02, 2.990204772949219e+02, 2.989636535644531e+02, 2.990245971679688e+02, 2.989653930664062e+02, 2.990188293457031e+02, 2.989736938476562e+02, 2.990099487304688e+02, 2.989830932617188e+02, 2.989999694824219e+02, 2.989934997558594e+02, 2.989891357421875e+02, 2.990044250488281e+02, 2.989780883789062e+02, 2.990149841308594e+02]
hex.hexReg[1].ele[1, 1].vol1.T=[2.931499938964844e+02, 3.292299194335938e+02, 3.309631042480469e+02, 3.276669616699219e+02, 3.233438110351562e+02, 3.196064453125e+02, 3.163909301757812e+02, 3.136190795898438e+02, 3.11166259765625e+02, 3.089787292480469e+02, 3.078963928222656e+02, 3.113895568847656e+02, 3.15773681640625e+02, 3.183937377929688e+02, 3.199743347167969e+02, 3.209283142089844e+02, 3.2129150390625e+02, 3.217063598632812e+02, 3.298422241210938e+02, 3.312553100585938e+02, 3.29504638671875e+02, 3.255059509277344e+02, 3.219522399902344e+02, 3.254205932617188e+02, 3.2625390625e+02, 3.269252624511719e+02, 3.274075317382812e+02, 3.273302307128906e+02, 3.278634643554688e+02, 3.274046936035156e+02, 3.278011779785156e+02, 3.274529418945312e+02, 3.275906066894531e+02, 3.275090637207031e+02, 3.268468627929688e+02, 3.255715637207031e+02, 3.250755004882812e+02, 3.249862976074219e+02, 3.244138793945312e+02, 3.240992126464844e+02, 3.236056823730469e+02, 3.230196533203125e+02, 3.226638488769531e+02, 3.223976135253906e+02, 3.216659851074219e+02, 3.211990051269531e+02, 3.203759155273438e+02, 3.197705078125e+02, 3.189486694335938e+02, 3.182419128417969e+02, 3.172829895019531e+02, 3.175093383789062e+02, 3.194111328125e+02, 3.206275939941406e+02, 3.213582458496094e+02, 3.217975463867188e+02, 3.220183715820312e+02, 3.215602111816406e+02, 3.213114929199219e+02, 3.217779541015625e+02, 3.216827087402344e+02, 3.213359985351562e+02, 3.211145629882812e+02, 3.216033020019531e+02, 3.215430908203125e+02, 3.212195434570312e+02, 3.21012451171875e+02, 3.222395935058594e+02, 3.30178466796875e+02, 3.312764587402344e+02, 3.300911865234375e+02, 3.263351745605469e+02, 3.229292297363281e+02, 3.273243713378906e+02, 3.27152099609375e+02, 3.279960632324219e+02, 3.284664306640625e+02, 3.281294555664062e+02, 3.28583251953125e+02, 3.281593933105469e+02, 3.284932556152344e+02, 3.281314392089844e+02, 3.283538513183594e+02, 3.28148193359375e+02, 3.282639770507812e+02, 3.282217712402344e+02, 3.281963500976562e+02, 3.283224182128906e+02, 3.2810498046875e+02, 3.284346923828125e+02, 3.279921569824219e+02, 3.284761352539062e+02, 3.280183715820312e+02, 3.284360046386719e+02, 3.280641479492188e+02, 3.283884582519531e+02, 3.281187744140625e+02, 3.283321228027344e+02, 3.281830749511719e+02, 3.282628479003906e+02, 3.282597351074219e+02]
hex.sta_a2.T=[2.931499938964844e+02, 2.931499938964844e+02, 2.931499938964844e+02, 2.931499938964844e+02, 2.931499938964844e+02, 2.931499938964844e+02, 2.931499938964844e+02, 2.931499938964844e+02, 2.931499938964844e+02, 2.931499938964844e+02, 2.931499938964844e+02, 2.931499938964844e+02, 2.931499938964844e+02, 2.931499938964844e+02, 2.931499938964844e+02, 2.931499938964844e+02, 2.931499938964844e+02, 2.931499938964844e+02, 2.931499938964844e+02, 2.931499938964844e+02, 2.931499938964844e+02, 2.931499938964844e+02, 2.931499938964844e+02, 2.931499938964844e+02, 2.931499938964844e+02, 2.931499938964844e+02, 2.931499938964844e+02, 2.931499938964844e+02, 2.931499938964844e+02, 2.931499938964844e+02, 2.931499938964844e+02, 2.931499938964844e+02, 2.931499938964844e+02, 2.931499938964844e+02, 2.931499938964844e+02, 2.931499938964844e+02, 2.931499938964844e+02, 2.931499938964844e+02, 2.931499938964844e+02, 2.931499938964844e+02, 2.931499938964844e+02, 2.931499938964844e+02, 2.931499938964844e+02, 2.931499938964844e+02, 2.931499938964844e+02, 2.931499938964844e+02, 2.931499938964844e+02, 2.931499938964844e+02, 2.931499938964844e+02, 2.931499938964844e+02, 2.931499938964844e+02, 2.931499938964844e+02, 2.931499938964844e+02, 2.931499938964844e+02, 2.931499938964844e+02, 2.931499938964844e+02, 2.931499938964844e+02, 2.931499938964844e+02, 2.931499938964844e+02, 2.931499938964844e+02, 2.931499938964844e+02, 2.931499938964844e+02, 2.931499938964844e+02, 2.931499938964844e+02, 2.931499938964844e+02, 2.931499938964844e+02, 2.931499938964844e+02, 2.931499938964844e+02, 2.931499938964844e+02, 2.931499938964844e+02, 2.931499938964844e+02, 2.931499938964844e+02, 2.931499938964844e+02, 2.931499938964844e+02, 2.931499938964844e+02, 2.931499938964844e+02, 2.931499938964844e+02, 2.931499938964844e+02, 2.931499938964844e+02, 2.931499938964844e+02, 2.931499938964844e+02, 2.931499938964844e+02, 2.931499938964844e+02, 2.931499938964844e+02, 2.931499938964844e+02, 2.931499938964844e+02, 2.931499938964844e+02, 2.931499938964844e+02, 2.931499938964844e+02, 2.931499938964844e+02, 2.931499938964844e+02, 2.931499938964844e+02, 2.931499938964844e+02, 2.931499938964844e+02, 2.931499938964844e+02, 2.931499938964844e+02, 2.931499938964844e+02, 2.931499938964844e+02, 2.931499938964844e+02, 2.931499938964844e+02, 2.931499938964844e+02]
hex.hexReg[1].ele[1, 2].vol1.T=[2.931499938964844e+02, 3.217440490722656e+02, 3.289073791503906e+02, 3.253126831054688e+02, 3.212102355957031e+02, 3.176298828125e+02, 3.1450830078125e+02, 3.117864379882812e+02, 3.094077453613281e+02, 3.0732861328125e+02, 3.055796813964844e+02, 3.050425720214844e+02, 3.063968811035156e+02, 3.081673278808594e+02, 3.098092956542969e+02, 3.111463623046875e+02, 3.119822998046875e+02, 3.126487426757812e+02, 3.245065307617188e+02, 3.290960998535156e+02, 3.273255615234375e+02, 3.232429809570312e+02, 3.195025939941406e+02, 3.195704956054688e+02, 3.204880981445312e+02, 3.212205505371094e+02, 3.221723937988281e+02, 3.222346496582031e+02, 3.229886169433594e+02, 3.226077270507812e+02, 3.229900207519531e+02, 3.227173461914062e+02, 3.227276306152344e+02, 3.227486267089844e+02, 3.220071105957031e+02, 3.204661254882812e+02, 3.194296875e+02, 3.189820556640625e+02, 3.181915588378906e+02, 3.176152954101562e+02, 3.169594421386719e+02, 3.161705627441406e+02, 3.155650329589844e+02, 3.150848388671875e+02, 3.142566833496094e+02, 3.135885314941406e+02, 3.126807861328125e+02, 3.118887939453125e+02, 3.109798583984375e+02, 3.101251220703125e+02, 3.091382141113281e+02, 3.088275146484375e+02, 3.099751586914062e+02, 3.111587219238281e+02, 3.121377868652344e+02, 3.128875427246094e+02, 3.134009399414062e+02, 3.132091369628906e+02, 3.130328369140625e+02, 3.134229125976562e+02, 3.134504089355469e+02, 3.1317041015625e+02, 3.12925048828125e+02, 3.132594604492188e+02, 3.132852783203125e+02, 3.130148315429688e+02, 3.127799682617188e+02, 3.137013854980469e+02, 3.2546484375e+02, 3.292008361816406e+02, 3.280585632324219e+02, 3.240648803710938e+02, 3.202984313964844e+02, 3.21723876953125e+02, 3.222384338378906e+02, 3.230989074707031e+02, 3.240029602050781e+02, 3.237699890136719e+02, 3.243530883789062e+02, 3.23962158203125e+02, 3.242398681640625e+02, 3.239130859375e+02, 3.240205993652344e+02, 3.239021911621094e+02, 3.238912353515625e+02, 3.239728698730469e+02, 3.238206176757812e+02, 3.240763854980469e+02, 3.237483215332031e+02, 3.241756591796875e+02, 3.236741943359375e+02, 3.241896667480469e+02, 3.237255554199219e+02, 3.241237487792969e+02, 3.237916259765625e+02, 3.240526733398438e+02, 3.238636474609375e+02, 3.239776306152344e+02, 3.239404907226562e+02, 3.238973083496094e+02, 3.240222473144531e+02]
hex.hexReg[1].ele[1, 2].vol2.T=[2.931499938964844e+02, 2.962581481933594e+02, 2.990280151367188e+02, 2.986795043945312e+02, 2.980022888183594e+02, 2.973836059570312e+02, 2.968436889648438e+02, 2.963729248046875e+02, 2.959617919921875e+02, 2.956023559570312e+02, 2.952921752929688e+02, 2.95134765625e+02, 2.952873229980469e+02, 2.955711669921875e+02, 2.958533020019531e+02, 2.9609033203125e+02, 2.962628479003906e+02, 2.963314208984375e+02, 2.977534790039062e+02, 2.990131225585938e+02, 2.989724426269531e+02, 2.983486328125e+02, 2.976956787109375e+02, 2.974374084472656e+02, 2.97703369140625e+02, 2.977690734863281e+02, 2.979667358398438e+02, 2.979821472167969e+02, 2.980906677246094e+02, 2.980722045898438e+02, 2.980972595214844e+02, 2.9809375e+02, 2.980593566894531e+02, 2.9809521484375e+02, 2.980042724609375e+02, 2.97768310546875e+02, 2.975590515136719e+02, 2.974799499511719e+02, 2.973534545898438e+02, 2.972485961914062e+02, 2.971528625488281e+02, 2.970175170898438e+02, 2.9690869140625e+02, 2.968268737792969e+02, 2.967003479003906e+02, 2.965825500488281e+02, 2.964433288574219e+02, 2.963050231933594e+02, 2.961623229980469e+02, 2.960141906738281e+02, 2.958564453125e+02, 2.957555236816406e+02, 2.958971252441406e+02, 2.960976867675781e+02, 2.962705993652344e+02, 2.964056701660156e+02, 2.965049743652344e+02, 2.964989624023438e+02, 2.964667358398438e+02, 2.965100708007812e+02, 2.965398254394531e+02, 2.9649658203125e+02, 2.964540710449219e+02, 2.964837036132812e+02, 2.9651220703125e+02, 2.9647021484375e+02, 2.96429443359375e+02, 2.964893493652344e+02, 2.979767456054688e+02, 2.990525207519531e+02, 2.990706176757812e+02, 2.984837036132812e+02, 2.978263549804688e+02, 2.97697021484375e+02, 2.980340270996094e+02, 2.980833129882812e+02, 2.982541809082031e+02, 2.982543334960938e+02, 2.983247680664062e+02, 2.98302978515625e+02, 2.983074645996094e+02, 2.982948608398438e+02, 2.982717590332031e+02, 2.982908020019531e+02, 2.982527160644531e+02, 2.982980346679688e+02, 2.982462768554688e+02, 2.98306884765625e+02, 2.982456970214844e+02, 2.983082275390625e+02, 2.982520141601562e+02, 2.9829931640625e+02, 2.982630310058594e+02, 2.982876281738281e+02, 2.98274169921875e+02, 2.982758178710938e+02, 2.98285400390625e+02, 2.982645568847656e+02, 2.982958984375e+02, 2.982547912597656e+02, 2.983045959472656e+02]
hex.hexReg[1].ele[1, 1].Gc_2=[1.064345947265625e+03, 1.064345947265625e+03]
hex.hexReg[1].ele[1, 1].Gc_1=[2.12869189453125e+03, 2.12869189453125e+03]
hex.Q1_flow=[0e+00, -1.117812421875e+05, -1.26777703125e+05, -8.44990703125e+04, -7.26630859375e+04, -6.7026203125e+04, -6.183475390625e+04, -5.694476171874999e+04, -5.2266859375e+04, -4.78909375e+04, -4.560965625e+04, -4.802707421875e+04, -4.989875e+04, -5.006183984375e+04, -5.020109765625e+04, -5.036825390625e+04, -4.956069921875e+04, -5.17886328125e+04, -1.0878253125e+05, -1.41057125e+05, -1.168781015625e+05, -9.62987578125e+04, -8.94792890625e+04, -1.051047734375e+05, -9.78112890625e+04, -1.0057375e+05, -1.00022375e+05, -9.945317968750001e+04, -1.021193984375e+05, -9.87084765625e+04, -1.018713203125e+05, -9.9024640625e+04, -1.011128125e+05, -9.95065625e+04, -9.56951953125e+04, -9.018709375e+04, -8.85310234375e+04, -8.601009375e+04, -8.24136875e+04, -7.99117421875e+04, -7.62432734375e+04, -7.32390625e+04, -7.07412578125e+04, -6.82243125e+04, -6.466310546875e+04, -6.224023828125e+04, -5.86947109375e+04, -5.621788671875e+04, -5.2955296875e+04, -5.04918671875e+04, -4.735013671875e+04, -4.76095859375e+04, -4.9546265625e+04, -4.9736484375e+04, -4.9945609375e+04, -5.022565625e+04, -5.029347265624998e+04, -4.88585078125e+04, -4.8735984375e+04, -5.033884375e+04, -4.931341796875e+04, -4.8824078125e+04, -4.85776640625e+04, -5.03095234375e+04, -4.929569921875e+04, -4.880787890625e+04, -4.8548953125e+04, -5.41293359375e+04, -1.14297765625e+05, -1.44479078125e+05, -1.30184390625e+05, -1.05782046875e+05, -9.808503125e+04, -1.195614375e+05, -1.05627e+05, -1.111268359375e+05, -1.119449921875e+05, -1.089848203125e+05, -1.121654921875e+05, -1.087941875e+05, -1.12094796875e+05, -1.089763671875e+05, -1.116073828125e+05, -1.09179703125e+05, -1.1112171875e+05, -1.09606953125e+05, -1.105951171875e+05, -1.103349609375e+05, -1.097358203125e+05, -1.114743515625e+05, -1.084626796875e+05, -1.12138703125e+05, -1.084967890625e+05, -1.119546953125e+05, -1.08696390625e+05, -1.117294609375e+05, -1.089504140625e+05, -1.1144015625e+05, -1.092952890625e+05, -1.11019078125e+05, -1.097984609375e+05]
hex.Q2_flow=[0e+00, 2.196813671875e+04, 7.73431015625e+04, 9.002428125e+04, 8.47448359375e+04, 7.82854765625e+04, 7.216296875e+04, 6.64123984375e+04, 6.100276953125e+04, 5.5915203125e+04, 5.1311703125e+04, 4.90583125e+04, 4.8874546875e+04, 4.902812109375e+04, 4.921321875e+04, 4.942725390625e+04, 4.959234375e+04, 4.93435e+04, 6.19256328125e+04, 9.43686171875e+04, 1.1553571875e+05, 1.11061515625e+05, 1.0218565625e+05, 9.907753125e+04, 1.00691671875e+05, 9.9649359375e+04, 1.00379265625e+05, 9.96288125e+04, 1.002775234375e+05, 9.98748359375e+04, 1.00061703125e+05, 1.00158125e+05, 9.98092109375e+04, 1.00389359375e+05, 9.93534921875e+04, 9.60906796875e+04, 9.25747890625e+04, 9.0072515625e+04, 8.6941359375e+04, 8.3932359375e+04, 8.1002796875e+04, 7.77309453125e+04, 7.47176796875e+04, 7.19903359375e+04, 6.8971640625e+04, 6.60896015625e+04, 6.310936328125e+04, 6.019627734375e+04, 5.731888671875e+04, 5.445951953125e+04, 5.15939375e+04, 4.92185625e+04, 4.867808203125e+04, 4.874558984375e+04, 4.8947234375e+04, 4.924203515625e+04, 4.9599546875e+04, 4.936443359375e+04, 4.90071875e+04, 4.9329265625e+04, 4.96305078125e+04, 4.93495546875e+04, 4.905418359375e+04, 4.9344796875e+04, 4.9659453125e+04, 4.93786328125e+04, 4.907341796875e+04, 4.9596296875e+04, 6.5178953125e+04, 9.88491875e+04, 1.23875890625e+05, 1.2068253125e+05, 1.112331015625e+05, 1.089355703125e+05, 1.11054e+05, 1.09825796875e+05, 1.10503765625e+05, 1.098431875e+05, 1.1035265625e+05, 1.10155125e+05, 1.102621328125e+05, 1.103422734375e+05, 1.101044140625e+05, 1.104893125e+05, 1.099884140625e+05, 1.105967265625e+05, 1.099071640625e+05, 1.1065459375e+05, 1.098808515625e+05, 1.106320078125e+05, 1.099585e+05, 1.10503859375e+05, 1.101120390625e+05, 1.103520546875e+05, 1.102613203125e+05, 1.102056796875e+05, 1.10401109375e+05, 1.10072171875e+05, 1.105237421875e+05, 1.0996225e+05, 1.106185078125e+05]
hex.m2_flow=[1.05e+01, 1.05e+01, 1.05e+01, 1.05e+01, 1.05e+01, 1.05e+01, 1.05e+01, 1.05e+01, 1.05e+01, 1.05e+01, 1.05e+01, 1.05e+01, 1.05e+01, 1.05e+01, 1.05e+01, 1.05e+01, 1.05e+01, 1.05e+01, 1.05e+01, 1.05e+01, 1.05e+01, 1.05e+01, 1.05e+01, 1.05e+01, 1.05e+01, 1.05e+01, 1.05e+01, 1.05e+01, 1.05e+01, 1.05e+01, 1.05e+01, 1.05e+01, 1.05e+01, 1.05e+01, 1.05e+01, 1.05e+01, 1.05e+01, 1.05e+01, 1.05e+01, 1.05e+01, 1.05e+01, 1.05e+01, 1.05e+01, 1.05e+01, 1.05e+01, 1.05e+01, 1.05e+01, 1.05e+01, 1.05e+01, 1.05e+01, 1.05e+01, 1.05e+01, 1.05e+01, 1.05e+01, 1.05e+01, 1.05e+01, 1.05e+01, 1.05e+01, 1.05e+01, 1.05e+01, 1.05e+01, 1.05e+01, 1.05e+01, 1.05e+01, 1.05e+01, 1.05e+01, 1.05e+01, 1.05e+01, 1.05e+01, 1.05e+01, 1.05e+01, 1.05e+01, 1.05e+01, 1.05e+01, 1.05e+01, 1.05e+01, 1.05e+01, 1.05e+01, 1.05e+01, 1.05e+01, 1.05e+01, 1.05e+01, 1.05e+01, 1.05e+01, 1.05e+01, 1.05e+01, 1.05e+01, 1.05e+01, 1.05e+01, 1.05e+01, 1.05e+01, 1.05e+01, 1.05e+01, 1.05e+01, 1.05e+01, 1.05e+01, 1.05e+01, 1.05e+01, 1.05e+01, 1.05e+01, 1.05e+01]
hex.m1_flow=[8.588975071907043e-01, 4.522670269012451e+00, 1.521160125732422e+00, 1.493304818868637e-01, 1.313708629459143e-02, 1.313708629459143e-02, 1.313708629459143e-02, 1.168601866811514e-02, 7.316125556826591e-03, 5.85518591105938e-03, 1.508396714925766e-01, 3.408686518669128e-01, 3.836417198181152e-01, 3.836417198181152e-01, 3.836417198181152e-01, 3.836417198181152e-01, 3.134664595127106e-01, 6.791840791702271e-01, 3.015113353729248e+00, 3.015113353729248e+00, 4.905342757701874e-01, 5.85518591105938e-03, 2.081416696310043e-01, 1.437878012657166e+00, 6.149032115936279e-01, 9.969690442085266e-01, 7.927593588829041e-01, 9.856613278388977e-01, 9.418570995330748e-01, 7.915073037147522e-01, 9.822953939437866e-01, 7.846138477325439e-01, 9.705682992935181e-01, 7.741830348968506e-01, 5.737015008926392e-01, 4.630548655986786e-01, 5.703481435775757e-01, 4.565266370773315e-01, 4.565266370773315e-01, 4.565266370773315e-01, 3.705413639545441e-01, 3.705413639545441e-01, 3.705413639545441e-01, 2.99243837594986e-01, 2.99243837594986e-01, 2.99243837594986e-01, 2.425725013017654e-01, 2.425725013017654e-01, 1.965179890394211e-01, 1.965179890394211e-01, 1.591987162828445e-01, 3.032112419605255e-01, 3.875508010387421e-01, 3.875508010387421e-01, 3.875508010387421e-01, 3.875508010387421e-01, 3.152476847171783e-01, 3.152476847171783e-01, 3.823678493499756e-01, 3.869649767875671e-01, 3.13202291727066e-01, 3.13202291727066e-01, 3.13202291727066e-01, 3.836977481842041e-01, 3.103339374065399e-01, 3.103339374065399e-01, 3.116507828235626e-01, 8.206355571746826e-01, 3.015113353729248e+00, 3.015113353729248e+00, 7.450870871543884e-01, 5.85518591105938e-03, 2.880690693855286e-01, 2.026154041290283e+00, 6.298096776008606e-01, 1.121316194534302e+00, 1.121316194534302e+00, 1.146878004074097e+00, 1.146878004074097e+00, 9.228584170341492e-01, 1.145239353179932e+00, 9.134276509284973e-01, 1.131538391113281e+00, 9.037209153175354e-01, 1.123208284378052e+00, 9.003437757492065e-01, 1.121510028839111e+00, 9.003711342811584e-01, 1.121945977210999e+00, 9.00783896446228e-01, 1.004175186157227e+00, 1.12228798866272e+00, 9.007813930511475e-01, 1.122156858444214e+00, 9.006280899047852e-01, 1.12201976776123e+00, 9.005861878395081e-01, 1.122106790542603e+00, 9.006502628326416e-01, 1.122083187103271e+00, 9.006155133247375e-01]
con.u_m=[2.931499938964844e+02, 2.94989013671875e+02, 3.00265380859375e+02, 3.016114501953125e+02, 3.011358032226562e+02, 3.005276794433594e+02, 2.999507751464844e+02, 2.994088745117188e+02, 2.988992919921875e+02, 2.984199829101562e+02, 2.979823303222656e+02, 2.977587280273438e+02, 2.977359619140625e+02, 2.977502746582031e+02, 2.977677001953125e+02, 2.97787841796875e+02, 2.978055725097656e+02, 2.977771606445312e+02, 2.988438110351562e+02, 3.0187939453125e+02, 3.039860229492188e+02, 3.036135559082031e+02, 3.02776123046875e+02, 3.024358520507812e+02, 3.026093444824219e+02, 3.025025939941406e+02, 3.025737609863281e+02, 3.025038146972656e+02, 3.025587463378906e+02, 3.025287780761719e+02, 3.025385437011719e+02, 3.025551147460938e+02, 3.025162048339844e+02, 3.025759582519531e+02, 3.024859313964844e+02, 3.021859741210938e+02, 3.018514099121094e+02, 3.016161499023438e+02, 3.013237915039062e+02, 3.010400390625e+02, 3.00766845703125e+02, 3.004591369628906e+02, 3.001749572753906e+02, 2.999181213378906e+02, 2.996363525390625e+02, 2.993646240234375e+02, 2.990862426757812e+02, 2.988116760253906e+02, 2.9854248046875e+02, 2.982730712890625e+02, 2.980047302246094e+02, 2.977752990722656e+02, 2.977180480957031e+02, 2.97723876953125e+02, 2.9774267578125e+02, 2.97770263671875e+02, 2.978042297363281e+02, 2.97785400390625e+02, 2.9775146484375e+02, 2.977781982421875e+02, 2.978097229003906e+02, 2.977839660644531e+02, 2.97756103515625e+02, 2.977797241210938e+02, 2.978125e+02, 2.977867736816406e+02, 2.977580261230469e+02, 2.977955627441406e+02, 2.991411743164062e+02, 3.023016052246094e+02, 3.047540893554688e+02, 3.045167846679688e+02, 3.036268310546875e+02, 3.033496704101562e+02, 3.035889282226562e+02, 3.034566955566406e+02, 3.035198364257812e+02, 3.034645385742188e+02, 3.035046081542969e+02, 3.034942626953125e+02, 3.034959411621094e+02, 3.035116882324219e+02, 3.034820251464844e+02, 3.035252380371094e+02, 3.034721984863281e+02, 3.035343933105469e+02, 3.034659118652344e+02, 3.03537841796875e+02, 3.034658813476562e+02, 3.035325012207031e+02, 3.03476318359375e+02, 3.0351904296875e+02, 3.034908142089844e+02, 3.035049133300781e+02, 3.03504638671875e+02, 3.034914245605469e+02, 3.035174255371094e+02, 3.034793701171875e+02, 3.035282592773438e+02, 3.034700012207031e+02, 3.035359497070312e+02]
con.u_s=[2.981499938964844e+02, 2.981499938964844e+02, 2.981499938964844e+02, 2.981499938964844e+02, 2.981499938964844e+02, 2.981499938964844e+02, 2.981499938964844e+02, 2.981499938964844e+02, 2.981499938964844e+02, 2.981499938964844e+02, 2.981499938964844e+02, 2.981499938964844e+02, 2.981499938964844e+02, 2.981499938964844e+02, 2.981499938964844e+02, 2.981499938964844e+02, 2.981499938964844e+02, 3.031499938964844e+02, 3.031499938964844e+02, 3.031499938964844e+02, 3.031499938964844e+02, 3.031499938964844e+02, 3.031499938964844e+02, 3.031499938964844e+02, 3.031499938964844e+02, 3.031499938964844e+02, 3.031499938964844e+02, 3.031499938964844e+02, 3.031499938964844e+02, 3.031499938964844e+02, 3.031499938964844e+02, 3.031499938964844e+02, 3.031499938964844e+02, 3.031499938964844e+02, 3.029500122070312e+02, 3.026499938964844e+02, 3.023500061035156e+02, 3.020499877929688e+02, 3.0175e+02, 3.014500122070312e+02, 3.011499938964844e+02, 3.008500061035156e+02, 3.005499877929688e+02, 3.0025e+02, 2.999500122070312e+02, 2.996499938964844e+02, 2.993500061035156e+02, 2.990499877929688e+02, 2.9875e+02, 2.984500122070312e+02, 2.981499938964844e+02, 2.981499938964844e+02, 2.981499938964844e+02, 2.981499938964844e+02, 2.981499938964844e+02, 2.981499938964844e+02, 2.981499938964844e+02, 2.981499938964844e+02, 2.981499938964844e+02, 2.981499938964844e+02, 2.981499938964844e+02, 2.981499938964844e+02, 2.981499938964844e+02, 2.981499938964844e+02, 2.981499938964844e+02, 2.981499938964844e+02, 2.981499938964844e+02, 3.041499938964844e+02, 3.041499938964844e+02, 3.041499938964844e+02, 3.041499938964844e+02, 3.041499938964844e+02, 3.041499938964844e+02, 3.041499938964844e+02, 3.041499938964844e+02, 3.041499938964844e+02, 3.041499938964844e+02, 3.041499938964844e+02, 3.041499938964844e+02, 3.041499938964844e+02, 3.041499938964844e+02, 3.041499938964844e+02, 3.041499938964844e+02, 3.041499938964844e+02, 3.041499938964844e+02, 3.041499938964844e+02, 3.041499938964844e+02, 3.041499938964844e+02, 3.041499938964844e+02, 3.041499938964844e+02, 3.041499938964844e+02, 3.041499938964844e+02, 3.041499938964844e+02, 3.041499938964844e+02, 3.041499938964844e+02, 3.041499938964844e+02, 3.041499938964844e+02, 3.041499938964844e+02, 3.041499938964844e+02, 3.041499938964844e+02, 3.041499938964844e+02]
