last-generated=2023-04-11
statistics-initialization=
{
  "nonlinear": "1, 1, 1",
  "numerical Jacobians": "0"
}
statistics-simulation=
{
  "linear": "0",
  "nonlinear": "1, 1, 1, 1, 1, 1",
  "number of continuous time states": "21",
  "numerical Jacobians": "0"
}
time=[0e+00, 8.64e+04]
pthp.HeaCoi.P=[0e+00, 6.75386279296875e+03, 6.75736474609375e+03, 6.7564404296875e+03, 6.74947021484375e+03, 6.737224609375e+03, 6.7235986328125e+03, 6.7090341796875e+03, 6.69392626953125e+03, 6.67809521484375e+03, 6.660666015625e+03, 6.64298876953125e+03, 6.6265419921875e+03, 6.6142919921875e+03, 6.61336865234375e+03, 6.61824365234375e+03, 6.621544921875e+03, 6.61605859375e+03, 6.600712890625e+03, 6.58204345703125e+03, 6.56695556640625e+03, 6.56204833984375e+03, 6.56202783203125e+03, 6.56203271484375e+03, 6.56203857421875e+03, 6.5620390625e+03, 6.5600966796875e+03, 6.555537109375e+03, 6.550255859375e+03, 6.546150390625e+03, 6.5397880859375e+03, 6.52454248046875e+03, 6.504443359375e+03, 6.48365087890625e+03, 6.465240234375e+03, 6.44667919921875e+03, 6.4252470703125e+03, 6.39847216796875e+03, 6.36395458984375e+03, 6.32244287109375e+03, 6.2791171875e+03, 6.23786474609375e+03, 6.2000791015625e+03, 6.15855810546875e+03, 6.1137900390625e+03, 6.0695029296875e+03, 6.0298271484375e+03, 5.993091796875e+03, 5.9570068359375e+03, 5.9215810546875e+03, 5.88681591796875e+03, 5.85778662109375e+03, 5.8364658203125e+03, 5.818546875e+03, 5.7999453125e+03, 5.777966796875e+03, 5.75596875e+03, 5.73830419921875e+03, 5.7285e+03, 5.72608984375e+03, 5.721466796875e+03, 5.7147822265625e+03, 5.70704541015625e+03, 5.698763671875e+03, 5.6882900390625e+03, 5.67710205078125e+03, 5.6672265625e+03, 5.66086181640625e+03, 5.6604580078125e+03, 5.663095703125e+03, 5.66471923828125e+03, 5.6615419921875e+03, 5.6620830078125e+03, 5.66919970703125e+03, 5.67889599609375e+03, 5.68694482421875e+03, 5.692509765625e+03, 5.6975966796875e+03, 5.70205322265625e+03, 5.70574365234375e+03, 5.7008828125e+03, 5.680439453125e+03, 5.656607421875e+03, 5.6401689453125e+03, 5.63646533203125e+03, 5.63713818359375e+03, 5.6396025390625e+03, 5.64099169921875e+03, 5.63750048828125e+03, 5.62846826171875e+03, 5.61874658203125e+03, 5.61303271484375e+03, 5.6149228515625e+03, 5.62028466796875e+03, 5.6270029296875e+03, 5.634326171875e+03, 5.64128466796875e+03, 5.65126806640625e+03, 5.66426025390625e+03, 5.6772509765625e+03, 5.6869365234375e+03]
pthp.HeaCoi.QSen_flow=[0e+00, 1.063655859375e+04, 1.06341865234375e+04, 1.06348125e+04, 1.06395517578125e+04, 1.06478681640625e+04, 1.0657111328125e+04, 1.066694921875e+04, 1.06771298828125e+04, 1.068776171875e+04, 1.0699421875e+04, 1.0711203125e+04, 1.07221181640625e+04, 1.07302216796875e+04, 1.073083984375e+04, 1.07276201171875e+04, 1.072542578125e+04, 1.07290439453125e+04, 1.07391611328125e+04, 1.0751408203125e+04, 1.07612587890625e+04, 1.0764466796875e+04, 1.0764458984375e+04, 1.07644609375e+04, 1.07644638671875e+04, 1.07644638671875e+04, 1.07549697265625e+04, 1.07326689453125e+04, 1.07068349609375e+04, 1.06867412109375e+04, 1.0679201171875e+04, 1.0682609375e+04, 1.06950859375e+04, 1.07150615234375e+04, 1.07429384765625e+04, 1.0783109375e+04, 1.083466796875e+04, 1.08962880859375e+04, 1.0972419921875e+04, 1.1087986328125e+04, 1.12227138671875e+04, 1.134277734375e+04, 1.1409396484375e+04, 1.14300234375e+04, 1.1428001953125e+04, 1.1423662109375e+04, 1.14402275390625e+04, 1.1468728515625e+04, 1.149622265625e+04, 1.1522658203125e+04, 1.154798046875e+04, 1.156862109375e+04, 1.1583427734375e+04, 1.1595623046875e+04, 1.16080302734375e+04, 1.16338466796875e+04, 1.16825703125e+04, 1.1733470703125e+04, 1.17630341796875e+04, 1.17549853515625e+04, 1.17263486328125e+04, 1.16849267578125e+04, 1.16369921875e+04, 1.15856806640625e+04, 1.15207900390625e+04, 1.14514716796875e+04, 1.1390283203125e+04, 1.1350849609375e+04, 1.1348349609375e+04, 1.13646904296875e+04, 1.13747509765625e+04, 1.13541259765625e+04, 1.1316908203125e+04, 1.127939453125e+04, 1.1242408203125e+04, 1.12064248046875e+04, 1.1171392578125e+04, 1.11370419921875e+04, 1.1103322265625e+04, 1.1070177734375e+04, 1.106228515625e+04, 1.1105546875e+04, 1.11666552734375e+04, 1.12071455078125e+04, 1.11852490234375e+04, 1.11024091796875e+04, 1.10044140625e+04, 1.0933521484375e+04, 1.09224521484375e+04, 1.0954544921875e+04, 1.1004134765625e+04, 1.10464296875e+04, 1.10550556640625e+04, 1.1025982421875e+04, 1.09801171875e+04, 1.09382001953125e+04, 1.09202578125e+04, 1.0969365234375e+04, 1.10664560546875e+04, 1.116253515625e+04, 1.1206421875e+04]
pthp.TAirMix.T=[2.931499938964844e+02, 2.959252624511719e+02, 2.959250793457031e+02, 2.959251403808594e+02, 2.959255065917969e+02, 2.959261474609375e+02, 2.959269104003906e+02, 2.959276733398438e+02, 2.959284973144531e+02, 2.959293518066406e+02, 2.959303283691406e+02, 2.959313049316406e+02, 2.959321899414062e+02, 2.959328918457031e+02, 2.959329223632812e+02, 2.959326477050781e+02, 2.959324340820312e+02, 2.959327392578125e+02, 2.959336242675781e+02, 2.959346618652344e+02, 2.959355163574219e+02, 2.959358215332031e+02, 2.959357299804688e+02, 2.959357604980469e+02, 2.95935791015625e+02, 2.95935791015625e+02, 2.959357604980469e+02, 2.959357604980469e+02, 2.959357604980469e+02, 2.95935791015625e+02, 2.959360046386719e+02, 2.959367370605469e+02, 2.959379577636719e+02, 2.959391784667969e+02, 2.959403991699219e+02, 2.959417419433594e+02, 2.95943359375e+02, 2.959454040527344e+02, 2.959479675292969e+02, 2.959513854980469e+02, 2.959551391601562e+02, 2.959586486816406e+02, 2.959614868164062e+02, 2.959640502929688e+02, 2.959666442871094e+02, 2.9596923828125e+02, 2.959718322753906e+02, 2.959744262695312e+02, 2.959770202636719e+02, 2.959796142578125e+02, 2.95982177734375e+02, 2.959844665527344e+02, 2.95986083984375e+02, 2.959874572753906e+02, 2.959889526367188e+02, 2.959908142089844e+02, 2.959930725097656e+02, 2.959950256347656e+02, 2.959961242675781e+02, 2.959962158203125e+02, 2.959962158203125e+02, 2.959962158203125e+02, 2.959962158203125e+02, 2.959962158203125e+02, 2.959961853027344e+02, 2.959961853027344e+02, 2.959961853027344e+02, 2.959961853027344e+02, 2.959961853027344e+02, 2.959961853027344e+02, 2.959961853027344e+02, 2.959961547851562e+02, 2.959956665039062e+02, 2.9599462890625e+02, 2.959934387207031e+02, 2.959923400878906e+02, 2.95991455078125e+02, 2.959906921386719e+02, 2.959899597167969e+02, 2.959892578125e+02, 2.959895324707031e+02, 2.959915771484375e+02, 2.959941711425781e+02, 2.959959716796875e+02, 2.959959716796875e+02, 2.95994873046875e+02, 2.959934387207031e+02, 2.95992431640625e+02, 2.959925537109375e+02, 2.9599365234375e+02, 2.959950561523438e+02, 2.959960632324219e+02, 2.959961547851562e+02, 2.959951782226562e+02, 2.959941101074219e+02, 2.959930114746094e+02, 2.959922485351562e+02, 2.959920959472656e+02, 2.959923400878906e+02, 2.959925537109375e+02, 2.959923095703125e+02]
pthp.TAirLvg.T=[2.931499938964844e+02, 3.1691015625e+02, 3.169069519042969e+02, 3.169073181152344e+02, 3.169158020019531e+02, 3.169313354492188e+02, 3.169502563476562e+02, 3.169691467285156e+02, 3.169889221191406e+02, 3.170097045898438e+02, 3.170323181152344e+02, 3.170556945800781e+02, 3.170774841308594e+02, 3.170942077636719e+02, 3.170971984863281e+02, 3.170909729003906e+02, 3.170849609375e+02, 3.170904846191406e+02, 3.171103210449219e+02, 3.171349487304688e+02, 3.171551818847656e+02, 3.171636352539062e+02, 3.171616821289062e+02, 3.171615295410156e+02, 3.171624145507812e+02, 3.171626281738281e+02, 3.171480407714844e+02, 3.171092834472656e+02, 3.170573120117188e+02, 3.170177307128906e+02, 3.170018310546875e+02, 3.170086669921875e+02, 3.170322265625e+02, 3.170691528320312e+02, 3.171207885742188e+02, 3.171952819824219e+02, 3.172921142578125e+02, 3.174092712402344e+02, 3.1755078125e+02, 3.177616882324219e+02, 3.180215148925781e+02, 3.182557067871094e+02, 3.183975524902344e+02, 3.184387512207031e+02, 3.184430541992188e+02, 3.18435302734375e+02, 3.1846337890625e+02, 3.185220947265625e+02, 3.18574951171875e+02, 3.186276245117188e+02, 3.186776733398438e+02, 3.187210388183594e+02, 3.187514953613281e+02, 3.187755126953125e+02, 3.1880126953125e+02, 3.188448486328125e+02, 3.189371643066406e+02, 3.190366516113281e+02, 3.190988464355469e+02, 3.190899658203125e+02, 3.190378723144531e+02, 3.189619750976562e+02, 3.188723754882812e+02, 3.187751159667969e+02, 3.186589050292969e+02, 3.185273132324219e+02, 3.184089660644531e+02, 3.183310546875e+02, 3.183161315917969e+02, 3.18349365234375e+02, 3.183706359863281e+02, 3.183419494628906e+02, 3.182667846679688e+02, 3.181964111328125e+02, 3.181253356933594e+02, 3.180562744140625e+02, 3.179892578125e+02, 3.17923828125e+02, 3.178595581054688e+02, 3.177965087890625e+02, 3.177731628417969e+02, 3.178496398925781e+02, 3.179667358398438e+02, 3.180516662597656e+02, 3.180248718261719e+02, 3.178736267089844e+02, 3.176869506835938e+02, 3.17545166015625e+02, 3.17510986328125e+02, 3.175707397460938e+02, 3.176636962890625e+02, 3.177475280761719e+02, 3.177771301269531e+02, 3.177205505371094e+02, 3.1763427734375e+02, 3.175523681640625e+02, 3.175138854980469e+02, 3.175873107910156e+02, 3.177698059082031e+02, 3.179541015625e+02, 3.180472106933594e+02]
