last-generated=2016-11-02
statistics-initialization=
{
  "numerical Jacobians": "0", 
  "nonlinear": "17"
}
statistics-simulation=
{
  "numerical Jacobians": "0", 
  "nonlinear": " ", 
  "number of continuous time states": "31", 
  "linear": "0, 12, 0, 0, 0, 0, 0"
}
roo.air.vol.T=[295.149993896484375, 292.728607177734375, 292.557037353515625, 292.4207763671875, 292.296661376953125, 292.1856689453125, 292.08489990234375, 291.968292236328125, 291.8468017578125, 291.731475830078125, 291.633392333984375, 291.5347900390625, 291.428009033203125, 291.319671630859375, 291.2164306640625, 291.124908447265625, 291.055267333984375, 291.1348876953125, 291.365478515625, 291.62371826171875, 291.909881591796875, 292.2415771484375, 292.633331298828125, 292.994964599609375, 293.25897216796875, 293.370208740234375, 293.296722412109375, 293.185394287109375, 293.062225341796875, 292.961578369140625, 292.870941162109375, 292.760528564453125, 292.61090087890625, 292.459716796875, 292.3128662109375, 292.186981201171875, 292.082733154296875, 291.952362060546875, 291.812713623046875, 291.636322021484375, 291.4737548828125, 291.364013671875, 291.278076171875, 291.2056884765625, 291.16888427734375, 291.048828125, 290.921661376953125, 290.816925048828125, 290.708526611328125, 290.61541748046875, 290.531768798828125, 290.4317626953125, 290.325653076171875, 290.22491455078125, 290.1407470703125, 290.075836181640625, 290.002838134765625, 289.930877685546875, 289.87286376953125, 289.83135986328125, 289.790557861328125, 289.749359130859375, 289.693023681640625, 289.639923095703125, 289.601318359375, 289.567352294921875, 289.51995849609375, 289.478302001953125, 289.454742431640625, 289.46539306640625, 289.49017333984375, 289.503753662109375, 289.513946533203125, 289.541168212890625, 289.57672119140625, 289.617431640625, 289.6685791015625, 289.73577880859375, 289.750640869140625, 289.63134765625, 289.54180908203125, 289.487548828125, 289.424102783203125, 289.358489990234375, 289.286224365234375, 289.197265625, 289.10931396484375, 289.034881591796875, 288.981109619140625, 288.945037841796875, 288.91253662109375, 288.876129150390625, 288.8377685546875, 288.80078125, 288.766448974609375, 288.736480712890625, 288.712188720703125, 288.6708984375, 288.633209228515625, 288.574798583984375, 288.471221923828125]
roo.weaBus.TDryBul=[260.95001220703125, 260.867645263671875, 260.93426513671875, 261.153564453125, 261.40643310546875, 261.691741943359375, 261.986602783203125, 262.101104736328125, 262.02996826171875, 262.211181640625, 262.5067138671875, 262.54998779296875, 262.54998779296875, 262.54998779296875, 262.54998779296875, 262.587554931640625, 262.890106201171875, 263.27764892578125, 263.746063232421875, 264.46923828125, 265.589202880859375, 266.58599853515625, 267.402008056640625, 268.217987060546875, 269.03399658203125, 269.850006103515625, 270.45587158203125, 270.90692138671875, 271.553253173828125, 272.036468505859375, 272.04998779296875, 272.04998779296875, 272.04998779296875, 272.04998779296875, 272.04998779296875, 272.04998779296875, 271.967559814453125, 271.616485595703125, 271.3160400390625, 271.072998046875, 271.007659912109375, 271.73651123046875, 272.0211181640625, 271.622711181640625, 271.485992431640625, 271.877532958984375, 272.02783203125, 271.7281494140625, 271.43621826171875, 271.447418212890625, 271.45001220703125, 270.406707763671875, 269.270416259765625, 269.675384521484375, 270.33697509765625, 270.148712158203125, 269.861602783203125, 269.929931640625, 270.210601806640625, 270.865753173828125, 271.83941650390625, 272.10076904296875, 272.018341064453125, 272.1641845703125, 272.43658447265625, 272.565704345703125, 272.480224609375, 272.64599609375, 272.933990478515625, 273.22198486328125, 273.510009765625, 273.81060791015625, 274.46356201171875, 274.850006103515625, 274.850006103515625, 274.850006103515625, 274.850006103515625, 274.850006103515625, 274.278656005859375, 273.25982666015625, 272.745880126953125, 272.534820556640625, 272.903228759765625, 273.61907958984375, 273.848876953125, 273.816558837890625, 273.444549560546875, 272.66290283203125, 272.744842529296875, 273.461639404296875, 273.85076904296875, 274.079010009765625, 274.34466552734375, 274.63348388671875, 274.920440673828125, 275.1761474609375, 275.335906982421875, 274.09442138671875, 273.149993896484375, 273.149993896484375, 273.149993896484375]
time=[0., 172800.]
