last-generated=2026-05-24
statistics-initialization=
{
  "nonlinear": "1, 1",
  "numerical Jacobians": "0"
}
statistics-simulation=
{
  "linear": " ",
  "nonlinear": "1, 1",
  "number of continuous time states": "9",
  "numerical Jacobians": "0"
}
time=[0e+00, 7.2e+03]
uti.y=[6.000000238418579e-01, 6.000000238418579e-01, 6.000000238418579e-01, 6.000000238418579e-01, 6.000000238418579e-01, 6.000000238418579e-01, 6.000000238418579e-01, 6.000000238418579e-01, 6.000000238418579e-01, 6.000000238418579e-01, 6.000000238418579e-01, 6.000000238418579e-01, 6.000000238418579e-01, 1e+00, 1e+00, 1e+00, 1e+00, 1e+00, 1e+00, 1e+00, 1e+00, 1e+00, 1e+00, 1e+00, 1e+00, 1e+00, 1e+00, 1e+00, 1e+00, 1e+00, 1e+00, 1e+00, 1e+00, 1e+00, 1e+00, 1e+00, 1e+00, 1e+00, 6.000000238418579e-01, 6.000000238418579e-01, 6.000000238418579e-01, 6.000000238418579e-01, 6.000000238418579e-01, 6.000000238418579e-01, 6.000000238418579e-01, 6.000000238418579e-01, 6.000000238418579e-01, 6.000000238418579e-01, 6.000000238418579e-01, 6.000000238418579e-01, 6.000000238418579e-01, 6.000000238418579e-01, 6.000000238418579e-01, 6.000000238418579e-01, 6.000000238418579e-01, 6.000000238418579e-01, 6.000000238418579e-01, 6.000000238418579e-01, 6.000000238418579e-01, 6.000000238418579e-01, 6.000000238418579e-01, 6.000000238418579e-01, 6.000000238418579e-01, 1e+00, 1e+00, 1e+00, 1e+00, 1e+00, 1e+00, 1e+00, 1e+00, 1e+00, 1e+00, 1e+00, 1e+00, 1e+00, 1e+00, 1e+00, 1e+00, 1e+00, 1e+00, 1e+00, 1e+00, 1e+00, 1e+00, 1e+00, 1e+00, 1e+00, 6.000000238418579e-01, 6.000000238418579e-01, 6.000000238418579e-01, 6.000000238418579e-01, 6.000000238418579e-01, 6.000000238418579e-01, 6.000000238418579e-01, 6.000000238418579e-01, 6.000000238418579e-01, 6.000000238418579e-01, 6.000000238418579e-01, 6.000000238418579e-01, 6.000000238418579e-01]
cdu.conVal.y=[0e+00, 8.109723329544067e-01, 8.001390099525452e-01, 7.9282146692276e-01, 7.878614068031311e-01, 7.844902276992798e-01, 7.821966409683228e-01, 7.806351184844971e-01, 7.795705795288086e-01, 7.788444757461548e-01, 7.78348982334137e-01, 7.780109047889709e-01, 7.777801752090454e-01, 9.2132568359375e-01, 9.451488852500916e-01, 9.628368020057678e-01, 9.774265885353088e-01, 9.88398551940918e-01, 9.968445301055908e-01, 1e+00, 1e+00, 1e+00, 1e+00, 1e+00, 1e+00, 1e+00, 1e+00, 1e+00, 1e+00, 1e+00, 1e+00, 1e+00, 1e+00, 1e+00, 1e+00, 1e+00, 1e+00, 1e+00, 8.543100357055664e-01, 8.29148530960083e-01, 8.122318983078003e-01, 8.00910472869873e-01, 7.932941913604736e-01, 7.881500124931335e-01, 7.84665584564209e-01, 7.823027968406677e-01, 7.806983590126038e-01, 7.796093225479126e-01, 7.788664698600769e-01, 7.783613801002502e-01, 7.78018057346344e-01, 7.777841687202454e-01, 7.776243686676025e-01, 7.775143980979919e-01, 7.774416208267212e-01, 7.773903608322144e-01, 7.773571014404297e-01, 7.773335576057434e-01, 7.773176431655884e-01, 7.773070931434631e-01, 7.772997617721558e-01, 7.772949934005737e-01, 7.772912383079529e-01, 9.20947253704071e-01, 9.448601007461548e-01, 9.62556004524231e-01, 9.772536754608154e-01, 9.882652163505554e-01, 9.967406988143921e-01, 1e+00, 1e+00, 1e+00, 1e+00, 1e+00, 1e+00, 1e+00, 1e+00, 1e+00, 1e+00, 1e+00, 1e+00, 1e+00, 1e+00, 1e+00, 1e+00, 1e+00, 1e+00, 1e+00, 8.543123602867126e-01, 8.291500806808472e-01, 8.12231719493866e-01, 8.009096384048462e-01, 7.932922840118408e-01, 7.881489396095276e-01, 7.846677303314209e-01, 7.823056578636169e-01, 7.807007431983948e-01, 7.796101570129395e-01, 7.788679003715515e-01, 7.783624529838562e-01, 7.780184745788574e-01]
cdu.val.y_actual=[1e+00, 8.109941482543945e-01, 8.001537919044495e-01, 7.928314208984375e-01, 7.878681421279907e-01, 7.844948172569275e-01, 7.821998000144958e-01, 7.80637264251709e-01, 7.795720100402832e-01, 7.788454294204712e-01, 7.783496975898743e-01, 7.780113816261292e-01, 7.777804732322693e-01, 9.212868213653564e-01, 9.451149106025696e-01, 9.627996683120728e-01, 9.774057865142822e-01, 9.883825778961182e-01, 9.968321919441223e-01, 9.999998807907104e-01, 1.000002503395081e+00, 1.000000596046448e+00, 1.000001311302185e+00, 9.999998211860657e-01, 1e+00, 1e+00, 1e+00, 1e+00, 1e+00, 1e+00, 1e+00, 1e+00, 1e+00, 1e+00, 1e+00, 1e+00, 1e+00, 1e+00, 8.543539643287659e-01, 8.291828632354736e-01, 8.12254786491394e-01, 8.009258508682251e-01, 7.933045625686646e-01, 7.881569862365723e-01, 7.84670352935791e-01, 7.823060750961304e-01, 7.807005643844604e-01, 7.79610812664032e-01, 7.788674235343933e-01, 7.783620357513428e-01, 7.780184745788574e-01, 7.777844667434692e-01, 7.776245474815369e-01, 7.775145769119263e-01, 7.774417996406555e-01, 7.773904204368591e-01, 7.773571610450745e-01, 7.773335576057434e-01, 7.773177027702332e-01, 7.773070931434631e-01, 7.772997617721558e-01, 7.772950530052185e-01, 7.772912383079529e-01, 9.209082722663879e-01, 9.448254704475403e-01, 9.625182151794434e-01, 9.772327542304993e-01, 9.882491230964661e-01, 9.967283010482788e-01, 1.000000596046448e+00, 1e+00, 1.000008583068848e+00, 1.000012755393982e+00, 1.000014662742615e+00, 1.000001311302185e+00, 1e+00, 1e+00, 1e+00, 1e+00, 1e+00, 1e+00, 1e+00, 1e+00, 1e+00, 1e+00, 1e+00, 1e+00, 1e+00, 8.543564081192017e-01, 8.291844129562378e-01, 8.122546076774597e-01, 8.009250164031982e-01, 7.93302595615387e-01, 7.881559133529663e-01, 7.846724987030029e-01, 7.823088765144348e-01, 7.807029485702515e-01, 7.796116471290588e-01, 7.788689136505127e-01, 7.783631682395935e-01, 7.780188918113708e-01]
senTCDU_a.T=[3.091499938964844e+02, 3.091499938964844e+02]
senTCDU_b.T=[3.064127502441406e+02, 3.141600646972656e+02, 3.143407592773438e+02, 3.144683227539062e+02, 3.145574340820312e+02, 3.146192626953125e+02, 3.146618957519531e+02, 3.146912231445312e+02, 3.147113342285156e+02, 3.147251281738281e+02, 3.147345275878906e+02, 3.147409973144531e+02, 3.147453918457031e+02, 3.15219482421875e+02, 3.148644104003906e+02, 3.146273193359375e+02, 3.14455810546875e+02, 3.143336791992188e+02, 3.142449035644531e+02, 3.142095947265625e+02, 3.142095642089844e+02, 3.142095947265625e+02, 3.142095642089844e+02, 3.142095947265625e+02, 3.142095642089844e+02, 3.142095642089844e+02, 3.142095642089844e+02, 3.142095642089844e+02, 3.142095642089844e+02, 3.142095642089844e+02, 3.142095642089844e+02, 3.142095642089844e+02, 3.142095642089844e+02, 3.142095642089844e+02, 3.142095642089844e+02, 3.142095642089844e+02, 3.142095642089844e+02, 3.142095642089844e+02, 3.135108642578125e+02, 3.138687744140625e+02, 3.141331481933594e+02, 3.143229064941406e+02, 3.144567260742188e+02, 3.145499572753906e+02, 3.146144714355469e+02, 3.146588745117188e+02, 3.146893005371094e+02, 3.147101440429688e+02, 3.14724365234375e+02, 3.147341003417969e+02, 3.1474072265625e+02, 3.147452392578125e+02, 3.147483215332031e+02, 3.147504272460938e+02, 3.147518310546875e+02, 3.147528076171875e+02, 3.147534790039062e+02, 3.147539367675781e+02, 3.147542419433594e+02, 3.147544555664062e+02, 3.147545776367188e+02, 3.147546691894531e+02, 3.147547607421875e+02, 3.152254638671875e+02, 3.148681640625e+02, 3.146305847167969e+02, 3.144577941894531e+02, 3.143351135253906e+02, 3.142459716796875e+02, 3.142095947265625e+02, 3.142095642089844e+02, 3.142095031738281e+02, 3.1420947265625e+02, 3.142095031738281e+02, 3.142095642089844e+02, 3.142095642089844e+02, 3.142095642089844e+02, 3.142095642089844e+02, 3.142095642089844e+02, 3.142095642089844e+02, 3.142095642089844e+02, 3.142095642089844e+02, 3.142095642089844e+02, 3.142095642089844e+02, 3.142095642089844e+02, 3.142095642089844e+02, 3.142095642089844e+02, 3.142095642089844e+02, 3.135108337402344e+02, 3.138687744140625e+02, 3.141331481933594e+02, 3.143229370117188e+02, 3.144567260742188e+02, 3.145500183105469e+02, 3.146144714355469e+02, 3.146588439941406e+02, 3.146892700195312e+02, 3.147101135253906e+02, 3.147243347167969e+02, 3.147340698242188e+02, 3.147406921386719e+02]
senTRac_a.T=[3.031499938964844e+02, 3.14614013671875e+02, 3.147764282226562e+02, 3.148913269042969e+02, 3.149716796875e+02, 3.150274658203125e+02, 3.150659790039062e+02, 3.150924682617188e+02, 3.151106262207031e+02, 3.151230773925781e+02, 3.15131591796875e+02, 3.151374206542969e+02, 3.151414184570312e+02, 3.162345886230469e+02, 3.15922119140625e+02, 3.157110900878906e+02, 3.155646057128906e+02, 3.154586791992188e+02, 3.153818969726562e+02, 3.153485412597656e+02, 3.153484802246094e+02, 3.153485107421875e+02, 3.153485107421875e+02, 3.153485412597656e+02, 3.153485107421875e+02, 3.153485107421875e+02, 3.153485107421875e+02, 3.153485107421875e+02, 3.153485107421875e+02, 3.153485107421875e+02, 3.153485107421875e+02, 3.153485107421875e+02, 3.153485107421875e+02, 3.153485107421875e+02, 3.153485107421875e+02, 3.153485107421875e+02, 3.153485107421875e+02, 3.153485107421875e+02, 3.140282592773438e+02, 3.143493041992188e+02, 3.145866394042969e+02, 3.147578735351562e+02, 3.148789672851562e+02, 3.149635620117188e+02, 3.150221557617188e+02, 3.150625305175781e+02, 3.150902404785156e+02, 3.151092224121094e+02, 3.151221923828125e+02, 3.151310424804688e+02, 3.151370849609375e+02, 3.151412048339844e+02, 3.151440124511719e+02, 3.151459045410156e+02, 3.15147216796875e+02, 3.151481018066406e+02, 3.151487121582031e+02, 3.151491088867188e+02, 3.151493835449219e+02, 3.151495971679688e+02, 3.151497192382812e+02, 3.151498107910156e+02, 3.151498718261719e+02, 3.162399291992188e+02, 3.1592578125e+02, 3.157130432128906e+02, 3.155663757324219e+02, 3.154599609375e+02, 3.153828125e+02, 3.153485717773438e+02, 3.153485107421875e+02, 3.153484802246094e+02, 3.153484497070312e+02, 3.153485412597656e+02, 3.153485107421875e+02, 3.153485107421875e+02, 3.153485107421875e+02, 3.153485107421875e+02, 3.153485107421875e+02, 3.153485107421875e+02, 3.153485107421875e+02, 3.153485107421875e+02, 3.153485107421875e+02, 3.153485107421875e+02, 3.153485107421875e+02, 3.153485107421875e+02, 3.153485107421875e+02, 3.153485107421875e+02, 3.140282287597656e+02, 3.143493041992188e+02, 3.145866394042969e+02, 3.147578735351562e+02, 3.148789978027344e+02, 3.14963623046875e+02, 3.150221862792969e+02, 3.150625305175781e+02, 3.150902404785156e+02, 3.151091918945312e+02, 3.151221618652344e+02, 3.151310119628906e+02, 3.151370544433594e+02]
senTRac_b.T=[3.031499938964844e+02, 3.178361206054688e+02, 3.180258483886719e+02, 3.181597595214844e+02, 3.182532653808594e+02, 3.18318115234375e+02, 3.183628540039062e+02, 3.183936157226562e+02, 3.184147033691406e+02, 3.184291381835938e+02, 3.184390563964844e+02, 3.1844580078125e+02, 3.18450439453125e+02, 3.2176416015625e+02, 3.214464111328125e+02, 3.212311706542969e+02, 3.210853271484375e+02, 3.209784545898438e+02, 3.209010314941406e+02, 3.2086572265625e+02, 3.2086572265625e+02, 3.208657836914062e+02, 3.208657836914062e+02, 3.208658142089844e+02, 3.208658142089844e+02, 3.208658142089844e+02, 3.208658142089844e+02, 3.208658447265625e+02, 3.208658447265625e+02, 3.208658447265625e+02, 3.208658447265625e+02, 3.208658447265625e+02, 3.208658447265625e+02, 3.208658447265625e+02, 3.208658447265625e+02, 3.208658447265625e+02, 3.208658447265625e+02, 3.208658447265625e+02, 3.173253173828125e+02, 3.176511535644531e+02, 3.178908081054688e+02, 3.180638122558594e+02, 3.181862487792969e+02, 3.182717895507812e+02, 3.183310546875e+02, 3.183718872070312e+02, 3.183999328613281e+02, 3.184191284179688e+02, 3.184322509765625e+02, 3.184411926269531e+02, 3.184473266601562e+02, 3.184514770507812e+02, 3.184543151855469e+02, 3.184562377929688e+02, 3.184575805664062e+02, 3.184584655761719e+02, 3.184590759277344e+02, 3.184595031738281e+02, 3.184597778320312e+02, 3.184599609375e+02, 3.184601135253906e+02, 3.18460205078125e+02, 3.184602661132812e+02, 3.217710571289062e+02, 3.214510192871094e+02, 3.212337036132812e+02, 3.210875549316406e+02, 3.209800415039062e+02, 3.209021606445312e+02, 3.208659057617188e+02, 3.208658142089844e+02, 3.208657836914062e+02, 3.208657836914062e+02, 3.208659057617188e+02, 3.208658447265625e+02, 3.208658447265625e+02, 3.208658447265625e+02, 3.208658447265625e+02, 3.208658447265625e+02, 3.208658447265625e+02, 3.208658447265625e+02, 3.208658447265625e+02, 3.208658447265625e+02, 3.208658447265625e+02, 3.208658447265625e+02, 3.208658447265625e+02, 3.208658447265625e+02, 3.208658447265625e+02, 3.173252868652344e+02, 3.176511535644531e+02, 3.178908081054688e+02, 3.180638122558594e+02, 3.181862487792969e+02, 3.182718200683594e+02, 3.183310852050781e+02, 3.183718872070312e+02, 3.1839990234375e+02, 3.184190979003906e+02, 3.184322204589844e+02, 3.184411926269531e+02, 3.184472961425781e+02]
rac.casTem.TCas=[3.089773864746094e+02, 3.206685791015625e+02, 3.208572998046875e+02, 3.209905090332031e+02, 3.210835266113281e+02, 3.211480712890625e+02, 3.211925659179688e+02, 3.212231750488281e+02, 3.212441711425781e+02, 3.21258544921875e+02, 3.212684020996094e+02, 3.212751159667969e+02, 3.212797241210938e+02, 3.264657897949219e+02, 3.2615380859375e+02, 3.25943115234375e+02, 3.257968444824219e+02, 3.256910705566406e+02, 3.256143798828125e+02, 3.255811157226562e+02, 3.255811157226562e+02, 3.255811767578125e+02, 3.255811767578125e+02, 3.255812072753906e+02, 3.255812072753906e+02, 3.255812072753906e+02, 3.255812377929688e+02, 3.255812377929688e+02, 3.255812377929688e+02, 3.255812377929688e+02, 3.255812377929688e+02, 3.255812377929688e+02, 3.255812377929688e+02, 3.255812377929688e+02, 3.255812377929688e+02, 3.255812377929688e+02, 3.255812377929688e+02, 3.255812377929688e+02, 3.201679077148438e+02, 3.204889526367188e+02, 3.207262878417969e+02, 3.208974914550781e+02, 3.210186157226562e+02, 3.211032104492188e+02, 3.211618041992188e+02, 3.212021484375e+02, 3.212298583984375e+02, 3.212488708496094e+02, 3.212618103027344e+02, 3.212706604003906e+02, 3.212767028808594e+02, 3.212808227539062e+02, 3.212836303710938e+02, 3.212855224609375e+02, 3.212868347167969e+02, 3.212877197265625e+02, 3.21288330078125e+02, 3.212887573242188e+02, 3.212890319824219e+02, 3.212892150878906e+02, 3.212893371582031e+02, 3.212894287109375e+02, 3.212894897460938e+02, 3.2647265625e+02, 3.261584777832031e+02, 3.259457702636719e+02, 3.25799072265625e+02, 3.256926574707031e+02, 3.256155395507812e+02, 3.255812683105469e+02, 3.255812377929688e+02, 3.255811767578125e+02, 3.255811767578125e+02, 3.255812683105469e+02, 3.255812377929688e+02, 3.255812377929688e+02, 3.255812377929688e+02, 3.255812377929688e+02, 3.255812377929688e+02, 3.255812377929688e+02, 3.255812377929688e+02, 3.255812377929688e+02, 3.255812377929688e+02, 3.255812377929688e+02, 3.255812377929688e+02, 3.255812377929688e+02, 3.255812377929688e+02, 3.255812377929688e+02, 3.201678771972656e+02, 3.204889221191406e+02, 3.207262878417969e+02, 3.208974914550781e+02, 3.210186157226562e+02, 3.211032409667969e+02, 3.211618041992188e+02, 3.212021484375e+02, 3.212298583984375e+02, 3.212488098144531e+02, 3.212617797851562e+02, 3.212706604003906e+02, 3.212766723632812e+02]
cdu.hex.Q1_flow=[-3.4686345e+06, 3.8681685e+06, 3.87057825e+06, 3.8724355e+06, 3.873812e+06, 3.87480475e+06, 3.8755065e+06, 3.87600225e+06, 3.876344e+06, 3.87658025e+06, 3.876743e+06, 3.87685475e+06, 3.876931e+06, 6.4416095e+06, 6.4302225e+06, 6.419775e+06, 6.420321e+06, 6.4178465e+06, 6.4161365e+06, 6.4115265e+06, 6.411499e+06, 6.4115075e+06, 6.4115065e+06, 6.411504e+06, 6.411497e+06, 6.411497e+06, 6.411497e+06, 6.4114965e+06, 6.4114965e+06, 6.4114965e+06, 6.4114965e+06, 6.4114965e+06, 6.4114965e+06, 6.4114965e+06, 6.4114965e+06, 6.4114965e+06, 6.4114965e+06, 6.4114965e+06, 3.84772325e+06, 3.85758325e+06, 3.8628435e+06, 3.86692775e+06, 3.86995675e+06, 3.8721275e+06, 3.87365425e+06, 3.874728e+06, 3.875474e+06, 3.87600475e+06, 3.8763455e+06, 3.876585e+06, 3.87675375e+06, 3.876867e+06, 3.87693925e+06, 3.87697625e+06, 3.8770235e+06, 3.877036e+06, 3.877066e+06, 3.87707325e+06, 3.87707925e+06, 3.8770865e+06, 3.87709e+06, 3.87709525e+06, 3.87709325e+06, 6.441752e+06, 6.4300135e+06, 6.4195505e+06, 6.420351e+06, 6.417868e+06, 6.416153e+06, 6.4115335e+06, 6.4114915e+06, 6.4115135e+06, 6.41153e+06, 6.411598e+06, 6.4115025e+06, 6.4114965e+06, 6.4114965e+06, 6.4114965e+06, 6.4114965e+06, 6.4114965e+06, 6.4114965e+06, 6.4114965e+06, 6.4114965e+06, 6.4114965e+06, 6.4114965e+06, 6.4114965e+06, 6.4114965e+06, 6.4114965e+06, 3.8477235e+06, 3.8575845e+06, 3.86283825e+06, 3.86692425e+06, 3.869946e+06, 3.87213975e+06, 3.87367625e+06, 3.87474225e+06, 3.8754825e+06, 3.87599475e+06, 3.8763445e+06, 3.876583e+06, 3.87674625e+06]
rac.vol.heatPort.Q_flow=[3.8016e+06, 3.8016e+06, 3.8016e+06, 3.8016e+06, 3.8016e+06, 3.8016e+06, 3.8016e+06, 3.8016e+06, 3.8016e+06, 3.8016e+06, 3.8016e+06, 3.8016e+06, 3.8016e+06, 6.336e+06, 6.336e+06, 6.336e+06, 6.336e+06, 6.336e+06, 6.336e+06, 6.336e+06, 6.336e+06, 6.336e+06, 6.336e+06, 6.336e+06, 6.336e+06, 6.336e+06, 6.336e+06, 6.336e+06, 6.336e+06, 6.336e+06, 6.336e+06, 6.336e+06, 6.336e+06, 6.336e+06, 6.336e+06, 6.336e+06, 6.336e+06, 6.336e+06, 3.8016e+06, 3.8016e+06, 3.8016e+06, 3.8016e+06, 3.8016e+06, 3.8016e+06, 3.8016e+06, 3.8016e+06, 3.8016e+06, 3.8016e+06, 3.8016e+06, 3.8016e+06, 3.8016e+06, 3.8016e+06, 3.8016e+06, 3.8016e+06, 3.8016e+06, 3.8016e+06, 3.8016e+06, 3.8016e+06, 3.8016e+06, 3.8016e+06, 3.8016e+06, 3.8016e+06, 3.8016e+06, 6.336e+06, 6.336e+06, 6.336e+06, 6.336e+06, 6.336e+06, 6.336e+06, 6.336e+06, 6.336e+06, 6.336e+06, 6.336e+06, 6.336e+06, 6.336e+06, 6.336e+06, 6.336e+06, 6.336e+06, 6.336e+06, 6.336e+06, 6.336e+06, 6.336e+06, 6.336e+06, 6.336e+06, 6.336e+06, 6.336e+06, 6.336e+06, 6.336e+06, 3.8016e+06, 3.8016e+06, 3.8016e+06, 3.8016e+06, 3.8016e+06, 3.8016e+06, 3.8016e+06, 3.8016e+06, 3.8016e+06, 3.8016e+06, 3.8016e+06, 3.8016e+06, 3.8016e+06]
cdu.pum.P=[1.006611015625e+05, 8.120415625e+04, 7.93675390625e+04, 7.812759375e+04, 7.72872421875e+04, 7.67160390625e+04, 7.6327640625e+04, 7.606328125e+04, 7.5883140625e+04, 7.57603046875e+04, 7.56765234375e+04, 7.5619375e+04, 7.5580375e+04, 7.5553765625e+04, 7.55356171875e+04, 7.552321875e+04, 7.55147578125e+04, 7.5508984375e+04, 7.55050390625e+04, 7.550234375e+04, 7.55005e+04, 7.549925e+04, 7.5498390625e+04, 7.54978046875e+04, 7.549740625e+04, 7.54971328125e+04, 7.54969453125e+04, 7.54968203125e+04, 7.54967265625e+04, 7.5496671875e+04, 7.5496625e+04, 7.54966015625e+04, 7.5496578125e+04, 7.54965703125e+04, 7.54965625e+04, 7.54965546875e+04, 7.54965546875e+04, 7.54965546875e+04, 7.5496546875e+04, 7.5496546875e+04, 7.5496546875e+04, 7.5496546875e+04, 7.5496546875e+04, 7.5496546875e+04, 7.5496546875e+04, 7.54965390625e+04, 7.54965390625e+04, 7.54965390625e+04, 7.54965390625e+04, 7.54965390625e+04, 7.54965390625e+04, 7.54965390625e+04, 7.54965390625e+04, 7.54965390625e+04, 7.54965390625e+04, 7.54965390625e+04, 7.54965390625e+04, 7.54965390625e+04, 7.54965390625e+04, 7.54965390625e+04, 7.54965390625e+04, 7.54965390625e+04, 7.54965390625e+04, 7.54965390625e+04, 7.54965390625e+04, 7.54965390625e+04, 7.54965390625e+04, 7.54965390625e+04, 7.54965390625e+04, 7.54965390625e+04, 7.54965390625e+04, 7.54965390625e+04, 7.54965390625e+04, 7.54965390625e+04, 7.54965390625e+04, 7.54965390625e+04, 7.54965390625e+04, 7.54965390625e+04, 7.54965390625e+04, 7.54965390625e+04, 7.54965390625e+04, 7.54965390625e+04, 7.54965390625e+04, 7.54965390625e+04, 7.54965390625e+04, 7.54965390625e+04, 7.54965390625e+04, 7.54965390625e+04, 7.54965390625e+04, 7.54965390625e+04, 7.54965390625e+04, 7.54965390625e+04, 7.54965390625e+04, 7.54965390625e+04, 7.54965390625e+04, 7.54965390625e+04, 7.54965390625e+04, 7.54965390625e+04, 7.54965390625e+04, 7.54965390625e+04, 7.54965390625e+04]
rac.dp_nominal=[6e+04, 6e+04]
cdu.hex.dp1=[8e+04, 2.969762890625e+04, 2.7700767578125e+04, 2.641300390625e+04, 2.5567732421875e+04, 2.5005833984375e+04, 2.462932421875e+04, 2.4375654296875e+04, 2.4203943359375e+04, 2.408739453125e+04, 2.400813671875e+04, 2.395417578125e+04, 2.39173984375e+04, 5.611594140625e+04, 6.308223828125001e+04, 6.843921875e+04, 7.29472265625e+04, 7.63666875e+04, 7.9008640625e+04, 7.99999609375e+04, 8.0000796875e+04, 8.0000171875e+04, 8.000040625e+04, 7.99999453125e+04, 8e+04, 8e+04, 8e+04, 8e+04, 8e+04, 8e+04, 8e+04, 8e+04, 8e+04, 8e+04, 8e+04, 8e+04, 8e+04, 8e+04, 3.87847421875e+04, 3.329429296875e+04, 2.9936921875e+04, 2.783940625e+04, 2.6494744140625e+04, 2.5616318359375e+04, 2.50348203125e+04, 2.464665625e+04, 2.4385888671875e+04, 2.421017578125e+04, 2.409091796875e+04, 2.4010111328125e+04, 2.3955306640625e+04, 2.391803125e+04, 2.389259765625e+04, 2.3875107421875e+04, 2.3863548828125e+04, 2.3855384765625e+04, 2.385010546875e+04, 2.3846359375e+04, 2.3843837890625e+04, 2.384216015625e+04, 2.3840994140625e+04, 2.3840240234375e+04, 2.383963671875e+04, 5.6008078125e+04, 6.2995734375e+04, 6.83529765625e+04, 7.28935078125e+04, 7.6325015625e+04, 7.8976140625e+04, 8.00001796875e+04, 8.0000015625e+04, 8.00026875e+04, 8.00039765625e+04, 8.00045859375e+04, 8.000040625e+04, 8e+04, 8e+04, 8e+04, 8e+04, 8e+04, 8e+04, 8e+04, 8e+04, 8e+04, 8e+04, 8e+04, 8e+04, 8e+04, 3.8785296875e+04, 3.3294609375e+04, 2.9936884765625e+04, 2.78392578125e+04, 2.6494404296875e+04, 2.5616138671875e+04, 2.5035171875e+04, 2.46471171875e+04, 2.438626953125e+04, 2.4210310546875e+04, 2.40911484375e+04, 2.40102890625e+04, 2.3955375e+04]
cdu.hex.dp2=[8e+04, 6.90623046875e+04, 6.7989203125e+04, 6.72602890625e+04, 6.67641953125e+04, 6.6426015625e+04, 6.6195609375e+04, 6.6038578125e+04, 6.59314765625e+04, 6.58583984375e+04, 6.58085234375e+04, 6.57745e+04, 6.57512734375e+04, 6.57354296875e+04, 6.57246171875e+04, 6.5717234375e+04, 6.57121953125e+04, 6.570875e+04, 6.570640625e+04, 6.5704796875e+04, 6.5703703125e+04, 6.5702953125e+04, 6.57024453125e+04, 6.570209375e+04, 6.57018515625e+04, 6.57016953125e+04, 6.5701578125e+04, 6.57015078125e+04, 6.5701453125e+04, 6.57014140625e+04, 6.5701390625e+04, 6.5701375e+04, 6.57013671875e+04, 6.5701359375e+04, 6.57013515625e+04, 6.57013515625e+04, 6.57013515625e+04, 6.57013515625e+04, 6.570134375e+04, 6.570134375e+04, 6.570134375e+04, 6.570134375e+04, 6.570134375e+04, 6.570134375e+04, 6.570134375e+04, 6.570134375e+04, 6.570134375e+04, 6.570134375e+04, 6.570134375e+04, 6.570134375e+04, 6.570134375e+04, 6.570134375e+04, 6.570134375e+04, 6.570134375e+04, 6.570134375e+04, 6.570134375e+04, 6.570134375e+04, 6.570134375e+04, 6.570134375e+04, 6.570134375e+04, 6.570134375e+04, 6.570134375e+04, 6.570134375e+04, 6.570134375e+04, 6.570134375e+04, 6.570134375e+04, 6.570134375e+04, 6.570134375e+04, 6.570134375e+04, 6.570134375e+04, 6.570134375e+04, 6.570134375e+04, 6.570134375e+04, 6.570134375e+04, 6.570134375e+04, 6.570134375e+04, 6.570134375e+04, 6.570134375e+04, 6.570134375e+04, 6.570134375e+04, 6.570134375e+04, 6.570134375e+04, 6.570134375e+04, 6.570134375e+04, 6.570134375e+04, 6.570134375e+04, 6.570134375e+04, 6.570134375e+04, 6.570134375e+04, 6.570134375e+04, 6.570134375e+04, 6.570134375e+04, 6.570134375e+04, 6.570134375e+04, 6.570134375e+04, 6.570134375e+04, 6.570134375e+04, 6.570134375e+04, 6.570134375e+04, 6.570134375e+04, 6.570134375e+04]
cdu.pum.dp=[-1.4e+05, -1.214261875e+05, -1.195992890625e+05, -1.183578359375e+05, -1.175126875e+05, -1.16936453125e+05, -1.16543796875e+05, -1.16276171875e+05, -1.160936171875e+05, -1.159690546875e+05, -1.15884046875e+05, -1.15826046875e+05, -1.157864609375e+05, -1.15759453125e+05, -1.15741015625e+05, -1.157284375e+05, -1.157198359375e+05, -1.157139765625e+05, -1.1570996875e+05, -1.15707234375e+05, -1.157053671875e+05, -1.157040859375e+05, -1.1570321875e+05, -1.15702625e+05, -1.1570221875e+05, -1.157019375e+05, -1.1570175e+05, -1.15701625e+05, -1.1570153125e+05, -1.1570146875e+05, -1.157014296875e+05, -1.157013984375e+05, -1.157013828125e+05, -1.157013671875e+05, -1.15701359375e+05, -1.15701359375e+05, -1.157013515625e+05, -1.157013515625e+05, -1.157013515625e+05, -1.1570134375e+05, -1.1570134375e+05, -1.1570134375e+05, -1.1570134375e+05, -1.1570134375e+05, -1.1570134375e+05, -1.1570134375e+05, -1.1570134375e+05, -1.1570134375e+05, -1.1570134375e+05, -1.1570134375e+05, -1.1570134375e+05, -1.1570134375e+05, -1.1570134375e+05, -1.1570134375e+05, -1.1570134375e+05, -1.1570134375e+05, -1.1570134375e+05, -1.1570134375e+05, -1.1570134375e+05, -1.1570134375e+05, -1.1570134375e+05, -1.1570134375e+05, -1.1570134375e+05, -1.1570134375e+05, -1.1570134375e+05, -1.1570134375e+05, -1.1570134375e+05, -1.1570134375e+05, -1.1570134375e+05, -1.1570134375e+05, -1.1570134375e+05, -1.1570134375e+05, -1.1570134375e+05, -1.1570134375e+05, -1.1570134375e+05, -1.1570134375e+05, -1.1570134375e+05, -1.1570134375e+05, -1.1570134375e+05, -1.1570134375e+05, -1.1570134375e+05, -1.1570134375e+05, -1.1570134375e+05, -1.1570134375e+05, -1.1570134375e+05, -1.1570134375e+05, -1.1570134375e+05, -1.1570134375e+05, -1.1570134375e+05, -1.1570134375e+05, -1.1570134375e+05, -1.1570134375e+05, -1.1570134375e+05, -1.1570134375e+05, -1.1570134375e+05, -1.1570134375e+05, -1.1570134375e+05, -1.1570134375e+05, -1.1570134375e+05, -1.1570134375e+05, -1.1570134375e+05]
rac.dp=[6e+04, 5.236388671875e+04, 5.161008203125e+04, 5.109755078125e+04, 5.07484921875e+04, 5.051043359375e+04, 5.03481875e+04, 5.023758984375e+04, 5.0162140625e+04, 5.011065625e+04, 5.00755234375e+04, 5.005155078125e+04, 5.003518359375e+04, 5.002401953125e+04, 5.001640234375e+04, 5.001119921875e+04, 5.000764453125e+04, 5.000522265625e+04, 5.000356640625e+04, 5.000243359375e+04, 5.00016640625e+04, 5.000113671875e+04, 5.00007734375e+04, 5.000053125e+04, 5.000036328125e+04, 5.000024609375e+04, 5.000016796875e+04, 5.00001171875e+04, 5.0000078125e+04, 5.00000546875e+04, 5.000003515625e+04, 5.00000234375e+04, 5.0000015625e+04, 5.000001171875e+04, 5.00000078125e+04, 5.00000078125e+04, 5.000000390625e+04, 5.000000390625e+04, 5.000000390625e+04, 5.000000390625e+04, 5e+04, 5e+04, 5e+04, 5e+04, 5e+04, 5e+04, 5e+04, 5e+04, 5e+04, 5e+04, 5e+04, 5e+04, 5e+04, 5e+04, 5e+04, 5e+04, 5e+04, 5e+04, 5e+04, 5e+04, 5e+04, 5e+04, 5e+04, 5e+04, 5e+04, 5e+04, 5e+04, 5e+04, 5e+04, 5e+04, 5e+04, 5e+04, 5e+04, 5e+04, 5e+04, 5e+04, 5e+04, 5e+04, 5e+04, 5e+04, 5e+04, 5e+04, 5e+04, 5e+04, 5e+04, 5e+04, 5e+04, 5e+04, 5e+04, 5e+04, 5e+04, 5e+04, 5e+04, 5e+04, 5e+04, 5e+04, 5e+04, 5e+04, 5e+04, 5e+04, 5e+04]
