last-generated=2016-03-19
statistics-initialization=
{
  "numerical Jacobians": "0", 
  "nonlinear": "2, 2", 
  "linear": "2, 2"
}
statistics-simulation=
{
  "numerical Jacobians": "0", 
  "nonlinear": "3, 2", 
  "number of continuous time states": "1", 
  "linear": "2, 2"
}
load.load1.S[1]=[6000., 6282.55712469983791379491, 6563.9995033523427991895, 6843.21578716529256780632, 7119.10447583828681672458, 7390.57666015625, 7656.56048404344983282499, 7916.00686634424710064195, 8167.89157192467428103555, 8411.22075981332636729348, 8645.033203125, 8868.40815091500735434238, 9080.46181520543177612126, 9280.3584901094509405084, 9467.30961295430824975483, 9640.576171875, 9799.47554945988849794958, 9943.37981712199143657926, 10071.72173632327030645683, 10183.99416504662985971663, 10279.75390625, 10358.62408885365948663093, 10420.29294265431599342264, 10464.51661761851573828608, 10491.12009856568693066947, 10500., 10491.12009856568693066947, 10464.51661761851573828608, 10420.29294265431599342264, 10358.62408988859169767238, 10279.75390625, 10183.99403979060843994375, 10071.72173632360863848589, 9943.3798171215985348681, 9799.47572898878388514277, 9640.576171875, 9467.30939713290354120545, 9280.35849010999663732946, 9080.46181520484242355451, 8868.40840980430220952258, 8645.033203125, 8411.22047455494066525716, 8167.89112735587514180224, 7916.00732244690789229935, 7656.56079695397511386545, 7390.57666015625, 7119.10423059969252790324, 6843.21528995638618653174, 6564.00004631704450730467, 6282.55739797870046459138, 6000., 5717.44260209261028649053, 5435.99995368295549269533, 5156.78471004361381346826, 4880.89576940030474361265, 4609.42333984375, 4343.43920304602215765044, 4083.99267755309483618475, 3832.10887264179609701387, 3588.77976958568706322694, 3354.96630859375, 3131.59183433632279047742, 2919.53769514020495989826, 2719.64148491190826462116, 2532.69060286709736828925, 2359.423583984375, 2200.52427101354351179907, 2056.6196162181317959039, 1928.27855299086058948888, 1816.00596021055594064819, 1720.2457275390625, 1641.37566700687943921366, 1579.70729973833113035653, 1535.48395766929979799897, 1508.87977936341803797404, 1500., 1508.87977936341803797404, 1535.48395766929979799897, 1579.70729973833113035653, 1641.37566700687943921366, 1720.2457275390625, 1816.00546864290186022117, 1928.27855298531335392909, 2056.61961622425360474153, 2200.52499768571669847006, 2359.423583984375, 2532.68974743016678985441, 2719.64148490304660299444, 2919.53769514952364261262, 3131.59287635560303897364, 3354.96630859375, 3588.77863401201511805994, 3832.10887263049289686023, 4083.99267756469362211647, 4343.44045840882699849317, 4609.42333984375, 4880.8944648575325118145, 5156.78471003096910862951, 5435.99995369570297043538, 5717.44394791083141171839, 6000.]
load_ctrl.load1.S[1]=[6000., 6282.53759345089292764897, 6563.86913226790602493566, 6842.99459573488638852723, 7118.73191726068944262806, 7390.44287109375, 7656.19329653239037725143, 7915.74075302981964341598, 8167.67038046574634790886, 784.84208199679414974526, -3.03894352912902832031, -0.01217633465590422723, -0.00122966263490277084, -0.00034976472914674317, -0.00006898193609270152, -0.0000416703442169819, -0.00001435875143181198, -0.00000248827584583541, -0.00000205794278773235, -0.00000162762797770924, -0.00000119729668313084, -0.00000076694424136664, -0.00000033662047993886, -0.00000003912928053858, -0.00000002672011183948, -0.00000001432891938435, -0.00000000191634129997, 0.00000001051229711965, 0.00000002289727580051, 3999.17929145990910910768, 0.05107415467500686646, -0.02690460845948220228, -0.00142093205832758817, -0.00049252507710547397, -0.00007625767312078989, -0.00004735804759548046, -0.00001845842570811081, -0.00000267392441807899, -0.00000221722872146918, -0.00000176056844696912, -0.00000130389685182308, -0.00000084721167100914, -0.00000039049181643935, -0.00000004349067058867, -0.00000003520671836949, -0.00000002691838396629, -0.00000001862808132153, -0.00000001034024807468, -0.00000000205547941, 3274.64062952227777714143, 5999.498046875, 5717.46018030375762464246, 5436.5341347767534898594, 5157.33695765076481620781, 4882.94068962919118348509, 4610.86962890625, 4346.70482951052872522268, 4086.32250229175588174257, 3835.87400402173443580978, 3590.46971619221449145698, 3358.485107421875, 3133.76713030975543006207, 2920.41318316534079713165, 2721.49695826031802425859, 2535.05705703485364210792, 2361.904052734375, 2203.11460165130074528861, 2059.31907661979494150728, 1929.05553043911913846387, 1816.55723019640822712972, 1720.4140625, 1641.56157990771635013516, 1579.7912843566393803485, 1535.61384058075282155187, 1508.93349021360631923017, 1500.10888671875, 1508.96449610266745366971, 1535.50605232135649202974, 1579.51223258502000135195, 1640.56451032223071706539, 1719.063720703125, 1815.05893323492114177498, 1927.70921423877575762162, 2054.68700134056007300387, 2197.86337633585890216636, 2357.317626953125, 2531.88360341225006777677, 2716.83825923170843452681, 2915.66074297212253441103, 3128.44957429753867472755, 3354.4697265625, 3588.08405457183152975631, 3831.34861887557917725644, 4083.45263778509161056718, 4343.48489191875978576718, 4609.43408203125, 4880.86858604441204079194, 5156.76957343794492771849, 5436.08833237844100949587, 5717.49277590544897975633, 6000.01513671875]
load.load1.S[2]=[-0.00000000000000061236, 0.00000000000000042414, -0.00000000000000185182, 0.00000000000000165579, -0.00000000000000173212, 0.00000000000000201228, -0.00000000000000325087, -0.00000000000000133921, 0.00000000000000268708, -0.00000000000000084654, 0.00000000000000179544, -0.0000000000000012091, 0.00000000000000022725, 0.0000000000000007997, 0.00000000000000369323, -0.00000000000000362904, -0.00000000000000196198, -0.00000000000000342608, 0.00000000000000375046, 0.00000000000000448772, 0.00000000000000042327, -0.00000000000000412514, 0.00000000000000268882, 0.00000000000000132879, -0.00000000000000269576, -0.00000000000000050307, 0.00000000000000126286, -0.00000000000000388231, -0.00000000000000154738, 0.0000000000000042674, -0.00000000000000773687, 0.00000000000000232277, 0.00000000000000348159, 0.00000000000000158554, 0.0000000000000046369, -0.00000000000000238871, 0.00000000000000010234, 0.00000000000000166359, -0.00000000000000245463, -0.0000000000000012091, 0.00000000000000358567, -0.00000000000000250839, 0.00000000000000018908, -0.0000000000000013392, 0.00000000000000257606, 0.00000000000000201228, 0.00000000000000060715, 0.00000000000000089424, -0.00000000000000028015, -0.00000000000000035734, -0.00000000000000046924, 0.00000000000000061062, 0.00000000000000081185, 0.00000000000000009888, -0.00000000000000005681, 0.00000000000000020643, 0.00000000000000017867, 0.00000000000000013184, -0.00000000000000008196, -0.00000000000000036819, 0.00000000000000000108, -0.00000000000000043693, -0.00000000000000017781, 0.00000000000000006288, 0.00000000000000008055, -0.00000000000000006267, -0.00000000000000002721, 0.00000000000000023982, -0.00000000000000021283, 0.00000000000000001073, -0.00000000000000012078, 0.00000000000000001887, -0.00000000000000002195, -0.00000000000000009503, -0.00000000000000006641, 0.00000000000000003909, -0.00000000000000015932, -0.00000000000000003605, -0.00000000000000001052, -0.00000000000000009601, -0.00000000000000014604, 0.00000000000000003892, -0.00000000000000006809, 0.00000000000000023375, 0.0000000000000000631, -0.00000000000000006494, -0.00000000000000038261, -0.0000000000000000915, 0.00000000000000027278, 0.00000000000000055293, 0.00000000000000001323, 0.00000000000000009431, 0.00000000000000057419, 0.00000000000000014485, -0.00000000000000018301, 0.00000000000000115056, -0.00000000000000005467, 0.00000000000000062797, -0.00000000000000125505, 0.00000000000000063403, -0.00000000000000087777]
time=[0., 10.]
load.load1.v[1]=[287.210357666015625, 287.66830443655180715723, 288.12304686149855115218, 288.57284540565166253145, 289.01593014955142280087, 289.450653076171875, 289.8753966282895362383, 290.28851323194237465941, 290.68853755063548760518, 291.07397469901462727648, 291.44342041015625, 291.79553214430774232824, 292.12902816497160074505, 292.44277968471504891568, 292.73559576984558816548, 293.006500244140625, 293.2545470622061998256, 293.47879018090367253535, 293.67855843764800738427, 293.85305789927230080139, 294.00177001953125, 294.12414560923946282855, 294.21975703962374382172, 294.28826906785252504051, 294.32949826205731369555, 294.343231201171875, 294.32949826205731369555, 294.28826906785252504051, 294.21975703962374382172, 294.12414561073188679075, 294.00177001953125, 293.85305770474934661252, 293.67855843764851897504, 293.47879018090304725774, 293.25454734207619367226, 293.006500244140625, 292.73559543216805423071, 292.44277968471590156696, 292.12902816497063440693, 291.79553255179808957109, 291.44342041015625, 291.07397424761404636229, 290.68853684532149372899, 290.28851395717430250443, 289.8753971270929810089, 289.450653076171875, 289.01592975610361690997, 288.5728446056592702007, 288.12304773734729224088, 287.66830487878758049192, 287.210357666015625, 286.75100664191955956994, 286.29202183167132034214, 285.83526698174040348022, 285.38253827151532959761, 284.935699462890625, 284.4965510999605271536, 284.06692424177816747033, 283.64859087631413103736, 283.24331703150562589144, 282.852813720703125, 282.47875941899803819979, 282.12274104234467131391, 281.78634706157089340195, 281.47100859312951115498, 281.178131103515625, 280.90899633959611492173, 280.6648250034773468542, 280.44671670440624211551, 280.25564592366589522499, 280.092437744140625, 279.95788563057419651159, 279.85259993089113095266, 279.77706921286892338685, 279.73159793211385704126, 279.716400146484375, 279.73159793211385704126, 279.77706921286892338685, 279.85259993089113095266, 279.95788563057419651159, 280.092437744140625, 280.25564508607271818619, 280.44671670439680610798, 280.66482500348774919985, 280.90899757153886184824, 281.178131103515625, 281.4710071482959392597, 281.78634706155594358279, 282.12274104236036009752, 282.47876116606926188979, 282.852813720703125, 283.24331513702605889193, 283.64859087629537270914, 284.0669242417973805459, 284.49655317546256583228, 284.935699462890625, 285.38253612703840644826, 285.83526698171965563233, 286.29202183169218187686, 286.75100883267066365079, 287.210357666015625]
load_ctrl.vCTRL_1.Vmin=[263.271728515625, 263.271728515625]
load_ctrl.vCTRL_1.V_nominal=[277.128143310546875, 277.128143310546875]
load_ctrl.vCTRL_1.terminal.v[1]=[287.210357666015625, 287.66827391897368215723, 288.12283323846986604622, 288.57247919467778274338, 289.01531979802530258894, 289.450439453125, 289.8747862767270362383, 290.2880859857940549773, 290.68817133962522802904, 278.48837139371164539625, 277.122833251953125, 277.12811279293237021193, 277.12811279296875, 277.128143310546875, 277.128143310546875, 277.128143310546875, 277.128143310546875, 277.128143310546875, 277.128143310546875, 277.128143310546875, 277.128143310546875, 277.128143310546875, 277.128143310546875, 277.128143310546875, 277.128143310546875, 277.128143310546875, 277.128143310546875, 277.128143310546875, 277.128143310546875, 283.92617796901544124921, 277.128204345703125, 277.12808227553614415228, 277.12811279296875, 277.128143310546875, 277.128143310546875, 277.128143310546875, 277.128143310546875, 277.128143310546875, 277.128143310546875, 277.128143310546875, 277.128143310546875, 277.128143310546875, 277.128143310546875, 277.128143310546875, 277.128143310546875, 277.128143310546875, 277.128143310546875, 277.128143310546875, 277.128143310546875, 282.71840282954559597783, 287.209564208984375, 286.75103715964320372223, 286.29287632618712677868, 285.83615199412537322132, 285.3858952024897348565, 284.938079833984375, 284.50195271376247774242, 284.07076944148786878941, 283.65484697109860690034, 283.24612465742433187188, 282.85870361328125, 282.48242153332068937743, 282.12423640309071970478, 281.7894903796847643207, 281.47500639440869463215, 281.182342529296875, 280.91339086837228933291, 280.66943315311760898112, 280.44802895997457881094, 280.25656145188276013869, 280.092742919921875, 279.95822132349701405474, 279.85275251907279425723, 279.77728283620683669142, 279.73168948470271288897, 279.716583251953125, 279.73172000242635704126, 279.77709973044704838685, 279.85226423956902408463, 279.95651234043168642529, 280.090423583984375, 280.25402765093974721822, 280.44574013694926861717, 280.66155962612072016782, 280.9044809693942852391, 281.174560546875, 281.46966438882793681842, 281.78161683199903109198, 282.11624079967486977694, 282.47348163960521105764, 282.85198974609375, 283.2421554702214621102, 283.6473091383051610137, 284.06600871328947732763, 284.49661421061881583228, 284.935699462890625, 285.3824750924642330574, 285.8352364644325689369, 286.29217441900073026773, 286.75106986782691365079, 287.21038818359375]
load_ctrl.vCTRL_1.Vmax=[290.984527587890625, 290.984527587890625]
