last-generated=2019-01-03
statistics-initialization=
{
  "linear": "30, 100",
  "nonlinear": "1, 1, 1, 0, 1, 0",
  "numerical Jacobians": "0"
}
statistics-simulation=
{
  "linear": "0, 0, 0, 0, 0, 0, 0, 0, 0, 0, 0, 0, 0, 0, 0, 0, 0, 0, 0, 0, 0, 0, 0, 0, 0, 0, 0,   0, 0, 0, 0, 0, 0, 0, 0, 0, 0, 0, 0, 0, 0, 0, 0, 0, 0, 0, 0, 0, 0, 0, 0, 0, 0,   0, 0, 0, 0, 0, 0, 0",
  "nonlinear": " ",
  "number of continuous time states": "120",
  "numerical Jacobians": "0"
}
TBor1UTubSteSta.T=[2.982456665039062e+02, 2.982456665039062e+02]
TBor1UTubDyn.T=[2.931499938964844e+02, 2.941492919921875e+02, 2.944513854980469e+02, 2.946117553710938e+02, 2.948703918457031e+02, 2.951921081542969e+02, 2.955205078125e+02, 2.958465576171875e+02, 2.96162353515625e+02, 2.964593505859375e+02, 2.967317810058594e+02, 2.96976318359375e+02, 2.971919555664062e+02, 2.973790893554688e+02, 2.97539306640625e+02, 2.976747131347656e+02, 2.977879028320312e+02, 2.978815307617188e+02, 2.979582214355469e+02, 2.980205078125e+02, 2.980706176757812e+02, 2.981106262207031e+02, 2.981423034667969e+02, 2.981672058105469e+02, 2.981865844726562e+02, 2.982015991210938e+02, 2.982131042480469e+02, 2.982218933105469e+02, 2.98228515625e+02, 2.982334289550781e+02, 2.982371215820312e+02, 2.982398071289062e+02, 2.982417297363281e+02, 2.982431335449219e+02, 2.982441101074219e+02, 2.982447814941406e+02, 2.982452392578125e+02, 2.982455444335938e+02, 2.982457275390625e+02, 2.982458190917969e+02, 2.982458801269531e+02, 2.982459106445312e+02, 2.982459106445312e+02, 2.982458801269531e+02, 2.982458801269531e+02, 2.98245849609375e+02, 2.982458190917969e+02, 2.982457885742188e+02, 2.982457885742188e+02, 2.982457580566406e+02, 2.982457580566406e+02, 2.982457275390625e+02, 2.982457275390625e+02, 2.982456970214844e+02, 2.982456970214844e+02, 2.982456970214844e+02, 2.982456970214844e+02, 2.982456970214844e+02, 2.982456665039062e+02, 2.982456665039062e+02, 2.982456665039062e+02, 2.982456665039062e+02, 2.982456665039062e+02, 2.982456665039062e+02, 2.982456665039062e+02, 2.982456665039062e+02, 2.982456665039062e+02, 2.982456665039062e+02, 2.982456665039062e+02, 2.982456665039062e+02, 2.982456665039062e+02, 2.982456665039062e+02, 2.982456665039062e+02, 2.982456665039062e+02, 2.982456665039062e+02, 2.982456665039062e+02, 2.982456665039062e+02, 2.982456665039062e+02, 2.982456665039062e+02, 2.982456665039062e+02, 2.982456665039062e+02, 2.982456665039062e+02, 2.982456665039062e+02, 2.982456665039062e+02, 2.982456665039062e+02, 2.982456665039062e+02, 2.982456665039062e+02, 2.982456665039062e+02, 2.982456665039062e+02, 2.982456665039062e+02, 2.982456665039062e+02, 2.982456665039062e+02, 2.982456665039062e+02, 2.982456665039062e+02, 2.982456665039062e+02, 2.982456665039062e+02, 2.982456665039062e+02, 2.982456665039062e+02, 2.982456665039062e+02, 2.982456665039062e+02, 2.982456665039062e+02]
time=[0e+00, 1.5e+04]
TBor2UTubSteSta.T=[2.962002563476562e+02, 2.962002563476562e+02]
TBor2UTubDyn.T=[2.931499938964844e+02, 2.939396667480469e+02, 2.941200866699219e+02, 2.941587524414062e+02, 2.941589050292969e+02, 2.941519775390625e+02, 2.941582336425781e+02, 2.941962280273438e+02, 2.942784729003906e+02, 2.944077758789062e+02, 2.94577880859375e+02, 2.947763366699219e+02, 2.949882507324219e+02, 2.951995239257812e+02, 2.953985595703125e+02, 2.95577392578125e+02, 2.957315673828125e+02, 2.958596496582031e+02, 2.959624633789062e+02, 2.960422973632812e+02, 2.96102294921875e+02, 2.961457824707031e+02, 2.961760864257812e+02, 2.961961669921875e+02, 2.962086181640625e+02, 2.962155456542969e+02, 2.962186584472656e+02, 2.9621923828125e+02, 2.962182312011719e+02, 2.962163391113281e+02, 2.962140502929688e+02, 2.96211669921875e+02, 2.962094421386719e+02, 2.962074279785156e+02, 2.962057189941406e+02, 2.962042846679688e+02, 2.96203125e+02, 2.962022399902344e+02, 2.962015380859375e+02, 2.962010498046875e+02, 2.9620068359375e+02, 2.96200439453125e+02, 2.962002563476562e+02, 2.962001647949219e+02, 2.962001037597656e+02, 2.962001037597656e+02, 2.962001037597656e+02, 2.962001037597656e+02, 2.962001342773438e+02, 2.962001342773438e+02, 2.962001647949219e+02, 2.962001953125e+02, 2.962001953125e+02, 2.962002258300781e+02, 2.962002258300781e+02, 2.962002258300781e+02, 2.962002563476562e+02, 2.962002563476562e+02, 2.962002563476562e+02, 2.962002563476562e+02, 2.962002563476562e+02, 2.962002563476562e+02, 2.962002563476562e+02, 2.962002563476562e+02, 2.962002563476562e+02, 2.962002563476562e+02, 2.962002563476562e+02, 2.962002563476562e+02, 2.962002563476562e+02, 2.962002563476562e+02, 2.962002563476562e+02, 2.962002563476562e+02, 2.962002563476562e+02, 2.962002563476562e+02, 2.962002563476562e+02, 2.962002563476562e+02, 2.962002563476562e+02, 2.962002563476562e+02, 2.962002563476562e+02, 2.962002563476562e+02, 2.962002563476562e+02, 2.962002563476562e+02, 2.962002563476562e+02, 2.962002563476562e+02, 2.962002563476562e+02, 2.962002563476562e+02, 2.962002563476562e+02, 2.962002563476562e+02, 2.962002563476562e+02, 2.962002563476562e+02, 2.962002563476562e+02, 2.962002563476562e+02, 2.962002563476562e+02, 2.962002563476562e+02, 2.962002563476562e+02, 2.962002563476562e+02, 2.962002563476562e+02, 2.962002563476562e+02, 2.962002563476562e+02, 2.962002563476562e+02, 2.962002563476562e+02]
