last-generated=2020-05-01
statistics-simulation=
{
  "linear": " ",
  "nonlinear": "1",
  "numerical Jacobians": "0"
}
time=[0e+00, 3.1536e+07]
senTem.T=[2.609500122070312e+02, 2.720499877929688e+02, 2.514791259765625e+02, 2.749498291015625e+02, 2.753955993652344e+02, 2.748500061035156e+02, 2.679046325683594e+02, 2.625499877929688e+02, 2.559499969482422e+02, 2.705088500976562e+02, 2.609500122070312e+02, 2.713371887207031e+02, 2.722646179199219e+02, 2.720689086914062e+02, 2.639566650390625e+02, 2.7425e+02, 2.713350219726562e+02, 2.732717590332031e+02, 2.7875e+02, 2.804132080078125e+02, 2.725499877929688e+02, 2.803500061035156e+02, 2.735308227539062e+02, 2.7375e+02, 2.857885437011719e+02, 2.764500122070312e+02, 2.731499938964844e+02, 2.810834655761719e+02, 2.796476135253906e+02, 2.987449951171875e+02, 2.809500122070312e+02, 2.825499877929688e+02, 2.815123901367188e+02, 2.886369934082031e+02, 2.888792114257812e+02, 2.8425e+02, 2.879361877441406e+02, 2.79197998046875e+02, 2.911009216308594e+02, 2.938404541015625e+02, 2.825499877929688e+02, 3.019867858886719e+02, 2.913900146484375e+02, 2.99989990234375e+02, 2.889259948730469e+02, 2.914500122070312e+02, 2.8875e+02, 3.0375e+02, 2.801828002929688e+02, 2.961582641601562e+02, 2.959500122070312e+02, 2.956845703125e+02, 2.929073791503906e+02, 3.000998229980469e+02, 2.979047546386719e+02, 2.998500061035156e+02, 3.011288146972656e+02, 2.920499877929688e+02, 3.001307983398438e+02, 2.982125244140625e+02, 2.859500122070312e+02, 2.968731079101562e+02, 2.9277783203125e+02, 2.894787902832031e+02, 3.006009216308594e+02, 2.920499877929688e+02, 2.936239318847656e+02, 2.936252136230469e+02, 2.910020141601562e+02, 2.926080017089844e+02, 2.8925e+02, 2.925499877929688e+02, 2.856935729980469e+02, 2.925499877929688e+02, 2.872954406738281e+02, 2.881499938964844e+02, 2.8875e+02, 2.794700012207031e+02, 2.850163879394531e+02, 2.799518127441406e+02, 2.7925e+02, 2.822695007324219e+02, 2.77709716796875e+02, 2.806756896972656e+02, 2.935387878417969e+02, 2.864500122070312e+02, 2.748500061035156e+02, 2.838834533691406e+02, 2.754124145507812e+02, 2.703500061035156e+02, 2.659500122070312e+02, 2.618388061523438e+02, 2.72012451171875e+02, 2.773303833007812e+02, 2.657388000488281e+02, 2.725499877929688e+02, 2.664500122070312e+02, 2.675932006835938e+02, 2.699851379394531e+02, 2.68308837890625e+02, 2.675499877929688e+02]
senRelHum.phi=[7.300000190734863e-01, 9.05497133731842e-01, 6.399999856948853e-01, 8.199999928474426e-01, 5.600799918174744e-01, 7.900000214576721e-01, 8.293920159339905e-01, 5.663158893585205e-01, 7.599999904632568e-01, 7.648800015449524e-01, 5.799999833106995e-01, 8.009828329086304e-01, 6.449691653251648e-01, 5.737963914871216e-01, 7.863199710845947e-01, 7.300000190734863e-01, 7.179490923881531e-01, 8.899999856948853e-01, 7.527040243148804e-01, 9.192114472389221e-01, 6.700000166893005e-01, 3.325600028038025e-01, 6.628031134605408e-01, 8.825485706329346e-01, 5.700600147247314e-01, 9.700000286102295e-01, 6.991199851036072e-01, 7.72271454334259e-01, 1e+00, 5.352376699447632e-01, 5e-01, 7.699999809265137e-01, 1e+00, 6.552000045776367e-01, 4.396960139274597e-01, 3.799999952316284e-01, 5.127999782562256e-01, 8.331199884414673e-01, 6.207200288772583e-01, 4.89466667175293e-01, 5.600000023841858e-01, 5.405600070953369e-01, 6.441333293914795e-01, 5.042628645896912e-01, 7.360000014305115e-01, 8.399999737739563e-01, 6.99999988079071e-01, 3.520799875259399e-01, 6.222171187400818e-01, 6.182399988174438e-01, 6.200000047683716e-01, 7.859101295471191e-01, 5.3438401222229e-01, 5.903958678245544e-01, 9.100000262260437e-01, 4.900000095367432e-01, 6.551200151443481e-01, 9.424495100975037e-01, 6.775199770927429e-01, 9.557920098304749e-01, 8.00000011920929e-01, 6.519709229469299e-01, 9.250400066375732e-01, 8.57021152973175e-01, 7.435384392738342e-01, 8.100000023841858e-01, 6.97331428527832e-01, 5.720800161361694e-01, 8.368800282478333e-01, 6.761431694030762e-01, 7.5e-01, 9.300000071525574e-01, 9.079200029373169e-01, 5.899999737739563e-01, 8.548799753189087e-01, 6.200000047683716e-01, 5.739200115203857e-01, 7.559999823570251e-01, 7.61680006980896e-01, 8.688799738883972e-01, 7.900000214576721e-01, 5.705599784851074e-01, 7.870000004768372e-01, 7.907599806785583e-01, 7.670400142669678e-01, 9.599999785423279e-01, 6.894400119781494e-01, 4.813120067119598e-01, 6.379200220108032e-01, 5.994399785995483e-01, 7.699999809265137e-01, 8.681600093841553e-01, 7.521600127220154e-01, 6.567999720573425e-01, 7.699999809265137e-01, 8.199999928474426e-01, 6.888800263404846e-01, 8.575085997581482e-01, 5.869143009185791e-01, 9.459199905395508e-01, 7.5e-01]
senMasFra.X=[9.569631656631827e-04, 3.107462776824832e-03, 3.452596138231456e-04, 3.510605776682496e-03, 2.473994856700301e-03, 3.357730805873871e-03, 2.005359157919884e-03, 8.569594938308001e-04, 6.286120624281466e-04, 2.306822687387466e-03, 7.602360565215349e-04, 2.589626237750053e-03, 2.252132399007678e-03, 1.970873912796378e-03, 1.34841282851994e-03, 2.970954868942499e-03, 2.320373198017478e-03, 3.376958658918738e-03, 4.215480294078588e-03, 5.77944191172719e-03, 2.396883442997932e-03, 2.077228389680386e-03, 2.562330337241292e-03, 3.467567032203078e-03, 5.137542728334665e-03, 4.624347668141127e-03, 2.626845613121986e-03, 5.08100027218461e-03, 5.965728778392076e-03, 1.086147036403418e-02, 3.256241790950298e-03, 5.59699023142457e-03, 6.781099829822779e-03, 7.111791986972094e-03, 4.840627778321505e-03, 3.090065438300371e-03, 5.315016955137253e-03, 4.81480872258544e-03, 7.882745005190372e-03, 7.369265891611576e-03, 4.066765308380127e-03, 1.328316237777472e-02, 8.332302793860435e-03, 1.101424917578697e-02, 8.143213577568531e-03, 1.092405617237091e-02, 7.655843626707792e-03, 9.553101845085621e-03, 3.846275852993131e-03, 1.074438076466322e-02, 1.063929218798876e-02, 1.329222973436117e-02, 7.59570999071002e-03, 1.299454923719168e-02, 1.763786002993584e-02, 1.061242632567883e-02, 1.533491536974907e-02, 1.273938361555338e-02, 1.495695300400257e-02, 1.888256333768368e-02, 7.296089548617601e-03, 1.183768641203642e-02, 1.308652851730585e-02, 9.832944720983505e-03, 1.689240895211697e-02, 1.093712076544762e-02, 1.037850603461266e-02, 8.505393750965595e-03, 1.057911477982998e-02, 9.444192983210087e-03, 8.473432622849941e-03, 1.297081541270018e-02, 8.146410807967186e-03, 8.205147460103035e-03, 8.517461828887463e-03, 6.520029157400131e-03, 6.271660327911377e-03, 4.45106765255332e-03, 6.529854610562325e-03, 5.291088484227657e-03, 4.581416957080364e-03, 4.065829794853926e-03, 4.098712000995874e-03, 5.059756804257631e-03, 1.136292330920696e-02, 9.055953472852707e-03, 2.929560374468565e-03, 3.821320598945022e-03, 2.821809612214565e-03, 1.783332205377519e-03, 1.572456676512957e-03, 1.233042916283011e-03, 2.572372788563371e-03, 3.329222789034247e-03, 1.543808961287141e-03, 2.934456337243319e-03, 1.469060778617859e-03, 2.018731785938144e-03, 1.693155034445226e-03, 2.368053887039423e-03, 1.75882363691926e-03]
