last-generated=2017-06-22
statistics-initialization=
{
  "numerical Jacobians": "0", 
  "nonlinear": "15, 15, 2", 
  "linear": "0"
}
statistics-simulation=
{
  "numerical Jacobians": "0", 
  "nonlinear": "1, 2, 12, 12", 
  "number of continuous time states": "99", 
  "linear": "0, 0, 0, 0, 0, 2, 0, 0, 0"
}
weaDat.weaBus.TDryBul=[2.609500122070312e+02, 2.612774658203125e+02, 2.621011047363281e+02, 2.625499877929688e+02, 2.625499877929688e+02, 2.634906005859375e+02, 2.665859985351562e+02, 2.694419860839844e+02, 2.715532531738281e+02, 2.720499877929688e+02, 2.720499877929688e+02, 2.711899108886719e+02, 2.720211181640625e+02, 2.720336303710938e+02, 2.714474182128906e+02, 2.693314514160156e+02, 2.698616027832031e+02, 2.713856811523438e+02, 2.721641845703125e+02, 2.72510986328125e+02, 2.73510009765625e+02, 2.748500061035156e+02, 2.748500061035156e+02, 2.725921325683594e+02, 2.73848876953125e+02, 2.725499877929688e+02, 2.740790100097656e+02, 2.75053955078125e+02, 2.731499938964844e+02, 2.731499938964844e+02, 2.733664245605469e+02, 2.7306201171875e+02, 2.712139892578125e+02, 2.697578430175781e+02, 2.687122497558594e+02, 2.691380004882812e+02, 2.701607055664062e+02, 2.703500061035156e+02, 2.703500061035156e+02, 2.703500061035156e+02, 2.703500061035156e+02, 2.703500061035156e+02, 2.703500061035156e+02, 2.703500061035156e+02, 2.703500061035156e+02, 2.700260009765625e+02, 2.698500061035156e+02, 2.703376159667969e+02, 2.707337341308594e+02, 2.714786071777344e+02, 2.720499877929688e+02, 2.726159973144531e+02, 2.7205712890625e+02, 2.703059997558594e+02, 2.684580078125e+02, 2.684077453613281e+02, 2.6806201171875e+02, 2.662139892578125e+02, 2.661690368652344e+02, 2.658251953125e+02, 2.615640869140625e+02, 2.582152099609375e+02, 2.592766723632812e+02, 2.610854797363281e+02, 2.64716796875e+02, 2.666700134277344e+02, 2.690650634765625e+02, 2.692225952148438e+02, 2.680060119628906e+02, 2.665409545898438e+02, 2.646900024414062e+02, 2.639419860839844e+02, 2.62093994140625e+02, 2.614129638671875e+02, 2.591625671386719e+02, 2.5875e+02, 2.582370910644531e+02, 2.594412841796875e+02, 2.609939880371094e+02, 2.616118469238281e+02, 2.618193054199219e+02, 2.608738708496093e+02, 2.578509826660156e+02, 2.558468933105469e+02, 2.543108673095703e+02, 2.552683868408203e+02, 2.542709197998047e+02, 2.536540069580078e+02, 2.5264599609375e+02, 2.515209808349609e+02, 2.503481140136719e+02, 2.545215454101562e+02, 2.581070861816406e+02, 2.589879760742188e+02, 2.603697204589844e+02, 2.595094604492188e+02, 2.568208923339844e+02, 2.548866882324219e+02, 2.541324615478516e+02, 2.532756500244141e+02, 2.531499938964844e+02]
time=[0e+00, 6.048e+05]
weaDat.weaBus.HDirNor=[9.999999747378752e-05, 9.999999747378752e-05, 9.999999747378752e-05, 9.999999747378752e-05, 4.790056943893433e-01, 3.686282958984375e+02, 6.625081787109375e+02, 4.312069091796866e+02, 5.411502075195312e+01, 5.657868957519531e+01, 9.999999747378752e-05, 9.999999747378752e-05, 9.999999747378752e-05, 9.999999747378752e-05, 9.999999747378752e-05, 9.999999747378752e-05, 9.999999747378752e-05, 9.999999747378752e-05, 9.999999747378752e-05, 1.905120015144348e+00, 9.585999846458435e-01, 1.779999971389771e+00, 1.813752055168152e+00, 9.999999747378752e-05, 9.999999747378752e-05, 9.999999747378752e-05, 9.999999747378752e-05, 9.999999747378752e-05, 9.999999747378752e-05, 9.999999747378752e-05, 9.999999747378752e-05, 9.999999747378752e-05, 9.999999747378752e-05, 9.999999747378752e-05, 3.721466660499488e-01, 2.894999980926514e-01, 1e+00, 1e+00, 7.318080067634583e-01, 9.999999747378752e-05, 9.999999747378752e-05, 9.999999747378752e-05, 9.999999747378752e-05, 9.999999747378752e-05, 9.999999747378752e-05, 9.999999747378752e-05, 9.999999747378752e-05, 9.999999747378752e-05, 5.331199988722801e-02, 1e+00, 5.416666865348816e-01, 8.741199970245361e-01, 9.999999747378752e-05, 9.999999747378752e-05, 9.999999747378752e-05, 9.999999747378752e-05, 9.999999747378752e-05, 9.999999747378752e-05, 9.999999747378752e-05, 9.999999747378752e-05, 9.999999747378752e-05, 9.999999747378752e-05, 2.880619812011719e+02, 7.751649169921875e+02, 8.5933056640625e+02, 7.74879638671875e+02, 4.252257690429688e+02, 5.739785385131836e+01, 9.999999747378752e-05, 9.999999747378752e-05, 9.999999747378752e-05, 9.999999747378752e-05, 9.999999747378752e-05, 9.999999747378752e-05, 9.999999747378752e-05, 9.999999747378752e-05, 8.404290771484375e+01, 6.168316650390625e+02, 2.696745910644531e+02, 7.800930023193359e+01, 9.641504669189453e+01, 6.644139099121031e+01, 9.999999747378752e-05, 9.999999747378752e-05, 9.999999747378752e-05, 9.999999747378752e-05, 9.999999747378752e-05, 9.999999747378752e-05, 9.999999747378752e-05, 9.999999747378752e-05, 1.037647857666016e+02, 7.07604736328125e+02, 8.80940673828125e+02, 9.020025024414062e+02, 8.423399658203125e+02, 5.655880126953125e+02, 8.352803230285645e+00, 9.999999747378752e-05, 9.999999747378752e-05, 9.999999747378752e-05, 9.999999747378752e-05]
weaDat.weaBus.HGloHor=[9.999999747378752e-05, 9.999999747378752e-05, 9.999999747378752e-05, 9.999999747378752e-05, 9.999999747378752e-05, 1.025815353393555e+02, 3.044623718261719e+02, 3.372630615234372e+02, 1.835730590820312e+02, 7.442298889160156e+01, 2.312187433242798e+00, 9.999999747378752e-05, 9.999999747378752e-05, 9.999999747378752e-05, 9.999999747378752e-05, 9.999999747378752e-05, 9.999999747378752e-05, 9.999999747378752e-05, 9.999999747378752e-05, 1.92087574005127e+01, 1.262883834838867e+02, 1.684425354003906e+02, 1.800178680419922e+02, 1.135551300048828e+02, 1.464144802093506e+01, 9.999999747378752e-05, 9.999999747378752e-05, 9.999999747378752e-05, 9.999999747378752e-05, 9.999999747378752e-05, 9.999999747378752e-05, 9.999999747378752e-05, 9.999999747378752e-05, 1.767200088500977e+01, 1.347597351074226e+02, 2.175667419433594e+02, 2.160484008789062e+02, 1.723790588378906e+02, 5.32529296875e+01, 9.999999747378752e-05, 9.999999747378752e-05, 9.999999747378752e-05, 9.999999747378752e-05, 9.999999747378752e-05, 9.999999747378752e-05, 9.999999747378752e-05, 9.999999747378752e-05, 2.804630994796753e+00, 8.430634307861328e+01, 1.744434356689453e+02, 1.952538757324219e+02, 1.509707641601562e+02, 6.984014129638672e+01, 3.095707893371582e+00, 9.999999747378752e-05, 9.999999747378752e-05, 9.999999747378752e-05, 9.999999747378752e-05, 9.999999747378752e-05, 9.999999747378752e-05, 9.999999747378752e-05, 9.999999747378752e-05, 8.068932342529297e+01, 3.121475524902344e+02, 4.365852966308594e+02, 3.753271484375e+02, 1.862212524414062e+02, 1.553165531158447e+01, 9.999999747378752e-05, 9.999999747378752e-05, 9.999999747378752e-05, 9.999999747378752e-05, 9.999999747378752e-05, 9.999999747378752e-05, 9.999999747378752e-05, 9.999999747378752e-05, 3.503750610351562e+01, 2.373762969970703e+02, 2.670227966308594e+02, 2.172436370849609e+02, 1.543636322021484e+02, 4.700918960571176e+01, 9.999999747378752e-05, 9.999999747378752e-05, 9.999999747378752e-05, 9.999999747378752e-05, 9.999999747378752e-05, 9.999999747378752e-05, 9.999999747378752e-05, 9.999999747378752e-05, 1.274240970611572e+01, 1.940768432617188e+02, 3.971203918457031e+02, 4.48487060546875e+02, 3.378170471191406e+02, 1.110259704589844e+02, 1.055006146430969e+00, 9.999999747378752e-05, 9.999999747378752e-05, 9.999999747378752e-05, 9.999999747378752e-05]
multiZoneFluctuatingIHG.theZon[1, 1].roo.heaPorAir.T=[2.931499938964844e+02, 2.873548278808594e+02, 2.863712768554688e+02, 2.880231628417969e+02, 2.869061584472656e+02, 2.927880554199219e+02, 2.932272033691406e+02, 2.931274108886719e+02, 2.931754760742188e+02, 2.931107482910156e+02, 2.931446838378906e+02, 2.903615417480469e+02, 2.892333984375e+02, 2.886648254394531e+02, 2.8796044921875e+02, 2.871236572265625e+02, 2.865853271484375e+02, 2.861908569335938e+02, 2.85889404296875e+02, 2.861396179199219e+02, 2.932387084960938e+02, 2.9317431640625e+02, 2.9314697265625e+02, 2.931315612792969e+02, 2.931344299316406e+02, 2.931500244140625e+02, 2.873602600097656e+02, 2.868798828125e+02, 2.863743896484375e+02, 2.858260192871094e+02, 2.858274841308594e+02, 2.87857177734375e+02, 2.87358154296875e+02, 2.86153076171875e+02, 2.929665832519531e+02, 2.931790771484375e+02, 2.931656494140625e+02, 2.931452941894531e+02, 2.9313623046875e+02, 2.931441650390625e+02, 2.868375854492188e+02, 2.859589538574219e+02, 2.859164123535156e+02, 2.872140197753906e+02, 2.865968017578125e+02, 2.869282531738281e+02, 2.868739013671875e+02, 2.866351318359375e+02, 2.924866333007812e+02, 2.932326965332031e+02, 2.931693420410156e+02, 2.931482238769531e+02, 2.931267395019531e+02, 2.931163940429688e+02, 2.867265625e+02, 2.869973449707031e+02, 2.874389038085938e+02, 2.867479248046874e+02, 2.864466552734375e+02, 2.861977233886719e+02, 2.861439819335938e+02, 2.861468200683594e+02, 2.903929138183594e+02, 2.931734008789062e+02, 2.931641540527344e+02, 2.93366943359375e+02, 2.931340026855469e+02, 2.931021728515625e+02, 2.912695922851562e+02, 2.894669799804688e+02, 2.883008117675781e+02, 2.873534545898438e+02, 2.862882385253906e+02, 2.878965759277344e+02, 2.869072265625e+02, 2.863718566894531e+02, 2.861166687011719e+02, 2.932586059570312e+02, 2.930855102539062e+02, 2.931261596679688e+02, 2.931547241210938e+02, 2.931332092285156e+02, 2.93035888671875e+02, 2.857806701660156e+02, 2.867720947265625e+02, 2.861640930175781e+02, 2.861477966308594e+02, 2.861473083496094e+02, 2.861451416015625e+02, 2.861448364257812e+02, 2.861601867675781e+02, 2.927804870605469e+02, 2.93229736328125e+02, 2.931546936035156e+02, 2.937073669433594e+02, 2.931305541992188e+02, 2.930986633300781e+02, 2.893413696289062e+02, 2.878199462890625e+02, 2.864754028320312e+02, 2.877261352539062e+02]
multiZoneFluctuatingIHG.theZon[2, 1].roo.heaPorAir.T=[2.931499938964844e+02, 2.876717529296875e+02, 2.867628173828125e+02, 2.879287414550781e+02, 2.87032470703125e+02, 2.930028381347656e+02, 2.931604614257812e+02, 2.941162414550781e+02, 2.931475524902344e+02, 2.931442260742188e+02, 2.93148681640625e+02, 2.939703369140625e+02, 2.907866516113281e+02, 2.901688232421875e+02, 2.894579467773438e+02, 2.886348876953125e+02, 2.881098327636719e+02, 2.877345275878906e+02, 2.874483032226562e+02, 2.863361206054688e+02, 2.931750183105469e+02, 2.931685791015625e+02, 2.932068481445312e+02, 2.931447448730469e+02, 2.931416015625e+02, 2.931513061523438e+02, 2.89545654296875e+02, 2.889605102539062e+02, 2.884534606933594e+02, 2.87889892578125e+02, 2.876414489746094e+02, 2.886256103515625e+02, 2.880860595703125e+02, 2.871441955566406e+02, 2.931889343261719e+02, 2.931620483398438e+02, 2.9315576171875e+02, 2.931394653320312e+02, 2.93146484375e+02, 2.931490173339844e+02, 2.892126770019531e+02, 2.88150146484375e+02, 2.877549133300781e+02, 2.882302856445312e+02, 2.876954956054688e+02, 2.873531799316406e+02, 2.875505981445312e+02, 2.8686962890625e+02, 2.938244323730469e+02, 2.931671752929688e+02, 2.931585998535156e+02, 2.931499633789062e+02, 2.93142333984375e+02, 2.931416015625e+02, 2.894540100097656e+02, 2.882610168457031e+02, 2.8821923828125e+02, 2.872028808593749e+02, 2.871342468261719e+02, 2.868514099121094e+02, 2.861807861328125e+02, 2.861484375e+02, 2.90825927734375e+02, 2.934655456542969e+02, 2.9452197265625e+02, 2.963594360351562e+02, 2.956655578613281e+02, 2.935632019042969e+02, 2.945446472167969e+02, 2.917369995117188e+02, 2.905016479492188e+02, 2.895345764160156e+02, 2.884579162597656e+02, 2.888144226074219e+02, 2.878109130859375e+02, 2.871935424804688e+02, 2.859281921386719e+02, 2.932339172363281e+02, 2.931423950195312e+02, 2.931345825195312e+02, 2.932172241210938e+02, 2.931172180175781e+02, 2.931397094726562e+02, 2.8804150390625e+02, 2.875345153808594e+02, 2.870062561035156e+02, 2.863952331542969e+02, 2.861486206054688e+02, 2.861477661132812e+02, 2.861466369628906e+02, 2.861556701660156e+02, 2.935017700195312e+02, 2.933651428222656e+02, 2.9542919921875e+02, 2.967196960449219e+02, 2.955698547363281e+02, 2.931431884765625e+02, 2.918013305664062e+02, 2.900557556152344e+02, 2.88675048828125e+02, 2.886949157714844e+02]
multiZoneFluctuatingIHG.theZon[1, 1].heaCooPow=[0e+00, 5.472090095281601e-03, 6.399840582162142e-03, 6.057769775390625e+02, 5.617936401367188e+02, 1.709883056640625e+03, 6.497040557861328e+01, -6.486931762695302e+02, 1.954331665039062e+02, 4.121859130859375e+02, 6.4843994140625e+02, 5.096001550555229e-03, 6.160140968859196e-03, 6.696450524032116e-03, 7.360848598182203e-03, 8.150180801749229e-03, 8.657967671751976e-03, 9.03004128485918e-03, 9.314404800534248e-03, 1.640700073242188e+02, 1.334242309570312e+03, 1.021867126464844e+03, 7.869600830078125e+02, 9.296359252929688e+02, 1.10309619140625e+03, 1.228267822265625e+03, 9.721767157316208e-03, 1.017487607896328e-02, 1.065167039632797e-02, 1.11689567565918e-02, 4.43743634968996e-03, 6.631743774414062e+02, 6.592725219726562e+02, 2.714130794629455e-03, 1.741771362304685e+03, 1.26876123046875e+03, 1.091881713867188e+03, 1.008770812988281e+03, 1.129008666992188e+03, 1.3635810546875e+03, 1.064997538924217e-02, 1.147875003516674e-02, 4.268409684300423e-03, 2.401215955615044e-03, 2.767862984910607e-03, 1.0613203125e+03, 6.546063232421875e+02, 1.384953735351562e+03, 1.882725341796875e+03, 1.451734619140625e+03, 1.17742041015625e+03, 1.08479248046875e+03, 1.185514892578125e+03, 1.445673583984375e+03, 1.12150376662612e-02, 2.95560504309833e-03, 6.796960449218756e+02, 8.165136108400673e+02, 6.703351440429688e+02, 6.687319946289062e+02, 9.268995971679688e+02, 1.165103149414062e+03, 2.3273408203125e+03, 7.146052856445312e+02, -7.3482275390625e+02, -1.2674541015625e+03, -8.641380615234375e+02, 3.051723327636719e+02, 4.078656900674139e-03, 5.779008381068695e-03, 6.879002321511507e-03, 7.772617507725954e-03, 8.777371607720852e-03, 7.220108032226562e+02, 1.554900054931641e+02, 6.987239379882812e+02, 7.324413452148438e+02, 1.031223266601562e+03, 4.103749389648438e+02, 7.877379150390625e+02, 1.004678100585938e+03, 1.12877563476563e+03, 1.563119873046874e+03, 1.21530881151557e-02, 7.914891967773438e+02, 7.020919799804688e+02, 9.111689453125e+02, 1.058350463867188e+03, 1.221384399414062e+03, 1.352615844726562e+03, 1.400467041015625e+03, 1.642252197265625e+03, -2.380405426025391e+01, -1.074032958984375e+03, -1.318486206054688e+03, -8.038001708984375e+02, 6.970685424804688e+02, 6.492768879979849e-03, 7.927848026156425e-03, 9.196097031235695e-03, 7.387744140625e+02]
multiZoneFluctuatingIHG.theZon[2, 1].heaCooPow=[0e+00, 5.173150915652514e-03, 6.030531134456396e-03, 6.313260498046875e+02, 5.186132202148438e+02, 1.642357788085938e+03, -8.297119140625e+02, -1.383224243164062e+03, -8.687088623046875e+02, -6.197166748046875e+02, -3.456373596191406e+02, -2.933605341240764e-03, 6.945984932826832e-05, 6.522508338093758e-04, 1.322799362242223e-03, 2.099167788401246e-03, 2.594438381493092e-03, 2.948462031781674e-03, 3.218459663912654e-03, -2.642434387207031e+02, 2.484532470703125e+02, -1.642549276351929e+00, -2.201861419677734e+02, -1.068319854736328e+02, 1.71688346862793e+01, 1.109266204833984e+02, 4.24260925501585e-03, 4.794554319232702e-03, 5.272836890071632e-03, 5.80442463979125e-03, 2.726392820477486e-03, 4.119494018554688e+02, 4.212895202636719e+02, 1.779235550202429e-03, 6.201259155273406e+02, 2.073614349365234e+02, 2.458434867858887e+01, -6.306311416625977e+01, 3.577226257324219e+01, 2.033023681640625e+02, 4.849365912377834e-03, 5.851601716130968e-03, 2.534219995141029e-03, 1.459909602999687e-03, 1.730852643959224e-03, 4.9757666015625e+02, 4.333635559082031e+02, 5.593641967773438e+02, 1.2456923828125e+03, 3.407447814941406e+02, 1.186992340087891e+02, 1.58936710357666e+01, 9.210555267333984e+01, 2.879658508300781e+02, 5.074089858680964e-03, 1.763616921380162e-03, 4.245671691894539e+02, 4.605566406250331e+02, 4.455307312011719e+02, 4.550101318359375e+02, 5.559002075195312e+02, 8.3243359375e+02, 2.19029052734375e+03, -2.000249938964844e+02, -1.456488403320312e+03, -1.700018432617188e+03, -1.595953857421875e+03, -1.038211669921875e+03, -6.28690002486111e-03, -3.638543421402587e-03, -2.473265398293734e-03, -1.561030861921608e-03, -5.454634665511549e-04, 4.219322509765625e+02, 9.137554168701172e+01, 4.3008203125e+02, 3.118066024780273e+01, -2.976657676696777e+01, -7.693733520507812e+02, -3.637897033691406e+02, -9.102133178710938e+01, 2.491021537781264e+01, 4.625723266601544e+02, 6.823119707405567e-03, 4.139727478027344e+02, 4.267669677734375e+02, 5.1875439453125e+02, 6.698135375976562e+02, 8.674339599609375e+02, 1.027458862304688e+03, 1.113190185546875e+03, 7.584625854492188e+02, -1.010006958007812e+03, -1.555686645507812e+03, -1.753953491210938e+03, -1.58764306640625e+03, -7.64568115234375e+02, -2.34669353812933e-03, -7.001272751949728e-04, 6.02257379796356e-04, 4.217362365722656e+02]
