last-generated=2016-06-30
statistics-simulation=
{
  "numerical Jacobians": "0", 
  "nonlinear": " ", 
  "number of continuous time states": "3", 
  "linear": "0"
}
vol.T=[293.149993896484375, 293.596099853515625, 293.810882568359375, 293.836090087890625, 293.731170654296875, 293.561309814453125, 293.358184814453125, 293.13330078125, 292.894561767578125, 292.640380859375, 292.313629150390625, 291.8851318359375, 291.392486572265625, 290.915435791015625, 290.52593994140625, 290.23486328125, 290.017822265625, 289.824371337890625, 289.595703125, 289.30279541015625, 288.9580078125, 288.599700927734375, 288.285003662109375, 288.081634521484375, 288.048370361328125, 288.2354736328125, 288.709716796875, 289.55755615234375, 290.741363525390625, 292.117767333984375, 293.49896240234375, 294.8084716796875, 296.014129638671875, 297.0740966796875, 297.920654296875, 298.34613037109375, 298.29327392578125, 297.967071533203125, 297.7274169921875, 297.785125732421875, 298.084381103515625, 298.540985107421875, 299.05230712890625, 299.554901123046875, 300.053070068359375, 300.52685546875, 300.939178466796875, 301.26123046875, 301.50970458984375, 301.7093505859375, 301.880126953125, 302.038055419921875, 302.19287109375, 302.346771240234375, 302.49664306640625, 302.632781982421875, 302.735504150390625, 302.793212890625, 302.816497802734375, 302.831756591796875, 302.872283935546875, 302.953460693359375, 303.061187744140625, 303.141754150390625, 302.876708984375, 302.013031005859375, 300.73944091796875, 299.53448486328125, 298.877227783203125, 298.85540771484375, 299.307586669921875, 299.912750244140625, 300.3848876953125, 300.712677001953125, 300.88470458984375, 300.862579345703125, 300.5850830078125, 300.01373291015625, 299.207672119140625, 298.303192138671875, 297.4600830078125, 296.715545654296875, 296.0673828125, 295.535430908203125, 295.148712158203125, 294.898773193359375, 294.746368408203125, 294.652557373046875, 294.57958984375, 294.50726318359375, 294.43499755859375, 294.362823486328125, 294.290679931640625, 294.218597412109375, 294.146514892578125, 294.074493408203125, 294.00244140625, 293.930419921875, 293.8583984375, 293.786407470703125, 293.714385986328125]
weaBus.TDryBul=[291.45001220703125, 291.3385009765625, 291.06475830078125, 290.7200927734375, 290.39569091796875, 290.1300048828125, 289.865997314453125, 289.60198974609375, 289.3380126953125, 289.004150390625, 288.44793701171875, 287.809661865234375, 287.25006103515625, 286.91192626953125, 286.75250244140625, 286.670440673828125, 286.571624755859375, 286.362060546875, 286.001983642578125, 285.56475830078125, 285.136932373046875, 284.8055419921875, 284.671142578125, 284.791351318359375, 285.20477294921875, 285.95001220703125, 287.208831787109375, 288.914459228515625, 290.732574462890625, 292.3289794921875, 293.580169677734375, 294.693817138671875, 295.61737060546875, 296.29119873046875, 296.4541015625, 295.733734130859375, 294.74591064453125, 294.1705322265625, 294.5262451171875, 295.21893310546875, 295.984405517578125, 296.68572998046875, 297.206878662109375, 297.70208740234375, 298.176849365234375, 298.5576171875, 298.773590087890625, 298.9007568359375, 299.013336181640625, 299.1251220703125, 299.25, 299.393768310546875, 299.545654296875, 299.69464111328125, 299.829620361328125, 299.91265869140625, 299.91448974609375, 299.878662109375, 299.850128173828125, 299.885009765625, 300.01416015625, 300.178314208984375, 300.313385009765625, 300.12677001953125, 298.587677001953125, 296.437225341796875, 294.68988037109375, 294.30670166015625, 295.12518310546875, 296.444427490234375, 297.65765380859375, 298.175323486328125, 298.295928955078125, 298.294708251953125, 298.077484130859375, 297.54998779296875, 296.60986328125, 295.399444580078125, 294.191650390625, 293.259429931640625, 292.654205322265625, 292.1209716796875, 291.709503173828125, 291.47747802734375, 291.437255859375, 291.454315185546875, 291.480133056640625, 291.475738525390625, 291.41400146484375, 291.342010498046875, 291.269989013671875, 291.197998046875, 291.126007080078125, 291.053985595703125, 290.98199462890625, 290.910003662109375, 290.8380126953125, 290.7659912109375, 290.694000244140625, 290.62200927734375, 290.54998779296875]
time=[15552000., 15638400.]
