last-generated=2016-09-30
statistics-simulation=
{
  "numerical Jacobians": "0", 
  "nonlinear": " ", 
  "number of continuous time states": "4", 
  "linear": " "
}
cons.y=[10., 10.]
time=[0., 1.]
booleanPulse.y=[1., 1., 1., 1., 1., 1., 1., 1., 1., 1., 1., 0., 0., 0., 0., 0., 0., 0., 0., 0., 0., 1., 1., 1., 1., 1., 1., 1., 1., 1., 1., 0., 0., 0., 0., 0., 0., 0., 0., 0., 0., 1., 1., 1., 1., 1., 1., 1., 1., 1., 1., 0., 0., 0., 0., 0., 0., 0., 0., 0., 0., 1., 1., 1., 1., 1., 1., 1., 1., 1., 0.99999403963644006854, 0., 0., 0., 0., 0., 0., 0., 0., 0., 0., 1., 1., 1., 1., 1., 1., 1., 1., 1., 0.99998807927282451491, 0., 0., 0., 0., 0., 0., 0., 0., 0., 0.]
intWitRes1.y=[2., 2.04999995343387020341, 2.09999990686773996273, 2.15000009872018615908, 2.20000005215405902703, 2.24999999627471369834, 2.29999995902179943386, 2.34999990314245099654, 2.40000010430810162276, 2.45000002980237585604, 2.49999999254944160754, 2.54999995529650735904, 2.59999991804357355463, 2.65000011920921840769, 2.70000004470349264096, 2.74999997019776643015, 2.79999997019762414396, 2.84999989569189837724, 2.90000005960475126798, 2.95000005960460942589, 2.99999998509888321507, 2.04999998509874092889, 2.09999991059301516216, 2.15000007450586805291, 2.20000007450572621082, 2.25, 2.29999999999985815791, 2.34999985098854802246, 2.40000008940698528193, 2.45000008940684255165, 2.49999994039553286029, 2.54999994039539057411, 2.59999994039524873202, 2.65000002980251769813, 2.70000002980237585604, 2.75000002980223356985, 2.7999998807909234344, 2.84999988079078159231, 2.90000011920921840769, 2.9500001192090765656, 2.99999997019776643015, 2.04999997019762414396, 2.09999997019748230187, 2.15000005960475126798, 2.20000005960460942589, 2.25000005960446713971, 2.29999991059315744835, 2.34999991059301516216, 2.40000014901145197754, 2.45000000000014228618, 2.5, 2.54999999999914761517, 2.59999999999829478625, 2.65000023841602150299, 2.69999994039727386763, 2.74999994039642103871, 2.79999994039521338252, 2.84999994039471538088, 2.90000017881244209761, 2.95000017881158926869, 2.99999988079284207743, 2.04999988079198924851, 2.09999988079113686368, 2.15000011920886313632, 2.20000011920801075149, 2.25000011920715792257, 2.29999982118841073131, 2.34999982118755790239, 2.40000005960528461912, 2.45000005960478661748, 2.50000005960357896129, 2.55000005960272613237, 2.59999976158397849701, 2.65000000000170521375, 2.70000000000085238483, 2.75, 2.79999999999914761517, 2.84999999999829478625, 2.90000023841602150299, 2.94999994039727386763, 2.99999994039642103871, 2.04999994039521338252, 2.09999994039471538088, 2.15000017881244209761, 2.20000017881158926869, 2.24999988079284207743, 2.29999988079198924851, 2.34999988079113686368, 2.40000011920886313632, 2.45000011920801075149, 2.50000011920715792257, 2.54999982118841073131, 2.59999982118755790239, 2.65000005960528461912, 2.70000005960478661748, 2.75000005960357896129, 2.80000005960272613237, 2.84999976158397849701, 2.90000000000170521375, 2.95000000000085238483, 3.]
intWitRes1.y_reset=[2., 2.]
intWitRes1.y_start=[5., 5.]
intWitRes2.y_start=[-5., -5.]
intWitRes2.y_reset_in=[-2., -2.00999999068678469882, -2.01999998137356939765, -2.02999997206035320829, -2.03999996274713879529, -2.04999995157128012124, -2.05999994412070774885, -2.0699999329447957841, -2.07999992549427403787, -2.08999991059329914833, -2.09999990314256335111, -2.10999989569189816407, -2.11999988824141105681, -2.13000011920893417283, -2.14000010430810183593, -2.15000008940670062074, -2.16000008940670085167, -2.17000007450572596213, -2.18000005960432519103, -2.19000005960446708642, -2.20000004470335053242, -2.21000004470299504788, -2.22000002980223376525, -2.23000001490097465862, -2.24000001490140077109, -2.25, -2.26000000000042611248, -2.26999997019719801372, -2.27999997019776623475, -2.28999997019805068277, -2.29999994039624322539, -2.30999994039553291358, -2.31999994039567480897, -2.32999991059400990423, -2.33999991059329914833, -2.34999991059329937926, -2.35999988079177613898, -2.36999988079106582717, -2.38000011920893417283, -2.39000011920822386102, -2.40000008940670062074, -2.41000008940670085167, -2.42000008940599009577, -2.43000005960432519103, -2.44000005960446708642, -2.45000005960375677461, -2.46000002980194931723, -2.47000002980223376525, -2.48000002980280198628, -2.48999999999957388752, -2.5, -2.51000000000028400393, -2.52000000000056845195, -2.53000000000085245588, -2.53999994039727372552, -2.54999994039642086108, -2.55999994039549738645, -2.56999994039556822756, -2.57999994039585267558, -2.58999994039613667951, -2.59999988079284216624, -2.6099998807919893018, -2.61999988079113688144, -2.63000011920886311856, -2.6400001192080106982, -2.65000011920715783376, -2.66000005960386332049, -2.67000005960414732442, -2.68000005960443177244, -2.69000005960450261355, -2.70000005960357913892, -2.71000005960272627448, -2.71999999999914754412, -2.72999999999943154805, -2.73999999999971599607, -2.75, -2.76000000000028400393, -2.77000000000056845195, -2.78000000000085245588, -2.78999994039727372552, -2.79999994039642086108, -2.80999994039549738645, -2.81999994039556822756, -2.82999994039585267558, -2.83999994039613667951, -2.84999988079284216624, -2.8599998807919893018, -2.86999988079113688144, -2.88000011920886311856, -2.8900001192080106982, -2.90000011920715783376, -2.91000005960386332049, -2.92000005960414732442, -2.93000005960443177244, -2.94000005960450261355, -2.95000005960357913892, -2.96000005960272627448, -2.96999999999914754412, -2.97999999999943154805, -2.98999999999971599607, -3.]
intWitRes2.y=[-5., -4.94999980814757734038, -4.90000009313220630247, -4.84999990127989377697, -4.80000018626441349312, -4.75000000372537467541, -4.6999998025597813367, -4.65000009685751347632, -4.59999989569211109597, -4.55000020861577691988, -4.50000000745073602815, -4.44999980628498459367, -4.40000008195610714523, -4.34999988079134958241, -4.30000019371501540633, -4.25000002980294411259, -4.19999979138422308012, -4.15000010430788890403, -4.09999994039610093921, -4.05000017881368545858, -4.00000001490147205629, -2.15000006258497489142, -2.09999989867212155659, -2.0499999731778477674, -1.99999997317798983154, -1.95000004768371582031, -1.89999992847456833367, -1.85000007748587824707, -1.79999995827673076043, -1.74999995827687304661, -1.70000010728818296002, -1.64999998807903547338, -1.59999998807917753751, -1.55000001788119790014, -1.50000001788133996428, -1.45000001788148225046, -1.40000004768350283513, -1.35000004768364467722, -1.29999992847449719058, -1.24999992847463925472, -1.20000007748594939017, -2.3499998867512283951, -2.29999988675137023719, -2.25000003576268037264, -2.20000003576282221474, -2.15000003576296450092, -2.09999994635569509072, -2.0499999463558373769, -1.99999994635597966308, -1.95000009536728957649, -1.89999997615814208984, -1.84999997615899469672, -1.79999985695055775281, -1.74999985695141035968, -1.70000015497015777299, -1.65000003576172082909, -1.60000003576292870733, -1.54999991655413693614, -1.49999991655498954302, -1.44999991655584214989, -1.40000009536530023446, -2.55000002384057911087, -2.5000000238414314957, -2.45000002384228432462, -2.40000002384313670944, -2.3499997854254104368, -2.30000008344415762807, -2.25000008344501045698, -2.20000008344586284181, -2.15000008344636084345, -2.09999984502898939809, -2.04999984502984222701, -2.00000014304858986236, -1.95000014304944224719, -1.90000002384100530328, -1.85000002384185791016, -1.79999990463342096625, -1.74999990463427357312, -1.69999990463512618, -1.65000008344458404252, -1.6000000834454366494, -2.75000001192107079717, -2.70000001192156879881, -2.65000001192242118364, -2.599999773504694911, -2.55000007152344210226, -2.50000007152429493118, -2.45000007152514731601, -2.40000007152600014493, -2.34999983310827342819, -2.29999983310912625711, -2.25000013112787344838, -2.2000001311287262773, -2.15000013112957866213, -2.0999998927114975622, -2.0499998927127052184, -1.99999989271355804732, -1.95000019073230546063, -1.90000007152386851672, -1.85000007152472112359, -1.79999995231628417969]
intNoReset.y=[1., 1.04999995343386998137, 1.10000002607702951352, 1.14999997951089638626, 1.20000005215405924908, 1.24999999627471392039, 1.29999995902179921181, 1.35000002235174076937, 1.39999998509881207198, 1.45000002980237563399, 1.49999999254944160754, 1.54999995529650758108, 1.60000003725286310541, 1.64999999999992907895, 1.70000004470349264096, 1.74999997019776643015, 1.79999997019762436601, 1.85000001490118792802, 1.8999999403954617172, 1.95000005960460920384, 1.99999998509888321507, 2.04999998509874092889, 2.09999991059301516216, 2.15000007450586805291, 2.20000007450572621082, 2.25, 2.29999999999985815791, 2.34999985098854802246, 2.40000008940698528193, 2.45000008940684255165, 2.49999994039553286029, 2.54999994039539057411, 2.59999994039524873202, 2.65000002980251769813, 2.70000002980237585604, 2.75000002980223356985, 2.7999998807909234344, 2.84999988079078159231, 2.90000011920921840769, 2.9500001192090765656, 2.99999997019776643015, 3.04999997019762414396, 3.09999997019748230187, 3.15000005960475126798, 3.20000005960460942589, 3.25000005960446713971, 3.29999991059315744835, 3.34999991059301516216, 3.40000014901145197754, 3.45000000000014228618, 3.5, 3.54999999999914761517, 3.59999999999829478625, 3.65000023841602150299, 3.69999994039727386763, 3.74999994039642103871, 3.79999994039521338252, 3.84999994039471538088, 3.90000017881244209761, 3.95000017881158926869, 3.99999988079284207743, 4.0500001192088630475, 4.09999988079170485378, 4.15000011920829514622, 4.1999998807911369525, 4.25000011921000009352, 4.30000005960386300075, 4.34999982118954786614, 4.40000005960443196784, 4.44999982118649217711, 4.50000005960500004676, 4.55000029801874728008, 4.59999976158738910215, 4.64999999999943192108, 4.69999976158341059573, 4.75, 4.80000023841658940427, 4.85000000000056807892, 4.90000023841261089785, 4.94999970198125271992, 4.99999994039499995324, 5.05000017881350782289, 5.09999994039556803216, 5.15000017881045213386, 5.19999994039613699925, 5.24999988078999990648, 5.3000001192088630475, 5.34999988079170485378, 5.40000011920829514622, 5.4499998807911369525, 5.50000011921000009352, 5.55000005960386300075, 5.59999982118954786614, 5.65000005960443196784, 5.69999982118649217711, 5.75000005960500004676, 5.80000029801874728008, 5.84999976158738910215, 5.89999999999943192108, 5.94999976158341059573, 6.]
intNoReset.y_start=[1., 1.]
intDef.y_start=[0., 0.]
intDef.y=[0., 0.10000000372528947135, 0.20000000745057894269, 0.30000001862643776995, 0.40000001490115122404, 0.49999999254941662752, 0.6000000372528879744, 0.69999998509883665232, 0.8000000298022691414, 0.8999999403954617172, 0.99999998509888321507, 1.10000002980230471294, 1.20000007450572598877, 1.30000000000014215296, 1.3999999701976955091, 1.49999994039553286029, 1.6000000596045382828, 1.70000002980226927463, 1.7999998807909234344, 1.89999999999992907895, 1.99999997019776643015, 2.09999997019748230187, 2.20000005960460942589, 2.29999991059315744835, 2.40000014901145197754, 2.5, 2.59999999999971587172, 2.69999994039567514648, 2.7999999403953910182, 2.9000001788136855474, 2.99999988079106572059, 3.09999988079078159231, 3.2000001192090765656, 3.29999982118645673879, 3.40000005960475171207, 3.50000005960446713971, 3.59999976158184686881, 3.70000000000014228618, 3.79999999999985815791, 3.90000023841815313119, 3.99999994039553286029, 4.09999994039524828793, 4.19999994039496460374, 4.30000011920950253597, 4.40000011920921885178, 4.50000011920893427941, 4.59999982118631489669, 4.69999982118603032433, 4.80000029802290395509, 4.90000000000028457237, 5., 5.09999999999829523034, 5.1999999999965895725, 5.30000047683204300597, 5.39999988079454773526, 5.49999988079284207743, 5.59999988079042676503, 5.69999988078943076175, 5.80000035762488419522, 5.90000035762317853738, 5.99999976158568415485, 6.09999976158397849701, 6.19999976158227372736, 6.30000023841772627264, 6.40000023841602150299, 6.50000023841431584515, 6.59999964237682146262, 6.69999964237511580478, 6.80000011921056923825, 6.90000011920957323497, 7.00000011920715792257, 7.10000011920545226474, 7.19999952316795699403, 7.3000000000034104275, 7.40000000000170476966, 7.5, 7.59999999999829523034, 7.6999999999965895725, 7.80000047683204300597, 7.89999988079454773526, 7.99999988079284207743, 8.10000035762701564579, 8.19999988079113606432, 8.30000035762090426772, 8.39999988079227399851, 8.49999976157999981297, 8.60000023841772609501, 8.69999976158340970755, 8.80000023841659029245, 8.89999976158227390499, 9.00000023842000018703, 9.10000011920772600149, 9.19999964237909573228, 9.30000011920886393568, 9.39999964237298435421, 9.50000011921000009352, 9.60000059603749456016, 9.69999952317477820429, 9.79999999999886384217, 9.89999952316682119147, 10.]
