last-generated=2024-02-26
statistics-initialization=
{
  "nonlinear": "1, 1, 1, 1, 1, 1, 1, 1, 1, 1, 1, 1, 1, 1, 1, 1, 1, 1, 1, 1, 1, 1, 1, 1, 1, 1, 1,   1, 1, 1, 1, 1, 1, 1, 1, 1, 1, 1, 1, 1, 1, 1, 5, 2, 5, 2, 5, 2, 5, 2, 3, 0, 0,   0, 1, 1, 1, 1, 1, 1, 1, 0",
  "numerical Jacobians": "0"
}
statistics-simulation=
{
  "linear": "0, 3, 0, 0, 0, 0, 0, 0, 0, 0, 3, 0, 0, 0, 0, 3, 0, 0, 0, 3, 0, 0, 0, 4, 0",
  "nonlinear": "5, 1, 1, 1, 1, 1, 1, 1, 1, 1, 1, 1, 1, 1, 1, 1, 1, 1, 1, 1, 1, 1, 1, 1, 1, 0, 1,   0, 0, 0, 0, 0, 1, 1, 1, 1, 1, 1, 0, 1, 1, 1, 1, 1, 1",
  "number of continuous time states": "250",
  "numerical Jacobians": "0"
}
time=[1.6848e+07, 1.70208e+07]
flo.sou.air.vol.T=[2.971499938964844e+02, 2.969571838378906e+02, 2.970323181152344e+02, 2.969998474121094e+02, 2.969756774902344e+02, 2.969304809570312e+02, 2.969197998046875e+02, 2.969280395507812e+02, 2.969392700195312e+02, 2.969229431152344e+02, 2.969135437011719e+02, 2.969321594238281e+02, 2.969788208007812e+02, 2.970460510253906e+02, 2.964947204589844e+02, 2.95931884765625e+02, 2.960245361328125e+02, 2.96133544921875e+02, 2.965003967285156e+02, 2.970415344238281e+02, 2.972365112304688e+02, 2.971786804199219e+02, 2.971111145019531e+02, 2.9723974609375e+02, 2.972859802246094e+02, 2.974150390625e+02, 2.971990966796875e+02, 2.971950073242188e+02, 2.97663330078125e+02, 2.970508728027344e+02, 2.9727197265625e+02, 2.978108215332031e+02, 2.965172424316406e+02, 2.977762145996094e+02, 2.977857666015625e+02, 2.964348754882812e+02, 2.976805114746094e+02, 2.972942199707031e+02, 2.965120849609375e+02, 2.972930297851562e+02, 2.984201965332031e+02, 2.985473937988281e+02, 2.985123596191406e+02, 2.985194396972656e+02, 2.985121154785156e+02, 2.985022583007812e+02, 2.984967956542969e+02, 2.985017700195312e+02, 2.985131225585938e+02, 2.985191345214844e+02, 2.985040893554688e+02, 2.984845275878906e+02, 2.9844775390625e+02, 2.984205932617188e+02, 2.983981018066406e+02, 2.983842468261719e+02, 2.98390625e+02, 2.983905639648438e+02, 2.983795166015625e+02, 2.983725891113281e+02, 2.983690490722656e+02, 2.975663452148438e+02, 2.9574169921875e+02, 2.970872192382812e+02, 2.97205078125e+02, 2.971637878417969e+02, 2.971216125488281e+02, 2.971474609375e+02, 2.973167419433594e+02, 2.97322265625e+02, 2.967477416992188e+02, 2.975557250976562e+02, 2.975455932617188e+02, 2.968498229980469e+02, 2.972901000976562e+02, 2.977607116699219e+02, 2.971049499511719e+02, 2.970675964355469e+02, 2.980719604492188e+02, 2.97549072265625e+02, 2.9752685546875e+02, 2.975337524414062e+02, 2.972352905273438e+02, 2.970982360839844e+02, 2.972544860839844e+02, 2.968815612792969e+02, 2.977315673828125e+02, 2.97335205078125e+02, 2.968140869140625e+02, 2.974116516113281e+02, 2.988831176757812e+02, 2.992115173339844e+02, 2.992379150390625e+02, 2.992512817382812e+02, 2.992512512207031e+02, 2.992311706542969e+02, 2.991978149414062e+02, 2.991732177734375e+02, 2.991545715332031e+02, 2.99138671875e+02, 2.991201171875e+02]
flo.eas.air.vol.T=[2.971499938964844e+02, 2.969547424316406e+02, 2.970070190429688e+02, 2.969837646484375e+02, 2.969516296386719e+02, 2.969281616210938e+02, 2.969122314453125e+02, 2.968930053710938e+02, 2.96870361328125e+02, 2.968688049316406e+02, 2.969307861328125e+02, 2.970806579589844e+02, 2.973153076171875e+02, 2.975867309570312e+02, 2.967747497558594e+02, 2.964988403320312e+02, 2.966546630859375e+02, 2.967371215820312e+02, 2.970780944824219e+02, 2.973302001953125e+02, 2.972109375e+02, 2.973226318359375e+02, 2.972572021484375e+02, 2.969175720214844e+02, 2.971075744628906e+02, 2.971794128417969e+02, 2.969722900390625e+02, 2.972598876953125e+02, 2.971929626464844e+02, 2.969683532714844e+02, 2.973428344726562e+02, 2.971797485351562e+02, 2.971443481445312e+02, 2.973094177246094e+02, 2.971814575195312e+02, 2.971178588867188e+02, 2.972758178710938e+02, 2.971080017089844e+02, 2.970097045898438e+02, 2.972066650390625e+02, 2.983485412597656e+02, 2.985469665527344e+02, 2.984885559082031e+02, 2.984862060546875e+02, 2.984955139160156e+02, 2.985064697265625e+02, 2.984909057617188e+02, 2.984894104003906e+02, 2.984947204589844e+02, 2.98490966796875e+02, 2.984806518554688e+02, 2.984604797363281e+02, 2.984321899414062e+02, 2.984075012207031e+02, 2.983840637207031e+02, 2.983695373535156e+02, 2.983710632324219e+02, 2.983683776855469e+02, 2.983647766113281e+02, 2.983593139648438e+02, 2.9838037109375e+02, 2.975096435546875e+02, 2.957564697265625e+02, 2.973822631835938e+02, 2.972412414550781e+02, 2.972561950683594e+02, 2.974024353027344e+02, 2.973880004882812e+02, 2.9739794921875e+02, 2.980887756347656e+02, 2.9748388671875e+02, 2.972040710449219e+02, 2.981771240234375e+02, 2.972083740234375e+02, 2.971355285644531e+02, 2.978608093261719e+02, 2.969099426269531e+02, 2.973002624511719e+02, 2.978651123046875e+02, 2.971497802734375e+02, 2.9706884765625e+02, 2.970832214355469e+02, 2.96726318359375e+02, 2.976428833007812e+02, 2.969311828613281e+02, 2.971242980957031e+02, 2.971195068359375e+02, 2.969963073730469e+02, 2.973517456054688e+02, 2.971986389160156e+02, 2.988836059570312e+02, 2.992001342773438e+02, 2.992323608398438e+02, 2.992440490722656e+02, 2.992452392578125e+02, 2.992277221679688e+02, 2.99218505859375e+02, 2.992062683105469e+02, 2.991913757324219e+02, 2.991673278808594e+02, 2.991431884765625e+02]
flo.nor.air.vol.T=[2.971499938964844e+02, 2.96972900390625e+02, 2.970427551269531e+02, 2.970484619140625e+02, 2.970039367675781e+02, 2.970221252441406e+02, 2.969948425292969e+02, 2.969503173828125e+02, 2.969103393554688e+02, 2.968988647460938e+02, 2.969302368164062e+02, 2.970112609863281e+02, 2.971050415039062e+02, 2.972306213378906e+02, 2.966297607421875e+02, 2.960829162597656e+02, 2.961535339355469e+02, 2.962300720214844e+02, 2.965594177246094e+02, 2.970449829101562e+02, 2.972080383300781e+02, 2.971611633300781e+02, 2.971176147460938e+02, 2.972070617675781e+02, 2.972109680175781e+02, 2.971235961914062e+02, 2.971785583496094e+02, 2.971923217773438e+02, 2.9720458984375e+02, 2.969848022460938e+02, 2.973094177246094e+02, 2.972281188964844e+02, 2.970267639160156e+02, 2.973792724609375e+02, 2.972814636230469e+02, 2.968653869628906e+02, 2.973787536621094e+02, 2.9712158203125e+02, 2.969497680664062e+02, 2.971615295410156e+02, 2.981836547851562e+02, 2.98393310546875e+02, 2.983536376953125e+02, 2.98340087890625e+02, 2.983448181152344e+02, 2.983420715332031e+02, 2.983334350585938e+02, 2.983377990722656e+02, 2.983478698730469e+02, 2.983489074707031e+02, 2.983459777832031e+02, 2.983232727050781e+02, 2.982884521484375e+02, 2.982548217773438e+02, 2.98226318359375e+02, 2.982124633789062e+02, 2.982277221679688e+02, 2.982356262207031e+02, 2.982310180664062e+02, 2.982283630371094e+02, 2.982448425292969e+02, 2.974833374023438e+02, 2.957677307128906e+02, 2.970947570800781e+02, 2.972125244140625e+02, 2.971560363769531e+02, 2.971186828613281e+02, 2.971370239257812e+02, 2.973061218261719e+02, 2.972659301757812e+02, 2.968033142089844e+02, 2.974551086425781e+02, 2.973451843261719e+02, 2.966265563964844e+02, 2.974639282226562e+02, 2.973880920410156e+02, 2.966569213867188e+02, 2.974847717285156e+02, 2.975044250488281e+02, 2.969053649902344e+02, 2.978201904296875e+02, 2.971705322265625e+02, 2.9678125e+02, 2.976486511230469e+02, 2.97052001953125e+02, 2.971259155273438e+02, 2.971214294433594e+02, 2.970604553222656e+02, 2.971481628417969e+02, 2.972567749023438e+02, 2.986901550292969e+02, 2.990277709960938e+02, 2.990506286621094e+02, 2.990569458007812e+02, 2.990567626953125e+02, 2.990408630371094e+02, 2.99033203125e+02, 2.990204467773438e+02, 2.990060729980469e+02, 2.989847717285156e+02, 2.989617004394531e+02]
flo.wes.air.vol.T=[2.971499938964844e+02, 2.969977111816406e+02, 2.970537414550781e+02, 2.970552368164062e+02, 2.970625610351562e+02, 2.970450744628906e+02, 2.969982299804688e+02, 2.969661254882812e+02, 2.969356689453125e+02, 2.969208374023438e+02, 2.969333801269531e+02, 2.969586791992188e+02, 2.970007629394531e+02, 2.970712280273438e+02, 2.965339050292969e+02, 2.959518737792969e+02, 2.96021484375e+02, 2.961087951660156e+02, 2.964468383789062e+02, 2.969409790039062e+02, 2.971446838378906e+02, 2.971743469238281e+02, 2.971205444335938e+02, 2.972023620605469e+02, 2.972002258300781e+02, 2.971241149902344e+02, 2.971991271972656e+02, 2.972038269042969e+02, 2.972288818359375e+02, 2.970141296386719e+02, 2.973512878417969e+02, 2.975642700195312e+02, 2.964940185546875e+02, 2.977834777832031e+02, 2.978402709960938e+02, 2.964215087890625e+02, 2.976587829589844e+02, 2.972637023925781e+02, 2.965318908691406e+02, 2.973015747070312e+02, 2.984223937988281e+02, 2.9862890625e+02, 2.986072692871094e+02, 2.985963439941406e+02, 2.985914916992188e+02, 2.985792846679688e+02, 2.985700378417969e+02, 2.985631713867188e+02, 2.985670471191406e+02, 2.985610046386719e+02, 2.985458374023438e+02, 2.98531982421875e+02, 2.984992370605469e+02, 2.984734497070312e+02, 2.984498291015625e+02, 2.984350280761719e+02, 2.984287719726562e+02, 2.984228210449219e+02, 2.9841796875e+02, 2.984109802246094e+02, 2.984002380371094e+02, 2.975410766601562e+02, 2.957381896972656e+02, 2.971260986328125e+02, 2.972109375e+02, 2.971632080078125e+02, 2.971268615722656e+02, 2.971458435058594e+02, 2.973125e+02, 2.97275634765625e+02, 2.966951599121094e+02, 2.974741821289062e+02, 2.973176879882812e+02, 2.96619140625e+02, 2.9746630859375e+02, 2.973859558105469e+02, 2.965613403320312e+02, 2.975205688476562e+02, 2.976767578125e+02, 2.971069030761719e+02, 2.971922302246094e+02, 2.974107971191406e+02, 2.97319091796875e+02, 2.976194458007812e+02, 2.977630615234375e+02, 2.973181457519531e+02, 2.978328247070312e+02, 2.98148193359375e+02, 2.968739624023438e+02, 2.978941650390625e+02, 2.994971923828125e+02, 2.997327575683594e+02, 2.997186584472656e+02, 2.996987609863281e+02, 2.996764831542969e+02, 2.996620788574219e+02, 2.996338806152344e+02, 2.996026000976562e+02, 2.995722961425781e+02, 2.995374145507812e+02, 2.995034484863281e+02]
flo.cor.air.vol.T=[2.971499938964844e+02, 2.971528625488281e+02, 2.972127380371094e+02, 2.9721875e+02, 2.972117919921875e+02, 2.972046203613281e+02, 2.971961059570312e+02, 2.971871032714844e+02, 2.971766357421875e+02, 2.971673889160156e+02, 2.97173583984375e+02, 2.972010803222656e+02, 2.972308654785156e+02, 2.972604370117188e+02, 2.964522705078125e+02, 2.958771667480469e+02, 2.959371032714844e+02, 2.959636535644531e+02, 2.962473754882812e+02, 2.966949768066406e+02, 2.968147277832031e+02, 2.968457336425781e+02, 2.967948608398438e+02, 2.967568359375e+02, 2.968977661132812e+02, 2.969180908203125e+02, 2.968174438476562e+02, 2.968507995605469e+02, 2.971109924316406e+02, 2.968775024414062e+02, 2.97092041015625e+02, 2.971803283691406e+02, 2.968330078125e+02, 2.971228332519531e+02, 2.971238403320312e+02, 2.967976684570312e+02, 2.970476379394531e+02, 2.971288146972656e+02, 2.966397399902344e+02, 2.965625915527344e+02, 2.9769287109375e+02, 2.979707946777344e+02, 2.979717712402344e+02, 2.979793701171875e+02, 2.979871215820312e+02, 2.979922485351562e+02, 2.979931945800781e+02, 2.97996826171875e+02, 2.980033874511719e+02, 2.980075988769531e+02, 2.980063171386719e+02, 2.980047912597656e+02, 2.979973449707031e+02, 2.979909057617188e+02, 2.979862365722656e+02, 2.979841003417969e+02, 2.979891967773438e+02, 2.979943237304688e+02, 2.979973754882812e+02, 2.979999389648438e+02, 2.980050048828125e+02, 2.970867919921875e+02, 2.957089538574219e+02, 2.96615966796875e+02, 2.966792907714844e+02, 2.966757202148438e+02, 2.966236572265625e+02, 2.96557861328125e+02, 2.967784118652344e+02, 2.972201538085938e+02, 2.969378967285156e+02, 2.970119018554688e+02, 2.972688903808594e+02, 2.968511352539062e+02, 2.969684143066406e+02, 2.972951354980469e+02, 2.968493957519531e+02, 2.969563293457031e+02, 2.973021850585938e+02, 2.969451904296875e+02, 2.972681579589844e+02, 2.970772094726562e+02, 2.970333862304688e+02, 2.972515869140625e+02, 2.970445861816406e+02, 2.971718444824219e+02, 2.971498413085938e+02, 2.970498046875e+02, 2.967878112792969e+02, 2.969837036132812e+02, 2.981888427734375e+02, 2.9852587890625e+02, 2.985610046386719e+02, 2.985789184570312e+02, 2.985899963378906e+02, 2.985936584472656e+02, 2.985936279296875e+02, 2.985916137695312e+02, 2.985892333984375e+02, 2.985843505859375e+02, 2.98578125e+02]
hvac.VAVBox[1].TSup=[2.931499938964844e+02, 2.931501770019531e+02, 2.931501770019531e+02, 2.931501770019531e+02, 2.931501770019531e+02, 2.931501770019531e+02, 2.931501770019531e+02, 2.931501770019531e+02, 2.931501770019531e+02, 2.931501770019531e+02, 2.931501770019531e+02, 2.931501770019531e+02, 2.931501770019531e+02, 2.97334716796875e+02, 2.885390625e+02, 2.83835205078125e+02, 2.858629760742188e+02, 2.849789123535156e+02, 2.855794067382812e+02, 2.861116027832031e+02, 2.862238464355469e+02, 2.861468505859375e+02, 2.860737609863281e+02, 2.859376220703125e+02, 2.859710388183594e+02, 2.860731811523438e+02, 2.870595397949219e+02, 2.860049438476562e+02, 2.861757202148438e+02, 2.864140319824219e+02, 2.856077880859375e+02, 2.85932861328125e+02, 2.871394348144531e+02, 2.8502001953125e+02, 2.861079406738281e+02, 2.87157958984375e+02, 2.845771179199219e+02, 2.854980163574219e+02, 2.862939147949219e+02, 2.845450134277344e+02, 2.856148681640625e+02, 2.856148681640625e+02, 2.856148681640625e+02, 2.856148681640625e+02, 2.856148681640625e+02, 2.856148681640625e+02, 2.856148681640625e+02, 2.856148681640625e+02, 2.856148681640625e+02, 2.856148681640625e+02, 2.856148681640625e+02, 2.856148681640625e+02, 2.856148681640625e+02, 2.856148681640625e+02, 2.856148681640625e+02, 2.856148681640625e+02, 2.856148681640625e+02, 2.856148681640625e+02, 2.856148681640625e+02, 2.856148681640625e+02, 2.856458740234375e+02, 2.887271728515625e+02, 2.85982421875e+02, 2.873043823242188e+02, 2.853681335449219e+02, 2.858959350585938e+02, 2.861289672851562e+02, 2.861399841308594e+02, 2.860256652832031e+02, 2.864493713378906e+02, 2.878054809570312e+02, 2.853632507324219e+02, 2.859466552734375e+02, 2.877906494140625e+02, 2.848849487304688e+02, 2.857474060058594e+02, 2.877393798828125e+02, 2.849631958007812e+02, 2.857667846679688e+02, 2.891946411132812e+02, 2.903221435546875e+02, 2.889856567382812e+02, 2.862645263671875e+02, 2.850325927734375e+02, 2.870887451171875e+02, 2.86402587890625e+02, 2.850792236328125e+02, 2.859029846191406e+02, 2.856127624511719e+02, 2.850882263183594e+02, 2.857688293457031e+02, 2.857688293457031e+02, 2.857688293457031e+02, 2.857688293457031e+02, 2.857688293457031e+02, 2.857688293457031e+02, 2.857688293457031e+02, 2.857688293457031e+02, 2.857688293457031e+02, 2.857688293457031e+02, 2.857688293457031e+02]
hvac.VAVBox[2].TSup=[2.931499938964844e+02, 2.931501770019531e+02, 2.931501770019531e+02, 2.931501770019531e+02, 2.931501770019531e+02, 2.931501770019531e+02, 2.931501770019531e+02, 2.931501770019531e+02, 2.931501770019531e+02, 2.931501770019531e+02, 2.931501770019531e+02, 2.931501770019531e+02, 2.931501770019531e+02, 2.973898010253906e+02, 2.885403747558594e+02, 2.838348083496094e+02, 2.858626098632812e+02, 2.849781494140625e+02, 2.855788879394531e+02, 2.861118469238281e+02, 2.862238159179688e+02, 2.861467895507812e+02, 2.860737609863281e+02, 2.859375915527344e+02, 2.859710388183594e+02, 2.860731811523438e+02, 2.870597839355469e+02, 2.860051574707031e+02, 2.861756896972656e+02, 2.864147644042969e+02, 2.856080322265625e+02, 2.859328002929688e+02, 2.871409606933594e+02, 2.850199279785156e+02, 2.861078796386719e+02, 2.871610412597656e+02, 2.845769958496094e+02, 2.854979858398438e+02, 2.862953186035156e+02, 2.845424194335938e+02, 2.855764465332031e+02, 2.855764465332031e+02, 2.855764465332031e+02, 2.855764465332031e+02, 2.855764465332031e+02, 2.855764465332031e+02, 2.855764465332031e+02, 2.855764465332031e+02, 2.855764465332031e+02, 2.855764465332031e+02, 2.855764465332031e+02, 2.855764465332031e+02, 2.855764465332031e+02, 2.855764465332031e+02, 2.855764465332031e+02, 2.855764465332031e+02, 2.855764465332031e+02, 2.855764465332031e+02, 2.855764465332031e+02, 2.855764465332031e+02, 2.856208190917969e+02, 2.887271728515625e+02, 2.859849853515625e+02, 2.873043823242188e+02, 2.853641662597656e+02, 2.858970031738281e+02, 2.861289978027344e+02, 2.861399841308594e+02, 2.860253601074219e+02, 2.864495849609375e+02, 2.878054504394531e+02, 2.853635864257812e+02, 2.859466552734375e+02, 2.877906494140625e+02, 2.848821411132812e+02, 2.857474060058594e+02, 2.877393798828125e+02, 2.849665222167969e+02, 2.857667846679688e+02, 2.891946411132812e+02, 2.903221435546875e+02, 2.889857177734375e+02, 2.86264892578125e+02, 2.850323181152344e+02, 2.870884094238281e+02, 2.864041137695312e+02, 2.850792541503906e+02, 2.859027099609375e+02, 2.856149597167969e+02, 2.850880126953125e+02, 2.85725341796875e+02, 2.85725341796875e+02, 2.85725341796875e+02, 2.85725341796875e+02, 2.85725341796875e+02, 2.85725341796875e+02, 2.85725341796875e+02, 2.85725341796875e+02, 2.85725341796875e+02, 2.85725341796875e+02, 2.85725341796875e+02]
hvac.VAVBox[3].TSup=[2.931499938964844e+02, 2.931501770019531e+02, 2.931501770019531e+02, 2.931501770019531e+02, 2.931501770019531e+02, 2.931501770019531e+02, 2.931501770019531e+02, 2.931501770019531e+02, 2.931501770019531e+02, 2.931501770019531e+02, 2.931501770019531e+02, 2.931501770019531e+02, 2.931501770019531e+02, 2.973435668945312e+02, 2.885392761230469e+02, 2.838353576660156e+02, 2.858629760742188e+02, 2.849789123535156e+02, 2.855794067382812e+02, 2.861116027832031e+02, 2.862238464355469e+02, 2.861468811035156e+02, 2.860737609863281e+02, 2.859376525878906e+02, 2.859710083007812e+02, 2.860730895996094e+02, 2.870606384277344e+02, 2.860052185058594e+02, 2.861756591796875e+02, 2.864147338867188e+02, 2.856080322265625e+02, 2.859328002929688e+02, 2.87140625e+02, 2.850199584960938e+02, 2.861079406738281e+02, 2.871598205566406e+02, 2.845770263671875e+02, 2.854979858398438e+02, 2.862949523925781e+02, 2.845434875488281e+02, 2.85580078125e+02, 2.85580078125e+02, 2.85580078125e+02, 2.85580078125e+02, 2.85580078125e+02, 2.85580078125e+02, 2.85580078125e+02, 2.85580078125e+02, 2.85580078125e+02, 2.85580078125e+02, 2.85580078125e+02, 2.85580078125e+02, 2.85580078125e+02, 2.85580078125e+02, 2.85580078125e+02, 2.85580078125e+02, 2.85580078125e+02, 2.85580078125e+02, 2.85580078125e+02, 2.85580078125e+02, 2.856135559082031e+02, 2.887271728515625e+02, 2.859830627441406e+02, 2.873043518066406e+02, 2.853679504394531e+02, 2.8589599609375e+02, 2.861289672851562e+02, 2.861399841308594e+02, 2.860256958007812e+02, 2.864491882324219e+02, 2.878055419921875e+02, 2.853631591796875e+02, 2.859465942382812e+02, 2.8779052734375e+02, 2.848863525390625e+02, 2.85747314453125e+02, 2.877392272949219e+02, 2.849677124023438e+02, 2.857667846679688e+02, 2.891946411132812e+02, 2.903226623535156e+02, 2.889858703613281e+02, 2.862649841308594e+02, 2.850321960449219e+02, 2.870883483886719e+02, 2.864039916992188e+02, 2.850792541503906e+02, 2.859028625488281e+02, 2.8561376953125e+02, 2.85088134765625e+02, 2.857434387207031e+02, 2.857434387207031e+02, 2.857434387207031e+02, 2.857434387207031e+02, 2.857434387207031e+02, 2.857434387207031e+02, 2.857434387207031e+02, 2.857434387207031e+02, 2.857434387207031e+02, 2.857434387207031e+02, 2.857434387207031e+02]
hvac.VAVBox[4].TSup=[2.931499938964844e+02, 2.931501770019531e+02, 2.931501770019531e+02, 2.931501770019531e+02, 2.931501770019531e+02, 2.931501770019531e+02, 2.931501770019531e+02, 2.931501770019531e+02, 2.931501770019531e+02, 2.931501770019531e+02, 2.931501770019531e+02, 2.931501770019531e+02, 2.931501770019531e+02, 2.973149719238281e+02, 2.885380859375e+02, 2.838327026367188e+02, 2.858624877929688e+02, 2.849781188964844e+02, 2.85578857421875e+02, 2.861114807128906e+02, 2.86223876953125e+02, 2.8614697265625e+02, 2.860737609863281e+02, 2.859377136230469e+02, 2.859709777832031e+02, 2.860729370117188e+02, 2.870613098144531e+02, 2.860053100585938e+02, 2.861756591796875e+02, 2.864146118164062e+02, 2.856078796386719e+02, 2.85932861328125e+02, 2.871394958496094e+02, 2.850201416015625e+02, 2.861079406738281e+02, 2.87157958984375e+02, 2.845770568847656e+02, 2.854980163574219e+02, 2.862940063476562e+02, 2.845444030761719e+02, 2.856075439453125e+02, 2.856075439453125e+02, 2.856075439453125e+02, 2.856075439453125e+02, 2.856075439453125e+02, 2.856075439453125e+02, 2.856075439453125e+02, 2.856075439453125e+02, 2.856075439453125e+02, 2.856075439453125e+02, 2.856075439453125e+02, 2.856075439453125e+02, 2.856075439453125e+02, 2.856075439453125e+02, 2.856075439453125e+02, 2.856075439453125e+02, 2.856075439453125e+02, 2.856075439453125e+02, 2.856075439453125e+02, 2.856075439453125e+02, 2.856426696777344e+02, 2.887271728515625e+02, 2.8598388671875e+02, 2.873041076660156e+02, 2.853685607910156e+02, 2.858958740234375e+02, 2.861289672851562e+02, 2.861399841308594e+02, 2.860256652832031e+02, 2.864492797851562e+02, 2.878055114746094e+02, 2.853631591796875e+02, 2.859465942382812e+02, 2.877904357910156e+02, 2.848865356445312e+02, 2.857473449707031e+02, 2.877391967773438e+02, 2.849669799804688e+02, 2.857667846679688e+02, 2.891946411132812e+02, 2.903221435546875e+02, 2.889856567382812e+02, 2.862645263671875e+02, 2.850325927734375e+02, 2.870887451171875e+02, 2.864019470214844e+02, 2.850792846679688e+02, 2.859029846191406e+02, 2.856116943359375e+02, 2.850886535644531e+02, 2.857999877929688e+02, 2.857999877929688e+02, 2.857999877929688e+02, 2.857999877929688e+02, 2.857999877929688e+02, 2.857999877929688e+02, 2.857999877929688e+02, 2.857999877929688e+02, 2.857999877929688e+02, 2.857999877929688e+02, 2.857999877929688e+02]
hvac.VAVBox[5].TSup=[2.931499938964844e+02, 2.931501770019531e+02, 2.931501770019531e+02, 2.931501770019531e+02, 2.931501770019531e+02, 2.931501770019531e+02, 2.931501770019531e+02, 2.931501770019531e+02, 2.931501770019531e+02, 2.931501770019531e+02, 2.931501770019531e+02, 2.931501770019531e+02, 2.931501770019531e+02, 2.973606567382812e+02, 2.885394897460938e+02, 2.838355102539062e+02, 2.858629760742188e+02, 2.849789123535156e+02, 2.855794067382812e+02, 2.861116027832031e+02, 2.862238464355469e+02, 2.8614697265625e+02, 2.860737609863281e+02, 2.859377136230469e+02, 2.859709167480469e+02, 2.860725708007812e+02, 2.870627136230469e+02, 2.860058898925781e+02, 2.861748657226562e+02, 2.864165649414062e+02, 2.85609130859375e+02, 2.859308166503906e+02, 2.871426696777344e+02, 2.850181884765625e+02, 2.861063232421875e+02, 2.871636352539062e+02, 2.845762329101562e+02, 2.854979248046875e+02, 2.862962646484375e+02, 2.845428466796875e+02, 2.855655822753906e+02, 2.855655822753906e+02, 2.855655822753906e+02, 2.855655822753906e+02, 2.855655822753906e+02, 2.855655822753906e+02, 2.855655822753906e+02, 2.855655822753906e+02, 2.855655822753906e+02, 2.855655822753906e+02, 2.855655822753906e+02, 2.855655822753906e+02, 2.855655822753906e+02, 2.855655822753906e+02, 2.855655822753906e+02, 2.855655822753906e+02, 2.855655822753906e+02, 2.855655822753906e+02, 2.855655822753906e+02, 2.855655822753906e+02, 2.855823669433594e+02, 2.887271728515625e+02, 2.859899597167969e+02, 2.8730419921875e+02, 2.853685607910156e+02, 2.858954467773438e+02, 2.861289367675781e+02, 2.861399841308594e+02, 2.860258483886719e+02, 2.864456481933594e+02, 2.87805908203125e+02, 2.853626098632812e+02, 2.859456787109375e+02, 2.8778955078125e+02, 2.848909912109375e+02, 2.857461242675781e+02, 2.877380065917969e+02, 2.8497265625e+02, 2.857658081054688e+02, 2.891845092773438e+02, 2.903233032226562e+02, 2.889885559082031e+02, 2.862714538574219e+02, 2.850315551757812e+02, 2.870857238769531e+02, 2.864108276367188e+02, 2.850790710449219e+02, 2.859000244140625e+02, 2.856166381835938e+02, 2.850857238769531e+02, 2.856242370605469e+02, 2.856242370605469e+02, 2.856242370605469e+02, 2.856242370605469e+02, 2.856242370605469e+02, 2.856242370605469e+02, 2.856242370605469e+02, 2.856242370605469e+02, 2.856242370605469e+02, 2.856242370605469e+02, 2.856242370605469e+02]
hvac.VAVBox[1].vav.m_flow=[9.180855945270516e-13, 1.215830630618697e-10, 1.178344505303741e-10, 2.298853885029928e-10, 1.956828865612437e-10, 3.214480348567861e-10, 3.172157536646125e-10, 2.889572470188284e-10, 2.372570750974745e-10, 1.390966924974535e-10, 3.094244652168676e-11, 5.282099063697032e-11, 1.070767571831333e-10, 5.3089689463377e-02, 1.370734125375748e-01, 1.887131184339523e-01, 1.99119821190834e-01, 2.022490501403809e-01, 2.00759619474411e-01, 1.934584975242615e-01, 2.221506834030151e-01, 2.91445255279541e-01, 3.519390821456909e-01, 3.423488140106201e-01, 4.056903123855591e-01, 4.297455847263336e-01, 5.71438729763031e-01, 5.370923280715942e-01, 4.714213013648987e-01, 7.998465299606323e-01, 5.553672909736633e-01, 4.730817675590515e-01, 1.116764426231384e+00, 4.023184776306152e-01, 4.695671200752258e-01, 1.113396406173706e+00, 3.853485882282257e-01, 4.962773621082306e-01, 7.490328550338745e-01, 2.619505524635315e-01, 4.00249333676328e-10, 2.601400761470529e-10, 1.538627697472705e-10, 1.694439033528283e-10, 1.13574552540463e-10, 1.350173306491342e-10, 1.869235599638586e-10, 1.179440850540558e-10, 4.560258559660468e-10, 1.127568663439327e-10, 1.669435284457066e-10, 1.102168772915135e-10, 4.336977998953273e-11, 1.258804258746915e-11, 1.846809516295803e-13, 1.36868927649858e-11, 1.677683131307006e-10, 2.127971687748698e-10, 1.294587215205922e-10, 1.376197211744312e-10, 8.556594140827656e-03, 2.489248514175415e-01, 7.045691013336182e-01, 1.925393342971802e-01, 1.599018126726151e-01, 1.946047842502594e-01, 2.181767970323563e-01, 2.275727391242981e-01, 2.785994410514832e-01, 4.389413297176361e-01, 8.116052150726318e-01, 3.691518902778625e-01, 4.503245949745178e-01, 9.975340962409973e-01, 4.029709994792938e-01, 4.792830348014832e-01, 9.899002313613892e-01, 7.009966373443604e-01, 4.5157590508461e-01, 9.801130890846252e-01, 1.18355929851532e+00, 9.677689671516418e-01, 8.639949560165405e-01, 7.376517057418823e-01, 8.755589723587036e-01, 8.924666047096252e-01, 4.610958099365234e-01, 6.211310029029846e-01, 6.264912486076355e-01, 3.999568819999695e-01, 1.210621464187156e-10, 1.166940710728426e-10, 1.328331611372136e-10, 2.124525139146627e-10, 2.644377772309525e-10, 1.263927990047264e-10, 2.307000979140383e-10, 3.035750817392824e-10, 3.275382187695186e-10, 2.884761873822583e-10, 2.207568433609808e-10]
hvac.VAVBox[2].vav.m_flow=[8.718362945643598e-13, 1.154582193740872e-10, 1.118984419012925e-10, 2.183047215220668e-10, 1.858252024478091e-10, 3.052548214199646e-10, 3.012357585596703e-10, 2.744007798760606e-10, 2.253050523925992e-10, 1.32089575388683e-10, 2.938369686455999e-11, 5.016009135827559e-11, 1.016826761679468e-10, 1.74773246049881e-01, 2.042813152074814e-01, 1.740234792232513e-01, 1.66848286986351e-01, 1.662579476833344e-01, 1.642646640539169e-01, 2.588632702827454e-01, 3.581726849079132e-01, 3.542917966842651e-01, 3.967201113700867e-01, 4.834572970867157e-01, 4.20098602771759e-01, 4.080968201160431e-01, 4.79263573884964e-01, 3.596607148647308e-01, 4.321581423282623e-01, 4.576643705368042e-01, 3.882018625736237e-01, 4.328271150588989e-01, 4.400529265403748e-01, 3.559370636940002e-01, 4.33413952589035e-01, 4.237401485443115e-01, 3.124481737613678e-01, 3.425449728965759e-01, 3.11798632144928e-01, 1.695708334445953e-01, 3.800864345482324e-10, 2.470353088757093e-10, 1.461118032120012e-10, 1.609080230169369e-10, 1.078531430831475e-10, 1.282157158222219e-10, 1.775071339915613e-10, 1.120025530654267e-10, 4.330531766516543e-10, 1.070766461608308e-10, 1.585336167897466e-10, 1.046646103119997e-10, 4.11849929160546e-11, 1.19539092166554e-11, 1.753774941026451e-13, 1.299740436805363e-11, 1.593168513780441e-10, 2.020773409716625e-10, 1.22937132696066e-10, 1.306870167638863e-10, 8.235735818743706e-03, 2.363850623369217e-01, 5.464382171630859e-01, 1.840151846408844e-01, 2.966618537902832e-01, 3.718708753585815e-01, 3.795314729213715e-01, 4.571024179458618e-01, 5.532335042953491e-01, 4.498628675937653e-01, 8.655221462249756e-01, 5.445232391357422e-01, 4.276430606842041e-01, 9.472824931144714e-01, 6.316758394241333e-01, 4.551397562026978e-01, 9.400331974029541e-01, 3.805773556232452e-01, 4.288274049758911e-01, 9.307391047477722e-01, 1.081143617630005e+00, 8.825938105583191e-01, 7.364134192466736e-01, 4.211295247077942e-01, 7.069692611694336e-01, 5.860215425491333e-01, 4.774519503116608e-01, 5.240166783332825e-01, 3.11797171831131e-01, 3.411207497119904e-01, 1.149635386887837e-10, 1.108155164852853e-10, 1.261415832898294e-10, 2.01750047224003e-10, 2.51116516469807e-10, 1.200256560807134e-10, 2.190783943145647e-10, 2.882822314198563e-10, 3.110382229554176e-10, 2.739439786125786e-10, 2.096360307568546e-10]
hvac.VAVBox[3].vav.m_flow=[9.180855945270516e-13, 1.215830630618697e-10, 1.178344505303741e-10, 2.298853885029928e-10, 1.956828865612437e-10, 3.214480348567861e-10, 3.172157536646125e-10, 2.889572470188284e-10, 2.372570750974745e-10, 1.390966924974535e-10, 3.094244652168676e-11, 5.282099063697032e-11, 1.070767571831333e-10, 6.130732968449593e-02, 1.455896198749542e-01, 1.906168460845947e-01, 1.99509859085083e-01, 2.02327162027359e-01, 2.007747292518616e-01, 1.934613585472107e-01, 2.067216336727142e-01, 2.542892396450043e-01, 2.900108993053436e-01, 2.673144042491913e-01, 3.120135962963104e-01, 3.666265308856964e-01, 3.669012188911438e-01, 3.539331555366516e-01, 4.303346276283264e-01, 4.901085495948792e-01, 4.1060471534729e-01, 4.613707959651947e-01, 5.261340141296387e-01, 3.850238919258118e-01, 4.695632755756378e-01, 5.85328221321106e-01, 3.402239978313446e-01, 4.025106132030487e-01, 3.841152191162109e-01, 2.050186395645142e-01, 4.00249333676328e-10, 2.601400761470529e-10, 1.538627697472705e-10, 1.694439033528283e-10, 1.13574552540463e-10, 1.350173306491342e-10, 1.869235599638586e-10, 1.179440850540558e-10, 4.560258559660468e-10, 1.127568663439327e-10, 1.669435284457066e-10, 1.102168772915135e-10, 4.336977998953273e-11, 1.258804258746915e-11, 1.846809922871617e-13, 1.36868927649858e-11, 1.677683131307006e-10, 2.127971687748698e-10, 1.294587215205922e-10, 1.376197211744312e-10, 7.245881017297506e-03, 2.489248514175415e-01, 6.674147844314575e-01, 1.913062334060669e-01, 1.634456813335419e-01, 1.98599636554718e-01, 2.156425565481186e-01, 2.253487408161163e-01, 2.663570940494537e-01, 4.131865203380585e-01, 6.712744832038879e-01, 3.327263593673706e-01, 4.231329262256622e-01, 7.998963594436646e-01, 3.362084627151489e-01, 4.381335377693176e-01, 8.037059307098389e-01, 3.472874760627747e-01, 4.506193399429321e-01, 9.801130890846252e-01, 6.010074615478516e-01, 8.564081192016602e-01, 7.537853121757507e-01, 3.798722624778748e-01, 7.239313125610352e-01, 6.328257918357849e-01, 5.283745527267456e-01, 5.876452326774597e-01, 4.44813996553421e-01, 3.824047148227692e-01, 1.210621464187156e-10, 1.166940710728426e-10, 1.328331611372136e-10, 2.124525139146627e-10, 2.644377772309525e-10, 1.263927990047264e-10, 2.307000979140383e-10, 3.035750817392824e-10, 3.275382187695186e-10, 2.884761873822583e-10, 2.207568433609808e-10]
hvac.VAVBox[4].vav.m_flow=[6.780948957722799e-13, 8.980084037490954e-11, 8.7032117623842e-11, 1.697925688937119e-10, 1.445307068470569e-10, 2.374204166599725e-10, 2.342944727118379e-10, 2.134228349603973e-10, 1.752372691399273e-10, 1.027363402683612e-10, 2.285398606471922e-11, 3.901340361878169e-11, 7.908652899235591e-11, 2.98102218657732e-02, 8.038783073425293e-02, 1.180449724197388e-01, 1.261506527662277e-01, 1.285656988620758e-01, 1.27611830830574e-01, 1.225584000349045e-01, 1.205273196101189e-01, 1.420352458953857e-01, 1.668783575296402e-01, 1.524335891008377e-01, 1.878052353858948e-01, 2.218796014785767e-01, 2.230101823806763e-01, 2.352398037910461e-01, 3.114101588726044e-01, 3.852306008338928e-01, 3.521208763122559e-01, 3.49416583776474e-01, 7.830398678779602e-01, 3.249306678771973e-01, 3.468206822872162e-01, 8.211730122566223e-01, 2.653302550315857e-01, 3.650068044662476e-01, 5.073792338371277e-01, 1.745403558015823e-01, 2.956227762584973e-10, 1.921385828218547e-10, 1.136425120673579e-10, 1.251506814847758e-10, 8.388578026652382e-11, 9.972333375740661e-11, 1.380611042156588e-10, 8.71130945157006e-11, 3.368191558994482e-10, 8.328183281891555e-11, 1.233039226278265e-10, 8.140580570747957e-11, 3.203277226804246e-11, 9.297485524528692e-12, 1.364047221528997e-13, 1.010909238263746e-11, 1.239131158792262e-10, 1.571712621162291e-10, 9.56177706457062e-11, 1.016454559410462e-10, 6.593714002519846e-03, 1.838550418615341e-01, 4.612978100776672e-01, 1.258561313152313e-01, 1.11685574054718e-01, 1.39466717839241e-01, 1.588538438081741e-01, 1.676873117685318e-01, 2.015839219093323e-01, 3.150251507759094e-01, 5.212064981460571e-01, 2.476413995027542e-01, 3.151722550392151e-01, 5.162754058837891e-01, 2.432296127080917e-01, 3.29338401556015e-01, 5.745435357093811e-01, 2.798877358436584e-01, 3.335323631763458e-01, 7.239081859588623e-01, 8.732540011405945e-01, 7.147902250289917e-01, 6.381437182426453e-01, 5.448270440101624e-01, 6.466848850250244e-01, 8.096418976783752e-01, 5.365027189254761e-01, 4.587652683258057e-01, 8.386011123657227e-01, 3.926407098770142e-01, 8.941608564683179e-11, 8.618984692621012e-11, 9.811012419147502e-11, 1.569167018544704e-10, 1.953128353493483e-10, 9.335328343684779e-11, 1.703943097730587e-10, 2.242195179524842e-10, 2.419186240221194e-10, 2.130675358369416e-10, 1.630502538541023e-10]
hvac.VAVBox[5].vav.m_flow=[4.355002903438931e-12, 5.767377131427054e-10, 5.589558815799478e-10, 1.090477264042988e-09, 9.282353774509033e-10, 1.524811055197972e-09, 1.504734892243675e-09, 1.370688784696483e-09, 1.125445403538095e-09, 6.598148138969862e-10, 1.467776455932324e-10, 2.505600449342893e-10, 5.07926034565287e-10, 3.942314386367798e-01, 7.347015738487244e-01, 9.138853549957275e-01, 9.483693242073059e-01, 9.601495265960693e-01, 9.524655938148499e-01, 9.177119731903076e-01, 9.040022492408752e-01, 9.167568683624268e-01, 1.005756974220276e+00, 1.003722786903381e+00, 8.94013524055481e-01, 9.395001530647278e-01, 1.045076608657837e+00, 9.236811399459839e-01, 9.055976271629333e-01, 1.15228259563446e+00, 8.797955513000488e-01, 9.867160320281982e-01, 1.320671439170837e+00, 8.578664660453796e-01, 1.20920729637146e+00, 1.407239198684692e+00, 8.596126437187195e-01, 7.548841834068298e-01, 1.120132327079773e+00, 8.949307203292847e-01, 1.898610602069084e-09, 1.233992574789511e-09, 7.29858729009436e-10, 8.037688847828406e-10, 5.387487678198966e-10, 6.404640706669795e-10, 8.866848921762482e-10, 5.594759655558335e-10, 2.163190293558159e-09, 5.348700371499149e-10, 7.919082611884676e-10, 5.228213972863216e-10, 2.057275599876007e-10, 5.971225597312113e-11, 8.760470647517504e-13, 6.492472531816063e-11, 7.958206871272466e-10, 1.009418104658266e-09, 6.140964403655857e-10, 6.528086959889379e-10, 1.710501126945019e-02, 1.180792331695557e+00, 2.036149978637695e+00, 8.434702157974243e-01, 7.172505259513855e-01, 7.470229268074036e-01, 8.492849469184875e-01, 1.023754119873047e+00, 9.797319173812866e-01, 9.175313115119934e-01, 1.409289479255676e+00, 1.006542205810547e+00, 1.032320141792297e+00, 1.496706008911133e+00, 1.023431777954102e+00, 9.971049427986145e-01, 1.429576635360718e+00, 1.023470640182495e+00, 1.181257367134094e+00, 1.685172080993652e+00, 1.83364999294281e+00, 1.767480969429016e+00, 1.286303281784058e+00, 1.026980400085449e+00, 1.556675791740417e+00, 1.241714477539062e+00, 1.119728207588196e+00, 1.262706995010376e+00, 1.142091512680054e+00, 7.814672589302063e-01, 5.742666897567972e-10, 5.535464309147642e-10, 6.301033583788751e-10, 1.007783301254506e-09, 1.254378934056888e-09, 5.995530183433573e-10, 1.094341950391708e-09, 1.440029540056287e-09, 1.553700279544046e-09, 1.368406832291669e-09, 1.047175457458138e-09]
hvac.conAHU.VEffAirOut_flow_min=[0e+00, 0e+00, 0e+00, 0e+00, 0e+00, 0e+00, 0e+00, 0e+00, 0e+00, 0e+00, 0e+00, 0e+00, 0e+00, 5.943382978439331e-01, 8.475949168205261e-01, 7.002161145210266e-01, 6.854351162910461e-01, 6.834894418716431e-01, 6.835002303123474e-01, 7.068238258361816e-01, 7.397924065589905e-01, 7.605664134025574e-01, 7.57501482963562e-01, 7.637106776237488e-01, 8.188772201538086e-01, 8.130099773406982e-01, 7.978053092956543e-01, 8.287956118583679e-01, 8.604965806007385e-01, 8.055945634841919e-01, 8.845899105072021e-01, 8.289299607276917e-01, 8.0068439245224e-01, 8.623027205467224e-01, 7.589202523231506e-01, 7.846608757972717e-01, 8.330278396606445e-01, 9.727668166160583e-01, 8.018063902854919e-01, 7.221003770828247e-01, 0e+00, 0e+00, 0e+00, 0e+00, 0e+00, 0e+00, 0e+00, 0e+00, 0e+00, 0e+00, 0e+00, 0e+00, 0e+00, 0e+00, 0e+00, 0e+00, 0e+00, 0e+00, 0e+00, 0e+00, 0e+00, 0e+00, 0e+00, 7.097529768943787e-01, 7.729227542877197e-01, 8.093805313110352e-01, 7.731430530548096e-01, 7.341465950012207e-01, 7.792433500289917e-01, 8.50080668926239e-01, 7.813205718994141e-01, 7.949435710906982e-01, 7.996947765350342e-01, 7.788337469100952e-01, 8.026846051216125e-01, 8.228182196617126e-01, 7.932957410812378e-01, 8.129577040672302e-01, 7.608495950698853e-01, 7.596331238746643e-01, 7.447010278701782e-01, 7.446990013122559e-01, 8.150021433830261e-01, 8.479875922203064e-01, 7.587742805480957e-01, 8.243778347969055e-01, 8.060665130615234e-01, 7.796565294265747e-01, 8.151707649230957e-01, 9.283214807510376e-01, 0e+00, 0e+00, 0e+00, 0e+00, 0e+00, 0e+00, 0e+00, 0e+00, 0e+00, 0e+00, 0e+00]
hvac.conAHU.VAirOut_flow=[0e+00, -1.553252426851615e-13, -6.900375588850607e-14, 4.227981896878785e-13, 2.293255646143577e-13, 1.199539599594512e-13, -3.961521742935935e-16, 1.539123781766141e-13, -6.001896570885512e-14, 4.36429185976181e-13, -8.815569259822131e-14, 5.201500918893855e-14, 1.386967662031155e-13, 2.333611337235197e-04, 1.085013389587402e+00, 1.321066975593567e+00, 1.366663813591003e+00, 1.382958054542542e+00, 1.371564269065857e+00, 1.405040860176086e+00, 1.509639739990234e+00, 1.632343292236328e+00, 1.842734217643738e+00, 1.874419212341309e+00, 1.849681735038757e+00, 1.971484422683716e+00, 2.238132953643799e+00, 2.008026838302612e+00, 2.125699520111084e+00, 2.737723112106323e+00, 2.155129909515381e+00, 2.252666473388672e+00, 3.489082336425781e+00, 1.938403129577637e+00, 2.440214872360229e+00, 3.626156806945801e+00, 1.802476167678833e+00, 1.967671990394592e+00, 2.56051778793335e+00, 1.42168927192688e+00, 5.037773452420274e-17, 1.297608318515408e-17, 4.732453809137561e-17, -1.435002058730955e-16, -1.656358767023697e-16, -1.755587618003355e-17, 1.221278407694729e-17, 1.450268140156764e-17, 7.022350472013418e-17, 3.434845656058276e-17, 2.366226904568781e-17, 1.679257872618799e-17, 1.602927961798121e-17, 2.289896911030041e-18, -2.442556815389459e-17, -8.396289363093994e-18, -9.159587644120164e-18, 3.28218583441692e-17, 3.434845656058276e-17, 2.618115577189794e-16, 7.955233138901008e-10, 5.125265545302682e-08, 2.271283676691382e-07, 1.280997276306152e+00, 1.207449913024902e+00, 1.376296520233154e+00, 1.517903804779053e+00, 1.751202344894409e+00, 1.899611592292786e+00, 2.112025022506714e+00, 3.56560754776001e+00, 2.085328340530396e+00, 2.207065343856812e+00, 3.964534282684326e+00, 2.198158025741577e+00, 2.249074220657349e+00, 3.947923421859741e+00, 2.277211904525757e+00, 2.371398210525513e+00, 4.41614818572998e+00, 4.643885135650635e+00, 4.324392795562744e+00, 3.565765380859375e+00, 2.592090368270874e+00, 3.757849216461182e+00, 3.469116687774658e+00, 2.602690696716309e+00, 2.878272294998169e+00, 2.803465604782104e+00, 1.914644122123718e+00, 1.908247439644711e-17, -1.526598009618412e-18, 4.961443541599596e-17, 6.411711847192483e-17, 3.205855923596241e-17, 4.808783719958239e-17, 4.198144433392813e-17, 4.274474344213492e-17, 5.572082497292777e-17, 2.740243434502879e-16, 2.213567082927424e-17]
hvac.conAHU.yOutDam=[0e+00, 0e+00, 0e+00, 0e+00, 0e+00, 0e+00, 0e+00, 0e+00, 0e+00, 0e+00, 0e+00, 0e+00, 0e+00, 1.167105436325073e-01, 1e+00, 1e+00, 1e+00, 1e+00, 1e+00, 1e+00, 1e+00, 1e+00, 1e+00, 1e+00, 1e+00, 1e+00, 1e+00, 1e+00, 1e+00, 1e+00, 1e+00, 1e+00, 1e+00, 1e+00, 1e+00, 1e+00, 1e+00, 1e+00, 1e+00, 1e+00, 0e+00, 0e+00, 0e+00, 0e+00, 0e+00, 0e+00, 0e+00, 0e+00, 0e+00, 0e+00, 0e+00, 0e+00, 0e+00, 0e+00, 0e+00, 0e+00, 0e+00, 0e+00, 0e+00, 0e+00, 0e+00, 0e+00, 0e+00, 1e+00, 1e+00, 1e+00, 1e+00, 1e+00, 1e+00, 1e+00, 1e+00, 1e+00, 1e+00, 1e+00, 1e+00, 1e+00, 1e+00, 1e+00, 1e+00, 1e+00, 1e+00, 1e+00, 1e+00, 1e+00, 1e+00, 1e+00, 1e+00, 1e+00, 1e+00, 1e+00, 0e+00, 0e+00, 0e+00, 0e+00, 0e+00, 0e+00, 0e+00, 0e+00, 0e+00, 0e+00, 0e+00]
hvac.conAHU.ecoCon.modRel.uOutDam_min=[0e+00, 0e+00, 0e+00, 0e+00, 0e+00, 0e+00, 0e+00, 0e+00, 0e+00, 0e+00, 0e+00, 0e+00, 0e+00, 1.167105436325073e-01, 5.437484011054039e-02, 0e+00, 0e+00, 0e+00, 0e+00, 0e+00, 0e+00, 0e+00, 0e+00, 0e+00, 0e+00, 0e+00, 0e+00, 0e+00, 0e+00, 0e+00, 0e+00, 0e+00, 0e+00, 0e+00, 0e+00, 0e+00, 0e+00, 0e+00, 0e+00, 0e+00, 0e+00, 0e+00, 0e+00, 0e+00, 0e+00, 0e+00, 0e+00, 0e+00, 0e+00, 0e+00, 0e+00, 0e+00, 0e+00, 0e+00, 0e+00, 0e+00, 0e+00, 0e+00, 0e+00, 0e+00, 0e+00, 0e+00, 0e+00, 0e+00, 0e+00, 0e+00, 0e+00, 0e+00, 0e+00, 0e+00, 0e+00, 0e+00, 0e+00, 0e+00, 0e+00, 0e+00, 0e+00, 0e+00, 0e+00, 0e+00, 0e+00, 0e+00, 0e+00, 0e+00, 0e+00, 0e+00, 0e+00, 0e+00, 0e+00, 0e+00, 0e+00, 0e+00, 0e+00, 0e+00, 0e+00, 0e+00, 0e+00, 0e+00, 0e+00, 0e+00, 0e+00]
hvac.conAHU.ecoCon.modRel.uOutDam_max=[0e+00, 0e+00, 0e+00, 0e+00, 0e+00, 0e+00, 0e+00, 0e+00, 0e+00, 0e+00, 0e+00, 0e+00, 0e+00, 1.167105436325073e-01, 1e+00, 1e+00, 1e+00, 1e+00, 1e+00, 1e+00, 1e+00, 1e+00, 1e+00, 1e+00, 1e+00, 1e+00, 1e+00, 1e+00, 1e+00, 1e+00, 1e+00, 1e+00, 1e+00, 1e+00, 1e+00, 1e+00, 1e+00, 1e+00, 1e+00, 1e+00, 0e+00, 0e+00, 0e+00, 0e+00, 0e+00, 0e+00, 0e+00, 0e+00, 0e+00, 0e+00, 0e+00, 0e+00, 0e+00, 0e+00, 0e+00, 0e+00, 0e+00, 0e+00, 0e+00, 0e+00, 0e+00, 0e+00, 0e+00, 1e+00, 1e+00, 1e+00, 1e+00, 1e+00, 1e+00, 1e+00, 1e+00, 1e+00, 1e+00, 1e+00, 1e+00, 1e+00, 1e+00, 1e+00, 1e+00, 1e+00, 1e+00, 1e+00, 1e+00, 1e+00, 1e+00, 1e+00, 1e+00, 1e+00, 1e+00, 1e+00, 0e+00, 0e+00, 0e+00, 0e+00, 0e+00, 0e+00, 0e+00, 0e+00, 0e+00, 0e+00, 0e+00]
hvac.conAHU.yRetDam=[1e+00, 1e+00, 1e+00, 1e+00, 1e+00, 1e+00, 1e+00, 1e+00, 1e+00, 1e+00, 1e+00, 1e+00, 1e+00, 1e+00, 0e+00, 0e+00, 0e+00, 0e+00, 0e+00, 0e+00, 0e+00, 0e+00, 0e+00, 0e+00, 0e+00, 0e+00, 0e+00, 0e+00, 0e+00, 0e+00, 0e+00, 0e+00, 0e+00, 0e+00, 0e+00, 0e+00, 0e+00, 0e+00, 0e+00, 0e+00, 1e+00, 1e+00, 1e+00, 1e+00, 1e+00, 1e+00, 1e+00, 1e+00, 1e+00, 1e+00, 1e+00, 1e+00, 1e+00, 1e+00, 1e+00, 1e+00, 1e+00, 1e+00, 1e+00, 1e+00, 1e+00, 1e+00, 1e+00, 0e+00, 0e+00, 0e+00, 0e+00, 0e+00, 0e+00, 0e+00, 0e+00, 0e+00, 0e+00, 0e+00, 0e+00, 0e+00, 0e+00, 0e+00, 0e+00, 0e+00, 0e+00, 0e+00, 0e+00, 0e+00, 0e+00, 0e+00, 0e+00, 0e+00, 0e+00, 0e+00, 1e+00, 1e+00, 1e+00, 1e+00, 1e+00, 1e+00, 1e+00, 1e+00, 1e+00, 1e+00, 1e+00]
hvac.ParDXCoiCoo.CooCoi[1].QSen_flow=[0e+00, 0e+00, 0e+00, 0e+00, 0e+00, 0e+00, 0e+00, 0e+00, 0e+00, 0e+00, 0e+00, 0e+00, 0e+00, 0e+00, -9.6685908203125e+03, -4.624078125e+03, -4.8094306640625e+03, -4.27617919921875e+03, -3.667834716796875e+03, -3.900740966796875e+03, -4.51193408203125e+03, -5.22153076171875e+03, -6.0797900390625e+03, -6.454189453125e+03, -6.6566982421875e+03, -7.34852392578125e+03, -8.30786328125e+03, -8.0423720703125e+03, -8.40012890625e+03, -1.0762400390625e+04, -8.813205078125e+03, -8.97341015625e+03, -1.34831279296875e+04, -8.2913310546875e+03, -9.90641796875e+03, -1.45264326171875e+04, -7.8014716796875e+03, -7.51646875e+03, -8.8096875e+03, -5.3725791015625e+03, 0e+00, 0e+00, 0e+00, 0e+00, 0e+00, 0e+00, 0e+00, 0e+00, 0e+00, 0e+00, 0e+00, 0e+00, 0e+00, 0e+00, 0e+00, 0e+00, 0e+00, 0e+00, 0e+00, 0e+00, 0e+00, -9.960158203125e+03, -1.01106875e+04, -6.5046181640625e+03, -3.611100341796875e+03, -4.16049072265625e+03, -4.81608984375e+03, -5.80876953125e+03, -6.6766826171875e+03, -7.44893798828125e+03, -1.23646728515625e+04, -8.654443359375e+03, -8.6799541015625e+03, -1.465990234375e+04, -9.599884765625e+03, -9.2728671875e+03, -1.52351708984375e+04, -1.03479677734375e+04, -1.0170705078125e+04, -1.62954716796875e+04, -1.6860296875e+04, -1.65547109375e+04, -1.53763935546875e+04, -1.14569072265625e+04, -1.51207783203125e+04, -1.4782462890625e+04, -1.13162939453125e+04, -1.1634552734375e+04, -1.14413505859375e+04, -7.70418701171875e+03, 0e+00, 0e+00, 0e+00, 0e+00, 0e+00, 0e+00, 0e+00, 0e+00, 0e+00, 0e+00, 0e+00]
hvac.ParDXCoiCoo.CooCoi[2].QSen_flow=[0e+00, 0e+00, 0e+00, 0e+00, 0e+00, 0e+00, 0e+00, 0e+00, 0e+00, 0e+00, 0e+00, 0e+00, 0e+00, 0e+00, 0e+00, -4.79695166015625e+03, -4.85155322265625e+03, -4.283658203125e+03, -3.669173828125e+03, -3.9010439453125e+03, -4.5120087890625e+03, -5.22154833984375e+03, -6.07979443359375e+03, -6.4541904296875e+03, -6.65669873046875e+03, -7.34852392578125e+03, -8.30786328125e+03, -8.0423720703125e+03, -8.40012890625e+03, -1.0762400390625e+04, -8.813205078125e+03, -8.97341015625e+03, -1.34831279296875e+04, -8.2913310546875e+03, -9.90641796875e+03, -1.45264326171875e+04, -7.8014716796875e+03, -7.51646875e+03, -8.8096875e+03, -5.3725791015625e+03, 0e+00, 0e+00, 0e+00, 0e+00, 0e+00, 0e+00, 0e+00, 0e+00, 0e+00, 0e+00, 0e+00, 0e+00, 0e+00, 0e+00, 0e+00, 0e+00, 0e+00, 0e+00, 0e+00, 0e+00, 0e+00, -9.991259765625e+03, -1.01176748046875e+04, -6.504810546875e+03, -3.611282958984375e+03, -4.16053662109375e+03, -4.81610107421875e+03, -5.80877197265625e+03, -6.67668310546875e+03, -7.44893798828125e+03, -1.23646728515625e+04, -8.654443359375e+03, -8.6799541015625e+03, -1.465990234375e+04, -9.599884765625e+03, -9.2728671875e+03, -1.52351708984375e+04, -1.03479677734375e+04, -1.0170705078125e+04, -1.62954716796875e+04, -1.6860296875e+04, -1.65547109375e+04, -1.53763935546875e+04, -1.14569072265625e+04, -1.51207783203125e+04, -1.4782462890625e+04, -1.13162939453125e+04, -1.1634552734375e+04, -1.14413505859375e+04, -7.70418701171875e+03, 0e+00, 0e+00, 0e+00, 0e+00, 0e+00, 0e+00, 0e+00, 0e+00, 0e+00, 0e+00, 0e+00]
hvac.ParDXCoiCoo.CooCoi[3].QSen_flow=[0e+00, 0e+00, 0e+00, 0e+00, 0e+00, 0e+00, 0e+00, 0e+00, 0e+00, 0e+00, 0e+00, 0e+00, 0e+00, 0e+00, 0e+00, -4.9997099609375e+03, -4.8993544921875e+03, -4.29210107421875e+03, -3.670685302734375e+03, -3.901385986328125e+03, -4.51209228515625e+03, -5.22156787109375e+03, -6.079798828125e+03, -6.45419140625e+03, -6.65669873046875e+03, -7.34852392578125e+03, -8.30786328125e+03, -8.0423720703125e+03, -8.40012890625e+03, -1.0762400390625e+04, -8.813205078125e+03, -8.97341015625e+03, -1.34831279296875e+04, -8.2913310546875e+03, -9.90641796875e+03, -1.45264326171875e+04, -7.8014716796875e+03, -7.51646875e+03, -8.8096875e+03, -5.3725791015625e+03, 0e+00, 0e+00, 0e+00, 0e+00, 0e+00, 0e+00, 0e+00, 0e+00, 0e+00, 0e+00, 0e+00, 0e+00, 0e+00, 0e+00, 0e+00, 0e+00, 0e+00, 0e+00, 0e+00, 0e+00, 0e+00, 0e+00, -1.038613671875e+04, -6.5117177734375e+03, -3.617936767578125e+03, -4.16221630859375e+03, -4.81651611328125e+03, -5.80887451171875e+03, -6.6767080078125e+03, -7.4489404296875e+03, -1.23646767578125e+04, -8.6544443359375e+03, -8.6799541015625e+03, -1.465990234375e+04, -9.599884765625e+03, -9.2728671875e+03, -1.52351708984375e+04, -1.03479677734375e+04, -1.0170705078125e+04, -1.62954716796875e+04, -1.6860296875e+04, -1.65547109375e+04, -1.53763935546875e+04, -1.14569072265625e+04, -1.51207783203125e+04, -1.4782462890625e+04, -1.13162939453125e+04, -1.1634552734375e+04, -1.14413505859375e+04, -7.70418701171875e+03, 0e+00, 0e+00, 0e+00, 0e+00, 0e+00, 0e+00, 0e+00, 0e+00, 0e+00, 0e+00, 0e+00]
hvac.ParDXCoiCoo.CooCoi[4].QSen_flow=[0e+00, 0e+00, 0e+00, 0e+00, 0e+00, 0e+00, 0e+00, 0e+00, 0e+00, 0e+00, 0e+00, 0e+00, 0e+00, 0e+00, 0e+00, -5.5057333984375e+03, -5.0150830078125e+03, -4.3123798828125e+03, -3.67431396484375e+03, -3.902207275390625e+03, -4.5122939453125e+03, -5.22161474609375e+03, -6.07981005859375e+03, -6.45419384765625e+03, -6.65669921875e+03, -7.34852392578125e+03, -8.30786328125e+03, -8.0423720703125e+03, -8.40012890625e+03, -1.0762400390625e+04, -8.813205078125e+03, -8.97341015625e+03, -1.34831279296875e+04, -8.2913310546875e+03, -9.90641796875e+03, -1.45264326171875e+04, -7.8014716796875e+03, -7.51646875e+03, -8.8096875e+03, -5.3725791015625e+03, 0e+00, 0e+00, 0e+00, 0e+00, 0e+00, 0e+00, 0e+00, 0e+00, 0e+00, 0e+00, 0e+00, 0e+00, 0e+00, 0e+00, 0e+00, 0e+00, 0e+00, 0e+00, 0e+00, 0e+00, 0e+00, 0e+00, -1.06681943359375e+04, 0e+00, -3.70679296875e+03, -4.18461572265625e+03, -4.822048828125e+03, -5.81023779296875e+03, -6.67703515625e+03, -7.448974609375e+03, -1.2364732421875e+04, -8.654455078125e+03, -8.6799580078125e+03, -1.46599033203125e+04, -9.599884765625e+03, -9.2728671875e+03, -1.52351708984375e+04, -1.03479677734375e+04, -1.0170705078125e+04, -1.62954716796875e+04, -1.6860296875e+04, -1.65547109375e+04, -1.53763935546875e+04, -1.14569072265625e+04, -1.51207783203125e+04, -1.4782462890625e+04, -1.13162939453125e+04, -1.1634552734375e+04, -1.14413505859375e+04, -7.70418701171875e+03, 0e+00, 0e+00, 0e+00, 0e+00, 0e+00, 0e+00, 0e+00, 0e+00, 0e+00, 0e+00, 0e+00]
hvac.ParDXCoiCoo.CooCoi[5].QSen_flow=[0e+00, 0e+00, 0e+00, 0e+00, 0e+00, 0e+00, 0e+00, 0e+00, 0e+00, 0e+00, 0e+00, 0e+00, 0e+00, 0e+00, 0e+00, 0e+00, 0e+00, -5.5260048828125e+03, -3.883221435546875e+03, -3.94934375e+03, -4.52384326171875e+03, -5.2242998046875e+03, -6.08045361328125e+03, -6.4543388671875e+03, -6.65672998046875e+03, -7.3485302734375e+03, -8.3078662109375e+03, -8.04237255859375e+03, -8.40012890625e+03, -1.0762400390625e+04, -8.813205078125e+03, -8.97341015625e+03, -1.34831279296875e+04, -8.2913310546875e+03, -9.90641796875e+03, -1.45264326171875e+04, -7.8014716796875e+03, -7.51646875e+03, -8.8096875e+03, -5.3725791015625e+03, 0e+00, 0e+00, 0e+00, 0e+00, 0e+00, 0e+00, 0e+00, 0e+00, 0e+00, 0e+00, 0e+00, 0e+00, 0e+00, 0e+00, 0e+00, 0e+00, 0e+00, 0e+00, 0e+00, 0e+00, 0e+00, 0e+00, -1.15078583984375e+04, 0e+00, -3.939866455078125e+03, -4.24313818359375e+03, -4.8364697265625e+03, -5.81379052734375e+03, -6.677888671875e+03, -7.4490634765625e+03, -1.23648779296875e+04, -8.6544833984375e+03, -8.6799658203125e+03, -1.46599072265625e+04, -9.5998857421875e+03, -9.2728681640625e+03, -1.52351708984375e+04, -1.03479677734375e+04, -1.0170705078125e+04, -1.62954716796875e+04, -1.6860296875e+04, -1.65547109375e+04, -1.53763935546875e+04, -1.14569072265625e+04, -1.51207783203125e+04, -1.4782462890625e+04, -1.13162939453125e+04, -1.1634552734375e+04, -1.14413505859375e+04, -7.70418701171875e+03, 0e+00, 0e+00, 0e+00, 0e+00, 0e+00, 0e+00, 0e+00, 0e+00, 0e+00, 0e+00, 0e+00]
hvac.ParDXCoiCoo.CooCoi[6].QSen_flow=[0e+00, 0e+00, 0e+00, 0e+00, 0e+00, 0e+00, 0e+00, 0e+00, 0e+00, 0e+00, 0e+00, 0e+00, 0e+00, 0e+00, 0e+00, 0e+00, 0e+00, 0e+00, -4.068850830078125e+03, -3.9910029296875e+03, -4.53403466796875e+03, -5.22666796875e+03, -6.0810205078125e+03, -6.45446630859375e+03, -6.65675732421875e+03, -7.3485361328125e+03, -8.307869140625e+03, -8.04237353515625e+03, -8.4001298828125e+03, -1.0762400390625e+04, -8.813205078125e+03, -8.97341015625e+03, -1.34831279296875e+04, -8.2913310546875e+03, -9.90641796875e+03, -1.45264326171875e+04, -7.8014716796875e+03, -7.51646875e+03, -8.8096875e+03, -5.3725791015625e+03, 0e+00, 0e+00, 0e+00, 0e+00, 0e+00, 0e+00, 0e+00, 0e+00, 0e+00, 0e+00, 0e+00, 0e+00, 0e+00, 0e+00, 0e+00, 0e+00, 0e+00, 0e+00, 0e+00, 0e+00, 0e+00, 0e+00, 0e+00, 0e+00, -4.83946337890625e+03, -4.440109375e+03, -4.88439111328125e+03, -5.82557958984375e+03, -6.68072265625e+03, -7.4493583984375e+03, -1.2365361328125e+04, -8.654576171875e+03, -8.6799931640625e+03, -1.4659919921875e+04, -9.599888671875e+03, -9.2728681640625e+03, -1.5235171875e+04, -1.03479677734375e+04, -1.0170705078125e+04, -1.62954716796875e+04, -1.6860296875e+04, -1.65547109375e+04, -1.53763935546875e+04, -1.14569072265625e+04, -1.51207783203125e+04, -1.4782462890625e+04, -1.13162939453125e+04, -1.1634552734375e+04, -1.14413505859375e+04, -7.70418701171875e+03, 0e+00, 0e+00, 0e+00, 0e+00, 0e+00, 0e+00, 0e+00, 0e+00, 0e+00, 0e+00, 0e+00]
hvac.ParDXCoiCoo.CooCoi[1].QLat_flow=[0e+00, 0e+00, 0e+00, 0e+00, 0e+00, 0e+00, 0e+00, 0e+00, 0e+00, 0e+00, 0e+00, 0e+00, 0e+00, 0e+00, -1.06732978515625e+04, -5.15233251953125e+03, -5.4727080078125e+03, -5.05808251953125e+03, -4.7167900390625e+03, -5.29680078125e+03, -6.19752294921875e+03, -6.9722626953125e+03, -7.38480126953125e+03, -7.182701171875e+03, -7.2271552734375e+03, -7.932443359375e+03, -8.824041015625e+03, -8.694111328125e+03, -9.242552734375e+03, -1.2282263671875e+04, -1.0185716796875e+04, -1.0316228515625e+04, -1.5438185546875e+04, -9.8370810546875e+03, -1.1580013671875e+04, -1.61068408203125e+04, -8.9232490234375e+03, -8.891896484375e+03, -1.07860791015625e+04, -6.99946826171875e+03, 0e+00, 0e+00, 0e+00, 0e+00, 0e+00, 0e+00, 0e+00, 0e+00, 0e+00, 0e+00, 0e+00, 0e+00, 0e+00, 0e+00, 0e+00, 0e+00, 0e+00, 0e+00, 0e+00, 0e+00, 0e+00, -8.3314580078125e+03, -6.0874111328125e+03, -9.7386318359375e+03, -5.24625146484375e+03, -5.84776123046875e+03, -6.510099609375e+03, -7.51547705078125e+03, -8.24873828125e+03, -8.682751953125e+03, -1.35202529296875e+04, -9.7341416015625e+03, -9.8128017578125e+03, -1.6458115234375e+04, -1.084676953125e+04, -1.00196591796875e+04, -1.62368232421875e+04, -1.173180078125e+04, -1.12224296875e+04, -1.6322404296875e+04, -1.59791611328125e+04, -1.55606416015625e+04, -1.54925517578125e+04, -1.1968359375e+04, -1.5791662109375e+04, -1.6383693359375e+04, -1.26596201171875e+04, -1.25176552734375e+04, -1.263320703125e+04, -9.082525390625e+03, 0e+00, 0e+00, 0e+00, 0e+00, 0e+00, 0e+00, 0e+00, 0e+00, 0e+00, 0e+00, 0e+00]
hvac.ParDXCoiCoo.CooCoi[2].QLat_flow=[0e+00, 0e+00, 0e+00, 0e+00, 0e+00, 0e+00, 0e+00, 0e+00, 0e+00, 0e+00, 0e+00, 0e+00, 0e+00, 0e+00, 0e+00, -5.35531591796875e+03, -5.524771484375e+03, -5.06756591796875e+03, -4.7185517578125e+03, -5.29721044921875e+03, -6.197625e+03, -6.97228662109375e+03, -7.38480712890625e+03, -7.18270263671875e+03, -7.22715576171875e+03, -7.932443359375e+03, -8.824041015625e+03, -8.694111328125e+03, -9.242552734375e+03, -1.2282263671875e+04, -1.0185716796875e+04, -1.0316228515625e+04, -1.5438185546875e+04, -9.8370810546875e+03, -1.1580013671875e+04, -1.61068408203125e+04, -8.9232490234375e+03, -8.891896484375e+03, -1.07860791015625e+04, -6.99946826171875e+03, 0e+00, 0e+00, 0e+00, 0e+00, 0e+00, 0e+00, 0e+00, 0e+00, 0e+00, 0e+00, 0e+00, 0e+00, 0e+00, 0e+00, 0e+00, 0e+00, 0e+00, 0e+00, 0e+00, 0e+00, 0e+00, -8.3665009765625e+03, -6.093275390625e+03, -9.7389130859375e+03, -5.2464970703125e+03, -5.84782470703125e+03, -6.510115234375e+03, -7.51548095703125e+03, -8.2487392578125e+03, -8.682751953125e+03, -1.35202529296875e+04, -9.7341416015625e+03, -9.8128017578125e+03, -1.6458115234375e+04, -1.084676953125e+04, -1.00196591796875e+04, -1.62368232421875e+04, -1.173180078125e+04, -1.12224296875e+04, -1.6322404296875e+04, -1.59791611328125e+04, -1.55606416015625e+04, -1.54925517578125e+04, -1.1968359375e+04, -1.5791662109375e+04, -1.6383693359375e+04, -1.26596201171875e+04, -1.25176552734375e+04, -1.263320703125e+04, -9.082525390625e+03, 0e+00, 0e+00, 0e+00, 0e+00, 0e+00, 0e+00, 0e+00, 0e+00, 0e+00, 0e+00, 0e+00]
hvac.ParDXCoiCoo.CooCoi[3].QLat_flow=[0e+00, 0e+00, 0e+00, 0e+00, 0e+00, 0e+00, 0e+00, 0e+00, 0e+00, 0e+00, 0e+00, 0e+00, 0e+00, 0e+00, 0e+00, -5.5904697265625e+03, -5.58372314453125e+03, -5.07826513671875e+03, -4.72053955078125e+03, -5.29767236328125e+03, -6.19773974609375e+03, -6.97231298828125e+03, -7.3848134765625e+03, -7.1827041015625e+03, -7.22715576171875e+03, -7.93244384765625e+03, -8.824041015625e+03, -8.694111328125e+03, -9.242552734375e+03, -1.2282263671875e+04, -1.0185716796875e+04, -1.0316228515625e+04, -1.5438185546875e+04, -9.8370810546875e+03, -1.1580013671875e+04, -1.61068408203125e+04, -8.9232490234375e+03, -8.891896484375e+03, -1.07860791015625e+04, -6.99946826171875e+03, 0e+00, 0e+00, 0e+00, 0e+00, 0e+00, 0e+00, 0e+00, 0e+00, 0e+00, 0e+00, 0e+00, 0e+00, 0e+00, 0e+00, 0e+00, 0e+00, 0e+00, 0e+00, 0e+00, 0e+00, 0e+00, 0e+00, -6.31924267578125e+03, -9.7490185546875e+03, -5.2554443359375e+03, -5.850125e+03, -6.5106826171875e+03, -7.51562109375e+03, -8.2487724609375e+03, -8.682755859375e+03, -1.3520259765625e+04, -9.734142578125e+03, -9.8128017578125e+03, -1.6458115234375e+04, -1.084676953125e+04, -1.00196591796875e+04, -1.62368232421875e+04, -1.173180078125e+04, -1.12224296875e+04, -1.6322404296875e+04, -1.59791611328125e+04, -1.55606416015625e+04, -1.54925517578125e+04, -1.1968359375e+04, -1.5791662109375e+04, -1.6383693359375e+04, -1.26596201171875e+04, -1.25176552734375e+04, -1.263320703125e+04, -9.082525390625e+03, 0e+00, 0e+00, 0e+00, 0e+00, 0e+00, 0e+00, 0e+00, 0e+00, 0e+00, 0e+00, 0e+00]
hvac.ParDXCoiCoo.CooCoi[4].QLat_flow=[0e+00, 0e+00, 0e+00, 0e+00, 0e+00, 0e+00, 0e+00, 0e+00, 0e+00, 0e+00, 0e+00, 0e+00, 0e+00, 0e+00, 0e+00, -6.1616416015625e+03, -5.72586083984375e+03, -5.1039326171875e+03, -4.72531103515625e+03, -5.29878173828125e+03, -6.198015625e+03, -6.972376953125e+03, -7.384828125e+03, -7.18270703125e+03, -7.22715673828125e+03, -7.93244384765625e+03, -8.824041015625e+03, -8.694111328125e+03, -9.242552734375e+03, -1.2282263671875e+04, -1.0185716796875e+04, -1.0316228515625e+04, -1.5438185546875e+04, -9.8370810546875e+03, -1.1580013671875e+04, -1.61068408203125e+04, -8.9232490234375e+03, -8.891896484375e+03, -1.07860791015625e+04, -6.99946826171875e+03, 0e+00, 0e+00, 0e+00, 0e+00, 0e+00, 0e+00, 0e+00, 0e+00, 0e+00, 0e+00, 0e+00, 0e+00, 0e+00, 0e+00, 0e+00, 0e+00, 0e+00, 0e+00, 0e+00, 0e+00, 0e+00, 0e+00, -6.55987939453125e+03, 0e+00, -5.373888671875e+03, -5.88075537109375e+03, -6.5182431640625e+03, -7.5174873046875e+03, -8.2492177734375e+03, -8.682802734375e+03, -1.3520341796875e+04, -9.73415625e+03, -9.812806640625e+03, -1.64581171875e+04, -1.08467705078125e+04, -1.00196591796875e+04, -1.62368232421875e+04, -1.173180078125e+04, -1.12224296875e+04, -1.6322404296875e+04, -1.59791611328125e+04, -1.55606416015625e+04, -1.54925517578125e+04, -1.1968359375e+04, -1.5791662109375e+04, -1.6383693359375e+04, -1.26596201171875e+04, -1.25176552734375e+04, -1.263320703125e+04, -9.082525390625e+03, 0e+00, 0e+00, 0e+00, 0e+00, 0e+00, 0e+00, 0e+00, 0e+00, 0e+00, 0e+00, 0e+00]
hvac.ParDXCoiCoo.CooCoi[5].QLat_flow=[0e+00, 0e+00, 0e+00, 0e+00, 0e+00, 0e+00, 0e+00, 0e+00, 0e+00, 0e+00, 0e+00, 0e+00, 0e+00, 0e+00, 0e+00, 0e+00, 0e+00, -6.54576904296875e+03, -4.99629833984375e+03, -5.3622646484375e+03, -6.21381787109375e+03, -6.97604736328125e+03, -7.3856943359375e+03, -7.1828974609375e+03, -7.227197265625e+03, -7.9324521484375e+03, -8.8240458984375e+03, -8.6941123046875e+03, -9.2425537109375e+03, -1.2282263671875e+04, -1.0185716796875e+04, -1.0316228515625e+04, -1.5438185546875e+04, -9.8370810546875e+03, -1.1580013671875e+04, -1.61068408203125e+04, -8.9232490234375e+03, -8.891896484375e+03, -1.07860791015625e+04, -6.99946826171875e+03, 0e+00, 0e+00, 0e+00, 0e+00, 0e+00, 0e+00, 0e+00, 0e+00, 0e+00, 0e+00, 0e+00, 0e+00, 0e+00, 0e+00, 0e+00, 0e+00, 0e+00, 0e+00, 0e+00, 0e+00, 0e+00, 0e+00, -7.30272509765625e+03, 0e+00, -5.6752412109375e+03, -5.96029248046875e+03, -6.537923828125e+03, -7.52234912109375e+03, -8.250376953125e+03, -8.68292578125e+03, -1.35205556640625e+04, -9.7341923828125e+03, -9.8128173828125e+03, -1.6458123046875e+04, -1.0846771484375e+04, -1.00196591796875e+04, -1.62368232421875e+04, -1.173180078125e+04, -1.12224296875e+04, -1.6322404296875e+04, -1.59791611328125e+04, -1.55606416015625e+04, -1.54925517578125e+04, -1.1968359375e+04, -1.5791662109375e+04, -1.6383693359375e+04, -1.26596201171875e+04, -1.25176552734375e+04, -1.263320703125e+04, -9.082525390625e+03, 0e+00, 0e+00, 0e+00, 0e+00, 0e+00, 0e+00, 0e+00, 0e+00, 0e+00, 0e+00, 0e+00]
hvac.ParDXCoiCoo.CooCoi[6].QLat_flow=[0e+00, 0e+00, 0e+00, 0e+00, 0e+00, 0e+00, 0e+00, 0e+00, 0e+00, 0e+00, 0e+00, 0e+00, 0e+00, 0e+00, 0e+00, 0e+00, 0e+00, 0e+00, -5.2306611328125e+03, -5.41803515625e+03, -6.22774267578125e+03, -6.979283203125e+03, -7.3864580078125e+03, -7.1830654296875e+03, -7.22723291015625e+03, -7.9324599609375e+03, -8.8240498046875e+03, -8.69411328125e+03, -9.2425537109375e+03, -1.2282263671875e+04, -1.0185716796875e+04, -1.0316228515625e+04, -1.5438185546875e+04, -9.8370810546875e+03, -1.1580013671875e+04, -1.61068408203125e+04, -8.9232490234375e+03, -8.891896484375e+03, -1.07860791015625e+04, -6.99946826171875e+03, 0e+00, 0e+00, 0e+00, 0e+00, 0e+00, 0e+00, 0e+00, 0e+00, 0e+00, 0e+00, 0e+00, 0e+00, 0e+00, 0e+00, 0e+00, 0e+00, 0e+00, 0e+00, 0e+00, 0e+00, 0e+00, 0e+00, 0e+00, 0e+00, -6.7196357421875e+03, -6.222744140625e+03, -6.60305615234375e+03, -7.53846923828125e+03, -8.2542265625e+03, -8.6833349609375e+03, -1.35212666015625e+04, -9.7343125e+03, -9.8128564453125e+03, -1.6458142578125e+04, -1.08467744140625e+04, -1.001966015625e+04, -1.623682421875e+04, -1.173180078125e+04, -1.12224296875e+04, -1.6322404296875e+04, -1.59791611328125e+04, -1.55606416015625e+04, -1.54925517578125e+04, -1.1968359375e+04, -1.5791662109375e+04, -1.6383693359375e+04, -1.26596201171875e+04, -1.25176552734375e+04, -1.263320703125e+04, -9.082525390625e+03, 0e+00, 0e+00, 0e+00, 0e+00, 0e+00, 0e+00, 0e+00, 0e+00, 0e+00, 0e+00, 0e+00]
hvac.fanSup.m_flow=[0e+00, -1.467782908548543e-07, -1.313440947114941e-07, 2.664455678313971e-07, 2.192847148307919e-07, 2.32258742016711e-07, 7.375811628129725e-10, 2.968445755868743e-07, -1.133438303213552e-07, 4.152521455580427e-07, -8.395871731181614e-08, 9.822229429801155e-08, 2.664299358912103e-07, 7.132089138031006e-01, 1.302032709121704e+00, 1.585283517837524e+00, 1.639997839927673e+00, 1.659549355506897e+00, 1.645876526832581e+00, 1.686053037643433e+00, 1.81157374382019e+00, 1.958817839622498e+00, 2.211302995681763e+00, 2.24927806854248e+00, 2.219620704650879e+00, 2.365846157073975e+00, 2.685693264007568e+00, 2.409608125686646e+00, 2.550918579101562e+00, 3.285139322280884e+00, 2.586093187332153e+00, 2.703403472900391e+00, 4.186675548553467e+00, 2.326076745986938e+00, 2.928557872772217e+00, 4.350905895233154e+00, 2.162964105606079e+00, 2.361223220825195e+00, 3.07246470451355e+00, 1.706012606620789e+00, 3.369290402233105e-09, 2.164912471513958e-09, 1.338152699759121e-09, 1.001865701510951e-09, 4.601822534144873e-10, 1.067651078656695e-09, 1.547396544232527e-09, 9.914712384428981e-10, 3.853959817945452e-09, 9.884029150697415e-10, 1.408506422606592e-09, 9.333289696655811e-10, 3.760541877895207e-10, 1.087939807686844e-10, -7.414672174854697e-12, 8.002452173139218e-11, 1.368558932846042e-09, 1.792879511519629e-09, 1.171114982767563e-09, 1.845973374159371e-09, 4.773673415184021e-02, 2.098871231079102e+00, 4.415997505187988e+00, 1.537187814712524e+00, 1.448944926261902e+00, 1.651564002037048e+00, 1.821489095687866e+00, 2.101463079452515e+00, 2.279506921768188e+00, 2.534542322158813e+00, 4.278884410858154e+00, 2.500660419464111e+00, 2.648587703704834e+00, 4.757677555084229e+00, 2.637528419494629e+00, 2.698994874954224e+00, 4.737743854522705e+00, 2.73223876953125e+00, 2.845806360244751e+00, 5.300002098083496e+00, 5.572617530822754e+00, 5.189056873321533e+00, 4.278656482696533e+00, 3.11046314239502e+00, 4.509796619415283e+00, 4.162685394287109e+00, 3.123156785964966e+00, 3.454248666763306e+00, 3.363813400268555e+00, 2.297589302062988e+00, 1.020553641595257e-09, 9.607227235974847e-10, 1.164532803521467e-09, 1.855045450582793e-09, 2.217534378345931e-09, 1.118209635997403e-09, 1.948501138215875e-09, 2.563319556614374e-09, 2.7826543291809e-09, 2.890086170381778e-09, 1.848891040268086e-09]
