last-generated=2024-01-24
statistics-initialization=
{
  "nonlinear": "0, 1, 0, 1, 0, 1, 0, 1, 0, 1, 0, 1, 1, 1, 1, 0, 1, 0, 1, 0, 1, 0, 1, 1, 1, 0, 1,   0, 1, 0, 1, 0, 1, 1, 1, 1, 1, 1, 1, 1, 1, 1",
  "numerical Jacobians": "0"
}
statistics-simulation=
{
  "linear": " ",
  "nonlinear": "1, 1, 1, 1, 1, 1, 1, 1, 1, 1, 1, 1, 1, 1, 1, 1, 1, 1, 1, 1, 1, 1, 1, 1, 1, 1, 1,   1",
  "number of continuous time states": "96",
  "numerical Jacobians": "0"
}
time=[0e+00, 3.6e+03]
terAutoSize[1].TLoaODE.TAir=[2.931499938964844e+02, 2.930985412597656e+02, 2.930644836425781e+02, 2.930562438964844e+02, 2.930659790039062e+02, 2.930816650390625e+02, 2.930960083007812e+02, 2.931067504882812e+02, 2.931141052246094e+02, 2.931189575195312e+02, 2.931221618652344e+02, 2.931243591308594e+02, 2.931259155273438e+02, 2.931271057128906e+02, 2.931280212402344e+02, 2.931287536621094e+02, 2.9312939453125e+02, 2.931299743652344e+02, 2.931304931640625e+02, 2.931309509277344e+02, 2.931314086914062e+02, 2.931318054199219e+02, 2.931322326660156e+02, 2.931325988769531e+02, 2.931329956054688e+02, 2.931333312988281e+02, 2.931336975097656e+02, 2.93134033203125e+02, 2.931343994140625e+02, 2.931347045898438e+02, 2.931350402832031e+02, 2.931353454589844e+02, 2.931356811523438e+02, 2.93135986328125e+02, 2.931362609863281e+02, 2.931365661621094e+02, 2.931368408203125e+02, 2.931371459960938e+02, 2.931374206542969e+02, 2.931376647949219e+02, 2.93137939453125e+02, 2.931382141113281e+02, 2.931384582519531e+02, 2.931387023925781e+02, 2.931389465332031e+02, 2.931391906738281e+02, 2.93139404296875e+02, 2.931396484375e+02, 2.931398620605469e+02, 2.931401062011719e+02, 2.931403198242188e+02, 2.931405334472656e+02, 2.931407165527344e+02, 2.931409301757812e+02, 2.9314111328125e+02, 2.931413269042969e+02, 2.931415100097656e+02, 2.931416931152344e+02, 2.931418762207031e+02, 2.931420593261719e+02, 2.931422424316406e+02, 2.931423950195312e+02, 2.93142578125e+02, 2.931427307128906e+02, 2.931428833007812e+02, 2.9314306640625e+02, 2.931432189941406e+02, 2.931433715820312e+02, 2.931434936523438e+02, 2.931436462402344e+02, 2.93143798828125e+02, 2.931439208984375e+02, 2.931440734863281e+02, 2.931441955566406e+02, 2.931443176269531e+02, 2.931444396972656e+02, 2.931445617675781e+02, 2.931446838378906e+02, 2.931448059082031e+02, 2.931449279785156e+02, 2.9314501953125e+02, 2.931451416015625e+02, 2.931452331542969e+02, 2.931453552246094e+02, 2.931454467773438e+02, 2.931455383300781e+02, 2.931456604003906e+02, 2.93145751953125e+02, 2.931458435058594e+02, 2.931459350585938e+02, 2.9314599609375e+02, 2.931460876464844e+02, 2.931461791992188e+02, 2.931462707519531e+02, 2.931463317871094e+02, 2.931464233398438e+02, 2.93146484375e+02, 2.931465454101562e+02, 2.931466369628906e+02, 2.931466979980469e+02, 2.931467590332031e+02]
minTSet.y=[2.931499938964844e+02, 2.931499938964844e+02]
terAutoSize[1].QReqHea_flow=[1.823e+04, 1.8222830078125e+04, 1.8215521484375e+04, 1.8208080078125e+04, 1.8200509765625e+04, 1.8192814453125e+04, 1.8184998046875e+04, 1.8177064453125e+04, 1.816901953125e+04, 1.81608671875e+04, 1.8152609375e+04, 1.814425390625e+04, 1.8135802734375e+04, 1.812726171875e+04, 1.81186328125e+04, 1.8109921875e+04, 1.81011328125e+04, 1.809226953125e+04, 1.80833359375e+04, 1.807433984375e+04, 1.8065279296875e+04, 1.80561640625e+04, 1.804699609375e+04, 1.8037779296875e+04, 1.802851953125e+04, 1.801921875e+04, 1.80098828125e+04, 1.8000515625e+04, 1.799112109375e+04, 1.7981705078125e+04, 1.797226953125e+04, 1.79628203125e+04, 1.7953361328125e+04, 1.7943896484375e+04, 1.79344296875e+04, 1.7924966796875e+04, 1.7915509765625e+04, 1.7906064453125e+04, 1.7896634765625e+04, 1.7887224609375e+04, 1.787783984375e+04, 1.7868482421875e+04, 1.7859158203125e+04, 1.784987109375e+04, 1.7840625e+04, 1.7831423828125e+04, 1.78222734375e+04, 1.781317578125e+04, 1.780413671875e+04, 1.779516015625e+04, 1.778625e+04, 1.7777412109375e+04, 1.77686484375e+04, 1.7759962890625e+04, 1.775136328125e+04, 1.77428515625e+04, 1.7734431640625e+04, 1.7726107421875e+04, 1.7717884765625e+04, 1.7709767578125e+04, 1.7701759765625e+04, 1.7693865234375e+04, 1.768608984375e+04, 1.767843359375e+04, 1.767090625e+04, 1.76635078125e+04, 1.765624609375e+04, 1.7649123046875e+04, 1.7642142578125e+04, 1.7635310546875e+04, 1.7628630859375e+04, 1.762210546875e+04, 1.76157421875e+04, 1.760954296875e+04, 1.7603513671875e+04, 1.759765625e+04, 1.75919765625e+04, 1.7586478515625e+04, 1.758116796875e+04, 1.7576046875e+04, 1.7571119140625e+04, 1.7566392578125e+04, 1.75618671875e+04, 1.7557548828125e+04, 1.7553443359375e+04, 1.75495546875e+04, 1.75458828125e+04, 1.75424375e+04, 1.7539220703125e+04, 1.7536236328125e+04, 1.7533490234375e+04, 1.7530984375e+04, 1.7528724609375e+04, 1.752671484375e+04, 1.7524958984375e+04, 1.75234609375e+04, 1.75222265625e+04, 1.7521259765625e+04, 1.75205625e+04, 1.7520140625e+04, 1.752e+04]
terAutoSize[1].QActHea_flow=[-2.829861640930176e+00, 2.59649267578125e+03, 1.060948828125e+04, 1.854809375e+04, 2.24794140625e+04, 2.300506640625e+04, 2.2060197265625e+04, 2.08776484375e+04, 1.992125e+04, 1.9264529296875e+04, 1.884584765625e+04, 1.8585318359375e+04, 1.842219921875e+04, 1.83174140625e+04, 1.8247611328125e+04, 1.8199162109375e+04, 1.816407421875e+04, 1.8137546875e+04, 1.811662109375e+04, 1.8099419921875e+04, 1.8084720703125e+04, 1.8071716796875e+04, 1.805986328125e+04, 1.8048791015625e+04, 1.803825e+04, 1.8028068359375e+04, 1.8018125e+04, 1.8008341796875e+04, 1.7998662109375e+04, 1.798905078125e+04, 1.7979484375e+04, 1.79699453125e+04, 1.796042578125e+04, 1.795091796875e+04, 1.7941421875e+04, 1.79319375e+04, 1.7922462890625e+04, 1.7913001953125e+04, 1.7903556640625e+04, 1.7894130859375e+04, 1.7884728515625e+04, 1.78753515625e+04, 1.786600390625e+04, 1.785669140625e+04, 1.784741796875e+04, 1.78381875e+04, 1.7829001953125e+04, 1.78198671875e+04, 1.78107890625e+04, 1.780176953125e+04, 1.7792814453125e+04, 1.778392578125e+04, 1.7775109375e+04, 1.7766369140625e+04, 1.77577109375e+04, 1.7749134765625e+04, 1.7740650390625e+04, 1.77322578125e+04, 1.7723962890625e+04, 1.7715771484375e+04, 1.7707685546875e+04, 1.7699708984375e+04, 1.769184765625e+04, 1.768410546875e+04, 1.7676484375e+04, 1.7668994140625e+04, 1.76616328125e+04, 1.7654408203125e+04, 1.764732421875e+04, 1.7640384765625e+04, 1.763359375e+04, 1.762695703125e+04, 1.76204765625e+04, 1.7614158203125e+04, 1.760800390625e+04, 1.7602021484375e+04, 1.7596212890625e+04, 1.759058203125e+04, 1.7585134765625e+04, 1.7579875e+04, 1.75748046875e+04, 1.7569931640625e+04, 1.75652578125e+04, 1.75607890625e+04, 1.755652734375e+04, 1.755248046875e+04, 1.75486484375e+04, 1.7545037109375e+04, 1.754165234375e+04, 1.7538498046875e+04, 1.7535576171875e+04, 1.753289453125e+04, 1.7530453125e+04, 1.7528259765625e+04, 1.752631640625e+04, 1.752462890625e+04, 1.7523201171875e+04, 1.7522037109375e+04, 1.7521140625e+04, 1.7520517578125e+04, 1.75201875e+04]
terAutoSize[1].mReqHeaWat_flow=[1.087293773889542e-01, 4.67555433511734e-01, 6.749985814094543e-01, 7.002005577087402e-01, 6.194599866867065e-01, 5.144212245941162e-01, 4.255294799804688e-01, 3.621209263801574e-01, 3.205243051052094e-01, 2.942387163639069e-01, 2.777547836303711e-01, 2.673054039478302e-01, 2.60552316904068e-01, 2.560904622077942e-01, 2.530778050422668e-01, 2.510021328926086e-01, 2.495443820953369e-01, 2.485004216432571e-01, 2.477368414402008e-01, 2.471648007631302e-01, 2.467242777347565e-01, 2.463744282722473e-01, 2.460871487855911e-01, 2.458431124687195e-01, 2.456289380788803e-01, 2.454353421926498e-01, 2.452559322118759e-01, 2.450862526893616e-01, 2.449232190847397e-01, 2.447647303342819e-01, 2.446093112230301e-01, 2.444559931755066e-01, 2.443040907382965e-01, 2.44153156876564e-01, 2.440029084682465e-01, 2.438531517982483e-01, 2.437038123607635e-01, 2.435548156499863e-01, 2.434061467647552e-01, 2.432578206062317e-01, 2.431098520755768e-01, 2.429623156785965e-01, 2.428152412176132e-01, 2.426686733961105e-01, 2.425226867198944e-01, 2.423773407936096e-01, 2.422327101230621e-01, 2.420888543128967e-01, 2.419458329677582e-01, 2.418037205934525e-01, 2.416625767946243e-01, 2.41522490978241e-01, 2.413835078477859e-01, 2.412457168102264e-01, 2.411091774702072e-01, 2.409739643335342e-01, 2.408401370048523e-01, 2.407077699899673e-01, 2.405769377946854e-01, 2.404477000236511e-01, 2.403201162815094e-01, 2.401942908763885e-01, 2.40070253610611e-01, 2.399480938911438e-01, 2.39827886223793e-01, 2.397096902132034e-01, 2.395935654640198e-01, 2.39479586482048e-01, 2.393678426742554e-01, 2.392583638429642e-01, 2.391512542963028e-01, 2.390465587377548e-01, 2.389443665742874e-01, 2.388447225093842e-01, 2.387477159500122e-01, 2.386534065008163e-01, 2.385618686676025e-01, 2.384731620550156e-01, 2.383873462677002e-01, 2.383045107126236e-01, 2.382247149944305e-01, 2.38148033618927e-01, 2.380745261907578e-01, 2.380042523145676e-01, 2.379373013973236e-01, 2.378737330436707e-01, 2.378136068582535e-01, 2.377570122480392e-01, 2.377039939165115e-01, 2.376546263694763e-01, 2.376089841127396e-01, 2.375671416521072e-01, 2.375291585922241e-01, 2.37495094537735e-01, 2.37465038895607e-01, 2.374390363693237e-01, 2.374171763658524e-01, 2.373995184898376e-01, 2.373861223459244e-01, 2.373770773410797e-01, 2.373727262020111e-01]
terAutoSize[1].port_aHeaWat.m_flow=[1.087293773889542e-01, 4.67555433511734e-01, 6.749985814094543e-01, 7.002005577087402e-01, 6.194599866867065e-01, 5.144212245941162e-01, 4.255294799804688e-01, 3.621209263801574e-01, 3.205243051052094e-01, 2.942387163639069e-01, 2.777547836303711e-01, 2.673054039478302e-01, 2.60552316904068e-01, 2.560904622077942e-01, 2.530778050422668e-01, 2.510021328926086e-01, 2.495443820953369e-01, 2.485004216432571e-01, 2.477368414402008e-01, 2.471648007631302e-01, 2.467242777347565e-01, 2.463744282722473e-01, 2.460871487855911e-01, 2.458431124687195e-01, 2.456289380788803e-01, 2.454353421926498e-01, 2.452559322118759e-01, 2.450862526893616e-01, 2.449232190847397e-01, 2.447647303342819e-01, 2.446093112230301e-01, 2.444559931755066e-01, 2.443040907382965e-01, 2.44153156876564e-01, 2.440029084682465e-01, 2.438531517982483e-01, 2.437038123607635e-01, 2.435548156499863e-01, 2.434061467647552e-01, 2.432578206062317e-01, 2.431098520755768e-01, 2.429623156785965e-01, 2.428152412176132e-01, 2.426686733961105e-01, 2.425226867198944e-01, 2.423773407936096e-01, 2.422327101230621e-01, 2.420888543128967e-01, 2.419458329677582e-01, 2.418037205934525e-01, 2.416625767946243e-01, 2.41522490978241e-01, 2.413835078477859e-01, 2.412457168102264e-01, 2.411091774702072e-01, 2.409739643335342e-01, 2.408401370048523e-01, 2.407077699899673e-01, 2.405769377946854e-01, 2.404477000236511e-01, 2.403201162815094e-01, 2.401942908763885e-01, 2.40070253610611e-01, 2.399480938911438e-01, 2.39827886223793e-01, 2.397096902132034e-01, 2.395935654640198e-01, 2.39479586482048e-01, 2.393678426742554e-01, 2.392583638429642e-01, 2.391512542963028e-01, 2.390465587377548e-01, 2.389443665742874e-01, 2.388447225093842e-01, 2.387477159500122e-01, 2.386534065008163e-01, 2.385618686676025e-01, 2.384731620550156e-01, 2.383873462677002e-01, 2.383045107126236e-01, 2.382247149944305e-01, 2.38148033618927e-01, 2.380745261907578e-01, 2.380042523145676e-01, 2.379373013973236e-01, 2.378737330436707e-01, 2.378136068582535e-01, 2.377570122480392e-01, 2.377039939165115e-01, 2.376546263694763e-01, 2.376089841127396e-01, 2.375671416521072e-01, 2.375291585922241e-01, 2.37495094537735e-01, 2.37465038895607e-01, 2.374390363693237e-01, 2.374171763658524e-01, 2.373995184898376e-01, 2.373861223459244e-01, 2.373770773410797e-01, 2.373727262020111e-01]
terPlugFlow[1].TLoaODE.TAir=[2.931499938964844e+02, 2.931008911132812e+02, 2.930790100097656e+02, 2.930827331542969e+02, 2.930948791503906e+02, 2.931057739257812e+02, 2.931131896972656e+02, 2.931177673339844e+02, 2.931205749511719e+02, 2.93122314453125e+02, 2.931235046386719e+02, 2.931243896484375e+02, 2.931250915527344e+02, 2.931257019042969e+02, 2.931262512207031e+02, 2.931267700195312e+02, 2.931272583007812e+02, 2.931277465820312e+02, 2.931282043457031e+02, 2.93128662109375e+02, 2.931291198730469e+02, 2.931295471191406e+02, 2.931299743652344e+02, 2.9313037109375e+02, 2.931307983398438e+02, 2.931311950683594e+02, 2.93131591796875e+02, 2.931319580078125e+02, 2.931323547363281e+02, 2.931327209472656e+02, 2.931330871582031e+02, 2.931334228515625e+02, 2.931337890625e+02, 2.931341247558594e+02, 2.931344604492188e+02, 2.931347961425781e+02, 2.931351013183594e+02, 2.931354370117188e+02, 2.931357421875e+02, 2.931360473632812e+02, 2.931363220214844e+02, 2.931366271972656e+02, 2.931369018554688e+02, 2.931371765136719e+02, 2.93137451171875e+02, 2.931377258300781e+02, 2.931380004882812e+02, 2.931382446289062e+02, 2.931384887695312e+02, 2.931387634277344e+02, 2.931389770507812e+02, 2.931392211914062e+02, 2.931394653320312e+02, 2.931396789550781e+02, 2.931399230957031e+02, 2.9314013671875e+02, 2.931403503417969e+02, 2.931405639648438e+02, 2.931407470703125e+02, 2.931409606933594e+02, 2.931411437988281e+02, 2.93141357421875e+02, 2.931415405273438e+02, 2.931417236328125e+02, 2.931419067382812e+02, 2.9314208984375e+02, 2.931422424316406e+02, 2.931424255371094e+02, 2.93142578125e+02, 2.931427612304688e+02, 2.931429138183594e+02, 2.9314306640625e+02, 2.931432189941406e+02, 2.931433715820312e+02, 2.931434936523438e+02, 2.931436462402344e+02, 2.93143798828125e+02, 2.931439208984375e+02, 2.9314404296875e+02, 2.931441955566406e+02, 2.931443176269531e+02, 2.931444396972656e+02, 2.931445617675781e+02, 2.931446838378906e+02, 2.93144775390625e+02, 2.931448974609375e+02, 2.9314501953125e+02, 2.931451110839844e+02, 2.931452026367188e+02, 2.931453247070312e+02, 2.931454162597656e+02, 2.931455078125e+02, 2.931455993652344e+02, 2.931456909179688e+02, 2.931457824707031e+02, 2.931458740234375e+02, 2.931459655761719e+02, 2.931460571289062e+02, 2.931461181640625e+02, 2.931462097167969e+02, 2.931462707519531e+02]
terPlugFlow[1].QReqHea_flow=[1.823e+04, 1.8222830078125e+04, 1.8215521484375e+04, 1.8208080078125e+04, 1.8200509765625e+04, 1.8192814453125e+04, 1.8184998046875e+04, 1.8177064453125e+04, 1.816901953125e+04, 1.81608671875e+04, 1.8152609375e+04, 1.814425390625e+04, 1.8135802734375e+04, 1.812726171875e+04, 1.81186328125e+04, 1.8109921875e+04, 1.81011328125e+04, 1.809226953125e+04, 1.80833359375e+04, 1.807433984375e+04, 1.8065279296875e+04, 1.80561640625e+04, 1.804699609375e+04, 1.8037779296875e+04, 1.802851953125e+04, 1.801921875e+04, 1.80098828125e+04, 1.8000515625e+04, 1.799112109375e+04, 1.7981705078125e+04, 1.797226953125e+04, 1.79628203125e+04, 1.7953361328125e+04, 1.7943896484375e+04, 1.79344296875e+04, 1.7924966796875e+04, 1.7915509765625e+04, 1.7906064453125e+04, 1.7896634765625e+04, 1.7887224609375e+04, 1.787783984375e+04, 1.7868482421875e+04, 1.7859158203125e+04, 1.784987109375e+04, 1.7840625e+04, 1.7831423828125e+04, 1.78222734375e+04, 1.781317578125e+04, 1.780413671875e+04, 1.779516015625e+04, 1.778625e+04, 1.7777412109375e+04, 1.77686484375e+04, 1.7759962890625e+04, 1.775136328125e+04, 1.77428515625e+04, 1.7734431640625e+04, 1.7726107421875e+04, 1.7717884765625e+04, 1.7709767578125e+04, 1.7701759765625e+04, 1.7693865234375e+04, 1.768608984375e+04, 1.767843359375e+04, 1.767090625e+04, 1.76635078125e+04, 1.765624609375e+04, 1.7649123046875e+04, 1.7642142578125e+04, 1.7635310546875e+04, 1.7628630859375e+04, 1.762210546875e+04, 1.76157421875e+04, 1.760954296875e+04, 1.7603513671875e+04, 1.759765625e+04, 1.75919765625e+04, 1.7586478515625e+04, 1.758116796875e+04, 1.7576046875e+04, 1.7571119140625e+04, 1.7566392578125e+04, 1.75618671875e+04, 1.7557548828125e+04, 1.7553443359375e+04, 1.75495546875e+04, 1.75458828125e+04, 1.75424375e+04, 1.7539220703125e+04, 1.7536236328125e+04, 1.7533490234375e+04, 1.7530984375e+04, 1.7528724609375e+04, 1.752671484375e+04, 1.7524958984375e+04, 1.75234609375e+04, 1.75222265625e+04, 1.7521259765625e+04, 1.75205625e+04, 1.7520140625e+04, 1.752e+04]
terPlugFlow[1].QActHea_flow=[-2.829861640930176e+00, 5.03738134765625e+03, 1.5634470703125e+04, 2.12524453125e+04, 2.1967884765625e+04, 2.0970974609375e+04, 1.9892060546875e+04, 1.9144111328125e+04, 1.8698990234375e+04, 1.84493671875e+04, 1.8310994140625e+04, 1.823287109375e+04, 1.8186916015625e+04, 1.815809765625e+04, 1.81384375e+04, 1.812369921875e+04, 1.8111609375e+04, 1.8100943359375e+04, 1.8091033203125e+04, 1.8081513671875e+04, 1.8072185546875e+04, 1.8062939453125e+04, 1.8053716796875e+04, 1.8044486328125e+04, 1.8035234375e+04, 1.8025953125e+04, 1.8016640625e+04, 1.8007296875e+04, 1.7997927734375e+04, 1.798853125e+04, 1.7979115234375e+04, 1.7969681640625e+04, 1.7960234375e+04, 1.7950779296875e+04, 1.79413203125e+04, 1.7931859375e+04, 1.792240234375e+04, 1.7912955078125e+04, 1.7903517578125e+04, 1.789409765625e+04, 1.788469921875e+04, 1.7875326171875e+04, 1.7865982421875e+04, 1.7856671875e+04, 1.78473984375e+04, 1.783816796875e+04, 1.7828984375e+04, 1.78198515625e+04, 1.78107734375e+04, 1.780175390625e+04, 1.7792798828125e+04, 1.778391015625e+04, 1.777509375e+04, 1.776635546875e+04, 1.77576953125e+04, 1.774912109375e+04, 1.774063671875e+04, 1.773224609375e+04, 1.7723951171875e+04, 1.77157578125e+04, 1.7707671875e+04, 1.7699697265625e+04, 1.76918359375e+04, 1.768409375e+04, 1.7676474609375e+04, 1.7668982421875e+04, 1.7661623046875e+04, 1.76543984375e+04, 1.7647314453125e+04, 1.7640375e+04, 1.7633583984375e+04, 1.7626947265625e+04, 1.7620466796875e+04, 1.76141484375e+04, 1.7607994140625e+04, 1.760201171875e+04, 1.7596203125e+04, 1.759057421875e+04, 1.7585126953125e+04, 1.7579865234375e+04, 1.7574796875e+04, 1.7569923828125e+04, 1.756525e+04, 1.756078125e+04, 1.7556521484375e+04, 1.755247265625e+04, 1.7548640625e+04, 1.754503125e+04, 1.7541646484375e+04, 1.75384921875e+04, 1.75355703125e+04, 1.753288671875e+04, 1.7530447265625e+04, 1.752825390625e+04, 1.7526310546875e+04, 1.7524623046875e+04, 1.75231953125e+04, 1.752203125e+04, 1.752113671875e+04, 1.752051171875e+04, 1.752018359375e+04]
terPlugFlow[1].mReqHeaWat_flow=[1.087293773889542e-01, 4.358996450901031e-01, 5.392653346061707e-01, 4.891921579837799e-01, 4.061845242977142e-01, 3.40780645608902e-01, 2.994856238365173e-01, 2.758217453956604e-01, 2.628048062324524e-01, 2.557263076305389e-01, 2.518530189990997e-01, 2.496957778930664e-01, 2.484607398509979e-01, 2.477240264415741e-01, 2.472580969333649e-01, 2.469399869441986e-01, 2.467028498649597e-01, 2.465099543333054e-01, 2.463411241769791e-01, 2.461851835250854e-01, 2.460359632968903e-01, 2.458900660276413e-01, 2.457456141710281e-01, 2.456016093492508e-01, 2.454575002193451e-01, 2.453130185604095e-01, 2.451680600643158e-01, 2.450225800275803e-01, 2.448765933513641e-01, 2.44730144739151e-01, 2.445832788944244e-01, 2.444360554218292e-01, 2.442885488271713e-01, 2.441408187150955e-01, 2.439929246902466e-01, 2.438449561595917e-01, 2.436969727277756e-01, 2.435490489006042e-01, 2.434012442827225e-01, 2.432536333799362e-01, 2.431063055992126e-01, 2.429593056440353e-01, 2.428127080202103e-01, 2.426666021347046e-01, 2.425210326910019e-01, 2.423760890960693e-01, 2.422318309545517e-01, 2.420883327722549e-01, 2.41945669054985e-01, 2.418038994073868e-01, 2.416630983352661e-01, 2.415233254432678e-01, 2.413846701383591e-01, 2.412471771240234e-01, 2.411109358072281e-01, 2.40976020693779e-01, 2.408424764871597e-01, 2.407103925943375e-01, 2.40579828619957e-01, 2.404508590698242e-01, 2.403235584497452e-01, 2.401979863643646e-01, 2.400742024183273e-01, 2.399522960186005e-01, 2.398323267698288e-01, 2.397143542766571e-01, 2.395984679460526e-01, 2.394847273826599e-01, 2.39373192191124e-01, 2.392639368772507e-01, 2.39157035946846e-01, 2.390525639057159e-01, 2.389505654573441e-01, 2.388511300086975e-01, 2.387543171644211e-01, 2.386602014303207e-01, 2.385688424110413e-01, 2.384803146123886e-01, 2.383946925401688e-01, 2.383120357990265e-01, 2.382324039936066e-01, 2.381558865308762e-01, 2.3808254301548e-01, 2.38012433052063e-01, 2.379456460475922e-01, 2.378822267055511e-01, 2.378222495317459e-01, 2.377658039331436e-01, 2.377129346132278e-01, 2.376637011766434e-01, 2.376182079315186e-01, 2.37576499581337e-01, 2.375386506319046e-01, 2.375047206878662e-01, 2.374747842550278e-01, 2.374489158391953e-01, 2.374271750450134e-01, 2.374096363782883e-01, 2.373963594436646e-01, 2.373874336481094e-01, 2.373831868171692e-01]
terPlugFlow[1].port_aHeaWat.m_flow=[1.087293773889542e-01, 4.358996450901031e-01, 5.392653346061707e-01, 4.891921579837799e-01, 4.061845242977142e-01, 3.40780645608902e-01, 2.994856238365173e-01, 2.758217453956604e-01, 2.628048062324524e-01, 2.557263076305389e-01, 2.518530189990997e-01, 2.496957778930664e-01, 2.484607398509979e-01, 2.477240264415741e-01, 2.472580969333649e-01, 2.469399869441986e-01, 2.467028498649597e-01, 2.465099543333054e-01, 2.463411241769791e-01, 2.461851835250854e-01, 2.460359632968903e-01, 2.458900660276413e-01, 2.457456141710281e-01, 2.456016093492508e-01, 2.454575002193451e-01, 2.453130185604095e-01, 2.451680600643158e-01, 2.450225800275803e-01, 2.448765933513641e-01, 2.44730144739151e-01, 2.445832788944244e-01, 2.444360554218292e-01, 2.442885488271713e-01, 2.441408187150955e-01, 2.439929246902466e-01, 2.438449561595917e-01, 2.436969727277756e-01, 2.435490489006042e-01, 2.434012442827225e-01, 2.432536333799362e-01, 2.431063055992126e-01, 2.429593056440353e-01, 2.428127080202103e-01, 2.426666021347046e-01, 2.425210326910019e-01, 2.423760890960693e-01, 2.422318309545517e-01, 2.420883327722549e-01, 2.41945669054985e-01, 2.418038994073868e-01, 2.416630983352661e-01, 2.415233254432678e-01, 2.413846701383591e-01, 2.412471771240234e-01, 2.411109358072281e-01, 2.40976020693779e-01, 2.408424764871597e-01, 2.407103925943375e-01, 2.40579828619957e-01, 2.404508590698242e-01, 2.403235584497452e-01, 2.401979863643646e-01, 2.400742024183273e-01, 2.399522960186005e-01, 2.398323267698288e-01, 2.397143542766571e-01, 2.395984679460526e-01, 2.394847273826599e-01, 2.39373192191124e-01, 2.392639368772507e-01, 2.39157035946846e-01, 2.390525639057159e-01, 2.389505654573441e-01, 2.388511300086975e-01, 2.387543171644211e-01, 2.386602014303207e-01, 2.385688424110413e-01, 2.384803146123886e-01, 2.383946925401688e-01, 2.383120357990265e-01, 2.382324039936066e-01, 2.381558865308762e-01, 2.3808254301548e-01, 2.38012433052063e-01, 2.379456460475922e-01, 2.378822267055511e-01, 2.378222495317459e-01, 2.377658039331436e-01, 2.377129346132278e-01, 2.376637011766434e-01, 2.376182079315186e-01, 2.37576499581337e-01, 2.375386506319046e-01, 2.375047206878662e-01, 2.374747842550278e-01, 2.374489158391953e-01, 2.374271750450134e-01, 2.374096363782883e-01, 2.373963594436646e-01, 2.373874336481094e-01, 2.373831868171692e-01]
