last-generated=2024-03-22
statistics-simulation=
{
  "linear": "0",
  "nonlinear": " ",
  "number of continuous time states": "4",
  "numerical Jacobians": "0"
}
time=[0e+00, 4.32e+05]
zon.TAir=[2.931499938964844e+02, 2.888004760742188e+02, 2.875408630371094e+02, 2.865452880859375e+02, 2.856974792480469e+02, 2.849419250488281e+02, 2.842337951660156e+02, 2.851071472167969e+02, 2.869447631835938e+02, 2.883150939941406e+02, 2.887251281738281e+02, 2.884546813964844e+02, 2.882599487304688e+02, 2.875870361328125e+02, 2.867377319335938e+02, 2.860204162597656e+02, 2.853323974609375e+02, 2.849344787597656e+02, 2.845062255859375e+02, 2.840436706542969e+02, 2.836084899902344e+02, 2.83429931640625e+02, 2.831880798339844e+02, 2.8287841796875e+02, 2.827990112304688e+02, 2.8266845703125e+02, 2.83044189453125e+02, 2.844673156738281e+02, 2.854508361816406e+02, 2.863420104980469e+02, 2.871799621582031e+02, 2.877545776367188e+02, 2.878578491210938e+02, 2.876748046875e+02, 2.87080322265625e+02, 2.856826171875e+02, 2.845762939453125e+02, 2.842326965332031e+02, 2.840108337402344e+02, 2.836388244628906e+02, 2.832453918457031e+02, 2.829547424316406e+02, 2.826981201171875e+02, 2.825072937011719e+02, 2.821558227539062e+02, 2.817339477539062e+02, 2.817628479003906e+02, 2.832455749511719e+02, 2.840979309082031e+02, 2.849918518066406e+02, 2.856445922851562e+02, 2.860323791503906e+02, 2.864435424804688e+02, 2.86423583984375e+02, 2.856654968261719e+02, 2.842790832519531e+02, 2.829777526855469e+02, 2.824683837890625e+02, 2.820338745117188e+02, 2.816460876464844e+02, 2.813206481933594e+02, 2.810277099609375e+02, 2.807495727539062e+02, 2.804705200195312e+02, 2.802008666992188e+02, 2.7997705078125e+02, 2.80275146484375e+02, 2.819242248535156e+02, 2.829451904296875e+02, 2.838786315917969e+02, 2.846118774414062e+02, 2.851133117675781e+02, 2.854571228027344e+02, 2.853258972167969e+02, 2.84503662109375e+02, 2.82911376953125e+02, 2.814379272460938e+02, 2.808878479003906e+02, 2.804505615234375e+02, 2.798975524902344e+02, 2.793079528808594e+02, 2.788959045410156e+02, 2.785968933105469e+02, 2.781374206542969e+02, 2.773388061523438e+02, 2.764811096191406e+02, 2.763219299316406e+02, 2.7865087890625e+02, 2.813305969238281e+02, 2.835545959472656e+02, 2.850451965332031e+02, 2.864626159667969e+02, 2.877089233398438e+02, 2.872904968261719e+02, 2.858002319335938e+02, 2.840639343261719e+02, 2.823191223144531e+02, 2.813234558105469e+02, 2.804435119628906e+02, 2.79722412109375e+02, 2.79017822265625e+02]
zon.V=[4.531383056640625e+02, 4.531383056640625e+02]
zon.AFlo=[1.858342742919922e+02, 1.858342742919922e+02]
