last-generated=2022-11-11
statistics-simulation=
{
  "linear": " ",
  "nonlinear": "1",
  "numerical Jacobians": "0"
}
time=[1.82304e+07, 1.83168e+07]
HGloRoo.H=[0e+00, 0e+00, 0e+00, 0e+00, 0e+00, 0e+00, 0e+00, 0e+00, 0e+00, 0e+00, 0e+00, 0e+00, 0e+00, 0e+00, 0e+00, 0e+00, 0e+00, 0e+00, 0e+00, 1.09023779630661e-01, 2.443315029144287e+00, 6.970880508422852e+00, 1.143367958068848e+01, 1.82318229675293e+01, 2.47220458984375e+01, 3.252552795410156e+01, 4.257190322875977e+01, 5.548954391479492e+01, 7.385501098632812e+01, 9.783257293701172e+01, 1.22986946105957e+02, 1.449452972412109e+02, 1.619304962158203e+02, 1.782823333740234e+02, 1.946429138183594e+02, 2.112428741455078e+02, 2.283444671630859e+02, 2.463776092529297e+02, 2.645732421875e+02, 2.8220654296875e+02, 2.978322143554688e+02, 3.054383544921875e+02, 3.083046264648438e+02, 3.117359008789062e+02, 3.2108642578125e+02, 3.399475402832031e+02, 3.635804138183594e+02, 3.856036987304688e+02, 3.996730651855469e+02, 4.065807495117188e+02, 4.093918151855469e+02, 4.076018371582031e+02, 4.00704345703125e+02, 3.925511474609375e+02, 3.883683471679688e+02, 3.872543640136719e+02, 3.882769470214844e+02, 4.058660278320312e+02, 4.595443725585938e+02, 5.18368896484375e+02, 5.5200244140625e+02, 5.36749755859375e+02, 4.840936889648438e+02, 4.210725708007812e+02, 3.707367858886719e+02, 3.47657958984375e+02, 3.287515563964844e+02, 3.055486145019531e+02, 2.768324279785156e+02, 2.421506042480469e+02, 2.002624969482422e+02, 1.558980407714844e+02, 1.152587127685547e+02, 8.398347473144531e+01, 6.093196105957031e+01, 4.287439346313477e+01, 2.967314910888672e+01, 2.108770179748535e+01, 1.516789627075195e+01, 9.892556190490723e+00, 5.774662971496582e+00, 3.306309223175049e+00, 2.264765501022339e+00, 1.298198223114014e+00, 5.028600096702576e-01, 4.840908944606781e-02, 0e+00, 0e+00, 0e+00, 0e+00, 0e+00, 0e+00, 0e+00, 0e+00, 0e+00, 0e+00, 0e+00, 0e+00, 0e+00, 0e+00, 0e+00]
HGloWal.H=[0e+00, 0e+00, 0e+00, 0e+00, 0e+00, 0e+00, 0e+00, 0e+00, 0e+00, 0e+00, 0e+00, 0e+00, 0e+00, 0e+00, 0e+00, 0e+00, 0e+00, 0e+00, 0e+00, 5.484958365559578e-02, 1.242938280105591e+00, 3.616915464401245e+00, 6.110007286071777e+00, 9.366548538208008e+00, 1.272471618652344e+01, 1.676978492736816e+01, 2.189985275268555e+01, 2.838991928100586e+01, 3.750763320922852e+01, 4.920355987548828e+01, 6.132662963867188e+01, 7.190333557128906e+01, 8.010106658935547e+01, 8.774020385742188e+01, 9.522039031982422e+01, 1.028437042236328e+02, 1.109717864990234e+02, 1.19805908203125e+02, 1.288152313232422e+02, 1.374293823242188e+02, 1.447780456542969e+02, 1.485326995849609e+02, 1.501710205078125e+02, 1.519741516113281e+02, 1.562895812988281e+02, 1.647277679443359e+02, 1.752052154541016e+02, 1.876933135986328e+02, 1.967327880859375e+02, 2.026207275390625e+02, 2.068384094238281e+02, 2.091147308349609e+02, 2.091416473388672e+02, 2.080487976074219e+02, 2.080965576171875e+02, 2.163809356689453e+02, 2.240029754638672e+02, 2.396948547363281e+02, 2.957219848632812e+02, 3.621187438964844e+02, 4.021243286132812e+02, 4.06927490234375e+02, 3.797191772460938e+02, 3.193916931152344e+02, 2.636423034667969e+02, 2.499015045166016e+02, 2.417038116455078e+02, 2.307335815429688e+02, 2.145166778564453e+02, 1.907209014892578e+02, 1.579822540283203e+02, 1.213341598510742e+02, 8.726709747314453e+01, 6.17696533203125e+01, 4.35088996887207e+01, 2.91719856262207e+01, 1.859596252441406e+01, 1.262702369689941e+01, 8.977590560913086e+00, 5.713597297668457e+00, 3.188862085342407e+00, 1.699503898620605e+00, 1.152241587638855e+00, 6.571215987205505e-01, 2.533843517303467e-01, 2.431347779929638e-02, 0e+00, 0e+00, 0e+00, 0e+00, 0e+00, 0e+00, 0e+00, 0e+00, 0e+00, 0e+00, 0e+00, 0e+00, 0e+00, 0e+00, 0e+00]
HGloFlo.H=[0e+00, 0e+00, 0e+00, 0e+00, 0e+00, 0e+00, 0e+00, 0e+00, 0e+00, 0e+00, 0e+00, 0e+00, 0e+00, 0e+00, 0e+00, 0e+00, 0e+00, 0e+00, 0e+00, 2.264069579541683e-02, 5.012012720108032e-01, 1.434213995933533e+00, 2.537890911102295e+00, 3.692152976989746e+00, 4.896801471710205e+00, 6.398287773132324e+00, 8.361362457275391e+00, 1.095077896118164e+01, 1.465502071380615e+01, 1.945394515991211e+01, 2.448880004882812e+01, 2.88969669342041e+01, 3.232355499267578e+01, 3.561841201782227e+01, 3.88891487121582e+01, 4.219660186767578e+01, 4.5616455078125e+01, 4.91982421875e+01, 5.283317184448242e+01, 5.639959716796875e+01, 5.959567642211914e+01, 6.115659332275391e+01, 6.17335319519043e+01, 6.239854049682617e+01, 6.425196075439453e+01, 6.827684020996094e+01, 7.332421875e+01, 7.773445892333984e+01, 7.985933685302734e+01, 8.029781341552734e+01, 8.035269927978516e+01, 8.0198974609375e+01, 8.001164245605469e+01, 7.969367980957031e+01, 7.908026123046875e+01, 7.83985595703125e+01, 7.78780517578125e+01, 8.083390808105469e+01, 9.151648712158203e+01, 1.036698532104492e+02, 1.106233520507812e+02, 1.072291793823242e+02, 9.768441772460938e+01, 8.589576721191406e+01, 7.528497314453125e+01, 6.876786804199219e+01, 6.404471588134766e+01, 5.962368774414062e+01, 5.476873779296875e+01, 4.871483993530273e+01, 4.067049026489258e+01, 3.166587257385254e+01, 2.320187568664551e+01, 1.677100944519043e+01, 1.21817455291748e+01, 8.598075866699219e+00, 5.982973575592041e+00, 4.299408912658691e+00, 3.138844728469849e+00, 2.058730840682983e+00, 1.18888247013092e+00, 6.632561087608337e-01, 4.542734324932098e-01, 2.61180967092514e-01, 1.014043167233467e-01, 9.77999996393919e-03, 0e+00, 0e+00, 0e+00, 0e+00, 0e+00, 0e+00, 0e+00, 0e+00, 0e+00, 0e+00, 0e+00, 0e+00, 0e+00, 0e+00, 0e+00]
