last-generated=2020-09-01
statistics-simulation=
{
  "linear": " ",
  "nonlinear": " ",
  "numerical Jacobians": "0"
}
time=[0e+00, 4.32e+05]
limCeiHei.u=[2.74e+03, 2.56577197265625e+03, 1.517650146484375e+03, 1.4e+03, 1.4e+03, 1.83e+03, 1.746854736328125e+03, 2.080393310546875e+03, 2e+03, 2e+03, 2e+03, 7.00619580078125e+03, 5.36982373046875e+03, 3.66e+03, 3.66e+03, 2.44e+03, 2.555493408203125e+03, 3.05e+03, 3.05e+03, 3.05e+03, 2e+03, 2e+03, 2e+03, 2.55744921875e+03, 2.96803271484375e+03, 7.62e+03, 6.77050146484375e+03, 2.44e+03, 2.44e+03, 2.44e+03, 1.83e+03, 1.609769165039062e+03, 4.525527954101562e+02, 1.498705688476562e+03, 3.853206481933594e+02, 1.5e+02, 2.787689819335938e+02, 5.245440673828125e+02, 1.117663208007812e+03, 1.1796474609375e+03, 1.8e+02, 1.8e+02, 1.826399993896484e+02, 2.689500122070312e+02, 3.815736694335938e+02, 5.8e+02, 5.8e+02, 5.8e+02, 5.8e+02, 5.761599731445312e+02, 6.4e+02, 7.086400146484375e+02, 6.774400024414062e+02, 6.414400024414062e+02, 5.852800292968748e+02, 5.8e+02, 5.690560302734364e+02, 4.471359863281252e+02, 3.908320007324224e+02, 3.716000061035156e+02, 3.4e+02, 3.4e+02, 3.4e+02, 3.0068798828125e+02, 2.494559936523438e+02, 1.8e+02, 1.098514251708984e+02, 1.532845764160156e+02, 2.699939880371094e+02, 3.850428466796875e+02, 3.4e+02, 3.372882080078125e+02, 2.3997998046875e+02, 1.543538208007812e+02, 3.969053649902344e+02, 2.4e+02, 4.384585266113281e+02, 4.6e+02, 4.6e+02, 1.751916015625e+03, 2e+03, 7.718757934570312e+02, 9.525634765625e+02, 1.623680053710938e+03, 2e+03, 2e+03, 2e+03, 2e+03, 2e+03, 2e+03, 2e+03, 2e+03, 2e+03, 2e+03, 2e+03, 2e+03, 2e+03, 2e+03, 2e+03, 2e+03, 2e+03]
limCeiHei.ceiHei=[2.74e+03, 2.56577197265625e+03, 1.517650146484375e+03, 1.4e+03, 1.4e+03, 1.83e+03, 1.746854736328125e+03, 2.080393310546875e+03, 2e+03, 2e+03, 2e+03, 7.00619580078125e+03, 5.36982373046875e+03, 3.66e+03, 3.66e+03, 2.44e+03, 2.555493408203125e+03, 3.05e+03, 3.05e+03, 3.05e+03, 2e+03, 2e+03, 2e+03, 2.55744921875e+03, 2.96803271484375e+03, 7.62e+03, 6.77050146484375e+03, 2.44e+03, 2.44e+03, 2.44e+03, 1.83e+03, 1.609769165039062e+03, 4.525527954101562e+02, 1.498705688476562e+03, 3.853206481933594e+02, 1.5e+02, 2.787689819335938e+02, 5.245440673828125e+02, 1.117663208007812e+03, 1.1796474609375e+03, 1.8e+02, 1.8e+02, 1.826399993896484e+02, 2.689500122070312e+02, 3.815736694335938e+02, 5.8e+02, 5.8e+02, 5.8e+02, 5.8e+02, 5.761599731445312e+02, 6.4e+02, 7.086400146484375e+02, 6.774400024414062e+02, 6.414400024414062e+02, 5.852800292968748e+02, 5.8e+02, 5.690560302734364e+02, 4.471359863281252e+02, 3.908320007324224e+02, 3.716000061035156e+02, 3.4e+02, 3.4e+02, 3.4e+02, 3.0068798828125e+02, 2.494559936523438e+02, 1.8e+02, 1.098514251708984e+02, 1.532845764160156e+02, 2.699939880371094e+02, 3.850428466796875e+02, 3.4e+02, 3.372882080078125e+02, 2.3997998046875e+02, 1.543538208007812e+02, 3.969053649902344e+02, 2.4e+02, 4.384585266113281e+02, 4.6e+02, 4.6e+02, 1.751916015625e+03, 2e+03, 7.718757934570312e+02, 9.525634765625e+02, 1.623680053710938e+03, 2e+03, 2e+03, 2e+03, 2e+03, 2e+03, 2e+03, 2e+03, 2e+03, 2e+03, 2e+03, 2e+03, 2e+03, 2e+03, 2e+03, 2e+03, 2e+03, 2e+03]
