last-generated=2016-12-22
statistics-initialization=
{
  "numerical Jacobians": "0", 
  "nonlinear": "5, 4"
}
statistics-simulation=
{
  "numerical Jacobians": "0", 
  "nonlinear": "4, 4", 
  "number of continuous time states": "51", 
  "linear": "0, 0, 0, 0, 0, 0, 0, 0, 0, 0"
}
sla.sta_b.T=[293.149993896484375, 293.149993896484375, 293.149993896484375, 293.149993896484375, 293.149993896484375, 293.149993896484375, 293.149993896484375, 293.149993896484375, 293.149993896484375, 293.149993896484375, 293.149993896484375, 293.149993896484375, 293.149993896484375, 293.149993896484375, 293.149993896484375, 293.149993896484375, 293.149993896484375, 293.149993896484375, 293.149993896484375, 293.149993896484375, 293.149993896484375, 293.149993896484375, 293.149993896484375, 293.149993896484375, 293.149993896484375, 293.149993896484375, 293.149993896484375, 293.149993896484375, 293.149993896484375, 293.149993896484375, 293.149993896484375, 293.149993896484375, 293.149993896484375, 293.149993896484375, 293.149993896484375, 293.149993896484375, 293.149993896484375, 293.149993896484375, 293.149993896484375, 293.149993896484375, 293.149993896484375, 293.149993896484375, 293.149993896484375, 293.149993896484375, 293.149993896484375, 293.149993896484375, 293.149993896484375, 293.149993896484375, 293.149993896484375, 293.149993896484375, 293.149993896484375, 297.30010986328125, 297.412689208984375, 297.484893798828125, 297.54180908203125, 297.589202880859375, 297.63006591796875, 297.66552734375, 297.6961669921875, 297.722625732421875, 297.7454833984375, 297.7650146484375, 297.782135009765625, 297.797027587890625, 297.809967041015625, 297.821136474609375, 297.830718994140625, 297.838897705078125, 297.84588623046875, 297.85186767578125, 297.857086181640625, 297.861358642578125, 297.8651123046875, 297.868499755859375, 297.871490478515625, 297.874176025390625, 297.87652587890625, 297.878570556640625, 297.88037109375, 297.88189697265625, 297.883209228515625, 297.884307861328125, 297.885223388671875, 297.885955810546875, 297.8865966796875, 297.887115478515625, 297.88751220703125, 297.88787841796875, 297.88818359375, 297.888458251953125, 297.88873291015625, 297.889007568359375, 297.889251708984375, 297.889495849609375, 297.889678955078125, 297.889862060546875, 297.8900146484375, 297.890167236328125, 297.890289306640625, 297.890411376953125, 297.8905029296875]
sla.surf_b.T=[293.149993896484375, 293.149993896484375, 293.149993896484375, 293.149993896484375, 293.149993896484375, 293.149993896484375, 293.149993896484375, 293.149993896484375, 293.149993896484375, 293.149993896484375, 293.149993896484375, 293.149993896484375, 293.149993896484375, 293.149993896484375, 293.149993896484375, 293.149993896484375, 293.149993896484375, 293.149993896484375, 293.149993896484375, 293.149993896484375, 293.149993896484375, 293.149993896484375, 293.149993896484375, 293.149993896484375, 293.149993896484375, 293.149993896484375, 293.149993896484375, 293.149993896484375, 293.149993896484375, 293.149993896484375, 293.149993896484375, 293.149993896484375, 293.149993896484375, 293.149993896484375, 293.149993896484375, 293.149993896484375, 293.149993896484375, 293.149993896484375, 293.149993896484375, 293.149993896484375, 293.149993896484375, 293.149993896484375, 293.149993896484375, 293.149993896484375, 293.149993896484375, 293.149993896484375, 293.149993896484375, 293.149993896484375, 293.149993896484375, 293.149993896484375, 293.149993896484375, 293.149993896484375, 293.150054931640625, 293.15020751953125, 293.1505126953125, 293.151031494140625, 293.1517333984375, 293.152679443359375, 293.15386962890625, 293.155303955078125, 293.15692138671875, 293.158782958984375, 293.16082763671875, 293.1630859375, 293.165496826171875, 293.168060302734375, 293.170806884765625, 293.17364501953125, 293.1766357421875, 293.179718017578125, 293.18292236328125, 293.18621826171875, 293.1895751953125, 293.1929931640625, 293.19647216796875, 293.199981689453125, 293.203521728515625, 293.20709228515625, 293.210693359375, 293.214324951171875, 293.21795654296875, 293.22161865234375, 293.225311279296875, 293.22900390625, 293.232696533203125, 293.23638916015625, 293.240081787109375, 293.243804931640625, 293.247467041015625, 293.25115966796875, 293.25482177734375, 293.258453369140625, 293.2620849609375, 293.26568603515625, 293.269287109375, 293.272857666015625, 293.27642822265625, 293.27996826171875, 293.283477783203125, 293.2869873046875, 293.29046630859375]
sla.surf_a.T=[293.149993896484375, 293.149993896484375, 293.149993896484375, 293.149993896484375, 293.149993896484375, 293.149993896484375, 293.149993896484375, 293.149993896484375, 293.149993896484375, 293.149993896484375, 293.149993896484375, 293.149993896484375, 293.149993896484375, 293.149993896484375, 293.149993896484375, 293.149993896484375, 293.149993896484375, 293.149993896484375, 293.149993896484375, 293.149993896484375, 293.149993896484375, 293.149993896484375, 293.149993896484375, 293.149993896484375, 293.149993896484375, 293.149993896484375, 293.149993896484375, 293.149993896484375, 293.149993896484375, 293.149993896484375, 293.149993896484375, 293.149993896484375, 293.149993896484375, 293.149993896484375, 293.149993896484375, 293.149993896484375, 293.149993896484375, 293.149993896484375, 293.149993896484375, 293.149993896484375, 293.149993896484375, 293.149993896484375, 293.149993896484375, 293.149993896484375, 293.149993896484375, 293.149993896484375, 293.149993896484375, 293.149993896484375, 293.149993896484375, 293.149993896484375, 293.149993896484375, 293.208953857421875, 293.466583251953125, 293.783050537109375, 294.08062744140625, 294.345916748046875, 294.57611083984375, 294.77581787109375, 294.94830322265625, 295.09686279296875, 295.2247314453125, 295.3341064453125, 295.429718017578125, 295.512969970703125, 295.585052490234375, 295.647064208984375, 295.70013427734375, 295.745452880859375, 295.78411865234375, 295.817230224609375, 295.845977783203125, 295.86956787109375, 295.890350341796875, 295.90899658203125, 295.92559814453125, 295.940277099609375, 295.953216552734375, 295.964508056640625, 295.974273681640625, 295.982635498046875, 295.98974609375, 295.9957275390625, 296.000701904296875, 296.0047607421875, 296.008087158203125, 296.01080322265625, 296.01300048828125, 296.014801025390625, 296.016357421875, 296.017822265625, 296.019256591796875, 296.020721435546875, 296.02203369140625, 296.023193359375, 296.024200439453125, 296.02508544921875, 296.025848388671875, 296.026519775390625, 296.027099609375, 296.027618408203125, 296.028076171875]
time=[0., 86400.]
sla.surf_a.Q_flow=[0., 0., 0., 0., 0., 0., 0., 0., 0., 0., 0., 0., 0., 0., 0., 0., 0., 0., 0., 0., 0., 0., 0., 0., 0., 0., 0., 0., 0., 0., 0., 0., 0., 0., 0., 0., 0., 0., 0., 0., 0., 0., 0., 0., 0., 0., 0., 0., 0., 0., -0., -2.16148924827575683594, -13.01507568359375, -27.7489452362060546875, -42.489288330078125, -56.18931198120127845641, -68.43846130371103697598, -79.30656433105460223487, -88.86165618896484375, -97.20699310302734375, -104.47119140625, -110.74364471435546875, -116.2680816650390625, -121.11089324951171875, -125.32550811767578125, -128.9687042236328125, -132.09991455078125, -134.780670166015625, -137.07409667968752842171, -139.04464721679684657829, -140.757720947265625, -142.1656646728515625, -143.4078369140625, -144.5226593017578125, -145.51727294921875, -146.398956298828125, -147.175018310546875, -147.85284423828125, -148.4398651123046875, -148.94354248046875, -149.37139892578125, -149.730987548828125, -150.029876708984375, -150.275634765625, -150.47589111328125, -150.638275146484375, -150.7703857421875, -150.8798828125, -150.974395751953125, -151.0615692138671875, -151.1490631103515625, -151.237457275390625, -151.3158721923828125, -151.385040283203125, -151.4457855224609375, -151.49896240234375, -151.54541015625, -151.58599853515625, -151.621551513671875, -151.652923583984375, -151.68096923828125]
sla.surf_b.Q_flow=[0., 0., 0., 0., 0., 0., 0., 0., 0., 0., 0., 0., 0., 0., 0., 0., 0., 0., 0., 0., 0., 0., 0., 0., 0., 0., 0., 0., 0., 0., 0., 0., 0., 0., 0., 0., 0., 0., 0., 0., 0., 0., 0., 0., 0., 0., 0., 0., 0., 0., -0., -0.00011507751332828775, -0.00156188441906124353, -0.00631069112569093704, -0.01612720079720020294, -0.03213205561041848624, -0.05509980022907279978, -0.08573292195796938797, -0.12400893121957778931, -0.16986285150051116943, -0.22322294116020202637, -0.28404867649078369141, -0.35175341367721557617, -0.42593055963516235352, -0.50619310140609741211, -0.59214675426483154297, -0.68339061737060546875, -0.77951765060424804688, -0.88011515140533536083, -0.98476499319076449268, -1.09304416179656893604, -1.20571947097778320312, -1.32090032100677490234, -1.43806815147399902344, -1.55708837509155273438, -1.67782616615295410156, -1.80014646053314208984, -1.92391371726989746094, -2.04899191856384277344, -2.17524456977844238281, -2.30253481864929199219, -2.43072485923767089844, -2.5596771240234375, -2.68925309181213378906, -2.81931352615356445312, -2.94971942901611328125, -3.08033037185668945312, -3.21100664138793945312, -3.34160685539245605469, -3.47198987007141113281, -3.60201430320739746094, -3.73162817955017089844, -3.86091399192810058594, -3.98984074592590332031, -4.11838102340698242188, -4.2465076446533203125, -4.37419271469116210938, -4.50141000747680664062, -4.62813234329223632812, -4.75433254241943359375, -4.87998485565185546875]
