last-generated=2021-05-21
statistics-initialization=
{
  "linear": "0"
}
statistics-simulation=
{
  "linear": "0, 0",
  "nonlinear": " ",
  "number of continuous time states": "9",
  "numerical Jacobians": "0"
}
time=[0e+00, 6.048e+05]
bui.maxTSet.y=[2.971499938964844e+02, 2.971499938964844e+02]
bui.minTSet.y=[2.931499938964844e+02, 2.931499938964844e+02]
bui.zon.TAir=[2.931499938964844e+02, 2.931473693847656e+02, 2.931480407714844e+02, 2.931493225097656e+02, 2.931504516601562e+02, 2.931481628417969e+02, 2.931498413085938e+02, 2.931499633789062e+02, 2.931494750976562e+02, 2.931497497558594e+02, 2.931499633789062e+02, 2.931501159667969e+02, 2.931500549316406e+02, 2.931499633789062e+02, 2.931497802734375e+02, 2.931499328613281e+02, 2.931499938964844e+02, 2.931500244140625e+02, 2.931489868164062e+02, 2.931497192382812e+02, 2.943626403808594e+02, 2.948699951171875e+02, 2.948825378417969e+02, 2.955191955566406e+02, 2.95782958984375e+02, 2.94803955078125e+02, 2.940560913085938e+02, 2.937088928222656e+02, 2.934424438476562e+02, 2.931633605957031e+02, 2.931507873535156e+02, 2.931502685546875e+02, 2.931497802734375e+02, 2.931499938964844e+02, 2.946936645507812e+02, 2.953074645996094e+02, 2.953970031738281e+02, 2.959429931640625e+02, 2.962115478515625e+02, 2.954433898925781e+02, 2.945699157714844e+02, 2.941410522460938e+02, 2.938148803710938e+02, 2.93478271484375e+02, 2.932279968261719e+02, 2.931494445800781e+02, 2.931497802734375e+02, 2.931499938964844e+02, 2.943742065429688e+02, 2.951697082519531e+02, 2.955921936035156e+02, 2.958002014160156e+02, 2.961050720214844e+02, 2.960882873535156e+02, 2.946545104980469e+02, 2.941456909179688e+02, 2.938268432617188e+02, 2.934637756347656e+02, 2.931504821777344e+02, 2.931493225097656e+02, 2.931502380371094e+02, 2.93150390625e+02, 2.939817199707031e+02, 2.950432739257812e+02, 2.955693054199219e+02, 2.958876037597656e+02, 2.962565307617188e+02, 2.964184265136719e+02, 2.948690185546875e+02, 2.943008728027344e+02, 2.938416137695312e+02, 2.934421997070312e+02, 2.9314990234375e+02, 2.931505737304688e+02, 2.931506652832031e+02, 2.931503295898438e+02, 2.931511535644531e+02, 2.946545104980469e+02, 2.951819152832031e+02, 2.950557861328125e+02, 2.954980773925781e+02, 2.957293701171875e+02, 2.947025146484375e+02, 2.937228088378906e+02, 2.931852416992188e+02, 2.931504516601562e+02, 2.931507568359375e+02, 2.931507263183594e+02, 2.931492614746094e+02, 2.931482849121094e+02, 2.931494140625e+02, 2.93150390625e+02, 2.931495361328125e+02, 2.931559143066406e+02, 2.931499328613281e+02, 2.931503601074219e+02, 2.931460876464844e+02, 2.931500549316406e+02, 2.931502685546875e+02, 2.93150146484375e+02, 2.931498718261719e+02]
bui.terUni.QActHea_flow=[-0e+00, 1.379907073974609e+02, 4.198629455566406e+02, 5.965964965820312e+02, 7.308057861328125e+02, 7.035299072265625e+02, 6.09093017578125e+02, 6.04891845703125e+02, 6.942171630859375e+02, 7.609126586914062e+02, 8.456612548828125e+02, 8.8921923828125e+02, 9.095078125e+02, 9.194478149414062e+02, 9.376156005859375e+02, 8.586983642578125e+02, 8.68112060546875e+02, 8.769656982421875e+02, 8.001679077148438e+02, 6.029798583984375e+02, 0e+00, 0e+00, 0e+00, 0e+00, 0e+00, 0e+00, 0e+00, 0e+00, 0e+00, 0e+00, 1.383543853759766e+02, 2.292322692871094e+02, 2.933742980957031e+02, 1.576410522460938e+02, 0e+00, 0e+00, 0e+00, 0e+00, 0e+00, 0e+00, 0e+00, 0e+00, 0e+00, 0e+00, 0e+00, 1.057189559936523e+02, 2.150963592529297e+02, 2.472298278808594e+02, 0e+00, 0e+00, 0e+00, 0e+00, 0e+00, 0e+00, 0e+00, 0e+00, 0e+00, 0e+00, 2.249278259277344e+01, 1.788928375244141e+02, 3.385242614746094e+02, 4.008318786621094e+02, 0e+00, 0e+00, 0e+00, 0e+00, 0e+00, 0e+00, 0e+00, 0e+00, 0e+00, 0e+00, 5.914977645874023e+01, 2.580513916015625e+02, 4.268583068847656e+02, 5.454553833007812e+02, 4.294261474609375e+02, 0e+00, 0e+00, 0e+00, 0e+00, 0e+00, 0e+00, 0e+00, 0e+00, 2.947206726074219e+02, 6.797286376953125e+02, 8.791202392578125e+02, 1.046369995117188e+03, 1.201726928710938e+03, 1.159250244140625e+03, 5.392303466796875e+02, 4.484602661132812e+02, 7.053090209960938e+02, 7.485247192382812e+02, 6.404845581054688e+02, 1.045461547851562e+03, 1.232803588867188e+03, 1.300073974609375e+03, 1.3530107421875e+03, 1.403445434570312e+03]
bui.terUni.QActCoo_flow=[-0e+00, 0e+00, -0e+00, -0e+00, -0e+00, -0e+00, -0e+00, 0e+00, -0e+00, -0e+00, -0e+00, -0e+00, -0e+00, -0e+00, 0e+00, -0e+00, -0e+00, 0e+00, -0e+00, -0e+00, -0e+00, -0e+00, -0e+00, -0e+00, -0e+00, -0e+00, -0e+00, -0e+00, 0e+00, -0e+00, -0e+00, -0e+00, -0e+00, -0e+00, 0e+00, -0e+00, -0e+00, -0e+00, -0e+00, -0e+00, -0e+00, 0e+00, -0e+00, -0e+00, -0e+00, -0e+00, -0e+00, -0e+00, -0e+00, -0e+00, -0e+00, -0e+00, -0e+00, -0e+00, -0e+00, -0e+00, 0e+00, 0e+00, -0e+00, -0e+00, -0e+00, -0e+00, -0e+00, -0e+00, -0e+00, -0e+00, -0e+00, -0e+00, 0e+00, 0e+00, -0e+00, -0e+00, -0e+00, -0e+00, -0e+00, -0e+00, -0e+00, -0e+00, -0e+00, -0e+00, -0e+00, 0e+00, 0e+00, -0e+00, -0e+00, -0e+00, -0e+00, -0e+00, -0e+00, -0e+00, -0e+00, -0e+00, -0e+00, -0e+00, -0e+00, -0e+00, -0e+00, -0e+00, -0e+00, -0e+00, -0e+00]
supHeaWat.T_in=[3.131499938964844e+02, 3.131499938964844e+02]
bui.terUni.T_aHeaWat_nominal=[3.131499938964844e+02, 3.131499938964844e+02]
bui.disFloHea.mReq_flow[1]=[0e+00, 3.608386497944593e-03, 1.549139898270369e-02, 2.332361973822117e-02, 2.957776188850403e-02, 2.828366123139858e-02, 2.389607205986977e-02, 2.370376884937286e-02, 2.784756384789944e-02, 3.101187199354172e-02, 3.511412069201469e-02, 3.72571088373661e-02, 3.826284036040306e-02, 3.875722363591194e-02, 3.966382890939713e-02, 3.575295954942703e-02, 3.621566295623779e-02, 3.665183857083321e-02, 3.289920464158058e-02, 2.361593395471573e-02, 0e+00, 0e+00, 0e+00, 0e+00, 0e+00, 0e+00, 0e+00, 0e+00, 0e+00, 0e+00, 3.626963123679161e-03, 7.65979802235961e-03, 1.022571139037609e-02, 4.547488875687122e-03, 0e+00, 0e+00, 0e+00, 0e+00, 0e+00, 0e+00, 0e+00, 0e+00, 0e+00, 0e+00, 0e+00, 2.155722118914127e-03, 7.080411538481712e-03, 8.383439853787422e-03, 0e+00, 0e+00, 0e+00, 0e+00, 0e+00, 0e+00, 0e+00, 0e+00, 0e+00, 0e+00, 2.64017638983205e-04, 5.524591077119112e-03, 1.206894032657146e-02, 1.468108873814344e-02, 0e+00, 0e+00, 0e+00, 0e+00, 0e+00, 0e+00, 0e+00, 0e+00, 0e+00, 0e+00, 8.199473959393799e-04, 8.814845234155655e-03, 1.579403690993786e-02, 2.100883238017559e-02, 1.590493135154247e-02, 0e+00, 0e+00, 0e+00, 0e+00, 0e+00, 0e+00, 0e+00, 0e+00, 1.028040889650583e-02, 2.717001363635063e-02, 3.675961866974831e-02, 4.517407342791557e-02, 5.328576266765594e-02, 5.104243382811546e-02, 2.072960697114468e-02, 1.672559976577759e-02, 2.838041819632053e-02, 3.04202102124691e-02, 2.534268610179424e-02, 4.511890187859535e-02, 5.494895204901695e-02, 5.857710167765617e-02, 6.146949902176857e-02, 6.425662338733673e-02]
bui.disFloHea.mAct_flow[1].y=[-0e+00, 3.617972135543823e-03, 1.550096552819014e-02, 2.333318442106247e-02, 2.958732657134533e-02, 2.829322591423988e-02, 2.390563488006592e-02, 2.371333353221416e-02, 2.785712666809559e-02, 3.102143481373787e-02, 3.512368351221085e-02, 3.726666793227196e-02, 3.827240318059921e-02, 3.876678645610809e-02, 3.967339172959328e-02, 3.576252236962318e-02, 3.622522577643394e-02, 3.666140139102936e-02, 3.290876746177673e-02, 2.362549863755703e-02, -0e+00, -0e+00, -0e+00, -0e+00, -0e+00, -0e+00, -0e+00, -0e+00, 0e+00, -0e+00, 3.636548761278391e-03, 7.669370155781507e-03, 1.023528072983027e-02, 4.557069391012192e-03, 0e+00, -0e+00, -0e+00, -0e+00, -0e+00, -0e+00, -0e+00, 0e+00, -0e+00, -0e+00, -0e+00, 2.165324985980988e-03, 7.089985068887472e-03, 8.393011055886745e-03, -0e+00, -0e+00, -0e+00, -0e+00, -0e+00, -0e+00, -0e+00, -0e+00, 0e+00, 0e+00, 2.739370393101126e-04, 5.534167867153883e-03, 1.207850873470306e-02, 1.469065528362989e-02, -0e+00, -0e+00, -0e+00, -0e+00, -0e+00, -0e+00, 0e+00, 0e+00, -0e+00, -0e+00, 8.296204032376409e-04, 8.824415504932404e-03, 1.580360159277916e-02, 2.101839706301689e-02, 1.591449603438377e-02, -0e+00, -0e+00, -0e+00, -0e+00, 0e+00, 0e+00, -0e+00, -0e+00, 1.028997823596001e-02, 2.717957831919193e-02, 3.676918148994446e-02, 4.518363624811172e-02, 5.32953254878521e-02, 5.105199664831161e-02, 2.073917165398598e-02, 1.673516444861889e-02, 2.838998101651669e-02, 3.042977303266525e-02, 2.535224892199039e-02, 4.51284646987915e-02, 5.495851114392281e-02, 5.858666449785233e-02, 6.147906184196472e-02, 6.426618248224258e-02]
bui.disFloHea.m_flow_nominal=[9.560229629278183e-02, 9.560229629278183e-02]
bui.terUni.QHea_flow_nominal=[2e+03, 2e+03]
supChiWat.T_in=[2.801499938964844e+02, 2.801499938964844e+02]
bui.terUni.T_aChiWat_nominal=[2.801499938964844e+02, 2.801499938964844e+02]
bui.disFloCoo.mReq_flow[1]=[0e+00, 0e+00, 0e+00, 0e+00, 0e+00, 0e+00, 0e+00, 0e+00, 0e+00, 0e+00, 0e+00, 0e+00, 0e+00, 0e+00, 0e+00, 0e+00, 0e+00, 0e+00, 0e+00, 0e+00, 0e+00, 0e+00, 0e+00, 0e+00, 0e+00, 0e+00, 0e+00, 0e+00, 0e+00, 0e+00, 0e+00, 0e+00, 0e+00, 0e+00, 0e+00, 0e+00, 0e+00, 0e+00, 0e+00, 0e+00, 0e+00, 0e+00, 0e+00, 0e+00, 0e+00, 0e+00, 0e+00, 0e+00, 0e+00, 0e+00, 0e+00, 0e+00, 0e+00, 0e+00, 0e+00, 0e+00, 0e+00, 0e+00, 0e+00, 0e+00, 0e+00, 0e+00, 0e+00, 0e+00, 0e+00, 0e+00, 0e+00, 0e+00, 0e+00, 0e+00, 0e+00, 0e+00, 0e+00, 0e+00, 0e+00, 0e+00, 0e+00, 0e+00, 0e+00, 0e+00, 0e+00, 0e+00, 0e+00, 0e+00, 0e+00, 0e+00, 0e+00, 0e+00, 0e+00, 0e+00, 0e+00, 0e+00, 0e+00, 0e+00, 0e+00, 0e+00, 0e+00, 0e+00, 0e+00, 0e+00, 0e+00]
bui.disFloCoo.mAct_flow[1].y=[-0e+00, -0e+00, -0e+00, -0e+00, -0e+00, -0e+00, -0e+00, 0e+00, -0e+00, -0e+00, -0e+00, -0e+00, -0e+00, -0e+00, 0e+00, -0e+00, -0e+00, 0e+00, -0e+00, -0e+00, -0e+00, -0e+00, -0e+00, -0e+00, -0e+00, -0e+00, -0e+00, -0e+00, 0e+00, -0e+00, -0e+00, -0e+00, -0e+00, -0e+00, 0e+00, -0e+00, -0e+00, -0e+00, -0e+00, -0e+00, -0e+00, 0e+00, -0e+00, -0e+00, -0e+00, -0e+00, -0e+00, -0e+00, -0e+00, -0e+00, -0e+00, -0e+00, -0e+00, -0e+00, -0e+00, -0e+00, 0e+00, 0e+00, -0e+00, -0e+00, -0e+00, -0e+00, -0e+00, -0e+00, -0e+00, -0e+00, -0e+00, -0e+00, 0e+00, 0e+00, -0e+00, -0e+00, -0e+00, -0e+00, -0e+00, -0e+00, -0e+00, -0e+00, -0e+00, -0e+00, -0e+00, 0e+00, 0e+00, -0e+00, -0e+00, -0e+00, -0e+00, -0e+00, -0e+00, -0e+00, -0e+00, -0e+00, -0e+00, -0e+00, -0e+00, -0e+00, -0e+00, -0e+00, -0e+00, -0e+00, -0e+00]
bui.disFloCoo.m_flow_nominal=[9.560229629278183e-02, 9.560229629278183e-02]
