last-generated=2021-11-09
statistics-simulation=
{
  "linear": "0, 0",
  "nonlinear": " ",
  "number of continuous time states": "1",
  "numerical Jacobians": "0"
}
time=[0e+00, 6e+03]
boi1.sta_a.T=[3.031499938964844e+02, 3.031499938964844e+02, 3.031499938964844e+02, 3.031499938964844e+02, 3.031499938964844e+02, 3.031499938964844e+02, 3.031499938964844e+02, 3.031499938964844e+02, 3.031499938964844e+02, 3.031499938964844e+02, 3.031499938964844e+02, 3.031499938964844e+02, 3.031499938964844e+02, 3.031499938964844e+02, 3.031499938964844e+02, 3.031499938964844e+02, 3.031499938964844e+02, 3.031499938964844e+02, 3.031499938964844e+02, 3.031499938964844e+02, 3.031499938964844e+02, 3.031499938964844e+02, 3.031499938964844e+02, 3.031499938964844e+02, 3.031499938964844e+02, 3.031499938964844e+02, 3.031499938964844e+02, 3.031499938964844e+02, 3.031499938964844e+02, 3.031499938964844e+02, 3.031499938964844e+02, 3.031499938964844e+02, 3.031499938964844e+02, 3.031499938964844e+02, 3.031499938964844e+02, 3.031499938964844e+02, 3.031499938964844e+02, 3.031499938964844e+02, 3.031499938964844e+02, 3.031499938964844e+02, 3.031499938964844e+02, 3.031499938964844e+02, 3.031499938964844e+02, 3.031499938964844e+02, 3.031499938964844e+02, 3.031499938964844e+02, 3.031499938964844e+02, 3.031499938964844e+02, 3.031499938964844e+02, 3.031499938964844e+02, 3.031499938964844e+02, 3.026499938964844e+02, 3.021499938964844e+02, 3.016499938964844e+02, 3.011499938964844e+02, 3.006499938964844e+02, 3.001499938964844e+02, 2.996499938964844e+02, 2.991499938964844e+02, 2.986499938964844e+02, 2.981499938964844e+02, 2.976499938964844e+02, 2.971499938964844e+02, 2.966499938964844e+02, 2.961499938964844e+02, 2.956499938964844e+02, 2.951499938964844e+02, 2.946499938964844e+02, 2.941499938964844e+02, 2.936499938964844e+02, 2.931499938964844e+02, 2.931499938964844e+02, 2.931499938964844e+02, 2.931499938964844e+02, 2.931499938964844e+02, 2.931499938964844e+02, 2.931499938964844e+02, 2.931499938964844e+02, 2.931499938964844e+02, 2.931499938964844e+02, 2.931499938964844e+02, 2.941499938964844e+02, 2.951499938964844e+02, 2.961499938964844e+02, 2.971499938964844e+02, 2.981499938964844e+02, 2.991499938964844e+02, 3.001499938964844e+02, 3.011499938964844e+02, 3.021499938964844e+02, 3.031499938964844e+02, 3.031499938964844e+02, 3.031499938964844e+02, 3.031499938964844e+02, 3.031499938964844e+02, 3.031499938964844e+02, 3.031499938964844e+02, 3.031499938964844e+02, 3.031499938964844e+02, 3.031499938964844e+02, 3.031499938964844e+02]
boi1.sta_b.T=[2.931499938964844e+02, 3.003047790527344e+02, 3.026089782714844e+02, 3.035449523925781e+02, 3.040947570800781e+02, 3.045353393554688e+02, 3.049451293945312e+02, 3.053460693359375e+02, 3.057442321777344e+02, 3.061412658691406e+02, 3.065375671386719e+02, 3.06933349609375e+02, 3.073284301757812e+02, 3.077228088378906e+02, 3.081164245605469e+02, 3.085091552734375e+02, 3.089009704589844e+02, 3.092918090820312e+02, 3.096815795898438e+02, 3.100702514648438e+02, 3.104577331542969e+02, 3.108439636230469e+02, 3.112288818359375e+02, 3.116123657226562e+02, 3.11994384765625e+02, 3.123748168945312e+02, 3.127536315917969e+02, 3.131307373046875e+02, 3.135060424804688e+02, 3.138794860839844e+02, 3.142509765625e+02, 3.060868225097656e+02, 3.037832641601562e+02, 3.031331481933594e+02, 3.029496765136719e+02, 3.028980407714844e+02, 3.028833312988281e+02, 3.02879150390625e+02, 3.028779907226562e+02, 3.028777160644531e+02, 3.028775939941406e+02, 3.112513427734375e+02, 3.136148986816406e+02, 3.142813415527344e+02, 3.144696350097656e+02, 3.145228576660156e+02, 3.145379028320312e+02, 3.145420532226562e+02, 3.145433044433594e+02, 3.14543701171875e+02, 3.145437927246094e+02, 3.143372192382812e+02, 3.139352722167969e+02, 3.134785461425781e+02, 3.1300537109375e+02, 3.125276489257812e+02, 3.120482788085938e+02, 3.115681762695312e+02, 3.110875854492188e+02, 3.106065368652344e+02, 3.101249084472656e+02, 3.096427917480469e+02, 3.0916015625e+02, 3.086770324707031e+02, 3.081933898925781e+02, 3.077092895507812e+02, 3.072247314453125e+02, 3.0673974609375e+02, 3.062543029785156e+02, 3.057684631347656e+02, 3.052824096679688e+02, 3.050064086914062e+02, 3.04928955078125e+02, 3.0490673828125e+02, 3.049007568359375e+02, 3.048990173339844e+02, 3.048984680175781e+02, 3.048982849121094e+02, 3.048982543945312e+02, 3.048982238769531e+02, 3.048982238769531e+02, 3.053186950683594e+02, 3.061348266601562e+02, 3.070617370605469e+02, 3.08018310546875e+02, 3.089817810058594e+02, 3.099458923339844e+02, 3.1090869140625e+02, 3.118699340820312e+02, 3.128294982910156e+02, 3.13787353515625e+02, 3.143304443359375e+02, 3.144837036132812e+02, 3.145267639160156e+02, 3.145389404296875e+02, 3.1454248046875e+02, 3.1454345703125e+02, 3.145437622070312e+02, 3.145438537597656e+02, 3.145438232421875e+02, 3.145438232421875e+02]
boi2.sta_b.T=[3.028774719238281e+02, 3.032752685546875e+02, 3.036731567382812e+02, 3.040711059570312e+02, 3.04468994140625e+02, 3.048667297363281e+02, 3.052642822265625e+02, 3.056615295410156e+02, 3.060583801269531e+02, 3.064548034667969e+02, 3.068506774902344e+02, 3.072459411621094e+02, 3.076405029296875e+02, 3.080343017578125e+02, 3.084272766113281e+02, 3.088193054199219e+02, 3.092103271484375e+02, 3.096003723144531e+02, 3.099892883300781e+02, 3.103770446777344e+02, 3.107635803222656e+02, 3.111487731933594e+02, 3.115325622558594e+02, 3.119149169921875e+02, 3.122957153320312e+02, 3.126748962402344e+02, 3.130523986816406e+02, 3.134281005859375e+02, 3.138019714355469e+02, 3.141738891601562e+02, 3.145438232421875e+02, 3.028774719238281e+02, 3.028774719238281e+02, 3.028774719238281e+02, 3.028774719238281e+02, 3.028774719238281e+02, 3.028774719238281e+02, 3.028774719238281e+02, 3.028774719238281e+02, 3.028774719238281e+02, 3.028774719238281e+02, 3.145438232421875e+02, 3.145438232421875e+02, 3.145438232421875e+02, 3.145438232421875e+02, 3.145438232421875e+02, 3.145438232421875e+02, 3.145438232421875e+02, 3.145438232421875e+02, 3.145438232421875e+02, 3.145438232421875e+02, 3.140658874511719e+02, 3.1358740234375e+02, 3.131084594726562e+02, 3.126290588378906e+02, 3.121492614746094e+02, 3.116690979003906e+02, 3.111885681152344e+02, 3.107075805664062e+02, 3.1022607421875e+02, 3.097440490722656e+02, 3.092615051269531e+02, 3.087784729003906e+02, 3.082949523925781e+02, 3.078109436035156e+02, 3.073264770507812e+02, 3.06841552734375e+02, 3.063561401367188e+02, 3.058703002929688e+02, 3.0538427734375e+02, 3.048982238769531e+02, 3.048982238769531e+02, 3.048982238769531e+02, 3.048982238769531e+02, 3.048982238769531e+02, 3.048982238769531e+02, 3.048982238769531e+02, 3.048982238769531e+02, 3.048982238769531e+02, 3.048982238769531e+02, 3.048982238769531e+02, 3.058703002929688e+02, 3.06841552734375e+02, 3.078109436035156e+02, 3.087784729003906e+02, 3.097440490722656e+02, 3.107075805664062e+02, 3.116690979003906e+02, 3.126290588378906e+02, 3.1358740234375e+02, 3.145438232421875e+02, 3.145438232421875e+02, 3.145438232421875e+02, 3.145438232421875e+02, 3.145438232421875e+02, 3.145438232421875e+02, 3.145438232421875e+02, 3.145438232421875e+02, 3.145438232421875e+02, 3.145438232421875e+02, 3.145438232421875e+02]
boi1.eta=[9.779921770095825e-01, 9.781351685523987e-01, 9.782695770263672e-01, 9.78344202041626e-01, 9.783507585525513e-01, 9.782896637916565e-01, 9.781612753868103e-01, 9.779658317565918e-01, 9.777037501335144e-01, 9.77375328540802e-01, 9.769809246063232e-01, 9.765208959579468e-01, 9.759956002235413e-01, 9.754053354263306e-01, 9.747504591941833e-01, 9.740312695503235e-01, 9.732519388198853e-01, 9.724160432815552e-01, 9.715231657028198e-01, 9.705729484558105e-01, 9.695649147033691e-01, 9.684988260269165e-01, 9.673740863800049e-01, 9.661905169487e-01, 9.64947521686554e-01, 9.636448621749878e-01, 9.622820615768433e-01, 9.608587622642517e-01, 9.593745470046997e-01, 9.578289985656738e-01, 9.562218189239502e-01, 9.779921770095825e-01, 9.779921770095825e-01, 9.779921770095825e-01, 9.779921770095825e-01, 9.779921770095825e-01, 9.779921770095825e-01, 9.779921770095825e-01, 9.779921770095825e-01, 9.779921770095825e-01, 9.779921770095825e-01, 9.562218189239502e-01, 9.562218189239502e-01, 9.562218189239502e-01, 9.562218189239502e-01, 9.562218189239502e-01, 9.562218189239502e-01, 9.562218189239502e-01, 9.562218189239502e-01, 9.562218189239502e-01, 9.562218189239502e-01, 9.572852253913879e-01, 9.583059549331665e-01, 9.592869877815247e-01, 9.602313637733459e-01, 9.611421227455139e-01, 9.620223641395569e-01, 9.628744721412659e-01, 9.636879563331604e-01, 9.644586443901062e-01, 9.651871919631958e-01, 9.658742547035217e-01, 9.665205478668213e-01, 9.67126727104187e-01, 9.676934480667114e-01, 9.682214856147766e-01, 9.687114357948303e-01, 9.691640138626099e-01, 9.695799350738525e-01, 9.699794054031372e-01, 9.703789353370667e-01, 9.703789353370667e-01, 9.703789353370667e-01, 9.703789353370667e-01, 9.703789353370667e-01, 9.703789353370667e-01, 9.703789353370667e-01, 9.703789353370667e-01, 9.703789353370667e-01, 9.703789353370667e-01, 9.703789353370667e-01, 9.695799350738525e-01, 9.687114357948303e-01, 9.676934480667114e-01, 9.665205478668213e-01, 9.651871919631958e-01, 9.636879563331604e-01, 9.620223641395569e-01, 9.602313637733459e-01, 9.583059549331665e-01, 9.562218189239502e-01, 9.562218189239502e-01, 9.562218189239502e-01, 9.562218189239502e-01, 9.562218189239502e-01, 9.562218189239502e-01, 9.562218189239502e-01, 9.562218189239502e-01, 9.562218189239502e-01, 9.562218189239502e-01, 9.562218189239502e-01]
boi2.eta=[9.779921770095825e-01, 9.781351685523987e-01, 9.782695770263672e-01, 9.78344202041626e-01, 9.783507585525513e-01, 9.782896637916565e-01, 9.781612753868103e-01, 9.779658317565918e-01, 9.777037501335144e-01, 9.77375328540802e-01, 9.769809246063232e-01, 9.765208959579468e-01, 9.759956002235413e-01, 9.754053354263306e-01, 9.747504591941833e-01, 9.740312695503235e-01, 9.732519388198853e-01, 9.724160432815552e-01, 9.715231657028198e-01, 9.705729484558105e-01, 9.695649147033691e-01, 9.684988260269165e-01, 9.673740863800049e-01, 9.661905169487e-01, 9.64947521686554e-01, 9.636448621749878e-01, 9.622820615768433e-01, 9.608587622642517e-01, 9.593745470046997e-01, 9.578289985656738e-01, 9.562218189239502e-01, 9.779921770095825e-01, 9.779921770095825e-01, 9.779921770095825e-01, 9.779921770095825e-01, 9.779921770095825e-01, 9.779921770095825e-01, 9.779921770095825e-01, 9.779921770095825e-01, 9.779921770095825e-01, 9.779921770095825e-01, 9.562218189239502e-01, 9.562218189239502e-01, 9.562218189239502e-01, 9.562218189239502e-01, 9.562218189239502e-01, 9.562218189239502e-01, 9.562218189239502e-01, 9.562218189239502e-01, 9.562218189239502e-01, 9.562218189239502e-01, 9.572852253913879e-01, 9.583059549331665e-01, 9.592869877815247e-01, 9.602313637733459e-01, 9.611421227455139e-01, 9.620223641395569e-01, 9.628744721412659e-01, 9.636879563331604e-01, 9.644586443901062e-01, 9.651871919631958e-01, 9.658742547035217e-01, 9.665205478668213e-01, 9.67126727104187e-01, 9.676934480667114e-01, 9.682214856147766e-01, 9.687114357948303e-01, 9.691640138626099e-01, 9.695799350738525e-01, 9.699794054031372e-01, 9.703789353370667e-01, 9.703789353370667e-01, 9.703789353370667e-01, 9.703789353370667e-01, 9.703789353370667e-01, 9.703789353370667e-01, 9.703789353370667e-01, 9.703789353370667e-01, 9.703789353370667e-01, 9.703789353370667e-01, 9.703789353370667e-01, 9.695799350738525e-01, 9.687114357948303e-01, 9.676934480667114e-01, 9.665205478668213e-01, 9.651871919631958e-01, 9.636879563331604e-01, 9.620223641395569e-01, 9.602313637733459e-01, 9.583059549331665e-01, 9.562218189239502e-01, 9.562218189239502e-01, 9.562218189239502e-01, 9.562218189239502e-01, 9.562218189239502e-01, 9.562218189239502e-01, 9.562218189239502e-01, 9.562218189239502e-01, 9.562218189239502e-01, 9.562218189239502e-01, 9.562218189239502e-01]
y.y=[0e+00, 3.333333507180214e-02, 6.666667014360428e-02, 1.000000014901161e-01, 1.333333402872086e-01, 1.666666716337204e-01, 2.000000029802322e-01, 2.333333343267441e-01, 2.666666805744171e-01, 3.00000011920929e-01, 3.333333432674408e-01, 3.666666746139526e-01, 4.000000059604645e-01, 4.333333373069763e-01, 4.666666686534882e-01, 5e-01, 5.333333611488342e-01, 5.666666626930238e-01, 6.000000238418579e-01, 6.333333253860474e-01, 6.666666865348816e-01, 6.99999988079071e-01, 7.333333492279053e-01, 7.666666507720947e-01, 8.00000011920929e-01, 8.333333134651184e-01, 8.666666746139526e-01, 8.999999761581421e-01, 9.333333373069764e-01, 9.666666388511657e-01, 1e+00, 0e+00, 0e+00, 0e+00, 0e+00, 0e+00, 0e+00, 0e+00, 0e+00, 0e+00, 0e+00, 1e+00, 1e+00, 1e+00, 1e+00, 1e+00, 1e+00, 1e+00, 1e+00, 1e+00, 1e+00, 1e+00, 1e+00, 1e+00, 1e+00, 1e+00, 1e+00, 1e+00, 1e+00, 1e+00, 1e+00, 1e+00, 1e+00, 1e+00, 1e+00, 1e+00, 1e+00, 1e+00, 1e+00, 1e+00, 1e+00, 1e+00, 1e+00, 1e+00, 1e+00, 1e+00, 1e+00, 1e+00, 1e+00, 1e+00, 1e+00, 1e+00, 1e+00, 1e+00, 1e+00, 1e+00, 1e+00, 1e+00, 1e+00, 1e+00, 1e+00, 1e+00, 1e+00, 1e+00, 1e+00, 1e+00, 1e+00, 1e+00, 1e+00, 1e+00, 1e+00]
