last-generated=2023-07-31
statistics-simulation=
{
  "linear": " ",
  "nonlinear": " ",
  "numerical Jacobians": "0"
}
time=[0e+00, 7.2e+03]
ySet=[5e-01, 7.938926219940186e-01, 2.447174116969109e-02, 9.755282402038574e-01, 2.061073780059814e-01, 5e-01, 7.938926219940186e-01, 2.44717411696915e-02, 9.755282402038574e-01, 2.061073780059814e-01, 5e-01, 7.938926219940186e-01, 2.447174116969109e-02, 9.755282402038574e-01, 2.061073780059802e-01, 5e-01, 7.938926219940186e-01, 2.447174116969109e-02, 9.755282402038574e-01, 2.061073780059814e-01, 5e-01, 7.938926219940186e-01, 2.447174116969109e-02, 9.755282402038574e-01, 2.061073780059814e-01, 5e-01, 7.938926219940186e-01, 2.447174116969319e-02, 9.755282402038576e-01, 2.061073780059814e-01, 5e-01, 7.938926219940186e-01, 2.447174116969109e-02, 9.755282402038574e-01, 2.061073780059814e-01, 5e-01, 7.938926219940186e-01, 2.447174116969109e-02, 9.755282402038574e-01, 2.061073780059814e-01, 5e-01, 7.938926219940186e-01, 2.447174116969109e-02, 9.755282402038574e-01, 2.061073780059814e-01, 5e-01, 7.938926219940186e-01, 2.447174116969109e-02, 9.755282402038574e-01, 2.061073780059814e-01, 5e-01, 7.938926219940186e-01, 2.447174116969109e-02, 9.755282402038574e-01, 2.061073780059762e-01, 5.000000000000077e-01, 7.938926219940112e-01, 2.447174116969109e-02, 9.755282402038574e-01, 2.061073780059814e-01, 5e-01, 7.938926219940186e-01, 2.447174116969109e-02, 9.755282402038574e-01, 2.061073780059814e-01, 5e-01, 7.938926219940186e-01, 2.447174116969109e-02, 9.755282402038574e-01, 2.061073780059814e-01, 5e-01, 7.938926219940186e-01, 2.447174116969109e-02, 9.755282402038574e-01, 2.061073780059814e-01, 5e-01, 7.938926219940186e-01, 2.447174116969109e-02, 9.755282402038574e-01, 2.061073780059814e-01, 5e-01, 7.938926219940186e-01, 2.447174116969109e-02, 9.755282402038574e-01, 2.061073780059814e-01, 5e-01, 7.938926219940186e-01, 2.447174116969109e-02, 9.755282402038574e-01, 2.061073780059814e-01, 5e-01, 7.938926219940186e-01, 2.447174116969109e-02, 9.755282402038574e-01, 2.061073780059814e-01, 5e-01, 7.938926219940186e-01, 2.447174116969109e-02, 9.755282402038574e-01, 2.061073780059814e-01, 5e-01]
yOut=[5e-01, 7.938926219940186e-01, 2.447174116969109e-02, 9.755282402038574e-01, 2.061073780059814e-01, 0e+00, 0e+00, 0e+00, 9.755282402038574e-01, 2.061073780059814e-01, 5e-01, 7.938926219940186e-01, 2.447174116969109e-02, 9.755282402038574e-01, 2.061073780059802e-01, 0e+00, 0e+00, 0e+00, 0e+00, 0e+00, 0e+00, 0e+00, 0e+00, 0e+00, 0e+00, 0e+00, 0e+00, 0e+00, 0e+00, 0e+00, 0e+00, 0e+00, 0e+00, 0e+00, 0e+00, 0e+00, 0e+00, 0e+00, 0e+00, 0e+00, 0e+00, 0e+00, 0e+00, 0e+00, 0e+00, 0e+00, 0e+00, 0e+00, 0e+00, 0e+00, 0e+00, 7.938926219940186e-01, 2.447174116969109e-02, 9.755282402038574e-01, 2.061073780059762e-01, 0e+00, 0e+00, 0e+00, 9.755282402038574e-01, 2.061073780059814e-01, 5e-01, 7.938926219940186e-01, 2.447174116969109e-02, 9.755282402038574e-01, 2.061073780059814e-01, 0e+00, 0e+00, 0e+00, 0e+00, 0e+00, 0e+00, 0e+00, 0e+00, 0e+00, 0e+00, 0e+00, 0e+00, 0e+00, 0e+00, 0e+00, 0e+00, 0e+00, 0e+00, 0e+00, 0e+00, 0e+00, 0e+00, 0e+00, 0e+00, 0e+00, 0e+00, 0e+00, 0e+00, 0e+00, 0e+00, 0e+00, 0e+00, 0e+00, 0e+00, 0e+00, 0e+00]
