last-generated=2016-06-24
statistics-simulation=
{
  "numerical Jacobians": "0", 
  "nonlinear": " ", 
  "number of continuous time states": "4", 
  "linear": "0"
}
out.T_in=[284.149993896484375, 284.189422607421875, 284.307098388671875, 284.501129150390625, 284.768463134765625, 285.10491943359375, 285.505157470703125, 285.962890625, 286.470855712890625, 287.0211181640625, 287.60491943359375, 288.213104248046875, 288.8360595703125, 289.463958740234375, 290.0869140625, 290.695098876953125, 291.278900146484375, 291.829132080078125, 292.337127685546875, 292.794830322265625, 293.195098876953125, 293.531524658203125, 293.79888916015625, 293.992919921875, 294.110565185546875, 294.149993896484375, 294.110565185546875, 293.992919921875, 293.79888916015625, 293.531524658203125, 293.195098876953125, 292.794830322265625, 292.337127685546875, 291.829132080078125, 291.278900146484375, 290.695098876953125, 290.0869140625, 289.463958740234375, 288.8360595703125, 288.213104248046875, 287.60491943359375, 287.0211181640625, 286.470855712890625, 285.962890625, 285.505157470703125, 285.10491943359375, 284.768463134765625, 284.501129150390625, 284.307098388671875, 284.189422607421875, 284.149993896484375, 284.189422607421875, 284.307098388671875, 284.501129150390625, 284.768463134765625, 285.10491943359375, 285.505157470703125, 285.962890625, 286.470855712890625, 287.0211181640625, 287.60491943359375, 288.213104248046875, 288.8360595703125, 289.463958740234375, 290.0869140625, 290.695098876953125, 291.278900146484375, 291.829132080078125, 292.337127685546875, 292.794830322265625, 293.195098876953125, 293.531524658203125, 293.79888916015625, 293.992919921875, 294.110565185546875, 294.149993896484375, 294.110565185546875, 293.992919921875, 293.79888916015625, 293.531524658203125, 293.195098876953125, 292.794830322265625, 292.337127685546875, 291.829132080078125, 291.278900146484375, 290.695098876953125, 290.0869140625, 289.463958740234375, 288.8360595703125, 288.213104248046875, 287.60491943359375, 287.0211181640625, 286.470855712890625, 285.962890625, 285.505157470703125, 285.10491943359375, 284.768463134765625, 284.501129150390625, 284.307098388671875, 284.189422607421875, 284.149993896484375]
TSet.y=[289.149993896484375, 289.149993896484375, 289.149993896484375, 289.149993896484375, 289.149993896484375, 289.149993896484375, 289.149993896484375, 289.149993896484375, 289.149993896484375, 289.149993896484375, 289.149993896484375, 289.149993896484375, 289.149993896484375, 289.149993896484375, 289.149993896484375, 293.149993896484375, 293.149993896484375, 293.149993896484375, 293.149993896484375, 293.149993896484375, 293.149993896484375, 293.149993896484375, 293.149993896484375, 293.149993896484375, 293.149993896484375, 293.149993896484375, 293.149993896484375, 293.149993896484375, 293.149993896484375, 293.149993896484375, 293.149993896484375, 293.149993896484375, 293.149993896484375, 293.149993896484375, 293.149993896484375, 293.149993896484375, 293.149993896484375, 293.149993896484375, 293.149993896484375, 293.149993896484375, 289.149993896484375, 289.149993896484375, 289.149993896484375, 289.149993896484375, 289.149993896484375, 289.149993896484375, 289.149993896484375, 289.149993896484375, 289.149993896484375, 289.149993896484375, 289.149993896484375, 289.149993896484375, 289.149993896484375, 289.149993896484375, 289.149993896484375, 289.149993896484375, 289.149993896484375, 289.149993896484375, 289.149993896484375, 289.149993896484375, 289.149993896484375, 289.149993896484375, 289.149993896484375, 289.149993896484375, 289.149993896484375, 293.149993896484375, 293.149993896484375, 293.149993896484375, 293.149993896484375, 293.149993896484375, 293.149993896484375, 293.149993896484375, 293.149993896484375, 293.149993896484375, 293.149993896484375, 293.149993896484375, 293.149993896484375, 293.149993896484375, 293.149993896484375, 293.149993896484375, 293.149993896484375, 293.149993896484375, 293.149993896484375, 293.149993896484375, 293.149993896484375, 293.149993896484375, 293.149993896484375, 293.149993896484375, 293.149993896484375, 293.149993896484375, 289.149993896484375, 289.149993896484375, 289.149993896484375, 289.149993896484375, 289.149993896484375, 289.149993896484375, 289.149993896484375, 289.149993896484375, 289.149993896484375, 289.149993896484375, 289.149993896484375]
hvacAda.TAirZon=[293.149993896484375, 290.48095703125, 289.11181640625, 289.155914306640625, 289.151397705078125, 289.151702880859375, 289.1519775390625, 289.152252197265625, 289.1524658203125, 289.15264892578125, 289.15277099609375, 289.152862548828125, 289.152923583984375, 289.178619384765625, 289.361419677734375, 291.710174560546875, 293.1064453125, 293.15130615234375, 293.1524658203125, 293.152008056640625, 293.15289306640625, 293.220001220703125, 293.356353759765625, 293.5201416015625, 293.68096923828125, 293.81671142578125, 293.911468505859375, 293.95404052734375, 293.936981201171875, 293.855712890625, 293.708160400390625, 293.494354248046875, 293.2159423828125, 293.146820068359375, 293.147186279296875, 293.147216796875, 293.14715576171875, 293.147064208984375, 293.147064208984375, 293.1470947265625, 292.4068603515625, 290.888092041015625, 289.652099609375, 289.1729736328125, 289.147979736328125, 289.148193359375, 289.1485595703125, 289.148895263671875, 289.14923095703125, 289.14959716796875, 289.14996337890625, 289.150360107421875, 289.15069580078125, 289.15106201171875, 289.151397705078125, 289.151702880859375, 289.1519775390625, 289.1522216796875, 289.152435302734375, 289.152618408203125, 289.15277099609375, 289.152862548828125, 289.152923583984375, 289.1785888671875, 289.361572265625, 291.71038818359375, 293.1064453125, 293.15130615234375, 293.1524658203125, 293.152008056640625, 293.15289306640625, 293.220001220703125, 293.356353759765625, 293.5201416015625, 293.68096923828125, 293.81671142578125, 293.911468505859375, 293.95404052734375, 293.936981201171875, 293.855712890625, 293.708160400390625, 293.494354248046875, 293.2159423828125, 293.146820068359375, 293.147186279296875, 293.147216796875, 293.14715576171875, 293.147064208984375, 293.147064208984375, 293.1470947265625, 292.4068603515625, 290.888092041015625, 289.652069091796875, 289.173309326171875, 289.14794921875, 289.148223876953125, 289.148529052734375, 289.14886474609375, 289.149261474609375, 289.14959716796875, 289.14996337890625]
time=[0., 172800.]
hea.Q_flow=[0., 0., 492.84539794921875, 335.42626953125, 317.128570556640625, 293.036376953125, 264.121063232421875, 230.99409484863278407829, 194.2180328369140625, 154.373565673828125, 112.1011810302734375, 68.0598907470703125, 22.946392059326171875, 0., 0., 1080., 93.59828948974609375, 102.14098358154282664145, 58.82196807861328125, 25.8250408172607421875, 0., 0., 0., 0., 0., 0., 0., 0., 0., 0., 0., 0., 0., 89.08782958984375, 135.47634887695329553026, 177.56880187988264196974, 221.583526611328125, 266.668731689453125, 312.144989013671875, 357.2481689453125, 0., 0., 0., 232.8363189697265625, 261.36346435546875, 292.9171142578125, 317.242218017578125, 336.599395751953125, 350.680450439453125, 359.231170654296875, 362.112640380859375, 359.28656005859375, 350.791717529296875, 336.7584228515625, 317.416015625, 293.07830810546852262632, 264.10821533203096578291, 230.98289489746122171709, 194.20904541015625, 154.37249755859375, 112.0864105224609375, 68.04349517822265625, 22.9493389129638671875, 0., 0., 1080., 93.63899993896484375, 102.140350341796875, 58.82187652587861492748, 25.82504844665553633831, 0.00000000000009414691, 0., 0., 0., 0., 0., 0., 0., 0., 0., 0., 0., 0., 89.08547210693359375, 135.47906494140625, 177.57159423828125, 221.577117919921875, 266.67083740234375, 312.149078369140625, 357.228912353515625, 0., 0., 0., 232.732574462890625, 261.161834716796875, 293.00213623046875, 317.17218017578125, 336.60443115234375, 350.682159423828125, 359.225677490234375, 362.113494873046875]
hex.m2_flow=[0.05832000076770782471, 0.05832000076770782471]
hex.m1_flow=[0.06480000168085098267, 0.06480000168085098267]
exh.m_flow=[0.00647999998182058334, 0.00647999998182058334]
mSup[1].ports[1].m_flow=[-0.06480000168085098267, -0.06480000168085098267]
mSup[2].ports[1].m_flow=[0.05832000076770782471, 0.05832000076770782471]
mSup[3].ports[1].m_flow=[0.00647999998182058334, 0.00647999998182058334]
