last-generated=2015-08-19
statistics-simulation=
{
  "numerical Jacobians": "0", 
  "nonlinear": " ", 
  "number of continuous time states": "1", 
  "linear": " "
}
y=[0.36787945032119750977, 0.39016248943336417909, 0.41282308636167630578, 0.43579467855936682152, 0.4590078190906932698, 0.48239109106783190084, 0.50587176716285564559, 0.529376165976026547, 0.55283036737658453053, 0.57616107823956752565, 0.59929580866431619857, 0.62395276727584580989, 0.65398924034394878557, 0.68704779572987739744, 0.72107045732876551281, 0.75458482918776059734, 0.78657801059420417999, 0.81639228004051334064, 0.84364108359833756001, 0.86814159699102655399, 0.88985952147569358228, 0.90886656931969345141, 0.92530661999949248564, 0.93936951334122720247, 0.951270927342498962, 0.96123808622360229492, 0.96949821301234828663, 0.9762710953838101835, 0.98176389872694735939, 0.98616778587568099113, 0.98965615123764827388, 0.99238371790468826728, 0.99448675044670864498, 0.99608361744987616859, 0.99727594814813691482, 0.99814957422927275132, 0.9987763762775506704, 0.99921542388148087976, 0.99951457970508361672, 0.99971199034665758631, 0.99983745814750868419, 0.99991363288922485708, 0.99995744227750194, 0.99998092651412484599, 0.99999243020903438861, 0.99999749660511927374, 0.99999934434880088929, 0.9999998807906904652, 1., 1., 1., 1., 0.99999994039535522461, 0.99999982118604568981, 0.9999992847441561139, 0.99999737739582972296, 0.9999923109997048698, 0.99998074770019051982, 0.99995726346362090453, 0.99991345407529053091, 0.99983721972897399155, 0.99971181153270549657, 0.99951434128650451516, 0.9992151854629017782, 0.99877613785897156884, 0.99814933581069364976, 0.99727570972955781325, 0.99608337903129706703, 0.99448651202812954342, 0.99238347948618021999, 0.98965597242371394771, 0.98616760706174666495, 0.98176371991304856035, 0.97627097617452063272, 0.96949809380305873585, 0.96123802661895751953, 0.95127086773756996951, 0.93936939413193765169, 0.92530656039481218311, 0.90886650971504867602, 0.88985946187104869587, 0.86814159699095538869, 0.84364108359833778206, 0.81639228004051334064, 0.78657807019874237398, 0.75458488879240537273, 0.7210705169334102882, 0.68704791493902483968, 0.65398935955323833635, 0.62395288648513536067, 0.59929598747825052474, 0.57616125705350185182, 0.55283054619051874568, 0.52937640439460542652, 0.50587200558136380391, 0.48239129968408878124, 0.45900802770707443967, 0.43579488717562353539, 0.41282329497777314753, 0.39016266824729850526, 0.36787962913513183594]
y_comp=[0.36787945032119750977, 0.39016251923554445824, 0.41282311616383882136, 0.43579470836168920922, 0.45900784889314000248, 0.48239112087015428854, 0.50587176716285564559, 0.52937616597623970982, 0.55283036737658453053, 0.57616107823956752565, 0.59929580866431619857, 0.6239527076712010345, 0.65398924034394878557, 0.68704779572973528889, 0.72107045732833918716, 0.75458482918776059734, 0.78657801059409759858, 0.81639222043586856525, 0.84364108359812439719, 0.8681415373863817786, 0.88985946187104880689, 0.90886650971504867602, 0.9253066199994569585, 0.93936945373658242708, 0.95127086773785418661, 0.96123802661895751953, 0.96949815340770351124, 0.97627103577916540811, 0.98176383912230258399, 0.98616772627084081648, 0.98965609163300349849, 0.99238359869546977077, 0.9944866312374190942, 0.9960835578452313932, 0.99727582893895394545, 0.99814951462462797593, 0.99877631667290589501, 0.99921536427669399583, 0.99951452010043884133, 0.99971193074199504736, 0.9998373985428639088, 0.99991357328458008169, 0.99995738267291045531, 0.9999808669094800706, 0.99999243020899442058, 0.99999743700049670281, 0.99999934434880088929, 0.9999998807906904652, 1., 1., 1., 1., 1., 0.9999998807906904652, 0.99999934434880088929, 0.99999743700049670281, 0.99999243020899442058, 0.9999808669094800706, 0.99995738267291045531, 0.99991357328458008169, 0.9998373985428639088, 0.99971193074199504736, 0.99951452010043884133, 0.99921536427669399583, 0.99877631667290589501, 0.99814951462462797593, 0.99727582893895394545, 0.9960835578452313932, 0.9944866312374190942, 0.99238359869546977077, 0.98965609163300349849, 0.98616772627084081648, 0.98176383912230258399, 0.97627103577916540811, 0.96949815340770351124, 0.96123802661895751953, 0.95127086773785418661, 0.93936945373658242708, 0.9253066199994569585, 0.90886650971504867602, 0.88985946187104869587, 0.86814153738638166757, 0.84364108359812461924, 0.81639222043586856525, 0.78657801059409759858, 0.75458482918776059734, 0.72107045732833918716, 0.68704779572973528889, 0.65398924034394878557, 0.6239527076712010345, 0.59929580866431619857, 0.57616107823956752565, 0.5528303673765844195, 0.52937616597623948778, 0.50587176716285575662, 0.48239112087015445507, 0.4590078488931401135, 0.43579470836168920922, 0.41282311616383882136, 0.39016251923554445824, 0.36787945032119750977]
ex=[0.36787945032119750977, 0.39016251923554445824, 0.41282311616383882136, 0.43579470836168920922, 0.45900784889314000248, 0.48239112087015428854, 0.50587176716285564559, 0.52937616597623970982, 0.55283036737658453053, 0.57616107823956752565, 0.59929580866431619857, 0.62216368044210867971, 0.64469622498412382239, 0.66682745068661852805, 0.68849447445239264631, 0.70963822548336397134, 0.73020351655322424111, 0.75013961969758968795, 0.76940022541511066123, 0.78794420196955716751, 0.80573531070381043673, 0.82274250783797930886, 0.83894008585241020004, 0.85430760786042336807, 0.86882983285769810333, 0.88249689340591430664, 0.89530395792934958088, 0.90725112438388422209, 0.91834330430602317819, 0.92858999317717549893, 0.93800497321000431139, 0.9466062764452556344, 0.95441568423156653012, 0.96145838616995982218, 0.96776306414004131806, 0.9733612568313895208, 0.97828722027172376752, 0.98257756040317578705, 0.986271082425775103, 0.98940849286764309678, 0.99203193222494623349, 0.9941849715317574443, 0.99591237278558664148, 0.99725973609506912698, 0.99827349173989166076, 0.99900048975466049228, 0.99948811527461778326, 0.99978405235651113259, 0.99993598460678168038, 0.99999201297694728652, 1., 0.99999201297694728652, 0.99993598460678168038, 0.99978405235651113259, 0.99948811527461778326, 0.99900048975466049228, 0.99827349173989166076, 0.99725973609506912698, 0.99591237278558664148, 0.9941849715317574443, 0.99203193222494623349, 0.98940849286764309678, 0.986271082425775103, 0.98257756040317578705, 0.97828722027172376752, 0.9733612568313895208, 0.96776306414004131806, 0.96145838616995971115, 0.95441568423156653012, 0.9466062764452556344, 0.93800497321000442241, 0.92858999317717560995, 0.91834330430602317819, 0.90725112438388422209, 0.89530395792934958088, 0.88249689340591430664, 0.86882983285769810333, 0.85430760786042336807, 0.83894008585241020004, 0.82274250783797930886, 0.80573531070381032571, 0.78794420196955705649, 0.76940022541511077225, 0.75013961969758968795, 0.73020351655322424111, 0.70963822548336397134, 0.68849447445239264631, 0.66682745068661852805, 0.64469622498412382239, 0.62216368044210867971, 0.59929580866431619857, 0.57616107823956752565, 0.5528303673765844195, 0.52937616597623948778, 0.50587176716285575662, 0.48239112087015445507, 0.4590078488931401135, 0.43579470836168920922, 0.41282311616383882136, 0.39016251923554445824, 0.36787945032119750977]
time=[-1., 1.]
der(y_comp)=[1.10363829135894775391, 1.12413622719403560879, 1.14137337886531664566, 1.15520465225710067259, 1.16551268781103134486, 1.17221044869655899312, 1.17524135075672186979, 1.1745798567220375741, 1.17023146915177145289, 1.16223216394622164138, 1.15064787048344174814, 1.38316742875028175774, 1.59732453336105906239, 1.6915050922961181179, 1.69859142318402378535, 1.64449612698309621805, 1.54940839559011633852, 1.42884904929875267143, 1.2945588618528913738, 1.15523978724761966497, 1.01717706294168386272, 0.88475029536503246863, 0.76085333610501526547, 0.64724123920581722036, 0.54480746780698574572, 0.45380732417106628418, 0.37403814068162477557, 0.30497816559096319056, 0.2458969271527447209, 0.19593852828727653659, 0.15418526910511987094, 0.11970484269689116164, 0.09158368877643877082, 0.06895104443380883907, 0.05099431262142999771, 0.03696878658599472151, 0.02620273215593660332, 0.01809890351345107284, 0.01213382324599989251, 0.00785520694858242961, 0.00487819884449655107, 0.00288079042193590011, 0.00159871841470406433, 0.00082001996440621988, 0.00037939932538692074, 0.00015247296366353017, 0.00004996246460431022, 0.00001185633451727546, 0.00000156132828966287, 0.00000004879151050952, 0., -0.00000004879151050952, -0.00000156132828966287, -0.00001185633451727546, -0.0000499624646043106, -0.00015247296366353093, -0.00037939932538692258, -0.00082001996440621684, -0.00159871841470405848, -0.00288079042193589143, -0.00487819884449655107, -0.00785520694858242961, -0.01213382324599989251, -0.01809890351345107284, -0.02620273215593660332, -0.03696878658599472151, -0.05099431262143008792, -0.0689510444338089501, -0.0915836887764389096, -0.11970484269689098122, -0.15418526910511964889, -0.19593852828727628679, -0.2458969271527447209, -0.30497816559096319056, -0.37403814068162477557, -0.45380732417106628418, -0.54480746780698574572, -0.64724123920581722036, -0.76085333610501526547, -0.88475029536503246863, -1.01717706294168452885, -1.15523978724762055315, -1.29455886185289048562, -1.42884904929875267143, -1.54940839559011633852, -1.64449612698309621805, -1.69859142318402378535, -1.6915050922961181179, -1.59732453336105906239, -1.38316742875028197979, -1.15064787048344174814, -1.16223216394622164138, -1.17023146915177145289, -1.1745798567220375741, -1.17524135075672186979, -1.17221044869655899312, -1.16551268781103134486, -1.15520465225710067259, -1.14137337886531664566, -1.12413622719403560879, -1.10363829135894775391]
der(y)=[1.10363829135894775391, 1.12413622719403560879, 1.14137337886531664566, 1.15520465225710067259, 1.16551268781103134486, 1.17221044869655899312, 1.17524135075672186979, 1.1745798567220375741, 1.17023146915177145289, 1.16223216394622164138, 1.15064787048344174814, 1.38316742875028175774, 1.59732453336105906239, 1.6915050922961181179, 1.69859142318402378535, 1.64449612698309621805, 1.54940839559011633852, 1.42884904929875267143, 1.2945588618528913738, 1.15523978724761966497, 1.01717706294168386272, 0.88475029536503246863, 0.76085333610501526547, 0.64724123920581722036, 0.54480746780698574572, 0.45380732417106628418, 0.37403814068162477557, 0.30497816559096319056, 0.2458969271527447209, 0.19593852828727653659, 0.15418526910511987094, 0.11970484269689116164, 0.09158368877643877082, 0.06895104443380883907, 0.05099431262142999771, 0.03696878658599472151, 0.02620273215593660332, 0.01809890351345107284, 0.01213382324599989251, 0.00785520694858242961, 0.00487819884449655107, 0.00288079042193590011, 0.00159871841470406433, 0.00082001996440621988, 0.00037939932538692074, 0.00015247296366353017, 0.00004996246460431022, 0.00001185633451727546, 0.00000156132828966287, 0.00000004879151050952, 0., -0.00000004879151050952, -0.00000156132828966287, -0.00001185633451727546, -0.0000499624646043106, -0.00015247296366353093, -0.00037939932538692258, -0.00082001996440621684, -0.00159871841470405848, -0.00288079042193589143, -0.00487819884449655107, -0.00785520694858242961, -0.01213382324599989251, -0.01809890351345107284, -0.02620273215593660332, -0.03696878658599472151, -0.05099431262143008792, -0.0689510444338089501, -0.0915836887764389096, -0.11970484269689098122, -0.15418526910511964889, -0.19593852828727628679, -0.2458969271527447209, -0.30497816559096319056, -0.37403814068162477557, -0.45380732417106628418, -0.54480746780698574572, -0.64724123920581722036, -0.76085333610501526547, -0.88475029536503246863, -1.01717706294168452885, -1.15523978724762055315, -1.29455886185289048562, -1.42884904929875267143, -1.54940839559011633852, -1.64449612698309621805, -1.69859142318402378535, -1.6915050922961181179, -1.59732453336105906239, -1.38316742875028197979, -1.15064787048344174814, -1.16223216394622164138, -1.17023146915177145289, -1.1745798567220375741, -1.17524135075672186979, -1.17221044869655899312, -1.16551268781103134486, -1.15520465225710067259, -1.14137337886531664566, -1.12413622719403560879, -1.10363829135894775391]
