last-generated=2026-07-14
statistics-initialization=
{
  "nonlinear": "1",
  "numerical Jacobians": "0"
}
statistics-simulation=
{
  "linear": " ",
  "nonlinear": "1",
  "number of continuous time states": "7",
  "numerical Jacobians": "0"
}
time=[0e+00, 7.2e+03]
utiLiq.y[1]=[0e+00, 0e+00, 0e+00, 0e+00, 0e+00, 0e+00, 0e+00, 0e+00, 0e+00, 0e+00, 0e+00, 0e+00, 0e+00, 0e+00, 0e+00, 0e+00, 0e+00, 0e+00, 0e+00, 0e+00, 0e+00, 0e+00, 0e+00, 0e+00, 0e+00, 0e+00, 0e+00, 0e+00, 0e+00, 0e+00, 0e+00, 0e+00, 0e+00, 0e+00, 0e+00, 0e+00, 0e+00, 0e+00, 0e+00, 0e+00, 0e+00, 0e+00, 0e+00, 0e+00, 0e+00, 0e+00, 0e+00, 0e+00, 0e+00, 0e+00, 0e+00, 6.400000303983688e-02, 1.280000060796738e-01, 1.920000016689301e-01, 2.560000121593479e-01, 3.19999992847443e-01, 3.840000033378605e-01, 4.480000138282776e-01, 5.120000243186951e-01, 5.759999752044678e-01, 6.399999856948853e-01, 7.039999961853027e-01, 7.680000066757202e-01, 8.00000011920929e-01, 8.00000011920929e-01, 8.00000011920929e-01, 8.00000011920929e-01, 8.00000011920929e-01, 8.00000011920929e-01, 8.00000011920929e-01, 8.00000011920929e-01, 8.00000011920929e-01, 8.00000011920929e-01, 8.00000011920929e-01, 8.00000011920929e-01, 8.00000011920929e-01, 4.000000059604645e-01, 4.000000059604645e-01, 4.000000059604645e-01, 4.000000059604645e-01, 4.000000059604645e-01, 4.000000059604645e-01, 4.000000059604645e-01, 4.000000059604645e-01, 4.000000059604645e-01, 4.000000059604645e-01, 4.000000059604645e-01, 4.000000059604645e-01, 8.00000011920929e-01, 8.00000011920929e-01, 8.00000011920929e-01, 8.00000011920929e-01, 8.00000011920929e-01, 8.00000011920929e-01, 8.00000011920929e-01, 8.00000011920929e-01, 8.00000011920929e-01, 8.00000011920929e-01, 8.00000011920929e-01, 8.00000011920929e-01, 8.00000011920929e-01]
utiAir.y=[1e+00, 1e+00]
senTLiq_a.T=[3.031499938964844e+02, 2.983002319335938e+02, 2.9854296875e+02, 2.988843078613281e+02, 2.992923889160156e+02, 2.997435302734375e+02, 3.002203063964844e+02, 3.007116088867188e+02, 3.012110595703125e+02, 3.017150573730469e+02, 3.022215270996094e+02, 3.027294006347656e+02, 3.03238037109375e+02, 3.037470703125e+02, 3.0425634765625e+02, 3.047657470703125e+02, 3.052752380371094e+02, 3.057847595214844e+02, 3.062943115234375e+02, 3.068038330078125e+02, 3.073133850097656e+02, 3.078229370117188e+02, 3.0833251953125e+02, 3.088420715332031e+02, 3.093516235351562e+02, 3.098612060546875e+02, 3.103707580566406e+02, 3.108803100585938e+02, 3.11389892578125e+02, 3.118994445800781e+02, 3.124089965820312e+02, 3.129185791015625e+02, 3.134281311035156e+02, 3.139377136230469e+02, 3.14447265625e+02, 3.149568176269531e+02, 3.151783142089844e+02, 3.151783142089844e+02, 3.151783142089844e+02, 3.151783142089844e+02, 3.151783142089844e+02, 3.151783142089844e+02, 3.151783142089844e+02, 3.151783142089844e+02, 3.151783142089844e+02, 3.151783142089844e+02, 3.151783142089844e+02, 3.151783142089844e+02, 3.151783142089844e+02, 3.151783142089844e+02, 3.151783142089844e+02, 3.151783142089844e+02, 3.151783142089844e+02, 3.151783142089844e+02, 3.151783142089844e+02, 3.151783142089844e+02, 3.151783142089844e+02, 3.151783142089844e+02, 3.151783142089844e+02, 3.151783142089844e+02, 3.151783142089844e+02, 3.151783142089844e+02, 3.151783142089844e+02, 3.151783142089844e+02, 3.151783142089844e+02, 3.151783142089844e+02, 3.151783142089844e+02, 3.151783142089844e+02, 3.151783142089844e+02, 3.151783142089844e+02, 3.151783142089844e+02, 3.151783142089844e+02, 3.151783142089844e+02, 3.151783142089844e+02, 3.151783142089844e+02, 3.151783142089844e+02, 3.151783142089844e+02, 3.151783142089844e+02, 3.151783142089844e+02, 3.151783142089844e+02, 3.151783142089844e+02, 3.151783142089844e+02, 3.151783142089844e+02, 3.151783142089844e+02, 3.151783142089844e+02, 3.151783142089844e+02, 3.151783142089844e+02, 3.151783142089844e+02, 3.151783142089844e+02, 3.151783142089844e+02, 3.151783142089844e+02, 3.151783142089844e+02, 3.151783142089844e+02, 3.151783142089844e+02, 3.151783142089844e+02, 3.151783142089844e+02, 3.151783142089844e+02, 3.151783142089844e+02, 3.151783142089844e+02, 3.151783142089844e+02, 3.151783142089844e+02]
senTLiq_b.T=[2.931499938964844e+02, 2.982923583984375e+02, 2.985329284667969e+02, 2.988725891113281e+02, 2.992796630859375e+02, 2.997301635742188e+02, 3.002065734863281e+02, 3.006976928710938e+02, 3.011970520019531e+02, 3.017009582519531e+02, 3.022073974609375e+02, 3.027152709960938e+02, 3.03223876953125e+02, 3.037329406738281e+02, 3.042421875e+02, 3.047516174316406e+02, 3.052610778808594e+02, 3.057705993652344e+02, 3.062801208496094e+02, 3.067896728515625e+02, 3.072992248535156e+02, 3.078088073730469e+02, 3.08318359375e+02, 3.088279113769531e+02, 3.093374938964844e+02, 3.098470458984375e+02, 3.103565979003906e+02, 3.108661804199219e+02, 3.11375732421875e+02, 3.118852844238281e+02, 3.123948669433594e+02, 3.129044189453125e+02, 3.134139709472656e+02, 3.139235534667969e+02, 3.1443310546875e+02, 3.149426574707031e+02, 3.151783142089844e+02, 3.151783142089844e+02, 3.151783142089844e+02, 3.151783142089844e+02, 3.151783142089844e+02, 3.151783142089844e+02, 3.151783142089844e+02, 3.151783142089844e+02, 3.151783142089844e+02, 3.151783142089844e+02, 3.151783142089844e+02, 3.151783142089844e+02, 3.151783142089844e+02, 3.151783142089844e+02, 3.151783142089844e+02, 3.156138610839844e+02, 3.160618896484375e+02, 3.165098571777344e+02, 3.169578552246094e+02, 3.174058532714844e+02, 3.178538513183594e+02, 3.183018493652344e+02, 3.187498779296875e+02, 3.191978759765625e+02, 3.196458740234375e+02, 3.200938720703125e+02, 3.205418701171875e+02, 3.207782897949219e+02, 3.207783203125e+02, 3.207783203125e+02, 3.207783203125e+02, 3.207783203125e+02, 3.207783203125e+02, 3.207783203125e+02, 3.207783203125e+02, 3.207783203125e+02, 3.207783203125e+02, 3.207783203125e+02, 3.207783203125e+02, 3.207783203125e+02, 3.179783020019531e+02, 3.179783020019531e+02, 3.179783020019531e+02, 3.179783020019531e+02, 3.179783020019531e+02, 3.179783020019531e+02, 3.179783020019531e+02, 3.179783020019531e+02, 3.179783020019531e+02, 3.179783020019531e+02, 3.179783020019531e+02, 3.179783020019531e+02, 3.207783203125e+02, 3.207783203125e+02, 3.207783203125e+02, 3.207783203125e+02, 3.207783203125e+02, 3.207783203125e+02, 3.207783203125e+02, 3.207783203125e+02, 3.207783203125e+02, 3.207783203125e+02, 3.207783203125e+02, 3.207783203125e+02, 3.207783203125e+02]
senTAir_a.T=[2.931499938964844e+02, 2.931499938964844e+02]
senTAir_b.T=[2.931499938964844e+02, 3.035499877929688e+02, 3.035499877929688e+02, 3.035499877929688e+02, 3.035499877929688e+02, 3.035499877929688e+02, 3.035499877929688e+02, 3.035499877929688e+02, 3.035499877929688e+02, 3.035499877929688e+02, 3.035499877929688e+02, 3.035499877929688e+02, 3.035499877929688e+02, 3.035499877929688e+02, 3.035499877929688e+02, 3.035499877929688e+02, 3.035499877929688e+02, 3.035499877929688e+02, 3.035499877929688e+02, 3.035499877929688e+02, 3.035499877929688e+02, 3.035499877929688e+02, 3.035499877929688e+02, 3.035499877929688e+02, 3.035499877929688e+02, 3.035499877929688e+02, 3.035499877929688e+02, 3.035499877929688e+02, 3.035499877929688e+02, 3.035499877929688e+02, 3.035499877929688e+02, 3.035499877929688e+02, 3.035499877929688e+02, 3.035499877929688e+02, 3.035499877929688e+02, 3.035499877929688e+02, 3.035499877929688e+02, 3.035499877929688e+02, 3.035499877929688e+02, 3.035499877929688e+02, 3.035499877929688e+02, 3.035499877929688e+02, 3.035499877929688e+02, 3.035499877929688e+02, 3.035499877929688e+02, 3.035499877929688e+02, 3.035499877929688e+02, 3.035499877929688e+02, 3.035499877929688e+02, 3.035499877929688e+02, 3.035499877929688e+02, 3.035499877929688e+02, 3.035499877929688e+02, 3.035499877929688e+02, 3.035499877929688e+02, 3.035499877929688e+02, 3.035499877929688e+02, 3.035499877929688e+02, 3.035499877929688e+02, 3.035499877929688e+02, 3.035499877929688e+02, 3.035499877929688e+02, 3.035499877929688e+02, 3.035499877929688e+02, 3.035499877929688e+02, 3.035499877929688e+02, 3.035499877929688e+02, 3.035499877929688e+02, 3.035499877929688e+02, 3.035499877929688e+02, 3.035499877929688e+02, 3.035499877929688e+02, 3.035499877929688e+02, 3.035499877929688e+02, 3.035499877929688e+02, 3.035499877929688e+02, 3.035499877929688e+02, 3.035499877929688e+02, 3.035499877929688e+02, 3.035499877929688e+02, 3.035499877929688e+02, 3.035499877929688e+02, 3.035499877929688e+02, 3.035499877929688e+02, 3.035499877929688e+02, 3.035499877929688e+02, 3.035499877929688e+02, 3.035499877929688e+02, 3.035499877929688e+02, 3.035499877929688e+02, 3.035499877929688e+02, 3.035499877929688e+02, 3.035499877929688e+02, 3.035499877929688e+02, 3.035499877929688e+02, 3.035499877929688e+02, 3.035499877929688e+02, 3.035499877929688e+02, 3.035499877929688e+02, 3.035499877929688e+02, 3.035499877929688e+02]
rac.PLiq=[0e+00, 0e+00, 0e+00, 0e+00, 0e+00, 0e+00, 0e+00, 0e+00, 0e+00, 0e+00, 0e+00, 0e+00, 0e+00, 0e+00, 0e+00, 0e+00, 0e+00, 0e+00, 0e+00, 0e+00, 0e+00, 0e+00, 0e+00, 0e+00, 0e+00, 0e+00, 0e+00, 0e+00, 0e+00, 0e+00, 0e+00, 0e+00, 0e+00, 0e+00, 0e+00, 0e+00, 0e+00, 0e+00, 0e+00, 0e+00, 0e+00, 0e+00, 0e+00, 0e+00, 0e+00, 0e+00, 0e+00, 0e+00, 0e+00, 0e+00, 0e+00, 4.05503984375e+04, 8.1100796875e+04, 1.21651203125e+05, 1.622015937500003e+05, 2.027520000000003e+05, 2.433024062500003e+05, 2.838528125e+05, 3.244031875e+05, 3.6495359375e+05, 4.05504e+05, 4.4605440625e+05, 4.866048125e+05, 5.0688e+05, 5.0688e+05, 5.0688e+05, 5.0688e+05, 5.0688e+05, 5.0688e+05, 5.0688e+05, 5.0688e+05, 5.0688e+05, 5.0688e+05, 5.0688e+05, 5.0688e+05, 5.0688e+05, 2.5344e+05, 2.5344e+05, 2.5344e+05, 2.5344e+05, 2.5344e+05, 2.5344e+05, 2.5344e+05, 2.5344e+05, 2.5344e+05, 2.5344e+05, 2.5344e+05, 2.5344e+05, 5.0688e+05, 5.0688e+05, 5.0688e+05, 5.0688e+05, 5.0688e+05, 5.0688e+05, 5.0688e+05, 5.0688e+05, 5.0688e+05, 5.0688e+05, 5.0688e+05, 5.0688e+05, 5.0688e+05]
rac.PAir=[6.58943984375e+04, 6.58943984375e+04]
rac.PFan=[2.53439990234375e+03, 2.53439990234375e+03]
conPI.y=[5e-01, 6.828226447105408e-01, 8.252391219139099e-01, 9.037227034568787e-01, 9.469649791717529e-01, 9.707872867584229e-01, 9.839096665382385e-01, 9.91137683391571e-01, 9.951187968254089e-01, 9.97311532497406e-01, 9.98519241809845e-01, 9.991844296455383e-01, 9.995508193969727e-01, 9.997525811195374e-01, 9.998637437820435e-01, 9.999249577522278e-01, 9.999586939811707e-01, 9.999772310256958e-01, 9.999874830245972e-01, 9.999930858612061e-01, 9.999961853027344e-01, 9.999977946281433e-01, 9.999986886978149e-01, 9.999991655349731e-01, 9.999995231628418e-01, 9.999997615814209e-01, 9.999998211860657e-01, 9.999997615814209e-01, 9.999997019767761e-01, 9.999996423721313e-01, 9.999996423721313e-01, 9.999997019767761e-01, 9.999998211860657e-01, 1e+00, 9.999998807907104e-01, 9.999999403953552e-01, 9.999999403953552e-01, 9.999998807907104e-01, 9.999999403953552e-01, 9.999999403953552e-01, 9.999999403953552e-01, 9.999999403953552e-01, 9.999999403953552e-01, 1e+00, 1e+00, 1e+00, 1e+00, 1e+00, 1e+00, 1e+00, 1e+00, 9.999999403953552e-01, 1e+00, 1e+00, 1e+00, 1e+00, 1e+00, 1e+00, 1e+00, 1e+00, 1e+00, 1e+00, 1e+00, 1e+00, 1e+00, 1e+00, 9.999998211860657e-01, 9.999998807907104e-01, 9.999998807907104e-01, 9.999999403953552e-01, 9.999999403953552e-01, 1e+00, 1e+00, 1e+00, 1e+00, 1e+00, 1e+00, 1e+00, 1e+00, 1e+00, 1e+00, 1e+00, 1e+00, 1e+00, 1e+00, 1e+00, 1e+00, 1e+00, 1e+00, 1e+00, 1e+00, 1e+00, 1e+00, 1e+00, 1e+00, 1e+00, 1e+00, 1e+00, 1e+00, 1e+00, 1e+00]
pum.y=[5e-01, 6.828226447105408e-01, 8.252391219139099e-01, 9.037227034568787e-01, 9.469649791717529e-01, 9.707872867584229e-01, 9.839096665382385e-01, 9.91137683391571e-01, 9.951187968254089e-01, 9.97311532497406e-01, 9.98519241809845e-01, 9.991844296455383e-01, 9.995508193969727e-01, 9.997525811195374e-01, 9.998637437820435e-01, 9.999249577522278e-01, 9.999586939811707e-01, 9.999772310256958e-01, 9.999874830245972e-01, 9.999930858612061e-01, 9.999961853027344e-01, 9.999977946281433e-01, 9.999986886978149e-01, 9.999991655349731e-01, 9.999995231628418e-01, 9.999997615814209e-01, 9.999998211860657e-01, 9.999997615814209e-01, 9.999997019767761e-01, 9.999996423721313e-01, 9.999996423721313e-01, 9.999997019767761e-01, 9.999998211860657e-01, 1e+00, 9.999998807907104e-01, 9.999999403953552e-01, 9.999999403953552e-01, 9.999998807907104e-01, 9.999999403953552e-01, 9.999999403953552e-01, 9.999999403953552e-01, 9.999999403953552e-01, 9.999999403953552e-01, 1e+00, 1e+00, 1e+00, 1e+00, 1e+00, 1e+00, 1e+00, 1e+00, 9.999999403953552e-01, 1e+00, 1e+00, 1e+00, 1e+00, 1e+00, 1e+00, 1e+00, 1e+00, 1e+00, 1e+00, 1e+00, 1e+00, 1e+00, 1e+00, 9.999998211860657e-01, 9.999998807907104e-01, 9.999998807907104e-01, 9.999999403953552e-01, 9.999999403953552e-01, 1e+00, 1e+00, 1e+00, 1e+00, 1e+00, 1e+00, 1e+00, 1e+00, 1e+00, 1e+00, 1e+00, 1e+00, 1e+00, 1e+00, 1e+00, 1e+00, 1e+00, 1e+00, 1e+00, 1e+00, 1e+00, 1e+00, 1e+00, 1e+00, 1e+00, 1e+00, 1e+00, 1e+00, 1e+00, 1e+00]
