last-generated=2017-08-29
statistics-initialization=
{
  "numerical Jacobians": "1", 
  "nonlinear": "1, 1, 1, 1, 2, 3, 1, 4, 1, 1, 1, 1"
}
statistics-simulation=
{
  "numerical Jacobians": "1", 
  "nonlinear": "1, 1, 0, 2, 1, 1, 3, 1, 1", 
  "number of continuous time states": "57", 
  "linear": "0, 2"
}
cooModCon.cooMod=[0., 1., 1., 1., 1., 1., 1., 1., 1., 1., 1., 1., 1., 1., 1., 1., 1., 1., 1., 1., 1., 1., 1., 1., 1., 1., 1., 1., 1., 1., 1., 1., 1., 1., 1., 1., 1., 1., 1., 1., 1., 1., 1., 1., 1., 1., 1., 1., 1., 1., 1., 1., 1., 1., 1., 1., 1., 1., 1., 1., 1., 1., 1., 1., 1., 1., 1., 1., 1., 1., 1., 1., 1., 1., 1., 1., 1., 1., 1., 1., 2., 2., 2., 2., 2., 2., 2., 2., 2., 2., 2., 2., 2., 2., 2., 2., 2., 2., 2., 2., 2.]
time=[3801600., 3974400.]
chiOn[1].u=[0., 1., 1., 1., 1., 1., 1., 1., 1., 1., 1., 1., 1., 1., 1., 1., 1., 1., 1., 1., 1., 1., 1., 1., 1., 1., 1., 1., 1., 1., 1., 1., 1., 1., 1., 1., 1., 1., 1., 1., 1., 1., 1., 1., 1., 1., 1., 1., 1., 1., 1., 1., 1., 1., 1., 1., 1., 1., 1., 1., 1., 1., 1., 1., 1., 1., 1., 1., 1., 1., 1., 1., 1., 1., 1., 1., 1., 1., 1., 1., 1., 1., 1., 1., 1., 1., 1., 1., 1., 1., 1., 1., 1., 1., 1., 1., 1., 1., 1., 1., 1.]
wseOn.y=[1., 1., 1., 1., 1., 1., 1., 1., 1., 1., 1., 1., 1., 1., 1., 1., 1., 1., 1., 1., 1., 1., 1., 1., 1., 1., 1., 1., 1., 1., 1., 1., 1., 1., 1., 1., 1., 1., 1., 1., 1., 1., 1., 1., 1., 1., 1., 1., 1., 1., 1., 1., 1., 1., 1., 1., 1., 1., 1., 1., 1., 1., 1., 1., 1., 1., 1., 1., 1., 1., 1., 1., 1., 1., 1., 1., 1., 1., 1., 1., 0., 0., 0., 0., 0., 0., 0., 0., 0., 0., 0., 0., 0., 0., 0., 0., 0., 0., 0., 0., 0.]
chiOn[2].u=[0., 0., 0., 0., 0., 0., 0., 0., 0., 0., 0., 0., 0., 0., 0., 0., 0., 0., 0., 0., 0., 0., 0., 0., 0., 0., 0., 0., 0., 0., 0., 0., 0., 0., 0., 0., 0., 0., 0., 0., 0., 0., 0., 0., 0., 0., 0., 0., 0., 0., 0., 0., 0., 0., 0., 0., 0., 0., 0., 0., 0., 0., 0., 0., 0., 0., 0., 0., 0., 0., 0., 0., 0., 0., 0., 0., 0., 0., 0., 0., 0., 0., 0., 0., 0., 0., 0., 0., 0., 0., 0., 0., 0., 0., 0., 0., 0., 0., 0., 0., 0.]
CWST.T=[293.149993896484375, 287.19342041015625, 285.269073486328125, 285.021331787109375, 284.742218017578125, 284.479888916015625, 284.224151611328125, 283.92156982421875, 283.6414794921875, 283.60272216796875, 283.5927734375, 283.583953857421875, 283.57269287109375, 283.560760498046875, 283.548187255859375, 283.61981201171875, 284.333740234375, 285.128173828125, 285.843780517578125, 286.53656005859375, 287.2156982421875, 287.66619873046875, 287.912689208984375, 288.087738037109375, 288.18414306640625, 288.193603515625, 288.250335693359375, 287.96844482421875, 287.8402099609375, 288.3846435546875, 288.545379638671875, 288.649505615234375, 288.866973876953125, 289.027618408203125, 288.549407958984375, 288.188568115234375, 287.76593017578125, 287.32122802734375, 286.876800537109375, 286.444976806640625, 286.192108154296875, 286.119140625, 285.975921630859375, 285.753509521484375, 285.49505615234375, 285.2244873046875, 284.96160888671875, 284.745574951171875, 284.570770263671875, 284.411285400390625, 284.248870849609375, 284.02813720703125, 283.834991455078125, 283.734405517578125, 283.6129150390625, 283.50042724609375, 283.38885498046875, 283.274932861328125, 283.162567138671875, 283.152374267578125, 283.369049072265625, 283.514129638671875, 283.6290283203125, 283.73333740234375, 283.83795166015625, 284.192596435546875, 284.763946533203125, 285.3304443359375, 285.86865234375, 286.430755615234375, 286.994049072265625, 287.480682373046875, 287.8236083984375, 288.135162353515625, 288.4537353515625, 288.73931884765625, 289.002960205078125, 289.228668212890625, 289.42120361328125, 289.632965087890625, 293.150146484375, 293.150146484375, 293.150177001953125, 293.150054931640625, 293.14984130859375, 293.149810791015625, 293.14984130859375, 293.14984130859375, 293.149871826171875, 293.149871826171875, 293.14990234375, 293.149932861328125, 293.149932861328125, 293.149932861328125, 293.149932861328125, 293.149932861328125, 293.14996337890625, 293.14996337890625, 293.14996337890625, 293.149932861328125, 293.14996337890625]
CWRT.T=[293.149993896484375, 290.322601318359375, 287.122039794921875, 286.87109375, 286.58758544921875, 286.32086181640625, 286.061187744140625, 285.755096435546875, 285.46832275390625, 285.426788330078125, 285.41668701171875, 285.409423828125, 285.397979736328125, 285.3858642578125, 285.373138427734375, 285.440338134765625, 286.158477783203125, 286.967620849609375, 287.6949462890625, 288.3994140625, 289.09100341796875, 289.553955078125, 289.8056640625, 289.984832763671875, 290.084075927734375, 290.094970703125, 290.151824951171875, 289.874847412109375, 289.728179931640625, 290.283935546875, 290.450775146484375, 290.557220458984375, 290.77490234375, 290.945831298828125, 290.46246337890625, 290.09429931640625, 289.665496826171875, 289.21307373046875, 288.761322021484375, 288.321075439453125, 288.060577392578125, 287.985626220703125, 287.841827392578125, 287.6163330078125, 287.354034423828125, 287.079193115234375, 286.81170654296875, 286.591552734375, 286.41357421875, 286.25152587890625, 286.086700439453125, 285.86358642578125, 285.6656494140625, 285.563629150390625, 285.440277099609375, 285.32598876953125, 285.212738037109375, 285.09716796875, 284.982940673828125, 284.969146728515625, 285.18804931640625, 285.336761474609375, 285.45343017578125, 285.5599365234375, 285.66461181640625, 286.02032470703125, 286.5992431640625, 287.175628662109375, 287.72247314453125, 288.29345703125, 288.86669921875, 289.36334228515625, 289.7138671875, 290.030181884765625, 290.355072021484375, 290.64599609375, 290.914825439453125, 291.145050048828125, 291.341552734375, 291.55615234375, 297.086334228515625, 297.086334228515625, 297.086334228515625, 297.08624267578125, 297.086029052734375, 297.085968017578125, 297.086029052734375, 297.086029052734375, 297.0860595703125, 297.0860595703125, 297.086090087890625, 297.08612060546875, 297.086090087890625, 297.086090087890625, 297.08612060546875, 297.08612060546875, 297.08612060546875, 297.086151123046875, 297.086151123046875, 297.08612060546875, 297.086151123046875]
CWSTSet.y=[293.149993896484375, 293.149993896484375]
CHWRT.T=[293.149993896484375, 289.4031982421875, 290.75811767578125, 290.758056640625, 290.758026123046875, 290.75799560546875, 290.7579345703125, 290.757904052734375, 290.757843017578125, 290.7578125, 290.75775146484375, 290.756866455078125, 290.756866455078125, 290.756866455078125, 290.756866455078125, 290.756866455078125, 290.756866455078125, 290.756866455078125, 290.756866455078125, 290.756866455078125, 290.756866455078125, 290.756866455078125, 290.756866455078125, 290.756866455078125, 290.756866455078125, 290.756866455078125, 290.756866455078125, 290.756866455078125, 290.756866455078125, 290.756866455078125, 290.756866455078125, 290.756866455078125, 290.756866455078125, 290.756866455078125, 290.756866455078125, 290.756866455078125, 290.756866455078125, 290.756866455078125, 290.756866455078125, 290.756866455078125, 290.756866455078125, 290.756866455078125, 290.756866455078125, 290.756866455078125, 290.756866455078125, 290.756866455078125, 290.756866455078125, 290.756866455078125, 290.756866455078125, 290.756866455078125, 290.756866455078125, 290.756866455078125, 290.756866455078125, 290.756866455078125, 290.756866455078125, 290.756866455078125, 290.756866455078125, 290.756866455078125, 290.756866455078125, 290.756866455078125, 290.756866455078125, 290.756866455078125, 290.756866455078125, 290.756866455078125, 290.756866455078125, 290.756866455078125, 290.756866455078125, 290.756866455078125, 290.756866455078125, 290.756866455078125, 290.756866455078125, 290.756866455078125, 290.756866455078125, 290.756866455078125, 290.756866455078125, 290.756866455078125, 290.756866455078125, 290.756866455078125, 290.756866455078125, 290.756866455078125, 290.756866455078125, 290.756866455078125, 290.756866455078125, 290.756866455078125, 290.756866455078125, 290.756866455078125, 290.756866455078125, 290.756866455078125, 290.756866455078125, 290.756866455078125, 290.756866455078125, 290.756866455078125, 290.756866455078125, 290.756866455078125, 290.756866455078125, 290.756866455078125, 290.756866455078125, 290.756866455078125, 290.756866455078125, 290.756866455078125, 290.756866455078125]
CHWST.T=[293.149993896484375, 279.710052490234375, 279.710052490234375, 279.710052490234375, 279.710052490234375, 279.710052490234375, 279.710052490234375, 279.710052490234375, 279.710052490234375, 279.710052490234375, 279.710052490234375, 279.710052490234375, 279.710052490234375, 279.710052490234375, 279.710052490234375, 279.710052490234375, 279.710052490234375, 279.710052490234375, 279.710052490234375, 279.710052490234375, 279.710052490234375, 279.710052490234375, 279.710052490234375, 279.710052490234375, 279.710052490234375, 279.710052490234375, 279.710052490234375, 279.710052490234375, 279.710052490234375, 279.710052490234375, 279.710052490234375, 279.710052490234375, 279.710052490234375, 279.710052490234375, 279.710052490234375, 279.710052490234375, 279.710052490234375, 279.710052490234375, 279.710052490234375, 279.710052490234375, 279.710052490234375, 279.710052490234375, 279.710052490234375, 279.710052490234375, 279.710052490234375, 279.710052490234375, 279.710052490234375, 279.710052490234375, 279.710052490234375, 279.710052490234375, 279.710052490234375, 279.710052490234375, 279.710052490234375, 279.710052490234375, 279.710052490234375, 279.710052490234375, 279.710052490234375, 279.710052490234375, 279.710052490234375, 279.710052490234375, 279.710052490234375, 279.710052490234375, 279.710052490234375, 279.710052490234375, 279.710052490234375, 279.710052490234375, 279.710052490234375, 279.710052490234375, 279.710052490234375, 279.710052490234375, 279.710052490234375, 279.710052490234375, 279.710052490234375, 279.710052490234375, 279.710052490234375, 279.710052490234375, 279.710052490234375, 279.710052490234375, 279.710052490234375, 279.710052490234375, 279.71002197265625, 279.71002197265625, 279.71002197265625, 279.71002197265625, 279.71002197265625, 279.71002197265625, 279.71002197265625, 279.71002197265625, 279.71002197265625, 279.71002197265625, 279.71002197265625, 279.71002197265625, 279.71002197265625, 279.71002197265625, 279.71002197265625, 279.71002197265625, 279.71002197265625, 279.71002197265625, 279.71002197265625, 279.71002197265625, 279.71002197265625]
chiWSE.wseCHWST=[293.149993896484375, 287.67608642578125, 286.367218017578125, 286.169097900390625, 285.94580078125, 285.73590087890625, 285.53131103515625, 285.289337158203125, 285.06500244140625, 285.03375244140625, 285.025787353515625, 285.0185546875, 285.009552001953125, 285., 284.989959716796875, 285.046630859375, 285.617034912109375, 286.2528076171875, 286.8253173828125, 287.37957763671875, 287.923004150390625, 288.283905029296875, 288.481201171875, 288.621368408203125, 288.6986083984375, 288.706329345703125, 288.751617431640625, 288.527191162109375, 288.42279052734375, 288.85858154296875, 288.98748779296875, 289.07086181640625, 289.244415283203125, 289.373748779296875, 288.991546630859375, 288.7027587890625, 288.364776611328125, 288.009033203125, 287.65350341796875, 287.30792236328125, 287.105255126953125, 287.046783447265625, 286.93243408203125, 286.754547119140625, 286.547821044921875, 286.331390380859375, 286.12103271484375, 285.9481201171875, 285.8082275390625, 285.680633544921875, 285.55072021484375, 285.374237060546875, 285.219512939453125, 285.139068603515625, 285.0418701171875, 284.951873779296875, 284.862640380859375, 284.771484375, 284.68157958984375, 284.67303466796875, 284.846282958984375, 284.9625244140625, 285.054412841796875, 285.137939453125, 285.221435546875, 285.50469970703125, 285.96160888671875, 286.4149169921875, 286.845458984375, 287.29510498046875, 287.74578857421875, 288.13531494140625, 288.409820556640625, 288.65899658203125, 288.913909912109375, 289.142425537109375, 289.353363037109375, 289.533966064453125, 289.68804931640625, 289.85736083984375, 289.8883056640625, 289.8883056640625, 289.8883056640625, 289.8883056640625, 289.8883056640625, 289.8883056640625, 289.8883056640625, 289.8883056640625, 289.8883056640625, 289.8883056640625, 289.8883056640625, 289.8883056640625, 289.8883056640625, 289.8883056640625, 289.8883056640625, 289.8883056640625, 289.8883056640625, 289.8883056640625, 289.8883056640625, 289.8883056640625, 289.8883056640625]
CHWSTSet.y=[279.709991455078125, 279.709991455078125]
SATSet.y=[289.149993896484375, 289.149993896484375]
SAT.T=[293.149993896484375, 287.839691162109375, 289.149993896484375, 289.149993896484375, 289.149993896484375, 289.149993896484375, 289.149993896484375, 289.149993896484375, 289.149993896484375, 289.149993896484375, 289.149993896484375, 289.149993896484375, 289.149993896484375, 289.149993896484375, 289.149993896484375, 289.149993896484375, 289.149993896484375, 289.149993896484375, 289.149993896484375, 289.149993896484375, 289.149993896484375, 289.149993896484375, 289.149993896484375, 289.149993896484375, 289.149993896484375, 289.149993896484375, 289.149993896484375, 289.149993896484375, 289.149993896484375, 289.149993896484375, 289.149993896484375, 289.149993896484375, 289.149993896484375, 289.149993896484375, 289.149993896484375, 289.149993896484375, 289.149993896484375, 289.149993896484375, 289.149993896484375, 289.149993896484375, 289.149993896484375, 289.149993896484375, 289.149993896484375, 289.149993896484375, 289.149993896484375, 289.149993896484375, 289.149993896484375, 289.149993896484375, 289.149993896484375, 289.149993896484375, 289.149993896484375, 289.149993896484375, 289.149993896484375, 289.149993896484375, 289.149993896484375, 289.149993896484375, 289.149993896484375, 289.149993896484375, 289.149993896484375, 289.149993896484375, 289.149993896484375, 289.149993896484375, 289.149993896484375, 289.149993896484375, 289.149993896484375, 289.149993896484375, 289.149993896484375, 289.149993896484375, 289.149993896484375, 289.149993896484375, 289.149993896484375, 289.149993896484375, 289.149993896484375, 289.149993896484375, 289.149993896484375, 289.149993896484375, 289.149993896484375, 289.149993896484375, 289.149993896484375, 289.149993896484375, 289.149993896484375, 289.149993896484375, 289.149993896484375, 289.149993896484375, 289.149993896484375, 289.149993896484375, 289.149993896484375, 289.149993896484375, 289.149993896484375, 289.149993896484375, 289.149993896484375, 289.149993896484375, 289.149993896484375, 289.149993896484375, 289.149993896484375, 289.149993896484375, 289.149993896484375, 289.149993896484375, 289.149993896484375, 289.149993896484375, 289.149993896484375]
chiWSE.chiPar.chi[1].P=[0., 58097.15625, 37134.8203125, 35985.8359375, 34700.1171875, 33501.66796875, 32344.244140625, 30990.3046875, 29741.203125, 29564.955078125, 29521.095703125, 29494.591796875, 29444.90234375, 29392.333984375, 29336.958984375, 29639.82421875, 32814.6953125, 36462.47265625, 39825.21875, 43154.2890625, 46490.03515625, 48753.859375, 50000.8359375, 50893.328125, 51388.7265625, 51441.10546875, 51728.4453125, 50322.63671875, 49622.40625, 52402.6640625, 53241.18359375, 53781.2421875, 54899.4609375, 55764.0078125, 53286.58203125, 51429.47265625, 49287.28515625, 47058.62109375, 44861.99609375, 42752.2890625, 41522.20703125, 41169.65234375, 40489.359375, 39432.68359375, 38213.30078125, 36946.69921875, 35725.3046875, 34728.59375, 33927.62109375, 33201.7109375, 32466.939453125, 31476.83984375, 30610.048828125, 30163.46484375, 29625.791015625, 29129.90625, 28640.181640625, 28142.19921875, 27652.583984375, 27600.359375, 28542.748046875, 29182.830078125, 29689.375, 30152.48828125, 30613.447265625, 32190.439453125, 34784.80078125, 37411.66015625, 39949.66015625, 42645.88671875, 45397.9453125, 47817.921875, 49546.48828125, 51125.8671875, 52760.609375, 54238.4921875, 55614.98046875, 56802.3515625, 57822.06640625, 58945.21484375, 70968.046875, 70968.078125, 70968.0859375, 70967.8125, 70967.3125, 70967.2109375, 70967.3125, 70967.34375, 70967.390625, 70967.40625, 70967.4921875, 70967.546875, 70967.5078125, 70967.515625, 70967.53125, 70967.5546875, 70967.578125, 70967.609375, 70967.5859375, 70967.546875, 70967.6015625]
chiWSE.chiPar.chi[2].P=[0., 0., 0., 0., 0., 0., 0., 0., 0., 0., 0., 0., 0., 0., 0., 0., 0., 0., 0., 0., 0., 0., 0., 0., 0., 0., 0., 0., 0., 0., 0., 0., 0., 0., 0., 0., 0., 0., 0., 0., 0., 0., 0., 0., 0., 0., 0., 0., 0., 0., 0., 0., 0., 0., 0., 0., 0., 0., 0., 0., 0., 0., 0., 0., 0., 0., 0., 0., 0., 0., 0., 0., 0., 0., 0., 0., 0., 0., 0., 0., 0., 0., 0., 0., 0., 0., 0., 0., 0., 0., 0., 0., 0., 0., 0., 0., 0., 0., 0., 0., 0.]
chiWSE.chiPar.chi[2].COP=[0., 0., 0., 0., 0., 0., 0., 0., 0., 0., 0., 0., 0., 0., 0., 0., 0., 0., 0., 0., 0., 0., 0., 0., 0., 0., 0., 0., 0., 0., 0., 0., 0., 0., 0., 0., 0., 0., 0., 0., 0., 0., 0., 0., 0., 0., 0., 0., 0., 0., 0., 0., 0., 0., 0., 0., 0., 0., 0., 0., 0., 0., 0., 0., 0., 0., 0., 0., 0., 0., 0., 0., 0., 0., 0., 0., 0., 0., 0., 0., 0., 0., 0., 0., 0., 0., 0., 0., 0., 0., 0., 0., 0., 0., 0., 0., 0., 0., 0., 0., 0.]
chiWSE.chiPar.chi[1].COP=[0., 9.103473663330078125, 8.11722278594970703125, 8.12815380096435546875, 8.13813114166259765625, 8.14537906646728515625, 8.150665283203125, 8.15495586395263671875, 8.152759552001953125, 8.15055751800537109375, 8.15048885345458984375, 8.15505886077880859375, 8.15496540069580078125, 8.1548519134521484375, 8.15472698211669921875, 8.1504955291748046875, 8.14110851287841796875, 8.11911487579345703125, 8.08498668670654296875, 8.0434055328369140625, 7.99673223495483398438, 7.96471500396728515625, 7.94562196731567382812, 7.93188428878784179688, 7.92443037033081054688, 7.9241466522216796875, 7.919116973876953125, 7.9462070465087890625, 7.94983959197998046875, 7.90617799758911132812, 7.89385557174682617188, 7.88513851165771484375, 7.86507940292358398438, 7.853595733642578125, 7.89631223678588867188, 7.9263172149658203125, 7.96113729476928710938, 7.99561548233032226562, 8.0282688140869140625, 8.05710506439208984375, 8.07128620147705078125, 8.0753154754638671875, 8.0847873687744140625, 8.09765911102294921875, 8.11133098602294921875, 8.12407398223876953125, 8.13457965850830078125, 8.14165592193603515625, 8.14656734466552734375, 8.15048122406005859375, 8.15381717681884765625, 8.15759372711181640625, 8.15719318389892578125, 8.15722179412841796875, 8.1566181182861328125, 8.15538311004638671875, 8.15363597869873046875, 8.15128231048583984375, 8.14806079864501953125, 8.14437770843505859375, 8.14898395538330078125, 8.15269947052001953125, 8.1538867950439453125, 8.1549530029296875, 8.15372371673583984375, 8.14738559722900390625, 8.133281707763671875, 8.112110137939453125, 8.08493709564208984375, 8.051082611083984375, 8.01325225830078125, 7.97817850112915039062, 7.95222806930541992188, 7.92685461044311523438, 7.90068721771240234375, 7.87647390365600585938, 7.85373592376708984375, 7.83392620086669921875, 7.81681346893310546875, 7.79728603363037109375, 7.05255460739135742188, 7.05255126953125, 7.05255031585693359375, 7.05257749557495117188, 7.05262660980224609375, 7.05263662338256835938, 7.05262708663940429688, 7.05262327194213867188, 7.05261850357055664062, 7.05261659622192382812, 7.05260801315307617188, 7.05260229110717773438, 7.05260610580444335938, 7.05260562896728515625, 7.05260372161865234375, 7.05260133743286132812, 7.05259847640991210938, 7.05259609222412109375, 7.05259799957275390625, 7.05260133743286132812, 7.05259609222412109375]
