last-generated=2019-02-01
statistics-initialization=
{
  "linear": "2",
  "nonlinear": "3",
  "numerical Jacobians": "0"
}
statistics-simulation=
{
  "linear": "2, 0",
  "nonlinear": "2",
  "numerical Jacobians": "0"
}
E.terminal.v[1]=[4.8e+02, 4.8e+02]
E.terminal.v[2]=[0e+00, 0e+00]
load.v[1]=[4.795130310058594e+02, 4.795130310058594e+02, 4.795130310058594e+02, 4.795130310058594e+02, 4.795130310058594e+02, 4.795130310058594e+02, 4.795130310058594e+02, 4.795130310058594e+02, 4.795130310058594e+02, 4.795130310058594e+02, 4.795130310058594e+02, 4.795130310058594e+02, 4.795130310058594e+02, 4.795130310058594e+02, 4.795130310058594e+02, 4.795130310058594e+02, 4.795130310058594e+02, 4.795130310058594e+02, 4.795130310058594e+02, 4.795130310058594e+02, 4.795130310058594e+02, 4.795130310058594e+02, 4.795130310058594e+02, 4.795130310058594e+02, 4.795130310058594e+02, 4.795130310058594e+02, 4.795130310058594e+02, 4.795130310058594e+02, 4.795130310058594e+02, 4.795130310058594e+02, 4.795130310058594e+02, 4.795130310058594e+02, 4.795130310058594e+02, 4.795130310058594e+02, 4.795130310058594e+02, 4.795130310058594e+02, 4.795130310058594e+02, 4.795130310058594e+02, 4.795130310058594e+02, 4.795130310058594e+02, 4.795130310058594e+02, 4.795130310058594e+02, 4.795130310058594e+02, 4.795130310058594e+02, 4.795130310058594e+02, 4.795130310058594e+02, 4.795130310058594e+02, 4.795130310058594e+02, 4.795130310058594e+02, 4.795130310058594e+02, 4.795130310058594e+02, 4.79519134527305e+02, 4.795252380487507e+02, 4.795313415697598e+02, 4.795374145376848e+02, 4.795435180591304e+02, 4.795496215805761e+02, 4.795556945844436e+02, 4.795617981058893e+02, 4.795679016269348e+02, 4.795739745948233e+02, 4.79580078116269e+02, 4.795861816377147e+02, 4.795922546415822e+02, 4.795983581630279e+02, 4.796044311668954e+02, 4.796105346519619e+02, 4.796166381734076e+02, 4.796227111772751e+02, 4.796288146987208e+02, 4.796348877025883e+02, 4.79640991224034e+02, 4.796470947091005e+02, 4.79653167712968e+02, 4.796592712344137e+02, 4.796653442382812e+02, 4.796714477597269e+02, 4.796775207635945e+02, 4.796836242850401e+02, 4.796896972525285e+02, 4.796958007739742e+02, 4.797018737778781e+02, 4.797079772992874e+02, 4.797140503031549e+02, 4.797201538246006e+02, 4.797262267924527e+02, 4.797323303135346e+02, 4.797384033174749e+02, 4.797445068388478e+02, 4.797505798427154e+02, 4.797566833641611e+02, 4.797627563316494e+02, 4.797688598530951e+02, 4.797749328569626e+02, 4.797810363783719e+02, 4.797871093822758e+02, 4.797931823861434e+02, 4.797992858712099e+02, 4.798053588750774e+02, 4.798114623965231e+02, 4.798175354003906e+02]
load.v[2]=[2.491250038146973e-01, 2.491250038146973e-01, 2.491250038146973e-01, 2.491250038146973e-01, 2.491250038146973e-01, 2.491250038146973e-01, 2.491250038146973e-01, 2.491250038146973e-01, 2.491250038146973e-01, 2.491250038146973e-01, 2.491250038146973e-01, 2.491250038146973e-01, 2.491250038146973e-01, 2.491250038146973e-01, 2.491250038146973e-01, 2.491250038146973e-01, 2.491250038146973e-01, 2.491250038146973e-01, 2.491250038146973e-01, 2.491250038146973e-01, 2.491250038146973e-01, 2.491250038146973e-01, 2.491250038146973e-01, 2.491250038146973e-01, 2.491250038146973e-01, 2.491250038146973e-01, 2.491250038146973e-01, 2.491250038146973e-01, 2.491250038146973e-01, 2.491250038146973e-01, 2.491250038146973e-01, 2.491250038146973e-01, 2.491250038146973e-01, 2.491250038146973e-01, 2.491250038146973e-01, 2.491250038146973e-01, 2.491250038146973e-01, 2.491250038146973e-01, 2.491250038146973e-01, 2.491250038146973e-01, 2.491250038146973e-01, 2.491250038146973e-01, 2.491250038146973e-01, 2.491250038146973e-01, 2.491250038146973e-01, 2.491250038146973e-01, 2.491250038146973e-01, 2.491250038146973e-01, 2.491250038146973e-01, 2.491250038146973e-01, 2.491250038146973e-01, 2.460109412774406e-01, 2.428968638391648e-01, 2.397828013019792e-01, 2.36668757325632e-01, 2.335546947884464e-01, 2.304406322512829e-01, 2.273265548129139e-01, 2.242124922757283e-01, 2.210984297385427e-01, 2.179843857621955e-01, 2.148703232250098e-01, 2.117562457866985e-01, 2.086421832494774e-01, 2.055281207122918e-01, 2.024140581751062e-01, 1.99300014198759e-01, 1.961859367605365e-01, 1.930718742232265e-01, 1.899578116860188e-01, 1.868437491488553e-01, 1.837296866115098e-01, 1.806156277343744e-01, 1.775015651969756e-01, 1.7438750265979e-01, 1.712734401226044e-01, 1.681593775853477e-01, 1.650453001470719e-01, 1.619312376098863e-01, 1.588171936335391e-01, 1.557031310963535e-01, 1.5258906855919e-01, 1.49474991120821e-01, 1.463609285836354e-01, 1.432468660464498e-01, 1.401328220701026e-01, 1.37018759532917e-01, 1.339046820946057e-01, 1.307906195573845e-01, 1.276765570201989e-01, 1.245624944829244e-01, 1.214484430561832e-01, 1.183343805188998e-01, 1.152203179817142e-01, 1.121062479939259e-01, 1.08992185456718e-01, 1.058781154689962e-01, 1.027640714926489e-01, 9.965000895546333e-02, 9.653593896773263e-02, 9.342187643051147e-02]
time=[0e+00, 1e+00]
