last-generated=2025-02-18
statistics-initialization=
{
  "linear": "0, 0, 0",
  "nonlinear": "3",
  "numerical Jacobians": "0"
}
statistics-simulation=
{
  "linear": "0, 0, 0, 0, 0, 0, 5",
  "nonlinear": "3",
  "number of continuous time states": "32",
  "numerical Jacobians": "0"
}
time=[0e+00, 8.64e+04]
pla.QFue_flow=[8.33333359375e+04, 8.33333359375e+04, 8.33333359375e+04, 8.33333359375e+04, 8.33333359375e+04, 8.33333359375e+04, 8.33333359375e+04, 8.33333359375e+04, 8.33333359375e+04, 8.33333359375e+04, 8.33333359375e+04, 8.33333359375e+04, 8.33333359375e+04, 8.33333359375e+04, 8.33333359375e+04, 8.33333359375e+04, 8.33333359375e+04, 8.33333359375e+04, 8.33333359375e+04, 8.33333359375e+04, 6.9405046875e+04, 6.91974140625e+04, 6.9180328125e+04, 6.91737109375e+04, 6.91711015625e+04, 6.9170140625e+04, 6.91697421875e+04, 6.9169578125e+04, 6.9169515625e+04, 6.91694765625e+04, 6.916946875e+04, 6.916946875e+04, 6.91694609375e+04, 6.91694609375e+04, 6.91694609375e+04, 6.91694609375e+04, 6.91694609375e+04, 6.91694609375e+04, 6.91694609375e+04, 6.91694609375e+04, 6.91694609375e+04, 6.91694609375e+04, 6.9014234375e+04, 6.6810796875e+04, 6.25665078125e+04, 5.70039140625e+04, 5.084271484375e+04, 4.480102734375e+04, 3.959620703125e+04, 3.59454296875e+04, 3.456580078125e+04, 3.457601171875e+04, 3.458000390625e+04, 3.45815234375e+04, 3.458206640625e+04, 3.45822578125e+04, 3.458234375e+04, 3.45823828125e+04, 3.458239453125e+04, 3.458240625e+04, 3.458241015625e+04, 3.458241015625e+04, 3.45824140625e+04, 3.45824140625e+04, 3.45824140625e+04, 3.45824140625e+04, 3.45824140625e+04, 3.458241796875e+04, 3.458241796875e+04, 3.458241796875e+04, 3.458241796875e+04, 3.458241796875e+04, 3.458241796875e+04, 3.458241796875e+04, 3.458241796875e+04, 3.458241796875e+04, 3.458241796875e+04, 3.458241796875e+04, 3.458241796875e+04, 3.458241796875e+04, 3.458241796875e+04, 3.458241796875e+04, 3.458241796875e+04, 3.458241796875e+04, 3.464644921875e+04, 3.4975125e+04, 3.555825390625e+04, 3.63686640625e+04, 3.7379359375e+04, 3.85633984375e+04, 3.989388671875e+04, 4.134390625e+04, 4.288656640625e+04, 4.449496484375e+04, 4.614220703125e+04, 4.780140234375e+04, 4.944566015625e+04, 5.10480859375e+04, 5.25817890625e+04, 5.4019875e+04, 5.533544921875e+04]
bld[1].Q_flow=[1.6e+04, 1.65306875e+04, 1.7135103515625e+04, 1.7771775390625e+04, 1.8399232421875e+04, 1.8976e+04, 1.9460607421875e+04, 1.9811583984375e+04, 1.9987455078125e+04, 2e+04, 2e+04, 2e+04, 2e+04, 2e+04, 2e+04, 2e+04, 2e+04, 2e+04, 2e+04, 2e+04, 2e+04, 2e+04, 2e+04, 2e+04, 2e+04, 2e+04, 2e+04, 2e+04, 2e+04, 2e+04, 2e+04, 2e+04, 2e+04, 2e+04, 2e+04, 2e+04, 2e+04, 2e+04, 2e+04, 2e+04, 2e+04, 2e+04, 1.9953279296875e+04, 1.9313919921875e+04, 1.80870390625e+04, 1.648e+04, 1.470016015625e+04, 1.29548798828125e+04, 1.145151953125e+04, 1.03974404296875e+04, 1e+04, 1e+04, 1e+04, 1e+04, 1e+04, 1e+04, 1e+04, 1e+04, 1e+04, 1e+04, 1e+04, 1e+04, 1e+04, 1e+04, 1e+04, 1e+04, 1e+04, 1e+04, 1e+04, 1e+04, 1e+04, 1e+04, 1e+04, 1e+04, 1e+04, 1e+04, 1e+04, 1e+04, 1e+04, 1e+04, 1e+04, 1e+04, 1e+04, 1e+04, 1.001881640625e+04, 1.0114e+04, 1.02826240234375e+04, 1.0516912109375e+04, 1.0809087890625e+04, 1.11513759765625e+04, 1.1536e+04, 1.195518359375e+04, 1.240115234375e+04, 1.28661279296875e+04, 1.33423359375e+04, 1.3822e+04, 1.429734375e+04, 1.4760591796875e+04, 1.52039677734375e+04, 1.56196962890625e+04, 1.6e+04]
bld[3].Q_flow=[1.6e+04, 1.65306875e+04, 1.7135103515625e+04, 1.7771775390625e+04, 1.8399232421875e+04, 1.8976e+04, 1.9460607421875e+04, 1.9811583984375e+04, 1.9987455078125e+04, 2e+04, 2e+04, 2e+04, 2e+04, 2e+04, 2e+04, 2e+04, 2e+04, 2e+04, 2e+04, 2e+04, 2e+04, 2e+04, 2e+04, 2e+04, 2e+04, 2e+04, 2e+04, 2e+04, 2e+04, 2e+04, 2e+04, 2e+04, 2e+04, 2e+04, 2e+04, 2e+04, 2e+04, 2e+04, 2e+04, 2e+04, 2e+04, 2e+04, 1.9953279296875e+04, 1.9313919921875e+04, 1.80870390625e+04, 1.648e+04, 1.470016015625e+04, 1.29548798828125e+04, 1.145151953125e+04, 1.03974404296875e+04, 1e+04, 1e+04, 1e+04, 1e+04, 1e+04, 1e+04, 1e+04, 1e+04, 1e+04, 1e+04, 1e+04, 1e+04, 1e+04, 1e+04, 1e+04, 1e+04, 1e+04, 1e+04, 1e+04, 1e+04, 1e+04, 1e+04, 1e+04, 1e+04, 1e+04, 1e+04, 1e+04, 1e+04, 1e+04, 1e+04, 1e+04, 1e+04, 1e+04, 1e+04, 1.001881640625e+04, 1.0114e+04, 1.02826240234375e+04, 1.0516912109375e+04, 1.0809087890625e+04, 1.11513759765625e+04, 1.1536e+04, 1.195518359375e+04, 1.240115234375e+04, 1.28661279296875e+04, 1.33423359375e+04, 1.3822e+04, 1.429734375e+04, 1.4760591796875e+04, 1.52039677734375e+04, 1.56196962890625e+04, 1.6e+04]
pla.port_aSerHea.m_flow=[0e+00, 2.208080515265465e-02, 2.297378145158291e-02, 2.391002140939236e-02, 2.483269572257996e-02, 2.568474598228931e-02, 2.640917897224426e-02, 2.694933488965034e-02, 2.717569470405579e-02, 2.715815976262093e-02, 2.712416090071201e-02, 2.709077298641205e-02, 2.705802023410797e-02, 2.702592499554157e-02, 2.699450775980949e-02, 2.696379087865353e-02, 2.693379670381546e-02, 2.690455131232738e-02, 2.687607519328594e-02, 2.684839442372322e-02, 2.682778611779213e-02, 2.682776749134064e-02, 2.682776749134064e-02, 2.682776749134064e-02, 2.682776749134064e-02, 2.682776749134064e-02, 2.682776749134064e-02, 2.682776749134064e-02, 2.682776749134064e-02, 2.682776749134064e-02, 2.682776749134064e-02, 2.682776749134064e-02, 2.682776749134064e-02, 2.682776749134064e-02, 2.682776749134064e-02, 2.682776749134064e-02, 2.682776749134064e-02, 2.682776749134064e-02, 2.682776749134064e-02, 2.682776749134064e-02, 2.682776749134064e-02, 2.682776749134064e-02, 2.676510997116566e-02, 2.590750902891159e-02, 2.426180616021156e-02, 2.210615389049053e-02, 1.971870101988316e-02, 1.737759821116924e-02, 1.536099333316088e-02, 1.394703891128302e-02, 1.341386884450912e-02, 1.341388374567032e-02, 1.341388374567032e-02, 1.341388374567032e-02, 1.341388374567032e-02, 1.341388374567032e-02, 1.341388374567032e-02, 1.341388374567032e-02, 1.341388374567032e-02, 1.341388374567032e-02, 1.341388374567032e-02, 1.341388374567032e-02, 1.341388374567032e-02, 1.341388374567032e-02, 1.341388374567032e-02, 1.341388374567032e-02, 1.341388374567032e-02, 1.341388374567032e-02, 1.341388374567032e-02, 1.341388374567032e-02, 1.341388374567032e-02, 1.341388374567032e-02, 1.341388374567032e-02, 1.341388374567032e-02, 1.341388374567032e-02, 1.341388374567032e-02, 1.341388374567032e-02, 1.341388374567032e-02, 1.341388374567032e-02, 1.341388374567032e-02, 1.341388374567032e-02, 1.341388374567032e-02, 1.341388374567032e-02, 1.341388374567032e-02, 1.343911327421665e-02, 1.356679666787386e-02, 1.379298325628042e-02, 1.410725153982639e-02, 1.449917070567608e-02, 1.495830994099379e-02, 1.547423843294382e-02, 1.603652536869049e-02, 1.663474179804325e-02, 1.725845411419868e-02, 1.789723336696625e-02, 1.854064874351025e-02, 1.917827129364014e-02, 1.979966647922993e-02, 2.039440721273422e-02, 2.095206081867218e-02, 2.146219834685326e-02]
bld[1].port_a.m_flow=[0e+00, 7.360524963587523e-03, 7.658188696950674e-03, 7.970266975462437e-03, 8.277817629277706e-03, 8.561824448406696e-03, 8.803291246294975e-03, 8.983335457742214e-03, 9.058789350092411e-03, 9.052956476807594e-03, 9.041635319590569e-03, 9.030519053339958e-03, 9.01961512863636e-03, 9.008930996060371e-03, 8.998473174870014e-03, 8.98825004696846e-03, 8.978269062936306e-03, 8.968536742031574e-03, 8.959063328802586e-03, 8.949855342507362e-03, 8.942604996263981e-03, 8.942589163780212e-03, 8.942589163780212e-03, 8.942589163780212e-03, 8.942589163780212e-03, 8.942589163780212e-03, 8.942589163780212e-03, 8.942589163780212e-03, 8.942589163780212e-03, 8.942589163780212e-03, 8.942589163780212e-03, 8.942589163780212e-03, 8.942589163780212e-03, 8.942589163780212e-03, 8.942589163780212e-03, 8.942589163780212e-03, 8.942589163780212e-03, 8.942589163780212e-03, 8.942589163780212e-03, 8.942589163780212e-03, 8.942589163780212e-03, 8.942589163780212e-03, 8.921703323721886e-03, 8.635836653411388e-03, 8.087269030511379e-03, 7.368717808276415e-03, 6.572900339961052e-03, 5.792532581835985e-03, 5.120330955833197e-03, 4.649012815207243e-03, 4.471289459615946e-03, 4.471294581890106e-03, 4.471294581890106e-03, 4.471294581890106e-03, 4.471294581890106e-03, 4.471294581890106e-03, 4.471294581890106e-03, 4.471294581890106e-03, 4.471294581890106e-03, 4.471294581890106e-03, 4.471294581890106e-03, 4.471294581890106e-03, 4.471294581890106e-03, 4.471294581890106e-03, 4.471294581890106e-03, 4.471294581890106e-03, 4.471294581890106e-03, 4.471294581890106e-03, 4.471294581890106e-03, 4.471294581890106e-03, 4.471294581890106e-03, 4.471294581890106e-03, 4.471294581890106e-03, 4.471294581890106e-03, 4.471294581890106e-03, 4.471294581890106e-03, 4.471294581890106e-03, 4.471294581890106e-03, 4.471294581890106e-03, 4.471294581890106e-03, 4.471294581890106e-03, 4.471294581890106e-03, 4.471294581890106e-03, 4.471294581890106e-03, 4.479704424738884e-03, 4.522265400737524e-03, 4.597661085426807e-03, 4.702417179942131e-03, 4.833057057112455e-03, 4.986103624105453e-03, 5.158079788088799e-03, 5.345508456230164e-03, 5.544913932681084e-03, 5.752818193286657e-03, 5.965744610875845e-03, 6.180216558277607e-03, 6.392756942659616e-03, 6.599889136850834e-03, 6.798136048018932e-03, 6.984020583331585e-03, 7.154066115617752e-03]
bld[3].port_a.m_flow=[0e+00, 7.359983865171671e-03, 7.657637819647789e-03, 7.969719357788563e-03, 8.277285844087601e-03, 8.561314083635807e-03, 8.802803233265877e-03, 8.982864208519459e-03, 9.058315306901932e-03, 9.05245915055275e-03, 9.041111916303635e-03, 9.02996864169836e-03, 9.019035845994949e-03, 9.008321911096573e-03, 8.997833356261253e-03, 8.987576700747013e-03, 8.977560326457024e-03, 8.967792615294456e-03, 8.958281017839909e-03, 8.949032984673977e-03, 8.942585438489914e-03, 8.942589163780212e-03, 8.942589163780212e-03, 8.942589163780212e-03, 8.942589163780212e-03, 8.942589163780212e-03, 8.942589163780212e-03, 8.942589163780212e-03, 8.942589163780212e-03, 8.942589163780212e-03, 8.942589163780212e-03, 8.942589163780212e-03, 8.942589163780212e-03, 8.942589163780212e-03, 8.942589163780212e-03, 8.942589163780212e-03, 8.942589163780212e-03, 8.942589163780212e-03, 8.942589163780212e-03, 8.942589163780212e-03, 8.942589163780212e-03, 8.942589163780212e-03, 8.921703323721886e-03, 8.635835722088814e-03, 8.087269030511379e-03, 7.368717808276415e-03, 6.572900339961052e-03, 5.792532581835985e-03, 5.120330955833197e-03, 4.649012815207243e-03, 4.471289925277233e-03, 4.471294581890106e-03, 4.471294581890106e-03, 4.471294581890106e-03, 4.471294581890106e-03, 4.471294581890106e-03, 4.471294581890106e-03, 4.471294581890106e-03, 4.471294581890106e-03, 4.471294581890106e-03, 4.471294581890106e-03, 4.471294581890106e-03, 4.471294581890106e-03, 4.471294581890106e-03, 4.471294581890106e-03, 4.471294581890106e-03, 4.471294581890106e-03, 4.471294581890106e-03, 4.471294581890106e-03, 4.471294581890106e-03, 4.471294581890106e-03, 4.471294581890106e-03, 4.471294581890106e-03, 4.471294581890106e-03, 4.471294581890106e-03, 4.471294581890106e-03, 4.471294581890106e-03, 4.471294581890106e-03, 4.471294581890106e-03, 4.471294581890106e-03, 4.471294581890106e-03, 4.471294581890106e-03, 4.471294581890106e-03, 4.471294581890106e-03, 4.479704424738884e-03, 4.522265400737524e-03, 4.597661085426807e-03, 4.702417179942131e-03, 4.833057057112455e-03, 4.986103624105453e-03, 5.158079788088799e-03, 5.345508456230164e-03, 5.544913932681084e-03, 5.752818193286657e-03, 5.965744610875845e-03, 6.180216558277607e-03, 6.392756942659616e-03, 6.599889136850834e-03, 6.798136048018932e-03, 6.984020583331585e-03, 7.154066115617752e-03]
pla.port_bSerHea.p=[1.01325e+05, 1.157153046875e+05, 1.301581875e+05, 1.44579359375e+05, 1.58654265625e+05, 1.72153390625e+05, 1.84983078125e+05, 1.97220140625e+05, 2.091985e+05, 2.2152875e+05, 2.34470203125e+05, 2.48049984375e+05, 2.62291375e+05, 2.7721959375e+05, 2.928607812500001e+05, 3.0924153125e+05, 3.2638915625e+05, 3.443313437500001e+05, 3.6309646875e+05, 3.82713375e+05, 3.999493125e+05, 3.9999996875e+05, 4e+05, 4e+05, 4e+05, 4e+05, 4e+05, 4e+05, 4e+05, 4e+05, 4e+05, 4e+05, 4e+05, 4e+05, 4e+05, 4e+05, 4e+05, 4e+05, 4e+05, 4e+05, 4e+05, 4e+05, 4.0000065625e+05, 4.00003375e+05, 4.00005375e+05, 4.0000653125e+05, 4.0000690625e+05, 4.000065e+05, 4.0000528125e+05, 4.0000325e+05, 4.000004375e+05, 4e+05, 4e+05, 4e+05, 4e+05, 4e+05, 4e+05, 4e+05, 4e+05, 4e+05, 4e+05, 4e+05, 4e+05, 4e+05, 4e+05, 4e+05, 4e+05, 4e+05, 4e+05, 4e+05, 4e+05, 4e+05, 4e+05, 4e+05, 4e+05, 4e+05, 4e+05, 4e+05, 4e+05, 4e+05, 4e+05, 4e+05, 4e+05, 4e+05, 3.9999984375e+05, 3.9999953125e+05, 3.9999925e+05, 3.99999e+05, 3.999988125e+05, 3.99998625e+05, 3.9999846875e+05, 3.9999834375e+05, 3.9999825e+05, 3.999981875e+05, 3.9999815625e+05, 3.9999815625e+05, 3.999981875e+05, 3.9999825e+05, 3.9999834375e+05, 3.999984375e+05, 3.9999859375e+05]
pla.port_aSerHea.p=[1.01325e+05, 1.01325e+05]
bld[1].port_b.p=[1.01325e+05, 1.07815796875e+05, 1.083513984375e+05, 1.089357421875e+05, 1.095344375e+05, 1.101074375e+05, 1.106098203125e+05, 1.109935e+05, 1.111566015625e+05, 1.111439296875e+05, 1.11119375e+05, 1.11095296875e+05, 1.11071703125e+05, 1.110486171875e+05, 1.110260390625e+05, 1.110039921875e+05, 1.109825e+05, 1.109615546875e+05, 1.109411953125e+05, 1.10921421875e+05, 1.109062109375e+05, 1.109061875e+05, 1.109061875e+05, 1.109061875e+05, 1.109061875e+05, 1.109061875e+05, 1.109061875e+05, 1.109061875e+05, 1.109061875e+05, 1.109061875e+05, 1.109061875e+05, 1.109061875e+05, 1.109061875e+05, 1.109061875e+05, 1.109061875e+05, 1.109061875e+05, 1.109061875e+05, 1.109061875e+05, 1.109061875e+05, 1.109061875e+05, 1.109061875e+05, 1.109061875e+05, 1.10861484375e+05, 1.10260140625e+05, 1.091610390625e+05, 1.078304375e+05, 1.065011484375e+05, 1.0534503125e+05, 1.044661484375e+05, 1.039144921875e+05, 1.037202890625e+05, 1.03720296875e+05, 1.03720296875e+05, 1.03720296875e+05, 1.03720296875e+05, 1.03720296875e+05, 1.03720296875e+05, 1.03720296875e+05, 1.03720296875e+05, 1.03720296875e+05, 1.03720296875e+05, 1.03720296875e+05, 1.03720296875e+05, 1.03720296875e+05, 1.03720296875e+05, 1.03720296875e+05, 1.03720296875e+05, 1.03720296875e+05, 1.03720296875e+05, 1.03720296875e+05, 1.03720296875e+05, 1.03720296875e+05, 1.03720296875e+05, 1.03720296875e+05, 1.03720296875e+05, 1.03720296875e+05, 1.03720296875e+05, 1.03720296875e+05, 1.03720296875e+05, 1.03720296875e+05, 1.03720296875e+05, 1.03720296875e+05, 1.03720296875e+05, 1.03720296875e+05, 1.037293125e+05, 1.0377521875e+05, 1.038576015625e+05, 1.039743203125e+05, 1.041235703125e+05, 1.043036171875e+05, 1.045126328125e+05, 1.047485e+05, 1.050086796875e+05, 1.052901015625e+05, 1.05589046875e+05, 1.059011484375e+05, 1.062213125e+05, 1.065437421875e+05, 1.0686196875e+05, 1.071689140625e+05, 1.07456953125e+05]
bld[3].port_b.p=[1.01325e+05, 1.115778671875e+05, 1.124239296875e+05, 1.133470078125e+05, 1.142927890625e+05, 1.151979921875e+05, 1.159916328125e+05, 1.16597765625e+05, 1.1685540625e+05, 1.168353515625e+05, 1.167965078125e+05, 1.167584140625e+05, 1.167210859375e+05, 1.16684546875e+05, 1.166488203125e+05, 1.166139296875e+05, 1.165798984375e+05, 1.165467421875e+05, 1.165145e+05, 1.164831796875e+05, 1.164608046875e+05, 1.164608046875e+05, 1.164608046875e+05, 1.164608046875e+05, 1.164608046875e+05, 1.164608046875e+05, 1.164608046875e+05, 1.164608046875e+05, 1.164608046875e+05, 1.164608046875e+05, 1.164608046875e+05, 1.164608046875e+05, 1.164608046875e+05, 1.164608046875e+05, 1.164608046875e+05, 1.164608046875e+05, 1.164608046875e+05, 1.164608046875e+05, 1.164608046875e+05, 1.164608046875e+05, 1.164608046875e+05, 1.164608046875e+05, 1.163901875e+05, 1.1544021875e+05, 1.137039140625e+05, 1.116019140625e+05, 1.09501984375e+05, 1.076756171875e+05, 1.062872109375e+05, 1.054157265625e+05, 1.051089453125e+05, 1.05108953125e+05, 1.05108953125e+05, 1.05108953125e+05, 1.05108953125e+05, 1.05108953125e+05, 1.05108953125e+05, 1.05108953125e+05, 1.05108953125e+05, 1.05108953125e+05, 1.05108953125e+05, 1.05108953125e+05, 1.05108953125e+05, 1.05108953125e+05, 1.05108953125e+05, 1.05108953125e+05, 1.05108953125e+05, 1.05108953125e+05, 1.05108953125e+05, 1.05108953125e+05, 1.05108953125e+05, 1.05108953125e+05, 1.05108953125e+05, 1.05108953125e+05, 1.05108953125e+05, 1.05108953125e+05, 1.05108953125e+05, 1.05108953125e+05, 1.05108953125e+05, 1.05108953125e+05, 1.05108953125e+05, 1.05108953125e+05, 1.05108953125e+05, 1.05108953125e+05, 1.051231953125e+05, 1.051957109375e+05, 1.053258515625e+05, 1.0551025e+05, 1.057460234375e+05, 1.06030453125e+05, 1.06360640625e+05, 1.0673325e+05, 1.071442734375e+05, 1.075888359375e+05, 1.0806109375e+05, 1.085541328125e+05, 1.090599140625e+05, 1.09569265625e+05, 1.100719921875e+05, 1.10556875e+05, 1.110118984375e+05]
bld[1].sta_a.T=[4.044879455566406e+02, 3.769179382324219e+02, 3.803241577148438e+02, 3.834266967773438e+02, 3.862178039550781e+02, 3.887095642089844e+02, 3.909335632324219e+02, 3.929405212402344e+02, 3.948099365234375e+02, 3.966462707519531e+02, 3.984862670898438e+02, 4.003302307128906e+02, 4.021779479980469e+02, 4.040293884277344e+02, 4.058844909667969e+02, 4.077432556152344e+02, 4.096056213378906e+02, 4.114715881347656e+02, 4.133410339355469e+02, 4.152139282226562e+02, 4.167587280273438e+02, 4.167625427246094e+02, 4.167625427246094e+02, 4.167625427246094e+02, 4.167625427246094e+02, 4.167625427246094e+02, 4.167625427246094e+02, 4.167625427246094e+02, 4.167625427246094e+02, 4.167625427246094e+02, 4.167625427246094e+02, 4.167625427246094e+02, 4.167625427246094e+02, 4.167625427246094e+02, 4.167625427246094e+02, 4.167625427246094e+02, 4.167625427246094e+02, 4.167625427246094e+02, 4.167625427246094e+02, 4.167625427246094e+02, 4.167625427246094e+02, 4.167625427246094e+02, 4.167626037597656e+02, 4.167628479003906e+02, 4.167630310058594e+02, 4.167631225585938e+02, 4.167631530761719e+02, 4.167631225585938e+02, 4.167630004882812e+02, 4.167628173828125e+02, 4.167625732421875e+02, 4.167625427246094e+02, 4.167625427246094e+02, 4.167625427246094e+02, 4.167625427246094e+02, 4.167625427246094e+02, 4.167625427246094e+02, 4.167625427246094e+02, 4.167625427246094e+02, 4.167625427246094e+02, 4.167625427246094e+02, 4.167625427246094e+02, 4.167625427246094e+02, 4.167625427246094e+02, 4.167625427246094e+02, 4.167625427246094e+02, 4.167625427246094e+02, 4.167625427246094e+02, 4.167625427246094e+02, 4.167625427246094e+02, 4.167625427246094e+02, 4.167625427246094e+02, 4.167625427246094e+02, 4.167625427246094e+02, 4.167625427246094e+02, 4.167625427246094e+02, 4.167625427246094e+02, 4.167625427246094e+02, 4.167625427246094e+02, 4.167625427246094e+02, 4.167625427246094e+02, 4.167625427246094e+02, 4.167625427246094e+02, 4.167625427246094e+02, 4.167625122070312e+02, 4.167624816894531e+02, 4.16762451171875e+02, 4.16762451171875e+02, 4.167624206542969e+02, 4.167624206542969e+02, 4.167623901367188e+02, 4.167623901367188e+02, 4.167623901367188e+02, 4.167623596191406e+02, 4.167623596191406e+02, 4.167623596191406e+02, 4.167623596191406e+02, 4.167623596191406e+02, 4.167623901367188e+02, 4.167623901367188e+02, 4.167624206542969e+02]
bld[1].sta_b.T=[3.731242980957031e+02, 3.731242980957031e+02, 3.731242980957031e+02, 3.731242980957031e+02, 3.731242980957031e+02, 3.731242980957031e+02, 3.731242980957031e+02, 3.731242980957031e+02, 3.731242980957031e+02, 3.731242980957031e+02, 3.731242980957031e+02, 3.731242980957031e+02, 3.731242980957031e+02, 3.731242980957031e+02, 3.731242980957031e+02, 3.731242980957031e+02, 3.731242980957031e+02, 3.731242980957031e+02, 3.731242980957031e+02, 3.731242980957031e+02, 3.731242980957031e+02, 3.731242980957031e+02, 3.731242980957031e+02, 3.731242980957031e+02, 3.731242980957031e+02, 3.731242980957031e+02, 3.731242980957031e+02, 3.731242980957031e+02, 3.731242980957031e+02, 3.731242980957031e+02, 3.731242980957031e+02, 3.731242980957031e+02, 3.731242980957031e+02, 3.731242980957031e+02, 3.731242980957031e+02, 3.731242980957031e+02, 3.731242980957031e+02, 3.731242980957031e+02, 3.731242980957031e+02, 3.731242980957031e+02, 3.731242980957031e+02, 3.731242980957031e+02, 3.731242980957031e+02, 3.731242980957031e+02, 3.731242980957031e+02, 3.731242980957031e+02, 3.731242980957031e+02, 3.731242980957031e+02, 3.731242980957031e+02, 3.731242980957031e+02, 3.731242980957031e+02, 3.731242980957031e+02, 3.731242980957031e+02, 3.731242980957031e+02, 3.731242980957031e+02, 3.731242980957031e+02, 3.731242980957031e+02, 3.731242980957031e+02, 3.731242980957031e+02, 3.731242980957031e+02, 3.731242980957031e+02, 3.731242980957031e+02, 3.731242980957031e+02, 3.731242980957031e+02, 3.731242980957031e+02, 3.731242980957031e+02, 3.731242980957031e+02, 3.731242980957031e+02, 3.731242980957031e+02, 3.731242980957031e+02, 3.731242980957031e+02, 3.731242980957031e+02, 3.731242980957031e+02, 3.731242980957031e+02, 3.731242980957031e+02, 3.731242980957031e+02, 3.731242980957031e+02, 3.731242980957031e+02, 3.731242980957031e+02, 3.731242980957031e+02, 3.731242980957031e+02, 3.731242980957031e+02, 3.731242980957031e+02, 3.731242980957031e+02, 3.731242980957031e+02, 3.731242980957031e+02, 3.731242980957031e+02, 3.731242980957031e+02, 3.731242980957031e+02, 3.731242980957031e+02, 3.731242980957031e+02, 3.731242980957031e+02, 3.731242980957031e+02, 3.731242980957031e+02, 3.731242980957031e+02, 3.731242980957031e+02, 3.731242980957031e+02, 3.731242980957031e+02, 3.731242980957031e+02, 3.731242980957031e+02, 3.731242980957031e+02]
bld[3].sta_a.T=[4.044879455566406e+02, 3.769977416992188e+02, 3.804019470214844e+02, 3.835006713867188e+02, 3.86286865234375e+02, 3.887734680175781e+02, 3.909927673339844e+02, 3.929964294433594e+02, 3.9486572265625e+02, 3.967048950195312e+02, 3.98548095703125e+02, 4.003954772949219e+02, 4.022467346191406e+02, 4.041018981933594e+02, 4.059609375e+02, 4.078238220214844e+02, 4.096905212402344e+02, 4.115610046386719e+02, 4.134352416992188e+02, 4.153132019042969e+02, 4.167610473632812e+02, 4.167625427246094e+02, 4.167625427246094e+02, 4.167625427246094e+02, 4.167625427246094e+02, 4.167625427246094e+02, 4.167625427246094e+02, 4.167625427246094e+02, 4.167625427246094e+02, 4.167625427246094e+02, 4.167625427246094e+02, 4.167625427246094e+02, 4.167625427246094e+02, 4.167625427246094e+02, 4.167625427246094e+02, 4.167625427246094e+02, 4.167625427246094e+02, 4.167625427246094e+02, 4.167625427246094e+02, 4.167625427246094e+02, 4.167625427246094e+02, 4.167625427246094e+02, 4.167626037597656e+02, 4.167628479003906e+02, 4.167630310058594e+02, 4.167631225585938e+02, 4.167631530761719e+02, 4.167631225585938e+02, 4.167630004882812e+02, 4.167627868652344e+02, 4.167625427246094e+02, 4.167625427246094e+02, 4.167625427246094e+02, 4.167625427246094e+02, 4.167625427246094e+02, 4.167625427246094e+02, 4.167625427246094e+02, 4.167625427246094e+02, 4.167625427246094e+02, 4.167625427246094e+02, 4.167625427246094e+02, 4.167625427246094e+02, 4.167625427246094e+02, 4.167625427246094e+02, 4.167625427246094e+02, 4.167625427246094e+02, 4.167625427246094e+02, 4.167625427246094e+02, 4.167625427246094e+02, 4.167625427246094e+02, 4.167625427246094e+02, 4.167625427246094e+02, 4.167625427246094e+02, 4.167625427246094e+02, 4.167625427246094e+02, 4.167625427246094e+02, 4.167625427246094e+02, 4.167625427246094e+02, 4.167625427246094e+02, 4.167625427246094e+02, 4.167625427246094e+02, 4.167625427246094e+02, 4.167625427246094e+02, 4.167625427246094e+02, 4.167625122070312e+02, 4.167624816894531e+02, 4.16762451171875e+02, 4.16762451171875e+02, 4.167624206542969e+02, 4.167624206542969e+02, 4.167623901367188e+02, 4.167623901367188e+02, 4.167623596191406e+02, 4.167623596191406e+02, 4.167623596191406e+02, 4.167623596191406e+02, 4.167623596191406e+02, 4.167623901367188e+02, 4.167623901367188e+02, 4.167623901367188e+02, 4.167624206542969e+02]
bld[3].sta_b.T=[3.731242980957031e+02, 3.731242980957031e+02, 3.731242980957031e+02, 3.731242980957031e+02, 3.731242980957031e+02, 3.731242980957031e+02, 3.731242980957031e+02, 3.731242980957031e+02, 3.731242980957031e+02, 3.731242980957031e+02, 3.731242980957031e+02, 3.731242980957031e+02, 3.731242980957031e+02, 3.731242980957031e+02, 3.731242980957031e+02, 3.731242980957031e+02, 3.731242980957031e+02, 3.731242980957031e+02, 3.731242980957031e+02, 3.731242980957031e+02, 3.731242980957031e+02, 3.731242980957031e+02, 3.731242980957031e+02, 3.731242980957031e+02, 3.731242980957031e+02, 3.731242980957031e+02, 3.731242980957031e+02, 3.731242980957031e+02, 3.731242980957031e+02, 3.731242980957031e+02, 3.731242980957031e+02, 3.731242980957031e+02, 3.731242980957031e+02, 3.731242980957031e+02, 3.731242980957031e+02, 3.731242980957031e+02, 3.731242980957031e+02, 3.731242980957031e+02, 3.731242980957031e+02, 3.731242980957031e+02, 3.731242980957031e+02, 3.731242980957031e+02, 3.731242980957031e+02, 3.731242980957031e+02, 3.731242980957031e+02, 3.731242980957031e+02, 3.731242980957031e+02, 3.731242980957031e+02, 3.731242980957031e+02, 3.731242980957031e+02, 3.731242980957031e+02, 3.731242980957031e+02, 3.731242980957031e+02, 3.731242980957031e+02, 3.731242980957031e+02, 3.731242980957031e+02, 3.731242980957031e+02, 3.731242980957031e+02, 3.731242980957031e+02, 3.731242980957031e+02, 3.731242980957031e+02, 3.731242980957031e+02, 3.731242980957031e+02, 3.731242980957031e+02, 3.731242980957031e+02, 3.731242980957031e+02, 3.731242980957031e+02, 3.731242980957031e+02, 3.731242980957031e+02, 3.731242980957031e+02, 3.731242980957031e+02, 3.731242980957031e+02, 3.731242980957031e+02, 3.731242980957031e+02, 3.731242980957031e+02, 3.731242980957031e+02, 3.731242980957031e+02, 3.731242980957031e+02, 3.731242980957031e+02, 3.731242980957031e+02, 3.731242980957031e+02, 3.731242980957031e+02, 3.731242980957031e+02, 3.731242980957031e+02, 3.731242980957031e+02, 3.731242980957031e+02, 3.731242980957031e+02, 3.731242980957031e+02, 3.731242980957031e+02, 3.731242980957031e+02, 3.731242980957031e+02, 3.731242980957031e+02, 3.731242980957031e+02, 3.731242980957031e+02, 3.731242980957031e+02, 3.731242980957031e+02, 3.731242980957031e+02, 3.731242980957031e+02, 3.731242980957031e+02, 3.731242980957031e+02, 3.731242980957031e+02]
pla.port_aSerHea.h_outflow=[4.1808690625e+05, 4.18423e+05, 4.1838984375e+05, 4.18376125e+05, 4.183733125e+05, 4.1837534375e+05, 4.1837890625e+05, 4.183828125e+05, 4.18388875e+05, 4.1839728125e+05, 4.1840665625e+05, 4.1841725e+05, 4.18429125e+05, 4.184421875e+05, 4.1845640625e+05, 4.1847184375e+05, 4.1848834375e+05, 4.185056875e+05, 4.1852334375e+05, 4.18541125e+05, 4.1855003125e+05, 4.18096125e+05, 4.18096125e+05, 4.18096125e+05, 4.18096125e+05, 4.18096125e+05, 4.18096125e+05, 4.18096125e+05, 4.18096125e+05, 4.18096125e+05, 4.18096125e+05, 4.18096125e+05, 4.18096125e+05, 4.18096125e+05, 4.18096125e+05, 4.18096125e+05, 4.18096125e+05, 4.18096125e+05, 4.18096125e+05, 4.18096125e+05, 4.18096125e+05, 4.18096125e+05, 4.18096125e+05, 4.18096125e+05, 4.18096125e+05, 4.18096125e+05, 4.18096125e+05, 4.1858978125e+05, 4.186054375e+05, 4.18620875e+05, 4.1862821875e+05, 4.1862765625e+05, 4.18627375e+05, 4.1862728125e+05, 4.1862721875e+05, 4.1862721875e+05, 4.1862721875e+05, 4.1862721875e+05, 4.1862721875e+05, 4.1862721875e+05, 4.1862721875e+05, 4.1862721875e+05, 4.1862721875e+05, 4.1862721875e+05, 4.1862721875e+05, 4.1862721875e+05, 4.1862721875e+05, 4.1862721875e+05, 4.1862721875e+05, 4.1862721875e+05, 4.1862721875e+05, 4.1862721875e+05, 4.1862721875e+05, 4.1862721875e+05, 4.1862721875e+05, 4.1862721875e+05, 4.1862721875e+05, 4.1862721875e+05, 4.1862721875e+05, 4.1862721875e+05, 4.1862721875e+05, 4.1862721875e+05, 4.1862721875e+05, 4.1862721875e+05, 4.186269375e+05, 4.1862525e+05, 4.1862234375e+05, 4.186185e+05, 4.1861403125e+05, 4.1860921875e+05, 4.1860428125e+05, 4.1859946875e+05, 4.18594875e+05, 4.1859059375e+05, 4.185866875e+05, 4.18583125e+05, 4.1857990625e+05, 4.180961875e+05, 4.180961875e+05, 4.180961875e+05, 4.180961875e+05]
pla.port_bSerHea.h_outflow=[2.673189e+06, 2.67982e+06, 2.685708e+06, 2.690971e+06, 2.695618e+06, 2.699692e+06, 2.70326525e+06, 2.70643625e+06, 2.70934075e+06, 2.71214625e+06, 2.71490975e+06, 2.71763e+06, 2.7203045e+06, 2.72293125e+06, 2.72550825e+06, 2.728033e+06, 2.73050325e+06, 2.73291675e+06, 2.735271e+06, 2.73756375e+06, 2.7394485e+06, 2.73945375e+06, 2.73945375e+06, 2.73945375e+06, 2.73945375e+06, 2.73945375e+06, 2.73945375e+06, 2.73945375e+06, 2.73945375e+06, 2.73945375e+06, 2.73945375e+06, 2.73945375e+06, 2.73945375e+06, 2.73945375e+06, 2.73945375e+06, 2.73945375e+06, 2.73945375e+06, 2.73945375e+06, 2.73945375e+06, 2.73945375e+06, 2.73945375e+06, 2.73945375e+06, 2.739454e+06, 2.73945425e+06, 2.7394545e+06, 2.7394545e+06, 2.7394545e+06, 2.7394545e+06, 2.7394545e+06, 2.73945425e+06, 2.739454e+06, 2.73945375e+06, 2.73945375e+06, 2.73945375e+06, 2.73945375e+06, 2.73945375e+06, 2.73945375e+06, 2.73945375e+06, 2.73945375e+06, 2.73945375e+06, 2.73945375e+06, 2.73945375e+06, 2.73945375e+06, 2.73945375e+06, 2.73945375e+06, 2.73945375e+06, 2.73945375e+06, 2.73945375e+06, 2.73945375e+06, 2.73945375e+06, 2.73945375e+06, 2.73945375e+06, 2.73945375e+06, 2.73945375e+06, 2.73945375e+06, 2.73945375e+06, 2.73945375e+06, 2.73945375e+06, 2.73945375e+06, 2.73945375e+06, 2.73945375e+06, 2.73945375e+06, 2.73945375e+06, 2.73945375e+06, 2.73945375e+06, 2.73945375e+06, 2.73945375e+06, 2.73945375e+06, 2.73945375e+06, 2.73945375e+06, 2.73945375e+06, 2.73945375e+06, 2.73945375e+06, 2.73945375e+06, 2.73945375e+06, 2.73945375e+06, 2.73945375e+06, 2.73945375e+06, 2.73945375e+06, 2.73945375e+06, 2.73945375e+06]
bld[1].port_a.h_outflow=[2.7381e+06, 2.7381e+06]
bld[1].port_b.h_outflow=[4.1829246875e+05, 4.1829246875e+05, 4.1829246875e+05, 4.1829246875e+05, 4.1829246875e+05, 4.1829246875e+05, 4.1829246875e+05, 4.1829246875e+05, 4.1829246875e+05, 4.1829246875e+05, 4.1829246875e+05, 4.1829246875e+05, 4.1829246875e+05, 4.1829246875e+05, 4.1829246875e+05, 4.1829246875e+05, 4.1829246875e+05, 4.1829246875e+05, 4.1829246875e+05, 4.1829246875e+05, 4.1829246875e+05, 4.1829246875e+05, 4.1829246875e+05, 4.1829246875e+05, 4.1829246875e+05, 4.1829246875e+05, 4.1829246875e+05, 4.1829246875e+05, 4.1829246875e+05, 4.1829246875e+05, 4.1829246875e+05, 4.1829246875e+05, 4.1829246875e+05, 4.1829246875e+05, 4.1829246875e+05, 4.1829246875e+05, 4.1829246875e+05, 4.1829246875e+05, 4.1829246875e+05, 4.1829246875e+05, 4.1829246875e+05, 4.1829246875e+05, 4.1829246875e+05, 4.1829246875e+05, 4.1829246875e+05, 4.1829246875e+05, 4.1829246875e+05, 4.1829246875e+05, 4.1829246875e+05, 4.1829246875e+05, 4.1829246875e+05, 4.1829246875e+05, 4.1829246875e+05, 4.1829246875e+05, 4.1829246875e+05, 4.1829246875e+05, 4.1829246875e+05, 4.1829246875e+05, 4.1829246875e+05, 4.1829246875e+05, 4.1829246875e+05, 4.1829246875e+05, 4.1829246875e+05, 4.1829246875e+05, 4.1829246875e+05, 4.1829246875e+05, 4.1829246875e+05, 4.1829246875e+05, 4.1829246875e+05, 4.1829246875e+05, 4.1829246875e+05, 4.1829246875e+05, 4.1829246875e+05, 4.1829246875e+05, 4.1829246875e+05, 4.1829246875e+05, 4.1829246875e+05, 4.1829246875e+05, 4.1829246875e+05, 4.1829246875e+05, 4.1829246875e+05, 4.1829246875e+05, 4.1829246875e+05, 4.1829246875e+05, 4.1829246875e+05, 4.1829246875e+05, 4.1829246875e+05, 4.1829246875e+05, 4.1829246875e+05, 4.1829246875e+05, 4.1829246875e+05, 4.1829246875e+05, 4.1829246875e+05, 4.1829246875e+05, 4.1829246875e+05, 4.1829246875e+05, 4.1829246875e+05, 4.1829246875e+05, 4.1829246875e+05, 4.1829246875e+05, 4.1829246875e+05]
pla.conPum.u_s=[1e+00, 1e+00]
pla.conPum.u_m=[1e+00, 1.000751495361328e+00, 1.000048279762268e+00, 9.998141527175903e-01, 9.997485280036926e-01, 9.997448921203613e-01, 9.997646808624268e-01, 9.997935891151428e-01, 9.998294711112976e-01, 9.998592138290405e-01, 9.998716711997986e-01, 9.998757839202881e-01, 9.998764991760254e-01, 9.998760223388672e-01, 9.998751282691956e-01, 9.998739957809448e-01, 9.99872624874115e-01, 9.998711943626404e-01, 9.99869704246521e-01, 9.998681545257568e-01, 9.997901320457458e-01, 9.999067187309265e-01, 9.999634027481079e-01, 9.999856352806091e-01, 9.999944567680359e-01, 9.999977350234985e-01, 9.999990463256836e-01, 9.999995827674866e-01, 9.999998211860657e-01, 9.999999403953552e-01, 9.999999403953552e-01, 1e+00, 1e+00, 1e+00, 1e+00, 1e+00, 1e+00, 1e+00, 1e+00, 1e+00, 1e+00, 1e+00, 1.000002026557922e+00, 1.000032186508179e+00, 1.000072836875916e+00, 1.0001060962677e+00, 1.000124931335449e+00, 1.000128865242004e+00, 1.000117778778076e+00, 1.000092744827271e+00, 1.000054001808167e+00, 1.000021934509277e+00, 1.000008225440979e+00, 1.000003099441528e+00, 1.000001192092896e+00, 1.000000596046448e+00, 1.000000238418579e+00, 1.00000011920929e+00, 1.00000011920929e+00, 1e+00, 1e+00, 1e+00, 1e+00, 1e+00, 1e+00, 1e+00, 1e+00, 1e+00, 1e+00, 1e+00, 1e+00, 1e+00, 1e+00, 1e+00, 1e+00, 1e+00, 1e+00, 1e+00, 1e+00, 1e+00, 1e+00, 1e+00, 1e+00, 1e+00, 9.999991655349731e-01, 9.999955892562866e-01, 9.999909400939941e-01, 9.999862313270569e-01, 9.999818205833435e-01, 9.999778866767883e-01, 9.999743700027466e-01, 9.99971330165863e-01, 9.999688267707825e-01, 9.999668598175049e-01, 9.99965488910675e-01, 9.999645948410034e-01, 9.999643564224243e-01, 9.999646544456482e-01, 9.999655485153198e-01, 9.999670386314392e-01, 9.999691843986511e-01]
pla.conBoi.u_s=[1e+00, 1e+00]
pla.conBoi.u_m=[2.533124983310699e-01, 2.892882525920868e-01, 3.253954648971558e-01, 3.614484071731567e-01, 3.966356813907623e-01, 4.303835034370422e-01, 4.624577164649963e-01, 4.930503368377686e-01, 5.229962468147278e-01, 5.53821861743927e-01, 5.861755013465881e-01, 6.201249361038208e-01, 6.557284593582153e-01, 6.930490136146545e-01, 7.321519255638124e-01, 7.731038928031921e-01, 8.159729242324829e-01, 8.608283400535585e-01, 9.077411293983459e-01, 9.567834138870239e-01, 9.998732805252075e-01, 9.999999403953552e-01, 1e+00, 1e+00, 1e+00, 1e+00, 1e+00, 1e+00, 1e+00, 1e+00, 1e+00, 1e+00, 1e+00, 1e+00, 1e+00, 1e+00, 1e+00, 1e+00, 1e+00, 1e+00, 1e+00, 1e+00, 1.000001668930054e+00, 1.000008463859558e+00, 1.00001335144043e+00, 1.000016331672668e+00, 1.000017285346985e+00, 1.000016212463379e+00, 1.00001323223114e+00, 1.000008106231689e+00, 1.000001072883606e+00, 1e+00, 1e+00, 1e+00, 1e+00, 1e+00, 1e+00, 1e+00, 1e+00, 1e+00, 1e+00, 1e+00, 1e+00, 1e+00, 1e+00, 1e+00, 1e+00, 1e+00, 1e+00, 1e+00, 1e+00, 1e+00, 1e+00, 1e+00, 1e+00, 1e+00, 1e+00, 1e+00, 1e+00, 1e+00, 1e+00, 1e+00, 1e+00, 1e+00, 9.999995827674866e-01, 9.999988079071045e-01, 9.99998152256012e-01, 9.999975562095642e-01, 9.999970197677612e-01, 9.99996542930603e-01, 9.999961853027344e-01, 9.999958872795105e-01, 9.999956488609314e-01, 9.999954700469971e-01, 9.999954104423523e-01, 9.999954104423523e-01, 9.999954700469971e-01, 9.999955892562866e-01, 9.999958276748657e-01, 9.999961256980896e-01, 9.999964833259583e-01]
pla.conPum.y=[6.99999988079071e-01, 3.370028436183929e-01, 4.191744923591614e-01, 4.81676310300827e-01, 5.339376330375671e-01, 5.7893306016922e-01, 6.175527572631836e-01, 6.500029563903809e-01, 6.75487756729126e-01, 6.961852312088013e-01, 7.16829776763916e-01, 7.378004789352417e-01, 7.590192556381226e-01, 7.80461847782135e-01, 8.021302223205566e-01, 8.240346312522888e-01, 8.461862802505493e-01, 8.685950040817261e-01, 8.912706971168518e-01, 9.142228364944458e-01, 9.542343020439148e-01, 9.571406245231628e-01, 9.562358260154724e-01, 9.558802247047424e-01, 9.557397365570068e-01, 9.556877613067627e-01, 9.556664824485779e-01, 9.55657422542572e-01, 9.556540250778198e-01, 9.556522369384766e-01, 9.556518197059631e-01, 9.556515216827393e-01, 9.556513428688049e-01, 9.556512832641602e-01, 9.556512236595154e-01, 9.556512236595154e-01, 9.556511640548706e-01, 9.556511640548706e-01, 9.556511640548706e-01, 9.556511640548706e-01, 9.556511044502258e-01, 9.556511044502258e-01, 9.55220639705658e-01, 9.466153979301453e-01, 9.294251203536987e-01, 9.071558713912964e-01, 8.83187472820282e-01, 8.602789044380188e-01, 8.40954065322876e-01, 8.275793194770813e-01, 8.22458803653717e-01, 8.228289484977722e-01, 8.230159282684326e-01, 8.230872750282288e-01, 8.231125473976135e-01, 8.231216073036194e-01, 8.231256604194641e-01, 8.231273889541626e-01, 8.231280446052551e-01, 8.231284618377686e-01, 8.231286406517029e-01, 8.231287598609924e-01, 8.23128879070282e-01, 8.23128879070282e-01, 8.231289386749268e-01, 8.231289386749268e-01, 8.231289386749268e-01, 8.231289982795715e-01, 8.231289982795715e-01, 8.231289982795715e-01, 8.231289982795715e-01, 8.231289982795715e-01, 8.231289982795715e-01, 8.231289982795715e-01, 8.231289982795715e-01, 8.231289982795715e-01, 8.231289982795715e-01, 8.231289982795715e-01, 8.231289982795715e-01, 8.231289982795715e-01, 8.231289982795715e-01, 8.231289982795715e-01, 8.231290578842163e-01, 8.231290578842163e-01, 8.233240842819214e-01, 8.244720697402954e-01, 8.265530467033386e-01, 8.294621109962463e-01, 8.331053256988525e-01, 8.373916745185852e-01, 8.422317504882812e-01, 8.475347757339478e-01, 8.532089591026306e-01, 8.591607809066772e-01, 8.652946352958679e-01, 8.715131878852844e-01, 8.777161836624146e-01, 8.838015198707581e-01, 8.89664351940155e-01, 8.951978087425232e-01, 9.002928733825684e-01]
pla.conBoi.y=[1e+00, 1e+00, 1e+00, 1e+00, 1e+00, 1e+00, 1e+00, 1e+00, 1e+00, 1e+00, 1e+00, 1e+00, 1e+00, 1e+00, 1e+00, 1e+00, 1e+00, 1e+00, 1e+00, 1e+00, 8.3286052942276e-01, 8.303689360618591e-01, 8.301638960838318e-01, 8.300845623016357e-01, 8.300532698631287e-01, 8.300416469573975e-01, 8.300369381904602e-01, 8.300349116325378e-01, 8.300341367721558e-01, 8.300337791442871e-01, 8.300336599349976e-01, 8.300336003303528e-01, 8.30033540725708e-01, 8.30033540725708e-01, 8.30033540725708e-01, 8.30033540725708e-01, 8.30033540725708e-01, 8.300334811210632e-01, 8.300334811210632e-01, 8.300334811210632e-01, 8.300334811210632e-01, 8.300334811210632e-01, 8.281708359718323e-01, 8.017295002937317e-01, 7.507981061935425e-01, 6.840469837188721e-01, 6.101125478744507e-01, 5.376123189926147e-01, 4.751544892787933e-01, 4.31345134973526e-01, 4.14789617061615e-01, 4.149121344089508e-01, 4.149600267410278e-01, 4.149782955646515e-01, 4.14984792470932e-01, 4.149871170520782e-01, 4.149881303310394e-01, 4.149885773658752e-01, 4.149887561798096e-01, 4.149888753890991e-01, 4.149889051914215e-01, 4.149889349937439e-01, 4.149889647960663e-01, 4.149889647960663e-01, 4.149889647960663e-01, 4.149889945983887e-01, 4.149889945983887e-01, 4.149889945983887e-01, 4.149889945983887e-01, 4.149889945983887e-01, 4.149889945983887e-01, 4.149889945983887e-01, 4.149889945983887e-01, 4.149889945983887e-01, 4.149889945983887e-01, 4.149889945983887e-01, 4.149889945983887e-01, 4.149889945983887e-01, 4.149889945983887e-01, 4.149889945983887e-01, 4.149889945983887e-01, 4.149889945983887e-01, 4.149889945983887e-01, 4.149889945983887e-01, 4.15757417678833e-01, 4.19701486825943e-01, 4.266990721225739e-01, 4.364239871501923e-01, 4.485523402690887e-01, 4.627608060836792e-01, 4.787266254425049e-01, 4.961268901824951e-01, 5.146387815475464e-01, 5.339395403862e-01, 5.537064671516418e-01, 5.736168622970581e-01, 5.933479070663452e-01, 6.125770211219788e-01, 6.309815049171448e-01, 6.482385396957397e-01, 6.640254259109497e-01]
