last-generated=2022-11-01
statistics-simulation=
{
  "linear": " ",
  "nonlinear": " ",
  "number of continuous time states": "8",
  "numerical Jacobians": "0"
}
time=[0e+00, 7.2e+03]
volA.T=[2.911499938964844e+02, 2.9122998046875e+02, 2.913079528808594e+02, 2.913840637207031e+02, 2.914583740234375e+02, 2.915309753417969e+02, 2.916019592285156e+02, 2.916713562011719e+02, 2.917392883300781e+02, 2.918057556152344e+02, 2.91870849609375e+02, 2.919345703125e+02, 2.919970397949219e+02, 2.920582275390625e+02, 2.921182250976562e+02, 2.921770629882812e+02, 2.922348022460938e+02, 2.922914733886719e+02, 2.923471374511719e+02, 2.9240185546875e+02, 2.924556579589844e+02, 2.925086059570312e+02, 2.925607604980469e+02, 2.926122131347656e+02, 2.926629638671875e+02, 2.927130737304688e+02, 2.927626647949219e+02, 2.928117370605469e+02, 2.928603820800781e+02, 2.929086608886719e+02, 2.929566040039062e+02, 2.930042724609375e+02, 2.930517883300781e+02, 2.930991821289062e+02, 2.93146484375e+02, 2.931937866210938e+02, 2.932410278320312e+02, 2.932881774902344e+02, 2.933351745605469e+02, 2.933819274902344e+02, 2.934284362792969e+02, 2.934745788574219e+02, 2.935202941894531e+02, 2.935655517578125e+02, 2.936102294921875e+02, 2.936543884277344e+02, 2.936980590820312e+02, 2.937412109375e+02, 2.937838134765625e+02, 2.938257141113281e+02, 2.938669738769531e+02, 2.938606262207031e+02, 2.938544006347656e+02, 2.938482360839844e+02, 2.938421936035156e+02, 2.938362426757812e+02, 2.938303833007812e+02, 2.938246154785156e+02, 2.938189392089844e+02, 2.938133544921875e+02, 2.938078308105469e+02, 2.938023986816406e+02, 2.937970581054688e+02, 2.937918090820312e+02, 2.9378662109375e+02, 2.937815246582031e+02, 2.937764892578125e+02, 2.937715148925781e+02, 2.937666320800781e+02, 2.937618103027344e+02, 2.93757080078125e+02, 2.937524108886719e+02, 2.937477722167969e+02, 2.937432250976562e+02, 2.9373876953125e+02, 2.937343444824219e+02, 2.9372998046875e+02, 2.937256774902344e+02, 2.93721435546875e+02, 2.937172546386719e+02, 2.93713134765625e+02, 2.937090759277344e+02, 2.93705078125e+02, 2.937011108398438e+02, 2.936972045898438e+02, 2.93693359375e+02, 2.936895446777344e+02, 2.93685791015625e+02, 2.936820983886719e+02, 2.936784362792969e+02, 2.936748352050781e+02, 2.936712646484375e+02, 2.936677551269531e+02, 2.936642761230469e+02, 2.936608276367188e+02, 2.93657470703125e+02, 2.936541137695312e+02, 2.936508178710938e+02, 2.936475524902344e+02, 2.936443176269531e+02, 2.936411437988281e+02]
volOut.T=[2.931499938964844e+02, 2.931499938964844e+02, 2.931499938964844e+02, 2.931499938964844e+02, 2.931499938964844e+02, 2.931499938964844e+02, 2.931499938964844e+02, 2.931499938964844e+02, 2.931499938964844e+02, 2.931499938964844e+02, 2.931499938964844e+02, 2.931499938964844e+02, 2.931499938964844e+02, 2.931499938964844e+02, 2.931499938964844e+02, 2.931499938964844e+02, 2.931499938964844e+02, 2.931499938964844e+02, 2.931499938964844e+02, 2.931499938964844e+02, 2.931499938964844e+02, 2.931499938964844e+02, 2.931499938964844e+02, 2.931499938964844e+02, 2.931499938964844e+02, 2.931499938964844e+02, 2.931499938964844e+02, 2.931499938964844e+02, 2.931499938964844e+02, 2.931499938964844e+02, 2.931499938964844e+02, 2.931499938964844e+02, 2.931499938964844e+02, 2.931499938964844e+02, 2.931499938964844e+02, 2.931499938964844e+02, 2.931499938964844e+02, 2.931499938964844e+02, 2.931499938964844e+02, 2.931499938964844e+02, 2.931499938964844e+02, 2.931499938964844e+02, 2.931499938964844e+02, 2.931499938964844e+02, 2.931499938964844e+02, 2.931499938964844e+02, 2.931499938964844e+02, 2.931499938964844e+02, 2.931499938964844e+02, 2.931499938964844e+02, 2.931499938964844e+02, 2.931499938964844e+02, 2.931499938964844e+02, 2.931499938964844e+02, 2.931499938964844e+02, 2.931499938964844e+02, 2.931499938964844e+02, 2.931499938964844e+02, 2.931499938964844e+02, 2.931499938964844e+02, 2.931499938964844e+02, 2.931499938964844e+02, 2.931499938964844e+02, 2.931499938964844e+02, 2.931499938964844e+02, 2.931499938964844e+02, 2.931499938964844e+02, 2.931499938964844e+02, 2.931499938964844e+02, 2.931499938964844e+02, 2.931499938964844e+02, 2.931499938964844e+02, 2.931499938964844e+02, 2.931499938964844e+02, 2.931499938964844e+02, 2.931499938964844e+02, 2.931499938964844e+02, 2.931499938964844e+02, 2.931499938964844e+02, 2.931499938964844e+02, 2.931499938964844e+02, 2.931499938964844e+02, 2.931499938964844e+02, 2.931499938964844e+02, 2.931499938964844e+02, 2.931499938964844e+02, 2.931499938964844e+02, 2.931499938964844e+02, 2.931499938964844e+02, 2.931499938964844e+02, 2.931499938964844e+02, 2.931499938964844e+02, 2.931499938964844e+02, 2.931499938964844e+02, 2.931499938964844e+02, 2.931499938964844e+02, 2.931499938964844e+02, 2.931499938964844e+02, 2.931499938964844e+02, 2.931499938964844e+02, 2.931499938964844e+02]
oriOutBot.v=[0e+00, 2.85887748003006e-01, 2.799854874610901e-01, 2.741053402423859e-01, 2.682419121265411e-01, 2.623889744281769e-01, 2.565240561962128e-01, 2.506015002727509e-01, 2.44569331407547e-01, 2.383755445480347e-01, 2.319725900888443e-01, 2.25319504737854e-01, 2.183796763420105e-01, 2.111396193504333e-01, 2.036326080560684e-01, 1.954964697360992e-01, 1.874778568744659e-01, 1.789095550775528e-01, 1.699870973825455e-01, 1.608462631702423e-01, 1.514634490013123e-01, 1.415676921606064e-01, 1.316715776920319e-01, 1.217110157012939e-01, 1.111895963549614e-01, 1.006765142083168e-01, 8.992457389831543e-02, 7.902627438306806e-02, 6.825757771730419e-02, 5.690851807594299e-02, 4.586862772703171e-02, 3.537412360310555e-02, 2.329215779900551e-02, 1.198473293334246e-02, 1.007923157885671e-03, -1.053785812109709e-02, -2.169414795935154e-02, -3.300862014293671e-02, -4.422662034630775e-02, -5.479304492473602e-02, -6.578201055526733e-02, -7.6163649559021e-02, -8.584978431463242e-02, -9.586289525032043e-02, -1.052597910165787e-01, -1.144375279545784e-01, -1.232608184218407e-01, -1.316605061292648e-01, -1.397093534469604e-01, -1.475328654050827e-01, -1.54866635799408e-01, -1.537485718727112e-01, -1.52647465467453e-01, -1.515581756830215e-01, -1.504805833101273e-01, -1.494146734476089e-01, -1.483603566884995e-01, -1.473175287246704e-01, -1.462860554456711e-01, -1.452658176422119e-01, -1.442568302154541e-01, -1.432588845491409e-01, -1.422719210386276e-01, -1.412957906723022e-01, -1.403303742408752e-01, -1.393755376338959e-01, -1.384312063455582e-01, -1.374972462654114e-01, -1.365735083818436e-01, -1.356599032878876e-01, -1.34756326675415e-01, -1.338626146316528e-01, -1.32978692650795e-01, -1.321044415235519e-01, -1.312397122383118e-01, -1.303844153881073e-01, -1.295384615659714e-01, -1.287016868591309e-01, -1.278739869594574e-01, -1.270552724599838e-01, -1.262454092502594e-01, -1.254443228244781e-01, -1.246518716216087e-01, -1.238679736852646e-01, -1.230925023555756e-01, -1.223253607749939e-01, -1.215664446353912e-01, -1.20815634727478e-01, -1.200728565454483e-01, -1.193379759788513e-01, -1.186109036207199e-01, -1.178915426135063e-01, -1.171797886490822e-01, -1.164755299687386e-01, -1.157786771655083e-01, -1.150891408324242e-01, -1.144068166613579e-01, -1.137316077947617e-01, -1.130634248256683e-01, -1.124021783471107e-01, -1.117477789521217e-01]
oriOutTop.v=[-4.126987159252167e-01, -2.858869433403015e-01, -2.799846827983856e-01, -2.741045653820038e-01, -2.682411372661591e-01, -2.623882293701172e-01, -2.565233409404755e-01, -2.506007850170135e-01, -2.445686459541321e-01, -2.383748739957809e-01, -2.319718301296234e-01, -2.253190726041794e-01, -2.183884382247925e-01, -2.111460864543915e-01, -2.035283148288727e-01, -1.958795189857483e-01, -1.874543726444244e-01, -1.789297610521317e-01, -1.701300740242004e-01, -1.609484255313873e-01, -1.514423489570618e-01, -1.419186890125275e-01, -1.319080293178558e-01, -1.215172782540321e-01, -1.112852692604065e-01, -1.006852462887764e-01, -9.000478684902191e-02, -7.919284701347347e-02, -6.801691651344295e-02, -5.721589550375938e-02, -4.595040157437325e-02, -3.402566164731979e-02, -2.358602732419968e-02, -1.230950094759464e-02, -6.722057587467134e-04, 1.038208231329918e-02, 2.173472195863724e-02, 3.276633098721504e-02, 4.363896325230598e-02, 5.481019616127014e-02, 6.515567004680634e-02, 7.560743391513824e-02, 8.618226647377014e-02, 9.581531584262848e-02, 1.053798645734787e-01, 1.144826412200928e-01, 1.232638135552406e-01, 1.317710727453232e-01, 1.398997455835342e-01, 1.475026607513428e-01, 1.548562198877335e-01, 1.537484973669052e-01, 1.52647390961647e-01, 1.515581011772156e-01, 1.504805088043213e-01, 1.494146138429642e-01, 1.483602970838547e-01, 1.473174691200256e-01, 1.462859958410263e-01, 1.452657580375671e-01, 1.442567706108093e-01, 1.432588249444962e-01, 1.422718614339828e-01, 1.412957310676575e-01, 1.403303146362305e-01, 1.393754929304123e-01, 1.384311616420746e-01, 1.374972015619278e-01, 1.365734487771988e-01, 1.35659858584404e-01, 1.347562819719315e-01, 1.338625699281693e-01, 1.329786479473114e-01, 1.321043968200684e-01, 1.312396675348282e-01, 1.303843706846237e-01, 1.295384168624878e-01, 1.287016421556473e-01, 1.278739422559738e-01, 1.270552277565002e-01, 1.262453645467758e-01, 1.254442781209946e-01, 1.246518343687057e-01, 1.23867928981781e-01, 1.230924651026726e-01, 1.223253235220909e-01, 1.215664073824883e-01, 1.20815597474575e-01, 1.200728192925453e-01, 1.193379461765289e-01, 1.186108663678169e-01, 1.178915053606033e-01, 1.171797513961792e-01, 1.164754927158356e-01, 1.157786473631859e-01, 1.150891035795212e-01, 1.144067794084549e-01, 1.137315705418587e-01, 1.130633950233459e-01, 1.124021485447884e-01, 1.117477491497993e-01]
