last-generated=2016-06-23
statistics-initialization=
{
  "numerical Jacobians": "0", 
  "nonlinear": "1, 1, 1"
}
statistics-simulation=
{
  "numerical Jacobians": "0", 
  "nonlinear": "1, 1, 1, 1", 
  "number of continuous time states": "3", 
  "linear": " "
}
sinSpeDX.vol.T=[292.54998779296875, 292.54998779296875, 292.54998779296875, 292.54998779296875, 292.54998779296875, 292.54998779296875, 292.54998779296875, 292.54998779296875, 292.54998779296875, 292.54998779296875, 292.54998779296875, 292.54998779296875, 292.54998779296875, 292.54998779296875, 292.54998779296875, 292.54998779296875, 292.54998779296875, 291.811248779296875, 286.0567626953125, 282.222442626953125, 280.6021728515625, 280.344024658203125, 280.803314208984375, 281.536102294921875, 282.304351806640625, 283.013153076171875, 283.621002197265625, 284.13751220703125, 284.576324462890625, 284.95330810546875, 285.283416748046875, 285.573974609375, 285.832244873046875, 286.065521240234375, 286.22900390625, 286.301544189453125, 286.322601318359375, 286.318511962890625, 286.315582275390625, 286.318939208984375, 286.3201904296875, 286.3203125, 286.3203125, 286.320404052734375, 286.3204345703125, 286.3204345703125, 286.3204345703125, 286.3204345703125, 286.3204345703125, 286.3204345703125, 286.3204345703125, 286.3204345703125, 286.3204345703125, 286.3204345703125, 286.3204345703125, 286.3204345703125, 286.3204345703125, 286.3204345703125, 286.3204345703125, 286.3204345703125, 286.3204345703125, 286.3204345703125, 286.3204345703125, 286.3204345703125, 286.3204345703125, 286.3204345703125, 286.3204345703125, 286.311279296875, 286.218292236328125, 286.083404541015625, 285.935546875, 285.78387451171875, 285.630523681640625, 285.476654052734375, 285.32244873046875, 285.16790771484375, 285.0130615234375, 284.857940673828125, 284.702545166015625, 284.546844482421875, 284.390869140625, 284.234619140625, 284.078094482421875, 283.9212646484375, 283.79779052734375, 283.753753662109375, 283.74407958984375, 283.739776611328125, 283.738525390625, 283.73822021484375, 283.73809814453125, 283.738037109375, 283.738006591796875, 283.738037109375, 283.738037109375, 283.738037109375, 283.738037109375, 283.738037109375, 283.738037109375, 283.738037109375, 283.738037109375]
sinSpeDX.sta_a.T=[292.54998779296875, 292.54998779296875, 292.54998779296875, 292.54998779296875, 292.54998779296875, 292.54998779296875, 292.54998779296875, 292.54998779296875, 292.54998779296875, 292.54998779296875, 292.54998779296875, 292.54998779296875, 292.54998779296875, 292.54998779296875, 292.54998779296875, 292.54998779296875, 292.54998779296875, 296.149993896484375, 296.149993896484375, 296.149993896484375, 296.149993896484375, 296.149993896484375, 296.149993896484375, 296.149993896484375, 296.149993896484375, 296.149993896484375, 296.149993896484375, 296.149993896484375, 296.149993896484375, 296.149993896484375, 296.149993896484375, 296.149993896484375, 296.149993896484375, 296.149993896484375, 296.149993896484375, 296.149993896484375, 296.149993896484375, 296.149993896484375, 296.149993896484375, 296.149993896484375, 296.149993896484375, 296.149993896484375, 296.149993896484375, 296.149993896484375, 296.149993896484375, 296.149993896484375, 296.149993896484375, 296.149993896484375, 296.149993896484375, 296.149993896484375, 296.149993896484375, 296.149993896484375, 296.149993896484375, 296.149993896484375, 296.149993896484375, 296.149993896484375, 296.149993896484375, 296.149993896484375, 296.149993896484375, 296.149993896484375, 296.149993896484375, 296.149993896484375, 296.149993896484375, 296.149993896484375, 296.149993896484375, 296.149993896484375, 296.149993896484375, 296.04998779296875, 295.75, 295.45001220703125, 295.149993896484375, 294.850006103515625, 294.54998779296875, 294.25, 293.95001220703125, 293.649993896484375, 293.350006103515625, 293.04998779296875, 292.75, 292.45001220703125, 292.149993896484375, 291.850006103515625, 291.54998779296875, 291.25, 291.149993896484375, 291.149993896484375, 291.149993896484375, 291.149993896484375, 291.149993896484375, 291.149993896484375, 291.149993896484375, 291.149993896484375, 291.149993896484375, 291.149993896484375, 291.149993896484375, 291.149993896484375, 291.149993896484375, 291.149993896484375, 291.149993896484375, 291.149993896484375, 291.149993896484375]
time=[0., 3600.]
sinSpeDX.dxCoo.mWat_flow=[0., 0., 0., 0., 0., 0., 0., 0., 0., 0., 0., 0., 0., 0., 0., 0., 0., -0.00168035447131842375, -0.00290729617699980736, -0.00296972249634563923, -0.00293189822696149349, -0.00288152042776346207, -0.00283235288225114346, -0.00278778397478163242, -0.00274841999635100365, -0.00271402904763817787, -0.00268414197489619255, -0.00265825306996703148, -0.00263589038513600826, -0.00261663342826068401, -0.00260011758655309677, -0.00258602714166045189, -0.00257409107871353626, -0.00256407493725419044, -0.0025611270684748888, -0.0025611270684748888, -0.0025611270684748888, -0.0025611270684748888, -0.0025611270684748888, -0.0025611270684748888, -0.0025611270684748888, -0.0025611270684748888, -0.0025611270684748888, -0.0025611270684748888, -0.0025611270684748888, -0.0025611270684748888, -0.0025611270684748888, -0.0025611270684748888, -0.0025611270684748888, -0.0025611270684748888, -0.0025611270684748888, -0.0025611270684748888, -0.0025611270684748888, -0.0025611270684748888, -0.0025611270684748888, -0.0025611270684748888, -0.0025611270684748888, -0.0025611270684748888, -0.0025611270684748888, -0.0025611270684748888, -0.0025611270684748888, -0.0025611270684748888, -0.0025611270684748888, -0.0025611270684748888, -0.0025611270684748888, -0.0025611270684748888, -0.0025611270684748888, -0.00258522224612534046, -0.00265732849948108196, -0.0027291660662740469, -0.00280073401518166065, -0.0028720309492200613, -0.00294305616989731789, -0.00301380828022956848, -0.00308428658172488213, -0.0031544896773993969, -0.00322441686876118183, -0.00329406675882637501, -0.00336343841627240181, -0.00343253090977668762, -0.00350134307518601418, -0.00356987398117780685, -0.00363812246359884739, -0.00370608735829591751, -0.00372867914848029613, -0.00372867914848029613, -0.00372867914848029613, -0.00372867914848029613, -0.00372867914848029613, -0.00372867914848029613, -0.00372867914848029613, -0.00372867914848029613, -0.00372867914848029613, -0.00372867914848029613, -0.00372867914848029613, -0.00372867914848029613, -0.00372867914848029613, -0.00372867914848029613, -0.00372867914848029613, -0.00372867914848029613, -0.00372867914848029613]
sinSpeDX.sta_a.X[1]=[0.00999999977648258209, 0.00999999977648258209, 0.00999999977648258209, 0.00999999977648258209, 0.00999999977648258209, 0.00999999977648258209, 0.00999999977648258209, 0.00999999977648258209, 0.00999999977648258209, 0.00999999977648258209, 0.00999999977648258209, 0.00999999977648258209, 0.00999999977648258209, 0.00999999977648258209, 0.00999999977648258209, 0.00999999977648258209, 0.00999999977648258209, 0.00999999977648258209, 0.00999999977648258209, 0.00999999977648258209, 0.00999999977648258209, 0.00999999977648258209, 0.00999999977648258209, 0.00999999977648258209, 0.00999999977648258209, 0.00999999977648258209, 0.00999999977648258209, 0.00999999977648258209, 0.00999999977648258209, 0.00999999977648258209, 0.00999999977648258209, 0.00999999977648258209, 0.00999999977648258209, 0.00999999977648258209, 0.00999999977648258209, 0.00999999977648258209, 0.00999999977648258209, 0.00999999977648258209, 0.00999999977648258209, 0.00999999977648258209, 0.00999999977648258209, 0.00999999977648258209, 0.00999999977648258209, 0.00999999977648258209, 0.00999999977648258209, 0.00999999977648258209, 0.00999999977648258209, 0.00999999977648258209, 0.00999999977648258209, 0.00999999977648258209, 0.00999999977648258209, 0.00999999977648258209, 0.00999999977648258209, 0.00999999977648258209, 0.00999999977648258209, 0.00999999977648258209, 0.00999999977648258209, 0.00999999977648258209, 0.00999999977648258209, 0.00999999977648258209, 0.00999999977648258209, 0.00999999977648258209, 0.00999999977648258209, 0.00999999977648258209, 0.00999999977648258209, 0.00999999977648258209, 0.00999999977648258209, 0.00999999977648258209, 0.00999999977648258209, 0.00999999977648258209, 0.00999999977648258209, 0.00999999977648258209, 0.00999999977648258209, 0.00999999977648258209, 0.00999999977648258209, 0.00999999977648258209, 0.00999999977648258209, 0.00999999977648258209, 0.00999999977648258209, 0.00999999977648258209, 0.00999999977648258209, 0.00999999977648258209, 0.00999999977648258209, 0.00999999977648258209, 0.00999999977648258209, 0.00999999977648258209, 0.00999999977648258209, 0.00999999977648258209, 0.00999999977648258209, 0.00999999977648258209, 0.00999999977648258209, 0.00999999977648258209, 0.00999999977648258209, 0.00999999977648258209, 0.00999999977648258209, 0.00999999977648258209, 0.00999999977648258209, 0.00999999977648258209, 0.00999999977648258209, 0.00999999977648258209, 0.00999999977648258209]
sinSpeDX.vol.X_w=[0.00999999977648258209, 0.00999999977648258209, 0.00999999977648258209, 0.00999999977648258209, 0.00999999977648258209, 0.00999999977648258209, 0.00999999977648258209, 0.00999999977648258209, 0.00999999977648258209, 0.00999999977648258209, 0.00999999977648258209, 0.00999999977648258209, 0.00999999977648258209, 0.00999999977648258209, 0.00999999977648258209, 0.00999999977648258209, 0.00999999977648258209, 0.00976951234042644501, 0.00799810141324996948, 0.00672759627923369408, 0.00615392578765749931, 0.00607896922156214714, 0.00627268198877573013, 0.0065670493058860302, 0.00686985626816749573, 0.00714432960376143456, 0.00737481750547885895, 0.00756587320938706485, 0.00772367278113961307, 0.00785520579665899277, 0.00796699430793523788, 0.00806222762912511826, 0.00814409740269184113, 0.00821579433977603912, 0.00826506596058607101, 0.00828690174967050552, 0.00829323846846818924, 0.00829200632870197296, 0.00829112250357866287, 0.00829213391989469528, 0.0082925083115696907, 0.00829254835844039917, 0.00829254928976297379, 0.00829256884753704071, 0.00829258095473051071, 0.00829258561134338379, 0.00829258561134338379, 0.00829258281737565994, 0.00829258095473051071, 0.00829257909208536148, 0.00829258095473051071, 0.00829258095473051071, 0.00829258188605308533, 0.00829258188605308533, 0.00829258188605308533, 0.00829258188605308533, 0.00829258188605308533, 0.00829258188605308533, 0.00829258188605308533, 0.00829258188605308533, 0.00829258188605308533, 0.00829258188605308533, 0.00829258188605308533, 0.00829258188605308533, 0.00829258188605308533, 0.00829258188605308533, 0.00829258188605308533, 0.00828969292342662811, 0.0082604018971323967, 0.0082180732861161232, 0.00817189924418926239, 0.00812477525323629379, 0.00807739421725273132, 0.00803012493997812271, 0.00798301119357347488, 0.007936062291264534, 0.00788928847759962082, 0.00784269813448190689, 0.00779629778116941452, 0.00775008182972669601, 0.0077040521427989006, 0.00765820872038602829, 0.00761255295947194099, 0.00756708579137921333, 0.00753145013004541397, 0.00751875014975667, 0.00751595525071024895, 0.00751471985131502151, 0.00751436036080121994, 0.00751427328214049339, 0.00751422997564077377, 0.00751421274617314339, 0.00751421134918928146, 0.00751421554014086723, 0.00751421600580215454, 0.00751421460881829262, 0.007514213677495718, 0.007514213677495718, 0.007514213677495718, 0.007514213677495718, 0.00751421414315700531]
onOff.y=[0., 0., 0., 0., 0., 0., 0., 0., 0., 0., 0., 0., 0., 0., 0., 0., 0., 1., 1., 1., 1., 1., 1., 1., 1., 1., 1., 1., 1., 1., 1., 1., 1., 1., 1., 1., 1., 1., 1., 1., 1., 1., 1., 1., 1., 1., 1., 1., 1., 1., 1., 1., 1., 1., 1., 1., 1., 1., 1., 1., 1., 1., 1., 1., 1., 1., 1., 1., 1., 1., 1., 1., 1., 1., 1., 1., 1., 1., 1., 1., 1., 1., 1., 1., 1., 1., 1., 1., 1., 1., 1., 1., 1., 1., 1., 1., 1., 1., 1., 1., 1.]
sinSpeDX.P=[0., 0., 0., 0., 0., 0., 0., 0., 0., 0., 0., 0., 0., 0., 0., 0., 0., 2019.7825927734375, 5728.3837890625, 5775.92724609375, 5811.79443359375, 5841.04345703125, 5865.88134765625, 5887.5078125, 5906.66015625, 5923.8310546875, 5939.36865234375, 5953.52880859375, 5966.5078125, 5978.458984375, 5989.50439453125, 5999.74462890625, 6009.26220703125, 6018.126953125, 6020.947265625, 6020.947265625, 6020.947265625, 6020.947265625, 6020.947265625, 6020.947265625, 6020.947265625, 6020.947265625, 6020.947265625, 6020.947265625, 6020.947265625, 6020.947265625, 6020.947265625, 6020.947265625, 6020.947265625, 6020.947265625, 6020.947265625, 6020.947265625, 6020.947265625, 6020.947265625, 6020.947265625, 6020.947265625, 6020.947265625, 6020.947265625, 6020.947265625, 6020.947265625, 6020.947265625, 6020.947265625, 6020.947265625, 6020.947265625, 6020.947265625, 6020.947265625, 6020.947265625, 6018.39599609375, 6010.63037109375, 6002.69580078125, 5994.59130859375, 5986.31494140625, 5977.86669921875, 5969.2451171875, 5960.44873046875, 5951.47705078125, 5942.32861328125, 5933.00244140625, 5923.49755859375, 5913.8125, 5903.94677734375, 5893.89892578125, 5883.66748046875, 5873.251953125, 5869.7392578125, 5869.7392578125, 5869.7392578125, 5869.7392578125, 5869.7392578125, 5869.7392578125, 5869.7392578125, 5869.7392578125, 5869.7392578125, 5869.7392578125, 5869.7392578125, 5869.7392578125, 5869.7392578125, 5869.7392578125, 5869.7392578125, 5869.7392578125, 5869.7392578125]
sinSpeDX.dxCoo.Q_flow=[0., 0., 0., 0., 0., 0., 0., 0., 0., 0., 0., 0., 0., 0., 0., 0., 0., -10516.9580078125, -18190.927734375, -18581.166015625, -18893.861328125, -19162.6171875, -19402.09375, -19620.26171875, -19822.0234375, -20010.6484375, -20188.4453125, -20357.119140625, -20517.970703125, -20672.017578125, -20820.07421875, -20962.802734375, -21100.7578125, -21234.400390625, -21278.056640625, -21278.056640625, -21278.056640625, -21278.056640625, -21278.056640625, -21278.056640625, -21278.056640625, -21278.056640625, -21278.056640625, -21278.056640625, -21278.056640625, -21278.056640625, -21278.056640625, -21278.056640625, -21278.056640625, -21278.056640625, -21278.056640625, -21278.056640625, -21278.056640625, -21278.056640625, -21278.056640625, -21278.056640625, -21278.056640625, -21278.056640625, -21278.056640625, -21278.056640625, -21278.056640625, -21278.056640625, -21278.056640625, -21278.056640625, -21278.056640625, -21278.056640625, -21278.056640625, -21263.072265625, -21217.98828125, -21172.712890625, -21127.24609375, -21081.5859375, -21035.732421875, -20989.68359375, -20943.435546875, -20896.990234375, -20850.345703125, -20803.5, -20756.451171875, -20709.19921875, -20661.7421875, -20614.078125, -20566.20703125, -20518.125, -20502.052734375, -20502.052734375, -20502.052734375, -20502.052734375, -20502.052734375, -20502.052734375, -20502.052734375, -20502.052734375, -20502.052734375, -20502.052734375, -20502.052734375, -20502.052734375, -20502.052734375, -20502.052734375, -20502.052734375, -20502.052734375, -20502.052734375]
