last-generated=2020-04-30
statistics-simulation=
{
  "linear": " ",
  "nonlinear": " ",
  "number of continuous time states": "2",
  "numerical Jacobians": "0"
}
time=[0e+00, 1.44e+04]
heaPum.QSou_flow=[3.635521484375e+04, 3.67223359375e+04, 3.708951953125e+04, 3.745676953125e+04, 3.782408203125e+04, 3.819145703125e+04, 3.855889453125e+04, 3.8926390625e+04, 3.9293953125e+04, 3.966157421875e+04, 4.00292578125e+04, 4.039700390625e+04, 4.07648125e+04, 4.11326796875e+04, 4.1500609375e+04, 4.18686015625e+04, 4.223665234375e+04, 4.260476171875e+04, 4.297293359375e+04, 4.33411640625e+04, 4.3709453125e+04, 4.40778046875e+04, 4.444621484375e+04, 4.481468359375e+04, 4.51832109375e+04, 4.5551796875e+04, 0e+00, 0e+00, 0e+00, 0e+00, 0e+00, 0e+00, 0e+00, 0e+00, 0e+00, 0e+00, 0e+00, 0e+00, 0e+00, 0e+00, 0e+00, 0e+00, 0e+00, 0e+00, 0e+00, 0e+00, 0e+00, 0e+00, 0e+00, 0e+00, 0e+00, 0e+00, 0e+00, 0e+00, 0e+00, 0e+00, 0e+00, 0e+00, 0e+00, 0e+00, 0e+00, 0e+00, 0e+00, 0e+00, 0e+00, 0e+00, 0e+00, 0e+00, 0e+00, 0e+00, 0e+00, 0e+00, 0e+00, 0e+00, 0e+00, 0e+00, -3.385361328125e+04, -3.384553515625e+04, -3.383746484375e+04, -3.38293984375e+04, -3.382133984375e+04, -3.381328515625e+04, -3.380523046875e+04, -3.37971875e+04, -3.378914453125e+04, -3.3781109375e+04, -3.3773078125e+04, -3.376505078125e+04, -3.375702734375e+04, -3.374901171875e+04, -3.374099609375e+04, -3.373298828125e+04, -3.372498828125e+04, -3.371698828125e+04, -3.370899609375e+04, -3.37010078125e+04, -3.36930234375e+04, -3.368504296875e+04, -3.36770703125e+04, -3.36691015625e+04, -3.366113671875e+04]
heaPum.QLoa_flow=[-3.1681248046875e+04, -3.1998060546875e+04, -3.2314873046875e+04, -3.2631685546875e+04, -3.294849609375e+04, -3.326530859375e+04, -3.358212109375e+04, -3.389893359375e+04, -3.421574609375e+04, -3.453255859375e+04, -3.484937109375e+04, -3.516618359375e+04, -3.548299609375e+04, -3.579980859375e+04, -3.611662109375e+04, -3.643343359375e+04, -3.675024609375e+04, -3.706705859375e+04, -3.738387109375e+04, -3.770068359375e+04, -3.801749609375e+04, -3.833430859375e+04, -3.865112109375e+04, -3.896793359375e+04, -3.928474609375e+04, -3.960155859375e+04, 0e+00, 0e+00, 0e+00, 0e+00, 0e+00, 0e+00, 0e+00, 0e+00, 0e+00, 0e+00, 0e+00, 0e+00, 0e+00, 0e+00, 0e+00, 0e+00, 0e+00, 0e+00, 0e+00, 0e+00, 0e+00, 0e+00, 0e+00, 0e+00, 0e+00, 0e+00, 0e+00, 0e+00, 0e+00, 0e+00, 0e+00, 0e+00, 0e+00, 0e+00, 0e+00, 0e+00, 0e+00, 0e+00, 0e+00, 0e+00, 0e+00, 0e+00, 0e+00, 0e+00, 0e+00, 0e+00, 0e+00, 0e+00, 0e+00, 0e+00, 3.960155859375e+04, 3.960155859375e+04, 3.960155859375e+04, 3.960155859375e+04, 3.960155859375e+04, 3.960155859375e+04, 3.960155859375e+04, 3.960155859375e+04, 3.960155859375e+04, 3.960155859375e+04, 3.960155859375e+04, 3.960155859375e+04, 3.960155859375e+04, 3.960155859375e+04, 3.960155859375e+04, 3.960155859375e+04, 3.960155859375e+04, 3.960155859375e+04, 3.960155859375e+04, 3.960155859375e+04, 3.960155859375e+04, 3.960155859375e+04, 3.960155859375e+04, 3.960155859375e+04, 3.960155859375e+04]
heaPum.sta_a1.T=[2.831499938964844e+02, 2.832000122070312e+02, 2.8325e+02, 2.832999877929688e+02, 2.833500061035156e+02, 2.833999938964844e+02, 2.834500122070312e+02, 2.835e+02, 2.835499877929688e+02, 2.836000061035156e+02, 2.836499938964844e+02, 2.837000122070312e+02, 2.8375e+02, 2.837999877929688e+02, 2.838500061035156e+02, 2.838999938964844e+02, 2.839500122070312e+02, 2.84e+02, 2.840499877929688e+02, 2.841000061035156e+02, 2.841499938964844e+02, 2.842000122070312e+02, 2.8425e+02, 2.842999877929688e+02, 2.843500061035156e+02, 2.843999938964844e+02, 3.244500122070312e+02, 3.245e+02, 3.245499877929688e+02, 3.246000061035156e+02, 3.246499938964844e+02, 3.247000122070312e+02, 3.2475e+02, 3.247999877929688e+02, 3.248500061035156e+02, 3.248999938964844e+02, 3.249500122070312e+02, 3.25e+02, 3.250499877929688e+02, 3.251000061035156e+02, 3.251499938964844e+02, 3.252000122070312e+02, 3.2525e+02, 3.252999877929688e+02, 3.253500061035156e+02, 3.253999938964844e+02, 3.254500122070312e+02, 3.255e+02, 3.255499877929688e+02, 3.256000061035156e+02, 3.256499938964844e+02, 3.257000122070312e+02, 3.2575e+02, 3.257999877929688e+02, 3.258500061035156e+02, 3.258999938964844e+02, 3.259500122070312e+02, 3.26e+02, 3.260499877929688e+02, 3.261000061035156e+02, 3.261499938964844e+02, 3.262000122070312e+02, 3.2625e+02, 3.262999877929688e+02, 3.263500061035156e+02, 3.263999938964844e+02, 3.264500122070312e+02, 3.265e+02, 3.265499877929688e+02, 3.266000061035156e+02, 3.266499938964844e+02, 3.267000122070312e+02, 3.2675e+02, 3.267999877929688e+02, 3.268500061035156e+02, 3.268999938964844e+02, 3.269500122070312e+02, 3.27e+02, 3.270499877929688e+02, 3.271000061035156e+02, 3.271499938964844e+02, 3.272000122070312e+02, 3.2725e+02, 3.272999877929688e+02, 3.273500061035156e+02, 3.273999938964844e+02, 3.274500122070312e+02, 3.275e+02, 3.275499877929688e+02, 3.276000061035156e+02, 3.276499938964844e+02, 3.277000122070312e+02, 3.2775e+02, 3.277999877929688e+02, 3.278500061035156e+02, 3.278999938964844e+02, 3.279500122070312e+02, 3.28e+02, 3.280499877929688e+02, 3.281000061035156e+02, 3.281499938964844e+02]
heaPum.sta_b1.T=[2.813999938964844e+02, 2.791764526367188e+02, 2.791680603027344e+02, 2.791779174804688e+02, 2.791879272460938e+02, 2.791979064941406e+02, 2.792079162597656e+02, 2.792179260253906e+02, 2.792279052734375e+02, 2.792379150390625e+02, 2.792479248046875e+02, 2.792579040527344e+02, 2.792679138183594e+02, 2.792779235839844e+02, 2.792879028320312e+02, 2.792979125976562e+02, 2.793079223632812e+02, 2.793179321289062e+02, 2.793279113769531e+02, 2.793379211425781e+02, 2.793479309082031e+02, 2.7935791015625e+02, 2.79367919921875e+02, 2.793779296875e+02, 2.793879089355469e+02, 2.793979187011719e+02, 3.240692443847656e+02, 3.244865417480469e+02, 3.245395202636719e+02, 3.24589599609375e+02, 3.246395874023438e+02, 3.246895751953125e+02, 3.247395935058594e+02, 3.247895812988281e+02, 3.248395690917969e+02, 3.248895874023438e+02, 3.249395751953125e+02, 3.249895935058594e+02, 3.250395812988281e+02, 3.250895690917969e+02, 3.251395874023438e+02, 3.251895751953125e+02, 3.252395935058594e+02, 3.252895812988281e+02, 3.253395690917969e+02, 3.253895874023438e+02, 3.254395751953125e+02, 3.254895935058594e+02, 3.255395812988281e+02, 3.255895690917969e+02, 3.256395874023438e+02, 3.256895751953125e+02, 3.257395935058594e+02, 3.257895812988281e+02, 3.258395690917969e+02, 3.258895874023438e+02, 3.259395751953125e+02, 3.259895935058594e+02, 3.260395812988281e+02, 3.260895690917969e+02, 3.261395874023438e+02, 3.261895751953125e+02, 3.262395935058594e+02, 3.262895812988281e+02, 3.263395690917969e+02, 3.263895874023438e+02, 3.264395751953125e+02, 3.264895935058594e+02, 3.265395812988281e+02, 3.265895690917969e+02, 3.266395874023438e+02, 3.266895751953125e+02, 3.267395935058594e+02, 3.267895812988281e+02, 3.268395690917969e+02, 3.268895874023438e+02, 3.318984375e+02, 3.319892272949219e+02, 3.320395812988281e+02, 3.32089599609375e+02, 3.321395874023438e+02, 3.321896057128906e+02, 3.322395935058594e+02, 3.322895812988281e+02, 3.323395690917969e+02, 3.323895874023438e+02, 3.324395751953125e+02, 3.324895935058594e+02, 3.325395812988281e+02, 3.325895690917969e+02, 3.326395874023438e+02, 3.326895751953125e+02, 3.327395935058594e+02, 3.327895812988281e+02, 3.328395690917969e+02, 3.328895874023438e+02, 3.329395751953125e+02, 3.329895935058594e+02, 3.330395812988281e+02, 3.330895690917969e+02, 3.331395874023438e+02]
heaPum.COP=[6.778237819671631e+00, 6.773115158081055e+00, 6.76801061630249e+00, 6.762924671173096e+00, 6.757856845855713e+00, 6.752806663513184e+00, 6.747775077819824e+00, 6.742761135101318e+00, 6.737764835357666e+00, 6.732786178588867e+00, 6.727825164794922e+00, 6.722881317138672e+00, 6.717955589294434e+00, 6.713046550750732e+00, 6.708155155181885e+00, 6.703280448913574e+00, 6.698423385620117e+00, 6.693582534790039e+00, 6.688758850097656e+00, 6.683952331542969e+00, 6.67916202545166e+00, 6.674388408660889e+00, 6.669631481170654e+00, 6.664890766143799e+00, 6.660166263580322e+00, 6.655458450317383e+00, 0e+00, 0e+00, 0e+00, 0e+00, 0e+00, 0e+00, 0e+00, 0e+00, 0e+00, 0e+00, 0e+00, 0e+00, 0e+00, 0e+00, 0e+00, 0e+00, 0e+00, 0e+00, 0e+00, 0e+00, 0e+00, 0e+00, 0e+00, 0e+00, 0e+00, 0e+00, 0e+00, 0e+00, 0e+00, 0e+00, 0e+00, 0e+00, 0e+00, 0e+00, 0e+00, 0e+00, 0e+00, 0e+00, 0e+00, 0e+00, 0e+00, 0e+00, 0e+00, 0e+00, 0e+00, 0e+00, 0e+00, 0e+00, 0e+00, 0e+00, 6.889686584472656e+00, 6.880020618438721e+00, 6.870387554168701e+00, 6.860787391662598e+00, 6.851219654083252e+00, 6.841684341430664e+00, 6.832180976867676e+00, 6.822710037231445e+00, 6.813270568847656e+00, 6.803863525390625e+00, 6.794487476348877e+00, 6.78514289855957e+00, 6.775829792022705e+00, 6.766547679901123e+00, 6.757296562194824e+00, 6.748076438903809e+00, 6.73888635635376e+00, 6.729727268218994e+00, 6.720598220825195e+00, 6.711499691009521e+00, 6.702431201934814e+00, 6.693392276763916e+00, 6.684383392333984e+00, 6.675403594970703e+00, 6.666453838348389e+00]
