last-generated=2020-10-06
statistics-initialization=
{
  "nonlinear": "1, 1, 1",
  "numerical Jacobians": "0"
}
statistics-simulation=
{
  "linear": " ",
  "nonlinear": "1, 1, 1, 1",
  "number of continuous time states": "16",
  "numerical Jacobians": "0"
}
cooTowPar.TWetBul=[2.853654479980469e+02, 2.853654479980469e+02, 2.853654479980469e+02, 2.853654479980469e+02, 2.853654479980469e+02, 2.851503295898438e+02, 2.848058471679688e+02, 2.848691711425781e+02, 2.850024719238281e+02, 2.851405334472656e+02, 2.852371826171875e+02, 2.855429382324219e+02, 2.862892761230469e+02, 2.8682373046875e+02, 2.882476806640625e+02, 2.889720153808594e+02, 2.89306884765625e+02, 2.895625915527344e+02, 2.898523254394531e+02, 2.901139221191406e+02, 2.903575744628906e+02, 2.906117858886719e+02, 2.908591613769531e+02, 2.910467834472656e+02, 2.909876098632812e+02, 2.909403686523438e+02, 2.917225036621094e+02, 2.928408813476562e+02, 2.932917785644531e+02, 2.93159423828125e+02, 2.925950927734375e+02, 2.918716430664062e+02, 2.915364685058594e+02, 2.912424926757812e+02, 2.908397521972656e+02, 2.904599914550781e+02, 2.903280029296875e+02, 2.902281494140625e+02, 2.900801086425781e+02, 2.898287658691406e+02, 2.895267333984375e+02, 2.88453857421875e+02, 2.878220520019531e+02, 2.87405029296875e+02, 2.871863098144531e+02, 2.872527465820312e+02, 2.87086181640625e+02, 2.86577880859375e+02, 2.861277770996094e+02, 2.858000793457031e+02, 2.854686279296875e+02, 2.851398620605469e+02, 2.84796630859375e+02, 2.844144592285156e+02, 2.840144653320312e+02, 2.835951232910156e+02, 2.831419067382812e+02, 2.826533508300781e+02, 2.822403869628906e+02, 2.822434387207031e+02, 2.824570922851562e+02, 2.827122497558594e+02, 2.829748840332031e+02, 2.831925964355469e+02, 2.833137817382812e+02, 2.835616455078125e+02, 2.839435424804688e+02, 2.843048706054688e+02, 2.846378479003906e+02, 2.849430236816406e+02, 2.8517578125e+02, 2.85452880859375e+02, 2.854590454101562e+02, 2.853726196289062e+02, 2.853988647460938e+02, 2.854185180664062e+02, 2.853961791992188e+02, 2.853795471191406e+02, 2.853905639648438e+02, 2.85382080078125e+02, 2.853817138671875e+02, 2.853817138671875e+02, 2.854264831542969e+02, 2.854426574707031e+02, 2.852759094238281e+02, 2.852056884765625e+02, 2.850306091308594e+02, 2.848132934570312e+02, 2.846246948242188e+02, 2.844964904785156e+02, 2.841245727539062e+02, 2.840369262695312e+02, 2.839937438964844e+02, 2.839130249023438e+02, 2.838196105957031e+02, 2.836558837890625e+02, 2.835785827636719e+02, 2.835351867675781e+02, 2.834769592285156e+02, 2.834293518066406e+02, 2.833817138671875e+02]
cooTowPar.sta_b.T=[2.931499938964844e+02, 2.910330200195312e+02, 2.911638488769531e+02, 2.91142578125e+02, 2.910330200195312e+02, 2.913549194335938e+02, 2.911412963867188e+02, 2.911454467773438e+02, 2.910478210449219e+02, 2.91142578125e+02, 2.911441345214844e+02, 2.910302429199219e+02, 2.911698913574219e+02, 2.911438903808594e+02, 2.909576721191406e+02, 2.916143798828125e+02, 2.911412048339844e+02, 2.911447143554688e+02, 2.956263427734375e+02, 2.911629638671875e+02, 2.911436767578125e+02, 2.911271362304688e+02, 2.953134765625e+02, 2.915421447753906e+02, 2.91518310546875e+02, 2.914932250976562e+02, 2.922049255371094e+02, 2.931834106445312e+02, 2.936526489257812e+02, 2.935524291992188e+02, 2.930392150878906e+02, 2.923481140136719e+02, 2.92010009765625e+02, 2.917311706542969e+02, 2.915425109863281e+02, 2.911610107421875e+02, 2.911412353515625e+02, 2.959385375976562e+02, 2.911426086425781e+02, 2.911393432617188e+02, 2.910171203613281e+02, 2.911864013671875e+02, 2.911403198242188e+02, 2.90951904296875e+02, 2.915259094238281e+02, 2.911404113769531e+02, 2.911435241699219e+02, 2.909787292480469e+02, 2.91143798828125e+02, 2.911430053710938e+02, 2.910273742675781e+02, 2.911824645996094e+02, 2.911419982910156e+02, 2.910663757324219e+02, 2.914680786132812e+02, 2.911413269042969e+02, 2.911492614746094e+02, 2.910479125976562e+02, 2.911443176269531e+02, 2.911492919921875e+02, 2.950208740234375e+02, 2.911820983886719e+02, 2.911448669433594e+02, 2.910554809570312e+02, 2.910509948730469e+02, 2.911419982910156e+02, 2.911471862792969e+02, 2.910730590820312e+02, 2.911458740234375e+02, 2.911439208984375e+02, 2.910413513183594e+02, 2.911988830566406e+02, 2.911417846679688e+02, 2.910328063964844e+02, 2.910321044921875e+02, 2.911410827636719e+02, 2.911446533203125e+02, 2.956226501464844e+02, 2.911464233398438e+02, 2.911433715820312e+02, 2.91032470703125e+02, 2.912051086425781e+02, 2.911419982910156e+02, 2.910296630859375e+02, 2.910352783203125e+02, 2.911410217285156e+02, 2.9114453125e+02, 2.955954284667969e+02, 2.911466064453125e+02, 2.911434326171875e+02, 2.949283752441406e+02, 2.912002258300781e+02, 2.911423645019531e+02, 2.910722961425781e+02, 2.962702331542969e+02, 2.911415100097656e+02, 2.911486206054688e+02, 2.955922546386719e+02, 2.911465454101562e+02, 2.911460266113281e+02, 2.949093322753906e+02]
cooTowPar.sta_a.T=[2.931499938964844e+02, 2.943345642089844e+02, 2.956215515136719e+02, 2.945698547363281e+02, 2.943345642089844e+02, 2.962018737792969e+02, 2.948347778320312e+02, 2.942161865234375e+02, 2.943346252441406e+02, 2.951831359863281e+02, 2.943723449707031e+02, 2.943345947265625e+02, 2.956481323242188e+02, 2.945855407714844e+02, 2.94334716796875e+02, 2.96347900390625e+02, 2.949197387695312e+02, 2.942632446289062e+02, 2.910361938476562e+02, 2.954155578613281e+02, 2.944885559082031e+02, 2.943365478515625e+02, 2.913181457519531e+02, 2.942191162109375e+02, 2.943583984375e+02, 2.944789123535156e+02, 2.951229248046875e+02, 2.954932556152344e+02, 2.96130126953125e+02, 2.961728210449219e+02, 2.957853698730469e+02, 2.95099609375e+02, 2.946658325195312e+02, 2.943839416503906e+02, 2.953578491210938e+02, 2.948116455078125e+02, 2.942061462402344e+02, 2.910660095214844e+02, 2.951878967285156e+02, 2.943783874511719e+02, 2.943341674804688e+02, 2.957046203613281e+02, 2.946080932617188e+02, 2.943343200683594e+02, 2.963740539550781e+02, 2.949022521972656e+02, 2.942474670410156e+02, 2.943343505859375e+02, 2.952811279296875e+02, 2.944158020019531e+02, 2.943345031738281e+02, 2.957613830566406e+02, 2.946323852539062e+02, 2.943346862792969e+02, 2.965064086914062e+02, 2.94910888671875e+02, 2.942517395019531e+02, 2.943346557617188e+02, 2.952879638671875e+02, 2.944234313964844e+02, 2.9104248046875e+02, 2.957939453125e+02, 2.94650634765625e+02, 2.94334716796875e+02, 2.958027954101562e+02, 2.949486999511719e+02, 2.942681579589844e+02, 2.943347778320312e+02, 2.953327026367188e+02, 2.944396057128906e+02, 2.943345947265625e+02, 2.958336181640625e+02, 2.946673278808594e+02, 2.943345642089844e+02, 2.943345642089844e+02, 2.949654235839844e+02, 2.942747802734375e+02, 2.910326232910156e+02, 2.953560791015625e+02, 2.944498901367188e+02, 2.943345336914062e+02, 2.958615112304688e+02, 2.946800842285156e+02, 2.943346862792969e+02, 2.943345336914062e+02, 2.949812622070312e+02, 2.942814331054688e+02, 2.910518493652344e+02, 2.953700866699219e+02, 2.944553833007812e+02, 2.910745849609375e+02, 2.958667297363281e+02, 2.94680908203125e+02, 2.943349609375e+02, 2.910709838867188e+02, 2.949778747558594e+02, 2.942810974121094e+02, 2.910631103515625e+02, 2.953715209960938e+02, 2.944573974609375e+02, 2.910594787597656e+02]
time=[1.5552e+07, 1.57248e+07]
conFan.u_m=[2.931499938964844e+02, 2.910458374023438e+02, 2.911642761230469e+02, 2.911425476074219e+02, 2.910458374023438e+02, 2.913584899902344e+02, 2.911412963867188e+02, 2.911454467773438e+02, 2.910619506835938e+02, 2.911426086425781e+02, 2.911441040039062e+02, 2.910428466796875e+02, 2.911703796386719e+02, 2.911438903808594e+02, 2.910000915527344e+02, 2.916206970214844e+02, 2.911412353515625e+02, 2.911446838378906e+02, 2.910568237304688e+02, 2.911632995605469e+02, 2.911436767578125e+02, 2.911325378417969e+02, 2.913231201171875e+02, 2.915421447753906e+02, 2.915184631347656e+02, 2.914932556152344e+02, 2.922044677734375e+02, 2.931829223632812e+02, 2.936525573730469e+02, 2.935525817871094e+02, 2.930396118164062e+02, 2.923484191894531e+02, 2.920101623535156e+02, 2.917313537597656e+02, 2.915430603027344e+02, 2.911614379882812e+02, 2.911412353515625e+02, 2.910778198242188e+02, 2.911427307128906e+02, 2.911393127441406e+02, 2.910413818359375e+02, 2.911872253417969e+02, 2.911403198242188e+02, 2.909846496582031e+02, 2.915314636230469e+02, 2.911404113769531e+02, 2.911435241699219e+02, 2.909971618652344e+02, 2.911438903808594e+02, 2.911429748535156e+02, 2.910398864746094e+02, 2.911831970214844e+02, 2.911419982910156e+02, 2.910837097167969e+02, 2.91472900390625e+02, 2.911413269042969e+02, 2.911492614746094e+02, 2.910810852050781e+02, 2.911443786621094e+02, 2.911492919921875e+02, 2.910783081054688e+02, 2.911828002929688e+02, 2.911448059082031e+02, 2.910851135253906e+02, 2.910556335449219e+02, 2.911419982910156e+02, 2.911471557617188e+02, 2.910917358398438e+02, 2.911459655761719e+02, 2.911439208984375e+02, 2.910547180175781e+02, 2.911998596191406e+02, 2.911417541503906e+02, 2.910455017089844e+02, 2.910447998046875e+02, 2.911410827636719e+02, 2.911446533203125e+02, 2.910453186035156e+02, 2.911465148925781e+02, 2.911433715820312e+02, 2.91045166015625e+02, 2.912062072753906e+02, 2.911419982910156e+02, 2.910425415039062e+02, 2.910482177734375e+02, 2.911410217285156e+02, 2.9114453125e+02, 2.910665588378906e+02, 2.91146728515625e+02, 2.911434020996094e+02, 2.910939636230469e+02, 2.912012329101562e+02, 2.91142333984375e+02, 2.910949401855469e+02, 2.910941772460938e+02, 2.911415100097656e+02, 2.911485900878906e+02, 2.910897216796875e+02, 2.911466369628906e+02, 2.9114599609375e+02, 2.910874938964844e+02]
conFan.u_s=[2.911499938964844e+02, 2.911499938964844e+02]
onOffCon.reference=[2.931499938964844e+02, 2.952446899414062e+02, 2.955589599609375e+02, 2.945093383789062e+02, 2.945645751953125e+02, 2.961255798339844e+02, 2.947737426757812e+02, 2.941564025878906e+02, 2.959000854492188e+02, 2.951213684082031e+02, 2.943122253417969e+02, 2.9521923828125e+02, 2.955855102539062e+02, 2.945249938964844e+02, 2.944898071289062e+02, 2.962275695800781e+02, 2.948585205078125e+02, 2.942033386230469e+02, 2.956263427734375e+02, 2.953533935546875e+02, 2.944281921386719e+02, 2.945604858398438e+02, 2.953134765625e+02, 2.941600952148438e+02, 2.94299072265625e+02, 2.944192810058594e+02, 2.950634460449219e+02, 2.954349670410156e+02, 2.96071533203125e+02, 2.961139221191406e+02, 2.957261962890625e+02, 2.950404357910156e+02, 2.946068725585938e+02, 2.943249816894531e+02, 2.952965393066406e+02, 2.947507019042969e+02, 2.941461791992188e+02, 2.959385375976562e+02, 2.951261291503906e+02, 2.943182373046875e+02, 2.951720886230469e+02, 2.956418762207031e+02, 2.945474853515625e+02, 2.944515380859375e+02, 2.962369384765625e+02, 2.94841064453125e+02, 2.941875915527344e+02, 2.957448120117188e+02, 2.952191772460938e+02, 2.943555908203125e+02, 2.950623779296875e+02, 2.956985168457031e+02, 2.945717468261719e+02, 2.943927001953125e+02, 2.962763671875e+02, 2.948497009277344e+02, 2.941918640136719e+02, 2.957228088378906e+02, 2.952260131835938e+02, 2.943632202148438e+02, 2.950208740234375e+02, 2.957309875488281e+02, 2.945899658203125e+02, 2.94325439453125e+02, 2.963189697265625e+02, 2.948874206542969e+02, 2.94208251953125e+02, 2.956537780761719e+02, 2.952706604003906e+02, 2.943793640136719e+02, 2.949769592285156e+02, 2.957705993652344e+02, 2.946065979003906e+02, 2.942955017089844e+02, 2.963012390136719e+02, 2.949041137695312e+02, 2.9421484375e+02, 2.956226501464844e+02, 2.952939758300781e+02, 2.943896179199219e+02, 2.949422607421875e+02, 2.957983703613281e+02, 2.946193237304688e+02, 2.942613525390625e+02, 2.962699584960938e+02, 2.94919921875e+02, 2.942214965820312e+02, 2.955954284667969e+02, 2.953079833984375e+02, 2.943950805664062e+02, 2.949283752441406e+02, 2.958035583496094e+02, 2.946201782226562e+02, 2.9426025390625e+02, 2.962702331542969e+02, 2.949165344238281e+02, 2.942211608886719e+02, 2.955922546386719e+02, 2.953094177246094e+02, 2.943971252441406e+02, 2.949093322753906e+02]
onOffCon.u=[2.951499938964844e+02, 2.951499938964844e+02]
