last-generated=2019-02-01
statistics-initialization=
{
  "linear": "3",
  "nonlinear": "4",
  "numerical Jacobians": "0"
}
statistics-simulation=
{
  "linear": "4",
  "nonlinear": "4",
  "numerical Jacobians": "0"
}
E.terminal.v[1]=[1.5e+04, 1.5e+04]
E.terminal.v[2]=[0e+00, 0e+00]
load.v[1]=[1.49999853515625e+04, 1.49999853515625e+04, 1.49999853515625e+04, 1.49999853515625e+04, 1.49999853515625e+04, 1.49999853515625e+04, 1.49999853515625e+04, 1.49999853515625e+04, 1.49999853515625e+04, 1.49999853515625e+04, 1.49999853515625e+04, 1.49999853515625e+04, 1.49999853515625e+04, 1.49999853515625e+04, 1.49999853515625e+04, 1.49999853515625e+04, 1.49999853515625e+04, 1.49999853515625e+04, 1.49999853515625e+04, 1.49999853515625e+04, 1.49999853515625e+04, 1.49999853515625e+04, 1.49999853515625e+04, 1.49999853515625e+04, 1.49999853515625e+04, 1.49999853515625e+04, 1.49999853515625e+04, 1.49999853515625e+04, 1.49999853515625e+04, 1.49999853515625e+04, 1.49999853515625e+04, 1.49999853515625e+04, 1.49999853515625e+04, 1.49999853515625e+04, 1.49999853515625e+04, 1.49999853515625e+04, 1.49999853515625e+04, 1.49999853515625e+04, 1.49999853515625e+04, 1.49999853515625e+04, 1.49999853515625e+04, 1.49999853515625e+04, 1.49999853515625e+04, 1.49999853515625e+04, 1.49999853515625e+04, 1.49999853515625e+04, 1.49999853515625e+04, 1.49999853515625e+04, 1.49999853515625e+04, 1.49999853515625e+04, 1.49999853515625e+04, 1.49999853515625e+04, 1.49999853515625e+04, 1.4999986328125e+04, 1.4999986328125e+04, 1.4999986328125e+04, 1.4999986328125e+04, 1.4999986328125e+04, 1.49999873046875e+04, 1.49999873046875e+04, 1.49999873046875e+04, 1.49999873046875e+04, 1.49999873046875e+04, 1.499998730468983e+04, 1.499998828125e+04, 1.499998828125e+04, 1.499998828125e+04, 1.499998828125e+04, 1.499998828125e+04, 1.49999892578125e+04, 1.49999892578125e+04, 1.49999892578125e+04, 1.49999892578125e+04, 1.49999892578125e+04, 1.4999990234375e+04, 1.4999990234375e+04, 1.4999990234375e+04, 1.4999990234375e+04, 1.4999990234375e+04, 1.49999912109375e+04, 1.49999912109375e+04, 1.49999912109375e+04, 1.49999912109375e+04, 1.49999912109375e+04, 1.49999921875e+04, 1.49999921875e+04, 1.49999921875e+04, 1.49999921875e+04, 1.49999921875e+04, 1.49999931640625e+04, 1.49999931640625e+04, 1.49999931640625e+04, 1.49999931640625e+04, 1.49999931640625e+04, 1.4999994140625e+04, 1.4999994140625e+04, 1.4999994140625e+04, 1.4999994140625e+04, 1.4999994140625e+04, 1.4999994140625e+04, 1.49999951171875e+04]
load.v[2]=[-1.6768992645666e-03, -1.6768992645666e-03, -1.6768992645666e-03, -1.6768992645666e-03, -1.6768992645666e-03, -1.6768992645666e-03, -1.6768992645666e-03, -1.6768992645666e-03, -1.6768992645666e-03, -1.6768992645666e-03, -1.6768992645666e-03, -1.6768992645666e-03, -1.6768992645666e-03, -1.6768992645666e-03, -1.6768992645666e-03, -1.6768992645666e-03, -1.6768992645666e-03, -1.6768992645666e-03, -1.6768992645666e-03, -1.6768992645666e-03, -1.6768992645666e-03, -1.6768992645666e-03, -1.6768992645666e-03, -1.6768992645666e-03, -1.6768992645666e-03, -1.6768992645666e-03, -1.6768992645666e-03, -1.6768992645666e-03, -1.6768992645666e-03, -1.6768992645666e-03, -1.6768992645666e-03, -1.6768992645666e-03, -1.6768992645666e-03, -1.6768992645666e-03, -1.6768992645666e-03, -1.6768992645666e-03, -1.6768992645666e-03, -1.6768992645666e-03, -1.6768992645666e-03, -1.6768992645666e-03, -1.6768992645666e-03, -1.6768992645666e-03, -1.6768992645666e-03, -1.6768992645666e-03, -1.6768992645666e-03, -1.6768992645666e-03, -1.6768992645666e-03, -1.6768992645666e-03, -1.6768992645666e-03, -1.6768992645666e-03, -1.6768992645666e-03, -1.663219985545193e-03, -1.649540590108465e-03, -1.635861194671736e-03, -1.622181880769099e-03, -1.608502485332371e-03, -1.594823089895739e-03, -1.581143694458913e-03, -1.567464415437506e-03, -1.553785020000778e-03, -1.540105706098141e-03, -1.526426310661412e-03, -1.512746915224684e-03, -1.499067519787955e-03, -1.485388124352059e-03, -1.471708845329819e-03, -1.458029531427183e-03, -1.444350135990454e-03, -1.430670740553725e-03, -1.4169913451169e-03, -1.403311949680268e-03, -1.389632670658861e-03, -1.375953356756225e-03, -1.362273961319496e-03, -1.348594565882767e-03, -1.334915170446038e-03, -1.321235775009309e-03, -1.307556379572581e-03, -1.293877100551174e-03, -1.280197786648537e-03, -1.266518391211809e-03, -1.252838995775177e-03, -1.239159600338351e-03, -1.225480204901622e-03, -1.21180080946642e-03, -1.198121611977579e-03, -1.18444221654085e-03, -1.170762821104122e-03, -1.157083425667393e-03, -1.143404030230664e-03, -1.129724634793935e-03, -1.116045437306621e-03, -1.102366041869892e-03, -1.088686646433163e-03, -1.075007250996337e-03, -1.061327855559706e-03, -1.047648460122977e-03, -1.033969146220341e-03, -1.020289867198934e-03, -1.006610471762205e-03, -9.929310763254762e-04]
time=[0e+00, 1e+00]
