last-generated=2025-09-22
statistics-initialization=
{
  "linear": "0",
  "nonlinear": "1, 1, 1, 0, 2, 0, 0, 0, 1, 3, 0, 0, 1",
  "numerical Jacobians": "0"
}
statistics-simulation=
{
  "linear": "0, 0, 0, 0, 0, 0, 0, 0, 0, 0, 0, 4, 0",
  "nonlinear": "0, 2, 0, 5, 0, 0, 0, 0, 1, 0, 0, 1, 1, 1",
  "number of continuous time states": "78",
  "numerical Jacobians": "0"
}
time=[4.32e+05, 8.64e+05]
flo.sou.TAir=[2.931499938964844e+02, 2.922672119140625e+02, 2.917944641113281e+02, 2.91321044921875e+02, 2.908796997070312e+02, 2.923147583007812e+02, 2.926784057617188e+02, 2.934854431152344e+02, 2.939374694824219e+02, 2.940892944335938e+02, 2.934656066894531e+02, 2.932219848632812e+02, 2.93189453125e+02, 2.931303100585938e+02, 2.931030883789062e+02, 2.931473388671875e+02, 2.912502136230469e+02, 2.906787414550781e+02, 2.903143615722656e+02, 2.898175964355469e+02, 2.893348693847656e+02, 2.88857177734375e+02, 2.885404663085938e+02, 2.88197021484375e+02, 2.879052124023438e+02, 2.919617309570312e+02, 2.903644104003906e+02, 2.916102600097656e+02, 2.928048706054688e+02, 2.933011779785156e+02, 2.932117919921875e+02, 2.931556396484375e+02, 2.931150512695312e+02, 2.930612182617188e+02, 2.926065979003906e+02, 2.921343078613281e+02, 2.899802856445312e+02, 2.895289611816406e+02, 2.890787658691406e+02, 2.887593383789062e+02, 2.884843139648438e+02, 2.881336364746094e+02, 2.87971435546875e+02, 2.877306213378906e+02, 2.874757385253906e+02, 2.913270874023438e+02, 2.897981872558594e+02, 2.908548278808594e+02, 2.918829650878906e+02, 2.925195007324219e+02, 2.928905029296875e+02, 2.93164306640625e+02, 2.927997741699219e+02, 2.930621032714844e+02, 2.923905944824219e+02, 2.920735473632812e+02, 2.893388061523438e+02, 2.888932800292969e+02, 2.884363403320312e+02, 2.878641052246094e+02, 2.877946166992188e+02, 2.876301574707031e+02, 2.8731640625e+02, 2.873132629394531e+02, 2.871032409667969e+02, 2.913028259277344e+02, 2.9062353515625e+02, 2.922022399902344e+02, 2.932565307617188e+02, 2.931037292480469e+02, 2.932885131835938e+02, 2.933204345703125e+02, 2.933379821777344e+02, 2.930926208496094e+02, 2.931381530761719e+02, 2.931760559082031e+02, 2.912756958007812e+02, 2.909477233886719e+02, 2.908393249511719e+02, 2.908815307617188e+02, 2.907012329101562e+02, 2.9032763671875e+02, 2.903637390136719e+02, 2.902221984863281e+02, 2.900828247070312e+02, 2.919351196289062e+02, 2.923545837402344e+02, 2.934749450683594e+02, 2.939710693359375e+02, 2.946078186035156e+02, 2.949289855957031e+02, 2.951858520507812e+02, 2.949686584472656e+02, 2.946655578613281e+02, 2.94082763671875e+02, 2.929560852050781e+02, 2.927165832519531e+02, 2.923257141113281e+02, 2.923271789550781e+02, 2.920803833007812e+02, 2.915801391601562e+02]
flo.eas.TAir=[2.931499938964844e+02, 2.921435241699219e+02, 2.9165234375e+02, 2.911810913085938e+02, 2.907376708984375e+02, 2.922882080078125e+02, 2.927694702148438e+02, 2.933204040527344e+02, 2.931543884277344e+02, 2.930372009277344e+02, 2.931471557617188e+02, 2.932594299316406e+02, 2.931529541015625e+02, 2.931431579589844e+02, 2.931442565917969e+02, 2.931270751953125e+02, 2.909431762695312e+02, 2.904884338378906e+02, 2.901245422363281e+02, 2.89617431640625e+02, 2.891325378417969e+02, 2.886683959960938e+02, 2.88360595703125e+02, 2.880274353027344e+02, 2.877427673339844e+02, 2.920505676269531e+02, 2.905050659179688e+02, 2.919279479980469e+02, 2.92618896484375e+02, 2.925863037109375e+02, 2.924231872558594e+02, 2.922777709960938e+02, 2.923340759277344e+02, 2.923400573730469e+02, 2.921607666015625e+02, 2.918605041503906e+02, 2.892177429199219e+02, 2.889834289550781e+02, 2.885640563964844e+02, 2.882678527832031e+02, 2.880379333496094e+02, 2.878055725097656e+02, 2.875888671875e+02, 2.873676147460938e+02, 2.871621704101562e+02, 2.910300903320312e+02, 2.898206176757812e+02, 2.910241088867188e+02, 2.915694885253906e+02, 2.915519409179688e+02, 2.915265502929688e+02, 2.916906127929688e+02, 2.918302001953125e+02, 2.91911376953125e+02, 2.917655639648438e+02, 2.916786499023438e+02, 2.892554321289062e+02, 2.889331970214844e+02, 2.885781860351562e+02, 2.881957397460938e+02, 2.879921875e+02, 2.8791845703125e+02, 2.877079467773438e+02, 2.87622314453125e+02, 2.874920349121094e+02, 2.917491455078125e+02, 2.906790161132812e+02, 2.923703002929688e+02, 2.933506774902344e+02, 2.931702575683594e+02, 2.931642150878906e+02, 2.932387390136719e+02, 2.931617736816406e+02, 2.931491088867188e+02, 2.931363525390625e+02, 2.931370849609375e+02, 2.913554077148438e+02, 2.910545349121094e+02, 2.908384704589844e+02, 2.906507873535156e+02, 2.903719482421875e+02, 2.901426696777344e+02, 2.900719299316406e+02, 2.899132690429688e+02, 2.897706298828125e+02, 2.918812866210938e+02, 2.924062194824219e+02, 2.932794189453125e+02, 2.932884826660156e+02, 2.930751647949219e+02, 2.931658020019531e+02, 2.933668212890625e+02, 2.931692504882812e+02, 2.931076354980469e+02, 2.931048583984375e+02, 2.931369018554688e+02, 2.922469482421875e+02, 2.919660949707031e+02, 2.91681640625e+02, 2.914292907714844e+02, 2.911508178710938e+02]
flo.nor.TAir=[2.931499938964844e+02, 2.920935363769531e+02, 2.917430114746094e+02, 2.911363220214844e+02, 2.904935913085938e+02, 2.919437866210938e+02, 2.926403503417969e+02, 2.933822937011719e+02, 2.933042602539062e+02, 2.931661682128906e+02, 2.931559448242188e+02, 2.93306640625e+02, 2.931567687988281e+02, 2.931431579589844e+02, 2.931430969238281e+02, 2.92923095703125e+02, 2.902504272460938e+02, 2.901657409667969e+02, 2.89893798828125e+02, 2.890838317871094e+02, 2.88489013671875e+02, 2.881853332519531e+02, 2.879828186035156e+02, 2.876820678710938e+02, 2.875247192382812e+02, 2.915315856933594e+02, 2.903072814941406e+02, 2.910671081542969e+02, 2.911968688964844e+02, 2.913125610351562e+02, 2.919243469238281e+02, 2.918318786621094e+02, 2.919209289550781e+02, 2.919890747070312e+02, 2.918512268066406e+02, 2.915611572265625e+02, 2.886182861328125e+02, 2.888256530761719e+02, 2.883749084472656e+02, 2.879948425292969e+02, 2.879560241699219e+02, 2.878494873046875e+02, 2.876300048828125e+02, 2.874104309082031e+02, 2.872472839355469e+02, 2.910691528320312e+02, 2.8959814453125e+02, 2.9009521484375e+02, 2.90531982421875e+02, 2.908761596679688e+02, 2.911078186035156e+02, 2.913059997558594e+02, 2.914083251953125e+02, 2.915560913085938e+02, 2.914148559570312e+02, 2.913434448242188e+02, 2.892410583496094e+02, 2.888871154785156e+02, 2.885543518066406e+02, 2.881688232421875e+02, 2.87975830078125e+02, 2.879219970703125e+02, 2.877178955078125e+02, 2.876422729492188e+02, 2.875303955078125e+02, 2.915054016113281e+02, 2.904447326660156e+02, 2.919486999511719e+02, 2.927935180664062e+02, 2.929486694335938e+02, 2.932425231933594e+02, 2.933465881347656e+02, 2.931658935546875e+02, 2.931565856933594e+02, 2.931387634277344e+02, 2.930567016601562e+02, 2.914214477539062e+02, 2.910530395507812e+02, 2.90857666015625e+02, 2.906871643066406e+02, 2.904225769042969e+02, 2.901763305664062e+02, 2.899489440917969e+02, 2.89634521484375e+02, 2.894255981445312e+02, 2.920021057128906e+02, 2.921957397460938e+02, 2.9314990234375e+02, 2.932288818359375e+02, 2.932095336914062e+02, 2.932123107910156e+02, 2.934131469726562e+02, 2.931651611328125e+02, 2.931480102539062e+02, 2.930531921386719e+02, 2.931700439453125e+02, 2.922361450195312e+02, 2.919675903320312e+02, 2.916907043457031e+02, 2.914391479492188e+02, 2.91159423828125e+02]
flo.wes.TAir=[2.931499938964844e+02, 2.91271484375e+02, 2.909191284179688e+02, 2.905343627929688e+02, 2.901799621582031e+02, 2.9186474609375e+02, 2.926756286621094e+02, 2.933516845703125e+02, 2.931904907226562e+02, 2.931510009765625e+02, 2.931525573730469e+02, 2.932575378417969e+02, 2.93178955078125e+02, 2.931519165039062e+02, 2.931322326660156e+02, 2.931238403320312e+02, 2.908838195800781e+02, 2.899577941894531e+02, 2.895650329589844e+02, 2.895292663574219e+02, 2.890583190917969e+02, 2.883022155761719e+02, 2.879763488769531e+02, 2.87465087890625e+02, 2.871802062988281e+02, 2.915160827636719e+02, 2.904272766113281e+02, 2.9115966796875e+02, 2.916255798339844e+02, 2.919266662597656e+02, 2.921576538085938e+02, 2.922691955566406e+02, 2.927920532226562e+02, 2.930551452636719e+02, 2.923023376464844e+02, 2.918805847167969e+02, 2.892366943359375e+02, 2.886088562011719e+02, 2.882143859863281e+02, 2.882586975097656e+02, 2.877947387695312e+02, 2.875141296386719e+02, 2.872801513671875e+02, 2.870603332519531e+02, 2.868483276367188e+02, 2.909070739746094e+02, 2.898067321777344e+02, 2.902895812988281e+02, 2.907392272949219e+02, 2.910997619628906e+02, 2.913468322753906e+02, 2.917232055664062e+02, 2.923106994628906e+02, 2.926055908203125e+02, 2.9194873046875e+02, 2.917312316894531e+02, 2.889384460449219e+02, 2.885931701660156e+02, 2.88310546875e+02, 2.876359252929688e+02, 2.873880004882812e+02, 2.873648986816406e+02, 2.870814514160156e+02, 2.86997314453125e+02, 2.869983520507812e+02, 2.912301940917969e+02, 2.906368408203125e+02, 2.918558959960938e+02, 2.928102722167969e+02, 2.933083190917969e+02, 2.931049499511719e+02, 2.932369995117188e+02, 2.932454223632812e+02, 2.93131103515625e+02, 2.930628662109375e+02, 2.931358642578125e+02, 2.908026428222656e+02, 2.905298767089844e+02, 2.903692932128906e+02, 2.902469177246094e+02, 2.896871337890625e+02, 2.894422302246094e+02, 2.896147155761719e+02, 2.895503540039062e+02, 2.893719177246094e+02, 2.921493225097656e+02, 2.923797912597656e+02, 2.933089294433594e+02, 2.932012329101562e+02, 2.931834411621094e+02, 2.931815490722656e+02, 2.934198303222656e+02, 2.932634582519531e+02, 2.932395324707031e+02, 2.929969177246094e+02, 2.931428527832031e+02, 2.919665832519531e+02, 2.917912902832031e+02, 2.912234497070312e+02, 2.909070129394531e+02, 2.905502014160156e+02]
flo.cor.TAir=[2.931499938964844e+02, 2.926481018066406e+02, 2.922276611328125e+02, 2.917575988769531e+02, 2.91286865234375e+02, 2.927807922363281e+02, 2.932821044921875e+02, 2.936319580078125e+02, 2.937482299804688e+02, 2.937300720214844e+02, 2.936802062988281e+02, 2.9370849609375e+02, 2.936127624511719e+02, 2.936000366210938e+02, 2.935834045410156e+02, 2.930144653320312e+02, 2.913670959472656e+02, 2.910197448730469e+02, 2.906959838867188e+02, 2.901587524414062e+02, 2.896450805664062e+02, 2.89198486328125e+02, 2.889216918945312e+02, 2.885797424316406e+02, 2.8832763671875e+02, 2.925580139160156e+02, 2.910398254394531e+02, 2.919093017578125e+02, 2.923004760742188e+02, 2.925456848144531e+02, 2.928068542480469e+02, 2.927130126953125e+02, 2.927993774414062e+02, 2.928706359863281e+02, 2.927110290527344e+02, 2.923825073242188e+02, 2.897000122070312e+02, 2.896055908203125e+02, 2.891982727050781e+02, 2.889221801757812e+02, 2.887238159179688e+02, 2.885121459960938e+02, 2.883052062988281e+02, 2.880848083496094e+02, 2.878870239257812e+02, 2.919962463378906e+02, 2.903709716796875e+02, 2.90953125e+02, 2.914189453125e+02, 2.917990112304688e+02, 2.92041748046875e+02, 2.922694702148438e+02, 2.923047180175781e+02, 2.924778442382812e+02, 2.922557983398438e+02, 2.921580200195312e+02, 2.898053588867188e+02, 2.894527587890625e+02, 2.890988159179688e+02, 2.886316223144531e+02, 2.884552612304688e+02, 2.883744812011719e+02, 2.881236877441406e+02, 2.880592041015625e+02, 2.879300842285156e+02, 2.922926330566406e+02, 2.911316223144531e+02, 2.926612854003906e+02, 2.934702758789062e+02, 2.932228088378906e+02, 2.931600952148438e+02, 2.9336572265625e+02, 2.932249450683594e+02, 2.931502075195312e+02, 2.931455078125e+02, 2.931594543457031e+02, 2.91775634765625e+02, 2.914432678222656e+02, 2.91273193359375e+02, 2.911410827636719e+02, 2.908363342285156e+02, 2.905805053710938e+02, 2.905303955078125e+02, 2.90338623046875e+02, 2.901697082519531e+02, 2.923526611328125e+02, 2.928072814941406e+02, 2.934176635742188e+02, 2.935767517089844e+02, 2.938066101074219e+02, 2.939561157226562e+02, 2.941864013671875e+02, 2.940112915039062e+02, 2.939202575683594e+02, 2.936874694824219e+02, 2.930875549316406e+02, 2.927761840820312e+02, 2.924998474121094e+02, 2.921876525878906e+02, 2.919260559082031e+02, 2.916305236816406e+02]
hvac.TSetRoo.setPoiHea.y=[2.851499938964844e+02, 2.851499938964844e+02, 2.851499938964844e+02, 2.851499938964844e+02, 2.851499938964844e+02, 2.931499938964844e+02, 2.931499938964844e+02, 2.931499938964844e+02, 2.931499938964844e+02, 2.931499938964844e+02, 2.931499938964844e+02, 2.931499938964844e+02, 2.931499938964844e+02, 2.931499938964844e+02, 2.931499938964844e+02, 2.931499938964844e+02, 2.851499938964844e+02, 2.851499938964844e+02, 2.851499938964844e+02, 2.851499938964844e+02, 2.851499938964844e+02, 2.851499938964844e+02, 2.851499938964844e+02, 2.851499938964844e+02, 2.851499938964844e+02, 2.931499938964844e+02, 2.931499938964844e+02, 2.931499938964844e+02, 2.931499938964844e+02, 2.931499938964844e+02, 2.931499938964844e+02, 2.931499938964844e+02, 2.931499938964844e+02, 2.931499938964844e+02, 2.931499938964844e+02, 2.931499938964844e+02, 2.851499938964844e+02, 2.851499938964844e+02, 2.851499938964844e+02, 2.851499938964844e+02, 2.851499938964844e+02, 2.851499938964844e+02, 2.851499938964844e+02, 2.851499938964844e+02, 2.851499938964844e+02, 2.931499938964844e+02, 2.931499938964844e+02, 2.931499938964844e+02, 2.931499938964844e+02, 2.931499938964844e+02, 2.931499938964844e+02, 2.931499938964844e+02, 2.931499938964844e+02, 2.931499938964844e+02, 2.931499938964844e+02, 2.931499938964844e+02, 2.851499938964844e+02, 2.851499938964844e+02, 2.851499938964844e+02, 2.851499938964844e+02, 2.851499938964844e+02, 2.851499938964844e+02, 2.851499938964844e+02, 2.851499938964844e+02, 2.851499938964844e+02, 2.931499938964844e+02, 2.931499938964844e+02, 2.931499938964844e+02, 2.931499938964844e+02, 2.931499938964844e+02, 2.931499938964844e+02, 2.931499938964844e+02, 2.931499938964844e+02, 2.931499938964844e+02, 2.931499938964844e+02, 2.931499938964844e+02, 2.851499938964844e+02, 2.851499938964844e+02, 2.851499938964844e+02, 2.851499938964844e+02, 2.851499938964844e+02, 2.851499938964844e+02, 2.851499938964844e+02, 2.851499938964844e+02, 2.851499938964844e+02, 2.931499938964844e+02, 2.931499938964844e+02, 2.931499938964844e+02, 2.931499938964844e+02, 2.931499938964844e+02, 2.931499938964844e+02, 2.931499938964844e+02, 2.931499938964844e+02, 2.931499938964844e+02, 2.931499938964844e+02, 2.931499938964844e+02, 2.851499938964844e+02, 2.851499938964844e+02, 2.851499938964844e+02, 2.851499938964844e+02, 2.851499938964844e+02]
hvac.TSetRoo.setPoiCoo.y=[3.031499938964844e+02, 3.031499938964844e+02, 3.031499938964844e+02, 3.031499938964844e+02, 3.031499938964844e+02, 3.031499938964844e+02, 2.971499938964844e+02, 2.971499938964844e+02, 2.971499938964844e+02, 2.971499938964844e+02, 2.971499938964844e+02, 2.971499938964844e+02, 2.971499938964844e+02, 2.971499938964844e+02, 2.971499938964844e+02, 2.971499938964844e+02, 3.031499938964844e+02, 3.031499938964844e+02, 3.031499938964844e+02, 3.031499938964844e+02, 3.031499938964844e+02, 3.031499938964844e+02, 3.031499938964844e+02, 3.031499938964844e+02, 3.031499938964844e+02, 3.031499938964844e+02, 2.971499938964844e+02, 2.971499938964844e+02, 2.971499938964844e+02, 2.971499938964844e+02, 2.971499938964844e+02, 2.971499938964844e+02, 2.971499938964844e+02, 2.971499938964844e+02, 2.971499938964844e+02, 2.971499938964844e+02, 3.031499938964844e+02, 3.031499938964844e+02, 3.031499938964844e+02, 3.031499938964844e+02, 3.031499938964844e+02, 3.031499938964844e+02, 3.031499938964844e+02, 3.031499938964844e+02, 3.031499938964844e+02, 3.031499938964844e+02, 2.971499938964844e+02, 2.971499938964844e+02, 2.971499938964844e+02, 2.971499938964844e+02, 2.971499938964844e+02, 2.971499938964844e+02, 2.971499938964844e+02, 2.971499938964844e+02, 2.971499938964844e+02, 2.971499938964844e+02, 3.031499938964844e+02, 3.031499938964844e+02, 3.031499938964844e+02, 3.031499938964844e+02, 3.031499938964844e+02, 3.031499938964844e+02, 3.031499938964844e+02, 3.031499938964844e+02, 3.031499938964844e+02, 3.031499938964844e+02, 2.971499938964844e+02, 2.971499938964844e+02, 2.971499938964844e+02, 2.971499938964844e+02, 2.971499938964844e+02, 2.971499938964844e+02, 2.971499938964844e+02, 2.971499938964844e+02, 2.971499938964844e+02, 2.971499938964844e+02, 3.031499938964844e+02, 3.031499938964844e+02, 3.031499938964844e+02, 3.031499938964844e+02, 3.031499938964844e+02, 3.031499938964844e+02, 3.031499938964844e+02, 3.031499938964844e+02, 3.031499938964844e+02, 3.031499938964844e+02, 2.971499938964844e+02, 2.971499938964844e+02, 2.971499938964844e+02, 2.971499938964844e+02, 2.971499938964844e+02, 2.971499938964844e+02, 2.971499938964844e+02, 2.971499938964844e+02, 2.971499938964844e+02, 2.971499938964844e+02, 3.031499938964844e+02, 3.031499938964844e+02, 3.031499938964844e+02, 3.031499938964844e+02, 3.031499938964844e+02]
hvac.fanSup.y=[0e+00, 0e+00, 0e+00, 0e+00, 0e+00, 8.208169341087341e-01, 4.366286396980286e-01, 3.809009790420532e-01, 3.583163321018219e-01, 3.806825876235962e-01, 3.815920352935791e-01, 4.064163565635681e-01, 4.084247052669525e-01, 4.085935950279236e-01, 4.090605080127716e-01, 4.419740438461304e-01, 0e+00, 0e+00, 0e+00, 0e+00, 0e+00, 0e+00, 0e+00, 0e+00, 0e+00, 8.206368684768677e-01, 4.38051849603653e-01, 4.45842832326889e-01, 4.448753893375397e-01, 4.453908801078796e-01, 4.474988281726837e-01, 4.45787101984024e-01, 4.460282325744629e-01, 4.458954036235809e-01, 4.456567168235779e-01, 4.470159709453583e-01, 0e+00, 0e+00, 0e+00, 0e+00, 0e+00, 0e+00, 0e+00, 0e+00, 0e+00, 8.204572796821594e-01, 4.380328953266144e-01, 4.459741413593292e-01, 4.460397362709045e-01, 4.458048939704895e-01, 4.457374513149261e-01, 4.449455738067627e-01, 4.450302422046661e-01, 4.478514194488525e-01, 4.464354515075684e-01, 4.459321796894073e-01, 0e+00, 0e+00, 0e+00, 0e+00, 0e+00, 0e+00, 0e+00, 0e+00, 0e+00, 8.172551989555359e-01, 4.352753758430481e-01, 4.437169134616852e-01, 4.470174908638e-01, 4.371782541275024e-01, 4.462635219097137e-01, 4.448062777519226e-01, 4.46179062128067e-01, 4.450996816158295e-01, 4.465096890926361e-01, 4.466967880725861e-01, 0e+00, 0e+00, 0e+00, 0e+00, 0e+00, 0e+00, 0e+00, 0e+00, 0e+00, 8.208989500999451e-01, 4.370149672031403e-01, 3.66897851228714e-01, 3.559930622577667e-01, 3.796137571334839e-01, 3.811890482902527e-01, 3.811399042606354e-01, 3.811100125312805e-01, 3.810732960700989e-01, 3.811471164226532e-01, 4.373416602611542e-01, 0e+00, 0e+00, 0e+00, 0e+00, 0e+00]
hvac.VAVBox[5].vav.y_actual=[1e+00, 6.041645407676697e-01, 1e+00, 1e+00, 1e+00, 5.274739265441895e-01, 6.177691221237183e-01, 5.36270797252655e-01, 4.764720797538757e-01, 4.743800461292267e-01, 4.741291403770447e-01, 4.763024747371674e-01, 4.770478308200836e-01, 4.769489765167236e-01, 4.76813405752182e-01, 6.143394112586975e-01, 7.388359904289246e-01, 1e+00, 1e+00, 1e+00, 1e+00, 1e+00, 1e+00, 1e+00, 1e+00, 5.275070667266846e-01, 6.148565411567688e-01, 6.241695880889893e-01, 6.290093660354614e-01, 6.31319522857666e-01, 6.290410757064819e-01, 6.278036236763e-01, 6.286534667015076e-01, 6.278232336044312e-01, 6.284856200218201e-01, 6.269413828849792e-01, 7.389699816703796e-01, 1e+00, 1e+00, 1e+00, 1e+00, 1e+00, 1e+00, 1e+00, 1e+00, 5.275396108627319e-01, 6.148906946182251e-01, 6.24034583568573e-01, 6.259695291519165e-01, 6.269428133964539e-01, 6.273879408836365e-01, 6.282596588134766e-01, 6.326771378517151e-01, 6.311353445053101e-01, 6.273335218429565e-01, 6.272032260894775e-01, 7.397881746292114e-01, 1e+00, 1e+00, 1e+00, 1e+00, 1e+00, 1e+00, 1e+00, 1e+00, 5.264337658882141e-01, 6.208372116088867e-01, 6.322915554046631e-01, 6.349379420280457e-01, 6.303247809410095e-01, 6.307891607284546e-01, 6.312738060951233e-01, 6.354381442070007e-01, 6.30401074886322e-01, 6.314560770988464e-01, 6.283649802207947e-01, 7.410475611686707e-01, 1e+00, 1e+00, 1e+00, 1e+00, 1e+00, 1e+00, 1e+00, 1e+00, 5.274571776390076e-01, 6.180038452148438e-01, 5.332052111625671e-01, 4.761264324188232e-01, 4.749893546104431e-01, 4.743382334709167e-01, 4.741578698158264e-01, 4.740939438343048e-01, 4.742044508457184e-01, 4.741388559341431e-01, 6.125317811965942e-01, 7.385779023170471e-01, 1e+00, 1e+00, 1e+00, 1e+00]
hvac.VAVBox[1].vav.y_actual=[1e+00, 6.041653156280518e-01, 1e+00, 1e+00, 1e+00, 5.274739861488342e-01, 6.177691221237183e-01, 5.395427346229553e-01, 4.766540825366974e-01, 4.743914306163788e-01, 4.741300940513611e-01, 6.136009097099304e-01, 6.216011047363281e-01, 6.216927766799927e-01, 6.215110421180725e-01, 6.254814863204956e-01, 7.396228313446045e-01, 1e+00, 1e+00, 1e+00, 1e+00, 1e+00, 1e+00, 1e+00, 1e+00, 5.275071263313293e-01, 6.148565411567688e-01, 6.241695880889893e-01, 6.290093660354614e-01, 6.31319522857666e-01, 6.290410757064819e-01, 6.278036236763e-01, 6.286534667015076e-01, 6.278232336044312e-01, 6.284856200218201e-01, 6.269413828849792e-01, 7.389701008796692e-01, 1e+00, 1e+00, 1e+00, 1e+00, 1e+00, 1e+00, 1e+00, 1e+00, 5.275396704673767e-01, 6.148906946182251e-01, 6.24034583568573e-01, 6.259695291519165e-01, 6.269428133964539e-01, 6.273879408836365e-01, 6.282596588134766e-01, 6.326771378517151e-01, 6.311353445053101e-01, 6.273335218429565e-01, 6.272032260894775e-01, 7.397883534431458e-01, 1e+00, 1e+00, 1e+00, 1e+00, 1e+00, 1e+00, 1e+00, 1e+00, 5.264337658882141e-01, 6.208372116088867e-01, 6.322915554046631e-01, 6.349379420280457e-01, 5.953741073608398e-01, 6.294236183166504e-01, 6.312205195426941e-01, 6.35435938835144e-01, 6.304009556770325e-01, 6.314560770988464e-01, 6.283649802207947e-01, 7.410476803779602e-01, 1e+00, 1e+00, 1e+00, 1e+00, 1e+00, 1e+00, 1e+00, 1e+00, 5.274572372436523e-01, 6.180038452148438e-01, 5.376324653625488e-01, 4.763731360435486e-01, 4.750047326087952e-01, 4.743394255638123e-01, 4.741581678390503e-01, 4.740942120552063e-01, 4.742046892642975e-01, 4.741390943527222e-01, 6.084399223327637e-01, 7.382895946502686e-01, 1e+00, 1e+00, 1e+00, 1e+00]
hvac.VAVBox[2].vav.y_actual=[1e+00, 5.549777150154114e-01, 1e+00, 1e+00, 1e+00, 5.258044004440308e-01, 6.177139282226562e-01, 5.241494178771973e-01, 4.609497487545013e-01, 6.130717396736145e-01, 6.17949903011322e-01, 6.210410594940186e-01, 6.218646168708801e-01, 6.217020750045776e-01, 6.215113997459412e-01, 6.254814863204956e-01, 7.303246855735779e-01, 1e+00, 1e+00, 1e+00, 1e+00, 1e+00, 1e+00, 1e+00, 1e+00, 5.258376598358154e-01, 6.148024201393127e-01, 6.241676807403564e-01, 6.290093064308167e-01, 6.31319522857666e-01, 6.290410757064819e-01, 6.278036236763e-01, 6.286534667015076e-01, 6.278232336044312e-01, 6.284856200218201e-01, 6.269413828849792e-01, 7.296720147132874e-01, 1e+00, 1e+00, 1e+00, 1e+00, 1e+00, 1e+00, 1e+00, 1e+00, 5.258700847625732e-01, 6.14836573600769e-01, 6.240326166152954e-01, 6.259694695472717e-01, 6.269428133964539e-01, 6.273879408836365e-01, 6.282596588134766e-01, 6.326771378517151e-01, 6.311353445053101e-01, 6.273335218429565e-01, 6.272032260894775e-01, 7.304902076721191e-01, 1e+00, 1e+00, 1e+00, 1e+00, 1e+00, 1e+00, 1e+00, 1e+00, 5.166130065917969e-01, 6.20501697063446e-01, 6.322783231735229e-01, 6.349374055862427e-01, 6.303247809410095e-01, 6.307891607284546e-01, 6.312738060951233e-01, 6.354381442070007e-01, 6.30401074886322e-01, 6.314560770988464e-01, 6.283649802207947e-01, 7.317495346069336e-01, 1e+00, 1e+00, 1e+00, 1e+00, 1e+00, 1e+00, 1e+00, 1e+00, 5.257881283760071e-01, 6.179484128952026e-01, 5.256010293960571e-01, 4.608565866947174e-01, 6.116856932640076e-01, 6.181095242500305e-01, 6.181684732437134e-01, 6.181045770645142e-01, 6.182544231414795e-01, 6.18156373500824e-01, 6.245087385177612e-01, 7.301252484321594e-01, 1e+00, 1e+00, 1e+00, 1e+00]
hvac.VAVBox[3].vav.y_actual=[1e+00, 6.041653156280518e-01, 1e+00, 1e+00, 1e+00, 5.274739861488342e-01, 6.177691221237183e-01, 6.209874153137207e-01, 6.165633797645569e-01, 6.182662844657898e-01, 6.181269288063049e-01, 6.210472583770752e-01, 6.218647956848145e-01, 6.217020750045776e-01, 6.215113997459412e-01, 6.254814863204956e-01, 7.396228313446045e-01, 1e+00, 1e+00, 1e+00, 1e+00, 1e+00, 1e+00, 1e+00, 1e+00, 5.275071263313293e-01, 6.148565411567688e-01, 6.241695880889893e-01, 6.290093660354614e-01, 6.31319522857666e-01, 6.290410757064819e-01, 6.278036236763e-01, 6.286534667015076e-01, 6.278232336044312e-01, 6.284856200218201e-01, 6.269413828849792e-01, 7.389701008796692e-01, 1e+00, 1e+00, 1e+00, 1e+00, 1e+00, 1e+00, 1e+00, 1e+00, 5.275396704673767e-01, 6.148906946182251e-01, 6.24034583568573e-01, 6.259695291519165e-01, 6.269428133964539e-01, 6.273879408836365e-01, 6.282596588134766e-01, 6.326771378517151e-01, 6.311353445053101e-01, 6.273335218429565e-01, 6.272032260894775e-01, 7.397883534431458e-01, 1e+00, 1e+00, 1e+00, 1e+00, 1e+00, 1e+00, 1e+00, 1e+00, 5.264337658882141e-01, 6.208372116088867e-01, 6.322915554046631e-01, 6.349379420280457e-01, 6.303247809410095e-01, 6.307891607284546e-01, 6.312738060951233e-01, 6.354381442070007e-01, 6.30401074886322e-01, 6.314560770988464e-01, 6.283649802207947e-01, 7.410476803779602e-01, 1e+00, 1e+00, 1e+00, 1e+00, 1e+00, 1e+00, 1e+00, 1e+00, 5.274572372436523e-01, 6.180038452148438e-01, 5.516666173934937e-01, 6.144214272499084e-01, 6.189980506896973e-01, 6.183595657348633e-01, 6.181769967079163e-01, 6.181048154830933e-01, 6.182544231414795e-01, 6.18156373500824e-01, 6.245087385177612e-01, 7.39423394203186e-01, 1e+00, 1e+00, 1e+00, 1e+00]
hvac.VAVBox[4].vav.y_actual=[1e+00, 5.549777150154114e-01, 1e+00, 1e+00, 1e+00, 5.258044004440308e-01, 6.177139282226562e-01, 5.402193069458008e-01, 6.128013134002686e-01, 6.18138313293457e-01, 6.181225180625916e-01, 6.210470795631409e-01, 6.218647956848145e-01, 6.217020750045776e-01, 6.215113997459412e-01, 6.254814863204956e-01, 7.303246855735779e-01, 1e+00, 1e+00, 1e+00, 1e+00, 1e+00, 1e+00, 1e+00, 1e+00, 5.258376598358154e-01, 6.148024201393127e-01, 6.241676807403564e-01, 6.290093064308167e-01, 6.31319522857666e-01, 6.290410757064819e-01, 6.278036236763e-01, 6.286534667015076e-01, 6.278232336044312e-01, 6.284856200218201e-01, 6.269413828849792e-01, 7.296720147132874e-01, 1e+00, 1e+00, 1e+00, 1e+00, 1e+00, 1e+00, 1e+00, 1e+00, 5.258700847625732e-01, 6.14836573600769e-01, 6.240326166152954e-01, 6.259694695472717e-01, 6.269428133964539e-01, 6.273879408836365e-01, 6.282596588134766e-01, 6.326771378517151e-01, 6.311353445053101e-01, 6.273335218429565e-01, 6.272032260894775e-01, 7.304902076721191e-01, 1e+00, 1e+00, 1e+00, 1e+00, 1e+00, 1e+00, 1e+00, 1e+00, 5.247722268104553e-01, 6.207807660102844e-01, 6.322892904281616e-01, 6.349378824234009e-01, 6.303247809410095e-01, 6.307891607284546e-01, 6.312738060951233e-01, 6.354381442070007e-01, 6.30401074886322e-01, 6.314560770988464e-01, 6.283649802207947e-01, 7.317495346069336e-01, 1e+00, 1e+00, 1e+00, 1e+00, 1e+00, 1e+00, 1e+00, 1e+00, 5.257881283760071e-01, 6.179484128952026e-01, 5.367323160171509e-01, 6.128677129745483e-01, 6.189447045326233e-01, 6.183577179908752e-01, 6.181769371032715e-01, 6.181048154830933e-01, 6.182544231414795e-01, 6.18156373500824e-01, 6.245087385177612e-01, 7.301252484321594e-01, 1e+00, 1e+00, 1e+00, 1e+00]
hvac.damOut.y=[0e+00, 0e+00, 0e+00, 0e+00, 0e+00, 0e+00, 5.08258044719696e-01, 5.175726413726807e-01, 5.266509056091309e-01, 5.278373956680298e-01, 5.339409708976746e-01, 5.287517905235291e-01, 5.296354293823242e-01, 5.257793068885803e-01, 5.152183175086975e-01, 5.029239654541016e-01, 0e+00, 0e+00, 0e+00, 0e+00, 0e+00, 0e+00, 0e+00, 0e+00, 0e+00, 0e+00, 4.615238904953003e-01, 4.742485284805298e-01, 4.929402470588684e-01, 5.047082901000977e-01, 5.049691200256348e-01, 5.113615393638611e-01, 5.133435130119324e-01, 5.100898742675781e-01, 4.991481602191925e-01, 4.912845492362976e-01, 0e+00, 0e+00, 0e+00, 0e+00, 0e+00, 0e+00, 0e+00, 0e+00, 0e+00, 0e+00, 4.609616100788116e-01, 4.709852635860443e-01, 4.923744201660156e-01, 5.064762830734253e-01, 5.125315189361572e-01, 5.252699255943298e-01, 5.113593339920044e-01, 5.03632664680481e-01, 5.024823546409607e-01, 5.030025243759155e-01, 0e+00, 0e+00, 0e+00, 0e+00, 0e+00, 0e+00, 0e+00, 0e+00, 0e+00, 0e+00, 5.378990769386292e-01, 5.112151503562927e-01, 5.06809413433075e-01, 5.131957530975342e-01, 5.046951174736023e-01, 5.062775611877441e-01, 5.079483985900879e-01, 5.05199134349823e-01, 5.049655437469482e-01, 5.02768337726593e-01, 0e+00, 0e+00, 0e+00, 0e+00, 0e+00, 0e+00, 0e+00, 0e+00, 0e+00, 0e+00, 5.113338828086853e-01, 5.45197606086731e-01, 5.76097309589386e-01, 5.539116859436035e-01, 5.505595207214355e-01, 5.505125522613525e-01, 5.504803061485291e-01, 5.506905317306519e-01, 5.504751205444336e-01, 5.106311440467834e-01, 0e+00, 0e+00, 0e+00, 0e+00, 0e+00]
hvac.VAVBox[1].TSup=[2.931499938964844e+02, 2.931499938964844e+02, 2.931500549316406e+02, 2.931500854492188e+02, 2.931502380371094e+02, 2.961834411621094e+02, 3.009640197753906e+02, 2.946176452636719e+02, 2.851702880859375e+02, 2.851239318847656e+02, 2.851498413085938e+02, 2.875285339355469e+02, 2.880500183105469e+02, 2.878423767089844e+02, 2.90575927734375e+02, 2.998017578125e+02, 2.954776306152344e+02, 2.954774169921875e+02, 2.954775695800781e+02, 2.954786682128906e+02, 2.95476806640625e+02, 2.954769897460938e+02, 2.954769897460938e+02, 2.954765014648438e+02, 2.954767761230469e+02, 3.041898803710938e+02, 3.009754943847656e+02, 3.007401123046875e+02, 3.007462158203125e+02, 2.982853698730469e+02, 2.896371154785156e+02, 2.904433898925781e+02, 2.913313293457031e+02, 2.95641357421875e+02, 3.007159118652344e+02, 3.006888427734375e+02, 3.045996398925781e+02, 3.046004943847656e+02, 3.046007385253906e+02, 3.046007385253906e+02, 3.046001586914062e+02, 3.045982971191406e+02, 3.045980834960938e+02, 3.045987548828125e+02, 3.045986633300781e+02, 3.038920288085938e+02, 3.00977294921875e+02, 3.007396850585938e+02, 3.0072314453125e+02, 3.007166442871094e+02, 3.007125244140625e+02, 3.007224426269531e+02, 3.013497009277344e+02, 3.0108740234375e+02, 3.010493774414062e+02, 3.011040954589844e+02, 3.049124145507812e+02, 3.049132995605469e+02, 3.049136657714844e+02, 3.049134826660156e+02, 3.049150085449219e+02, 3.049140930175781e+02, 3.04910888671875e+02, 3.049141235351562e+02, 3.049121704101562e+02, 3.040628967285156e+02, 3.009911193847656e+02, 3.015847778320312e+02, 3.012134704589844e+02, 2.982991943359375e+02, 2.88091064453125e+02, 2.853338317871094e+02, 2.879053344726562e+02, 2.871207885742188e+02, 2.907998046875e+02, 2.968548278808594e+02, 2.903636779785156e+02, 2.903641967773438e+02, 2.903637084960938e+02, 2.903637390136719e+02, 2.903633728027344e+02, 2.903634033203125e+02, 2.903640441894531e+02, 2.903646545410156e+02, 2.903638916015625e+02, 2.974089050292969e+02, 3.015203857421875e+02, 2.944813537597656e+02, 2.852279357910156e+02, 2.854083251953125e+02, 2.852624816894531e+02, 2.853017272949219e+02, 2.851146240234375e+02, 2.849945678710938e+02, 2.849200744628906e+02, 2.88242919921875e+02, 2.864324951171875e+02, 2.864324645996094e+02, 2.864324340820312e+02, 2.864325256347656e+02, 2.864330139160156e+02]
hvac.VAVBox[2].TSup=[2.931499938964844e+02, 2.931499938964844e+02, 2.931500549316406e+02, 2.931500854492188e+02, 2.931502380371094e+02, 2.961834411621094e+02, 3.009653930664062e+02, 2.950653076171875e+02, 2.851702880859375e+02, 2.896024169921875e+02, 2.921742553710938e+02, 2.928954162597656e+02, 2.929249267578125e+02, 2.93171142578125e+02, 2.94090576171875e+02, 2.994821166992188e+02, 2.933058776855469e+02, 2.933057250976562e+02, 2.933058166503906e+02, 2.93306640625e+02, 2.933052673339844e+02, 2.933053894042969e+02, 2.933053894042969e+02, 2.933050231933594e+02, 2.933052368164062e+02, 3.042220153808594e+02, 3.009768676757812e+02, 3.007401428222656e+02, 3.007462158203125e+02, 3.007190246582031e+02, 3.006636047363281e+02, 3.0071044921875e+02, 3.006983642578125e+02, 3.007060852050781e+02, 3.007159118652344e+02, 3.006888427734375e+02, 3.046087341308594e+02, 3.046095275878906e+02, 3.046098022460938e+02, 3.046097717285156e+02, 3.046091918945312e+02, 3.046072998046875e+02, 3.046070861816406e+02, 3.046077880859375e+02, 3.04607666015625e+02, 3.039248657226562e+02, 3.009786682128906e+02, 3.0073974609375e+02, 3.0072314453125e+02, 3.007166442871094e+02, 3.007125244140625e+02, 3.007224426269531e+02, 3.013497009277344e+02, 3.0108740234375e+02, 3.010493774414062e+02, 3.011040954589844e+02, 3.049212646484375e+02, 3.04922119140625e+02, 3.049224853515625e+02, 3.049223022460938e+02, 3.04923828125e+02, 3.049229125976562e+02, 3.049197692871094e+02, 3.049229736328125e+02, 3.049210205078125e+02, 3.0426611328125e+02, 3.009994812011719e+02, 3.015850830078125e+02, 3.012135009765625e+02, 2.979713745117188e+02, 2.968923034667969e+02, 2.954156188964844e+02, 2.949918212890625e+02, 2.9471435546875e+02, 2.949322204589844e+02, 2.987743835449219e+02, 2.911482543945312e+02, 2.911488647460938e+02, 2.911482238769531e+02, 2.911482543945312e+02, 2.911477661132812e+02, 2.911477966308594e+02, 2.911486511230469e+02, 2.911495056152344e+02, 2.911484680175781e+02, 2.977021179199219e+02, 3.01521728515625e+02, 2.962338256835938e+02, 2.85507568359375e+02, 2.876086120605469e+02, 2.8842138671875e+02, 2.882992553710938e+02, 2.871762084960938e+02, 2.872851257324219e+02, 2.895045471191406e+02, 2.9526953125e+02, 2.870393676757812e+02, 2.870393676757812e+02, 2.870393371582031e+02, 2.870393981933594e+02, 2.870396728515625e+02]
hvac.VAVBox[3].TSup=[2.931499938964844e+02, 2.931499938964844e+02, 2.931500549316406e+02, 2.931501159667969e+02, 2.931502380371094e+02, 2.961834411621094e+02, 3.009640197753906e+02, 2.999761352539062e+02, 3.000219116210938e+02, 2.921642456054688e+02, 2.921241760253906e+02, 2.935333862304688e+02, 2.928130187988281e+02, 2.9299951171875e+02, 2.941420593261719e+02, 3.00753173828125e+02, 2.994849243164062e+02, 2.99484619140625e+02, 2.9948486328125e+02, 2.99486572265625e+02, 2.994837036132812e+02, 2.994840087890625e+02, 2.994839782714844e+02, 2.994832763671875e+02, 2.994836730957031e+02, 3.041898803710938e+02, 3.009754943847656e+02, 3.007401123046875e+02, 3.007462158203125e+02, 3.007190246582031e+02, 3.006636047363281e+02, 3.0071044921875e+02, 3.006983642578125e+02, 3.007060852050781e+02, 3.007159118652344e+02, 3.006888427734375e+02, 3.045996398925781e+02, 3.046004943847656e+02, 3.046007690429688e+02, 3.046007690429688e+02, 3.046001892089844e+02, 3.045982971191406e+02, 3.045980834960938e+02, 3.045987548828125e+02, 3.045986633300781e+02, 3.038920288085938e+02, 3.00977294921875e+02, 3.007396850585938e+02, 3.0072314453125e+02, 3.007166442871094e+02, 3.007125244140625e+02, 3.007224426269531e+02, 3.013497009277344e+02, 3.0108740234375e+02, 3.010493774414062e+02, 3.011040954589844e+02, 3.049124145507812e+02, 3.049132995605469e+02, 3.049136657714844e+02, 3.049134826660156e+02, 3.049150085449219e+02, 3.049140930175781e+02, 3.049109191894531e+02, 3.049141235351562e+02, 3.049122009277344e+02, 3.040628967285156e+02, 3.009911193847656e+02, 3.015847778320312e+02, 3.012134704589844e+02, 3.012001647949219e+02, 3.009375610351562e+02, 2.987608642578125e+02, 2.970943908691406e+02, 2.963092346191406e+02, 2.961909484863281e+02, 3.009310607910156e+02, 2.965576782226562e+02, 2.965586547851562e+02, 2.965568542480469e+02, 2.965569458007812e+02, 2.965556335449219e+02, 2.965556945800781e+02, 2.965578918457031e+02, 2.965600891113281e+02, 2.965574645996094e+02, 3.029808959960938e+02, 3.015203857421875e+02, 3.025698547363281e+02, 2.954155578613281e+02, 2.911560363769531e+02, 2.88189453125e+02, 2.879983215332031e+02, 2.851148071289062e+02, 2.855843505859375e+02, 2.8736572265625e+02, 2.974912719726562e+02, 2.909764404296875e+02, 2.909764404296875e+02, 2.909764709472656e+02, 2.909764099121094e+02, 2.909757995605469e+02]
hvac.VAVBox[4].TSup=[2.931499938964844e+02, 2.931499938964844e+02, 2.931500854492188e+02, 2.93150146484375e+02, 2.931503295898438e+02, 2.968988342285156e+02, 3.009653930664062e+02, 3.011761169433594e+02, 2.946748352050781e+02, 2.932861022949219e+02, 2.934819030761719e+02, 2.9380224609375e+02, 2.931821594238281e+02, 2.925678405761719e+02, 2.944366760253906e+02, 3.001580505371094e+02, 2.951896667480469e+02, 2.95189453125e+02, 2.951896362304688e+02, 2.951907348632812e+02, 2.951889038085938e+02, 2.951890869140625e+02, 2.951890869140625e+02, 2.951885986328125e+02, 2.951888732910156e+02, 3.042220153808594e+02, 3.009768676757812e+02, 3.007401428222656e+02, 3.007462158203125e+02, 3.007190246582031e+02, 3.006636047363281e+02, 3.0071044921875e+02, 3.006983642578125e+02, 3.007060852050781e+02, 3.007159118652344e+02, 3.006888427734375e+02, 3.046087341308594e+02, 3.046095275878906e+02, 3.046098022460938e+02, 3.046097717285156e+02, 3.046091918945312e+02, 3.046072998046875e+02, 3.046070556640625e+02, 3.046077575683594e+02, 3.04607666015625e+02, 3.039248657226562e+02, 3.009786682128906e+02, 3.0073974609375e+02, 3.0072314453125e+02, 3.007166442871094e+02, 3.007125244140625e+02, 3.007224426269531e+02, 3.013497009277344e+02, 3.0108740234375e+02, 3.010493774414062e+02, 3.011040954589844e+02, 3.049212646484375e+02, 3.049221496582031e+02, 3.049225158691406e+02, 3.049223327636719e+02, 3.049238586425781e+02, 3.049229431152344e+02, 3.049197387695312e+02, 3.049229736328125e+02, 3.049210205078125e+02, 3.040952758789062e+02, 3.009925231933594e+02, 3.015848388671875e+02, 3.012134704589844e+02, 3.009936828613281e+02, 2.985195007324219e+02, 2.974330749511719e+02, 2.964874572753906e+02, 2.924616394042969e+02, 2.949532470703125e+02, 2.985921936035156e+02, 2.923712158203125e+02, 2.923719177246094e+02, 2.923709716796875e+02, 2.923710021972656e+02, 2.923703002929688e+02, 2.923703308105469e+02, 2.923715515136719e+02, 2.923727722167969e+02, 2.92371337890625e+02, 3.008547058105469e+02, 3.01521728515625e+02, 3.018807983398438e+02, 2.94583251953125e+02, 2.915552673339844e+02, 2.894954223632812e+02, 2.881219177246094e+02, 2.851148071289062e+02, 2.84994384765625e+02, 2.87798583984375e+02, 2.949970703125e+02, 2.869967041015625e+02, 2.869966735839844e+02, 2.869966430664062e+02, 2.869967041015625e+02, 2.869969482421875e+02]
hvac.VAVBox[5].TSup=[2.931499938964844e+02, 2.931499938964844e+02, 2.931500244140625e+02, 2.931500549316406e+02, 2.931501770019531e+02, 2.961834411621094e+02, 2.995377197265625e+02, 2.853604125976562e+02, 2.851702880859375e+02, 2.851239318847656e+02, 2.851498413085938e+02, 2.849686889648438e+02, 2.849276428222656e+02, 2.849271240234375e+02, 2.849189453125e+02, 2.873575134277344e+02, 2.857900085449219e+02, 2.857900390625e+02, 2.857899780273438e+02, 2.857897033691406e+02, 2.857900695800781e+02, 2.857900085449219e+02, 2.857900390625e+02, 2.857900695800781e+02, 2.857900695800781e+02, 3.040632934570312e+02, 3.009754943847656e+02, 3.007401123046875e+02, 3.007462158203125e+02, 3.007190246582031e+02, 3.006636047363281e+02, 3.0071044921875e+02, 3.006983642578125e+02, 3.007060852050781e+02, 3.007159118652344e+02, 3.006888427734375e+02, 3.045993041992188e+02, 3.046001586914062e+02, 3.046004028320312e+02, 3.046004028320312e+02, 3.045998229980469e+02, 3.045979614257812e+02, 3.045977478027344e+02, 3.045984497070312e+02, 3.045983276367188e+02, 3.038920288085938e+02, 3.00977294921875e+02, 3.007396850585938e+02, 3.0072314453125e+02, 3.007166442871094e+02, 3.007125244140625e+02, 3.007224426269531e+02, 3.013497009277344e+02, 3.0108740234375e+02, 3.010493774414062e+02, 3.011040954589844e+02, 3.049124145507812e+02, 3.049132690429688e+02, 3.049136352539062e+02, 3.049134826660156e+02, 3.049149475097656e+02, 3.049140625e+02, 3.049109497070312e+02, 3.049140930175781e+02, 3.049122009277344e+02, 3.040629272460938e+02, 3.009911193847656e+02, 3.015847778320312e+02, 2.999025268554688e+02, 2.913115844726562e+02, 2.887586364746094e+02, 2.88305908203125e+02, 2.872300720214844e+02, 2.8611669921875e+02, 2.86061279296875e+02, 2.911062927246094e+02, 2.86281982421875e+02, 2.862821960449219e+02, 2.862826232910156e+02, 2.862826232910156e+02, 2.862828674316406e+02, 2.862828674316406e+02, 2.86282470703125e+02, 2.862821044921875e+02, 2.862825012207031e+02, 2.959572143554688e+02, 3.015203857421875e+02, 2.8993359375e+02, 2.852279357910156e+02, 2.854083251953125e+02, 2.852624816894531e+02, 2.853017272949219e+02, 2.851146240234375e+02, 2.849945678710938e+02, 2.849200744628906e+02, 2.872364807128906e+02, 2.859652404785156e+02, 2.859652099609375e+02, 2.859651794433594e+02, 2.859652709960938e+02, 2.859658813476562e+02]
hvac.res.EFan=[0e+00, -2.073234668387158e-07, -2.071629978672718e-07, -2.07016682907124e-07, -2.066570488068464e-07, 7.36584228515625e+03, 1.1672986328125e+04, 1.5742755859375e+04, 1.9609322265625e+04, 2.34896640625e+04, 2.738076953125e+04, 3.13086953125e+04, 3.526930078125e+04, 3.923273046875e+04, 4.3196671875e+04, 4.7230734375e+04, 5.067053125e+04, 5.067053125e+04, 5.067053125e+04, 5.067053125e+04, 5.067053125e+04, 5.067053125e+04, 5.067053125e+04, 5.067053125e+04, 5.067053125e+04, 5.80359140625e+04, 6.235061328125e+04, 6.64640234375e+04, 7.0583046875e+04, 7.47036484375e+04, 7.88305e+04, 8.29569140625e+04, 8.707915625e+04, 9.12043359375e+04, 9.53277734375e+04, 9.94553984375e+04, 1.02903734375e+05, 1.02903734375e+05, 1.02903734375e+05, 1.02903734375e+05, 1.02903734375e+05, 1.02903734375e+05, 1.02903734375e+05, 1.02903734375e+05, 1.02903734375e+05, 1.10268609375e+05, 1.1458334375e+05, 1.18697046875e+05, 1.22821046875e+05, 1.26944921875e+05, 1.310685234375e+05, 1.35190390625e+05, 1.393051875e+05, 1.43430328125e+05, 1.47561078125e+05, 1.5168634375e+05, 1.55132515625e+05, 1.55132515625e+05, 1.55132515625e+05, 1.55132515625e+05, 1.55132515625e+05, 1.55132515625e+05, 1.55132515625e+05, 1.55132515625e+05, 1.55132515625e+05, 1.62482515625e+05, 1.66770625e+05, 1.708734375e+05, 1.74991234375e+05, 1.79065953125e+05, 1.8317784375e+05, 1.87300671875e+05, 1.9141659375e+05, 1.95548125e+05, 1.99669703125e+05, 2.03798625e+05, 2.072445e+05, 2.072445e+05, 2.072445e+05, 2.072445e+05, 2.072445e+05, 2.072445e+05, 2.072445e+05, 2.072445e+05, 2.072445e+05, 2.14610671875e+05, 2.18906e+05, 2.229716875e+05, 2.26834234375e+05, 2.30710140625e+05, 2.3460040625e+05, 2.38491203125e+05, 2.4238196875e+05, 2.46272609375e+05, 2.50163359375e+05, 2.54133625e+05, 2.57566703125e+05, 2.57566703125e+05, 2.57566703125e+05, 2.57566703125e+05, 2.57566703125e+05]
hvac.res.EHea=[0e+00, 0e+00, 0e+00, 0e+00, 0e+00, 1.135423828125e+04, 1.31290734375e+05, 2.53070046875e+05, 3.18937625e+05, 3.7451884375e+05, 4.32058375e+05, 5.00557e+05, 5.685735e+05, 6.351813125e+05, 7.049053125e+05, 8.032455625e+05, 9.04408375e+05, 9.04408375e+05, 9.04408375e+05, 9.04408375e+05, 9.04408375e+05, 9.04408375e+05, 9.04408375e+05, 9.04408375e+05, 9.04408375e+05, 9.423884375e+05, 1.073724e+06, 1.210214125e+06, 1.347105375e+06, 1.483846125e+06, 1.61295175e+06, 1.738352125e+06, 1.863750375e+06, 1.9923185e+06, 2.12757825e+06, 2.2649995e+06, 2.3797195e+06, 2.3797195e+06, 2.3797195e+06, 2.3797195e+06, 2.3797195e+06, 2.3797195e+06, 2.3797195e+06, 2.3797195e+06, 2.3797195e+06, 2.42208e+06, 2.55344475e+06, 2.68994825e+06, 2.8270475e+06, 2.96424e+06, 3.1014905e+06, 3.23870225e+06, 3.3747655e+06, 3.50153725e+06, 3.627757e+06, 3.756177e+06, 3.8637375e+06, 3.8637375e+06, 3.8637375e+06, 3.8637375e+06, 3.8637375e+06, 3.8637375e+06, 3.8637375e+06, 3.8637375e+06, 3.8637375e+06, 3.90447025e+06, 4.03484625e+06, 4.169043e+06, 4.28506e+06, 4.3755865e+06, 4.4465235e+06, 4.5039425e+06, 4.547118e+06, 4.579724e+06, 4.61744e+06, 4.681423e+06, 4.748018e+06, 4.748018e+06, 4.748018e+06, 4.748018e+06, 4.748018e+06, 4.748018e+06, 4.748018e+06, 4.748018e+06, 4.748018e+06, 4.7616865e+06, 4.8776625e+06, 4.978195e+06, 5.0296505e+06, 5.062969e+06, 5.0850875e+06, 5.105842e+06, 5.1160265e+06, 5.1249045e+06, 5.1409885e+06, 5.183691e+06, 5.239842e+06, 5.239842e+06, 5.239842e+06, 5.239842e+06, 5.239842e+06]
hvac.res.ECoo=[0e+00, 0e+00, 0e+00, 0e+00, 0e+00, 0e+00, 0e+00, 0e+00, 0e+00, 0e+00, 0e+00, 0e+00, 0e+00, 0e+00, 0e+00, 0e+00, 0e+00, 0e+00, 0e+00, 0e+00, 0e+00, 0e+00, 0e+00, 0e+00, 0e+00, 0e+00, 0e+00, 0e+00, 0e+00, 0e+00, 0e+00, 0e+00, 0e+00, 0e+00, 0e+00, 0e+00, 0e+00, 0e+00, 0e+00, 0e+00, 0e+00, 0e+00, 0e+00, 0e+00, 0e+00, 0e+00, 0e+00, 0e+00, 0e+00, 0e+00, 0e+00, 0e+00, 0e+00, 0e+00, 0e+00, 0e+00, 0e+00, 0e+00, 0e+00, 0e+00, 0e+00, 0e+00, 0e+00, 0e+00, 0e+00, 0e+00, 0e+00, 0e+00, 0e+00, 0e+00, 0e+00, 0e+00, 0e+00, 0e+00, 0e+00, 0e+00, 0e+00, 0e+00, 0e+00, 0e+00, 0e+00, 0e+00, 0e+00, 0e+00, 0e+00, 0e+00, 0e+00, 0e+00, 0e+00, 0e+00, 0e+00, 0e+00, 0e+00, 0e+00, 0e+00, 0e+00, 0e+00, 0e+00, 0e+00, 0e+00, 0e+00]
