last-generated=2020-01-08
statistics-simulation=
{
  "linear": " ",
  "nonlinear": " ",
  "number of continuous time states": "3",
  "numerical Jacobians": "0"
}
absIndHotWat.QEva_flow=[-6.20068798828125e+03, -6.18059326171875e+03, -6.16049853515625e+03, -6.1404033203125e+03, -6.12030859375e+03, -6.1002138671875e+03, -6.080119140625e+03, 0e+00, 0e+00, 0e+00, 0e+00, 0e+00, 0e+00, -5.939455078125e+03, -5.9193603515625e+03, -5.899265625e+03, -5.8791708984375e+03, -5.859076171875e+03, -5.83898095703125e+03, -5.81888623046875e+03, 0e+00, 0e+00, 0e+00, 0e+00, 0e+00, 0e+00, -5.67822265625e+03, -5.6581279296875e+03, -5.638033203125e+03, -5.61793798828125e+03, -5.59784326171875e+03, -5.57774853515625e+03, -5.55765380859375e+03, 0e+00, 0e+00, 0e+00, 0e+00, 0e+00, 0e+00, -5.41698974609375e+03, -5.39689501953125e+03, -5.37680029296875e+03, -5.35670556640625e+03, -5.33661083984375e+03, -5.316515625e+03, -5.2964208984375e+03, 0e+00, 0e+00, 0e+00, 0e+00, 0e+00, 0e+00, -5.15575732421875e+03, -5.13566259765625e+03, -5.1155673828125e+03, -5.09547265625e+03, -5.0753779296875e+03, -5.055283203125e+03, -2.291926648467779e-10, 0e+00, 0e+00, 0e+00, 0e+00, 0e+00, 0e+00, -4.8945244140625e+03, -4.8744296875e+03, -4.8543349609375e+03, -4.834240234375e+03, -4.8141455078125e+03, -4.79405029296875e+03, 0e+00, 0e+00, 0e+00, 0e+00, 0e+00, 0e+00, 0e+00, -4.6332919921875e+03, -4.613197265625e+03, -4.59310205078125e+03, -4.57300732421875e+03, -4.55291259765625e+03, -4.53281787109375e+03, 0e+00, 0e+00, 0e+00, 0e+00, 0e+00, 0e+00, 0e+00, -4.37205908203125e+03, -4.35196435546875e+03, -4.33186962890625e+03, -4.31177490234375e+03, -4.2916796875e+03, -4.2715849609375e+03, 0e+00, 0e+00, 0e+00, 0e+00]
absIndHotWat.QGen_flow=[9.9485556640625e+03, 1.00648427734375e+04, 1.00489453125e+04, 1.0031953125e+04, 1.0015091796875e+04, 9.998375e+03, 9.981802734375e+03, 0e+00, 0e+00, 0e+00, 0e+00, 0e+00, 0e+00, 9.6735966796875e+03, 9.851185546875e+03, 9.839375e+03, 9.8243623046875e+03, 9.809474609375e+03, 9.7947490234375e+03, 9.7801865234375e+03, 0e+00, 0e+00, 0e+00, 0e+00, 0e+00, 0e+00, 9.564111328125e+03, 9.66821484375e+03, 9.6566123046875e+03, 9.6437548828125e+03, 9.6310595703125e+03, 9.618541015625e+03, 9.6062001953125e+03, 0e+00, 0e+00, 0e+00, 0e+00, 0e+00, 0e+00, 9.4747861328125e+03, 9.5134794921875e+03, 9.5033544921875e+03, 9.492869140625e+03, 9.4825693359375e+03, 9.4724619140625e+03, 9.462548828125e+03, 0e+00, 0e+00, 0e+00, 0e+00, 0e+00, 0e+00, 9.3822451171875e+03, 9.390193359375e+03, 9.3822578125e+03, 9.3743515625e+03, 9.36665234375e+03, 9.3591611328125e+03, 4.256435204297304e-10, 0e+00, 0e+00, 0e+00, 0e+00, 0e+00, 0e+00, 9.3043046875e+03, 9.30130078125e+03, 9.2959921875e+03, 9.2908779296875e+03, 9.285986328125e+03, 9.2813193359375e+03, 0e+00, 0e+00, 0e+00, 0e+00, 0e+00, 0e+00, 0e+00, 9.2543037109375e+03, 9.249677734375e+03, 9.2473134765625e+03, 9.24520703125e+03, 9.2433427734375e+03, 9.2417197265625e+03, 0e+00, 0e+00, 0e+00, 0e+00, 0e+00, 0e+00, 0e+00, 9.240544921875e+03, 9.2382705078125e+03, 9.2391171875e+03, 9.175412109375e+03, 9.101447265625e+03, 9.0282197265625e+03, 0e+00, 0e+00, 0e+00, 0e+00]
absIndHotWat.QCon_flow=[1.6299244140625e+04, 1.6395435546875e+04, 1.63594443359375e+04, 1.63223564453125e+04, 1.6285400390625e+04, 1.62485888671875e+04, 1.6211921875e+04, 0e+00, 0e+00, 0e+00, 0e+00, 0e+00, 0e+00, 1.57630517578125e+04, 1.59205458984375e+04, 1.5888640625e+04, 1.5853533203125e+04, 1.581855078125e+04, 1.578373046875e+04, 1.5749072265625e+04, 0e+00, 0e+00, 0e+00, 0e+00, 0e+00, 0e+00, 1.5392333984375e+04, 1.54763427734375e+04, 1.54446455078125e+04, 1.54116923828125e+04, 1.53789033203125e+04, 1.53462900390625e+04, 1.53138544921875e+04, 0e+00, 0e+00, 0e+00, 0e+00, 0e+00, 0e+00, 1.5041775390625e+04, 1.5060375e+04, 1.5030154296875e+04, 1.499957421875e+04, 1.49691796875e+04, 1.4938978515625e+04, 1.49089697265625e+04, 0e+00, 0e+00, 0e+00, 0e+00, 0e+00, 0e+00, 1.4688001953125e+04, 1.467585546875e+04, 1.46478251953125e+04, 1.461982421875e+04, 1.45920302734375e+04, 1.45644443359375e+04, 6.621121428906918e-10, 0e+00, 0e+00, 0e+00, 0e+00, 0e+00, 0e+00, 1.43488291015625e+04, 1.432573046875e+04, 1.43003271484375e+04, 1.42751171875e+04, 1.42501318359375e+04, 1.42253701171875e+04, 0e+00, 0e+00, 0e+00, 0e+00, 0e+00, 0e+00, 0e+00, 1.4037595703125e+04, 1.4012875e+04, 1.3990416015625e+04, 1.396821484375e+04, 1.39462548828125e+04, 1.39245380859375e+04, 0e+00, 0e+00, 0e+00, 0e+00, 0e+00, 0e+00, 0e+00, 1.37626044921875e+04, 1.3740234375e+04, 1.3720986328125e+04, 1.3636134765625e+04, 1.35408515625e+04, 1.3446314453125e+04, 0e+00, 0e+00, 0e+00, 0e+00]
time=[0e+00, 1.4e+04]
absIndHotWat.sta_b1.T=[2.981499938964844e+02, 2.967648010253906e+02, 2.967931823730469e+02, 2.968336486816406e+02, 2.968742065429688e+02, 2.96914794921875e+02, 2.969554443359375e+02, 2.937244567871094e+02, 2.935307922363281e+02, 2.935771179199219e+02, 2.936257019042969e+02, 2.9367431640625e+02, 2.93722900390625e+02, 2.954563293457031e+02, 2.972616271972656e+02, 2.973224182128906e+02, 2.973636169433594e+02, 2.974046325683594e+02, 2.974456481933594e+02, 2.974867248535156e+02, 2.942338256835938e+02, 2.941615905761719e+02, 2.942090454101562e+02, 2.942576293945312e+02, 2.943062438964844e+02, 2.943548583984375e+02, 2.968793334960938e+02, 2.978067626953125e+02, 2.9785791015625e+02, 2.978994445800781e+02, 2.979409484863281e+02, 2.979824523925781e+02, 2.980240173339844e+02, 2.948046875e+02, 2.9479296875e+02, 2.948409729003906e+02, 2.948895568847656e+02, 2.949382019042969e+02, 2.9498681640625e+02, 2.978698425292969e+02, 2.983531188964844e+02, 2.983997497558594e+02, 2.984417419433594e+02, 2.984837341308594e+02, 2.985257873535156e+02, 2.9856787109375e+02, 2.954061889648438e+02, 2.954245910644531e+02, 2.954729309082031e+02, 2.955215148925781e+02, 2.955701293945312e+02, 2.956187438964844e+02, 2.98644287109375e+02, 2.9890380859375e+02, 2.989485168457031e+02, 2.989910583496094e+02, 2.990336303710938e+02, 2.990762329101562e+02, 2.975818176269532e+02, 2.960228881835938e+02, 2.96056396484375e+02, 2.961048583984375e+02, 2.961534423828125e+02, 2.962020874023438e+02, 2.962507019042969e+02, 2.993127136230469e+02, 2.994607543945312e+02, 2.995048522949219e+02, 2.995479736328125e+02, 2.995911560058594e+02, 2.996343688964844e+02, 2.974049987792969e+02, 2.966472473144531e+02, 2.966882629394531e+02, 2.967368469238281e+02, 2.967854309082031e+02, 2.968340148925781e+02, 2.968826599121094e+02, 2.999317626953125e+02, 3.00025146484375e+02, 3.000693359375e+02, 3.001130981445312e+02, 3.001569213867188e+02, 3.002008056640625e+02, 2.97632080078125e+02, 2.97275390625e+02, 2.973201599121094e+02, 2.973687438964844e+02, 2.974173583984375e+02, 2.974659729003906e+02, 2.975145874023438e+02, 3.005307006835938e+02, 3.005979614257812e+02, 3.00642578125e+02, 3.0067626953125e+02, 3.007041625976562e+02, 3.007322387695312e+02, 2.980575561523438e+02, 2.979053955078125e+02, 2.979521179199219e+02, 2.980007019042969e+02]
absIndHotWat.sta_a1.T=[2.931499938964844e+02, 2.931986083984375e+02, 2.932472229003906e+02, 2.932958374023438e+02, 2.933444519042969e+02, 2.9339306640625e+02, 2.934416809082031e+02, 2.934902648925781e+02, 2.935388793945312e+02, 2.935874938964844e+02, 2.936361083984375e+02, 2.936847229003906e+02, 2.937333374023438e+02, 2.937819519042969e+02, 2.9383056640625e+02, 2.938791809082031e+02, 2.939277648925781e+02, 2.939763793945312e+02, 2.940249938964844e+02, 2.940736083984375e+02, 2.941222229003906e+02, 2.941708374023438e+02, 2.942194519042969e+02, 2.9426806640625e+02, 2.943166809082031e+02, 2.943652648925781e+02, 2.944138793945312e+02, 2.944624938964844e+02, 2.945111083984375e+02, 2.945597229003906e+02, 2.946083374023438e+02, 2.946569519042969e+02, 2.9470556640625e+02, 2.947541809082031e+02, 2.948027648925781e+02, 2.948513793945312e+02, 2.948999938964844e+02, 2.949486083984375e+02, 2.949972229003906e+02, 2.950458374023438e+02, 2.950944519042969e+02, 2.9514306640625e+02, 2.951916809082031e+02, 2.952402648925781e+02, 2.952888793945312e+02, 2.953374938964844e+02, 2.953861083984375e+02, 2.954347229003906e+02, 2.954833374023438e+02, 2.955319519042969e+02, 2.9558056640625e+02, 2.956291809082031e+02, 2.956777648925781e+02, 2.957263793945312e+02, 2.957749938964844e+02, 2.958236083984375e+02, 2.958722229003906e+02, 2.959208374023438e+02, 2.959694519042969e+02, 2.9601806640625e+02, 2.960666809082031e+02, 2.961152648925781e+02, 2.961638793945312e+02, 2.962124938964844e+02, 2.962611083984375e+02, 2.963097229003906e+02, 2.963583374023438e+02, 2.964069519042969e+02, 2.9645556640625e+02, 2.965041809082031e+02, 2.965527648925781e+02, 2.966013793945312e+02, 2.966499938964844e+02, 2.966986083984375e+02, 2.967472229003906e+02, 2.967958374023438e+02, 2.968444519042969e+02, 2.9689306640625e+02, 2.969416809082031e+02, 2.969902648925781e+02, 2.970388793945312e+02, 2.970874938964844e+02, 2.971361083984375e+02, 2.971847229003906e+02, 2.972333374023438e+02, 2.972819519042969e+02, 2.9733056640625e+02, 2.973791809082031e+02, 2.974277648925781e+02, 2.974763793945312e+02, 2.975249938964844e+02, 2.975736083984375e+02, 2.976222229003906e+02, 2.976708374023438e+02, 2.977194519042969e+02, 2.9776806640625e+02, 2.978166809082031e+02, 2.978652648925781e+02, 2.979138793945312e+02, 2.979624938964844e+02, 2.980111083984375e+02]
absIndHotWat.sta_b2.T=[2.801499938964844e+02, 2.791900329589844e+02, 2.792195434570312e+02, 2.792583312988281e+02, 2.792972412109375e+02, 2.793361206054688e+02, 2.79375e+02, 2.848735046386719e+02, 2.852975463867188e+02, 2.8532080078125e+02, 2.853403015136719e+02, 2.853597106933594e+02, 2.853791809082031e+02, 2.826015319824219e+02, 2.797139282226562e+02, 2.797252807617188e+02, 2.797638854980469e+02, 2.798027648925781e+02, 2.798416748046875e+02, 2.798805541992188e+02, 2.853339538574219e+02, 2.8555224609375e+02, 2.855736083984375e+02, 2.855930480957031e+02, 2.856125183105469e+02, 2.856319580078125e+02, 2.816036682128906e+02, 2.80205322265625e+02, 2.802306823730469e+02, 2.802694396972656e+02, 2.803083190917969e+02, 2.803472290039062e+02, 2.803861083984375e+02, 2.856890258789062e+02, 2.858059692382812e+02, 2.858263854980469e+02, 2.858458557128906e+02, 2.858652648925781e+02, 2.858847351074219e+02, 2.813693542480469e+02, 2.807039184570312e+02, 2.807361755371094e+02, 2.807749938964844e+02, 2.808139038085938e+02, 2.80852783203125e+02, 2.808916625976562e+02, 2.859920043945312e+02, 2.860592651367188e+02, 2.860791320800781e+02, 2.860986328125e+02, 2.861180419921875e+02, 2.861374816894531e+02, 2.815115356445312e+02, 2.812060852050781e+02, 2.8124169921875e+02, 2.812805786132812e+02, 2.813194274902344e+02, 2.813583374023438e+02, 2.837684936523436e+02, 2.8626953125e+02, 2.86312255859375e+02, 2.863319396972656e+02, 2.863514404296875e+02, 2.86370849609375e+02, 2.863902587890625e+02, 2.818389892578125e+02, 2.817099304199219e+02, 2.817472229003906e+02, 2.817861022949219e+02, 2.818250122070312e+02, 2.818638916015625e+02, 2.853061828613281e+02, 2.865343322753906e+02, 2.865651550292969e+02, 2.865846557617188e+02, 2.866041564941406e+02, 2.866236267089844e+02, 2.866430358886719e+02, 2.822574768066406e+02, 2.822146606445312e+02, 2.822527770996094e+02, 2.822916564941406e+02, 2.823305358886719e+02, 2.823694458007812e+02, 2.861865844726562e+02, 2.867930297851562e+02, 2.868180236816406e+02, 2.868374938964844e+02, 2.8685693359375e+02, 2.868764038085938e+02, 2.868958435058594e+02, 2.827205200195312e+02, 2.827198181152344e+02, 2.827583312988281e+02, 2.827972106933594e+02, 2.828361206054688e+02, 2.82875e+02, 2.867450561523438e+02, 2.870486755371094e+02, 2.8707080078125e+02, 2.870902404785156e+02]
absIndHotWat.TSet=[2.791499938964844e+02, 2.791889038085938e+02, 2.79227783203125e+02, 2.792666625976562e+02, 2.793055419921875e+02, 2.793444519042969e+02, 2.793833312988281e+02, 2.794222106933594e+02, 2.794611206054688e+02, 2.795e+02, 2.795388793945312e+02, 2.795777893066406e+02, 2.796166687011719e+02, 2.796555480957031e+02, 2.796944580078125e+02, 2.797333374023438e+02, 2.79772216796875e+02, 2.798110961914062e+02, 2.798500061035156e+02, 2.798888854980469e+02, 2.799277648925781e+02, 2.799666748046875e+02, 2.800055541992188e+02, 2.8004443359375e+02, 2.800833435058594e+02, 2.801222229003906e+02, 2.801611022949219e+02, 2.802000122070312e+02, 2.802388916015625e+02, 2.802777709960938e+02, 2.803166809082031e+02, 2.803555603027344e+02, 2.803944396972656e+02, 2.804333190917969e+02, 2.804722290039062e+02, 2.805111083984375e+02, 2.805499877929688e+02, 2.805888977050781e+02, 2.806277770996094e+02, 2.806666564941406e+02, 2.8070556640625e+02, 2.807444458007812e+02, 2.807833251953125e+02, 2.808222351074219e+02, 2.808611145019531e+02, 2.808999938964844e+02, 2.809389038085938e+02, 2.80977783203125e+02, 2.810166625976562e+02, 2.810555419921875e+02, 2.810944519042969e+02, 2.811333312988281e+02, 2.811722106933594e+02, 2.812111206054688e+02, 2.8125e+02, 2.812888793945312e+02, 2.813277893066406e+02, 2.813666687011719e+02, 2.814055480957031e+02, 2.814444580078125e+02, 2.814833374023438e+02, 2.81522216796875e+02, 2.815610961914062e+02, 2.816000061035156e+02, 2.816388854980469e+02, 2.816777648925781e+02, 2.817166748046875e+02, 2.817555541992188e+02, 2.8179443359375e+02, 2.818333435058594e+02, 2.818722229003906e+02, 2.819111022949219e+02, 2.819500122070312e+02, 2.819888916015625e+02, 2.820277709960938e+02, 2.820666809082031e+02, 2.821055603027344e+02, 2.821444396972656e+02, 2.821833190917969e+02, 2.822222290039062e+02, 2.822611083984375e+02, 2.822999877929688e+02, 2.823388977050781e+02, 2.823777770996094e+02, 2.824166564941406e+02, 2.8245556640625e+02, 2.824944458007812e+02, 2.825333251953125e+02, 2.825722351074219e+02, 2.826111145019531e+02, 2.826499938964844e+02, 2.826889038085938e+02, 2.82727783203125e+02, 2.827666625976562e+02, 2.828055419921875e+02, 2.828444519042969e+02, 2.828833312988281e+02, 2.829222106933594e+02, 2.829611206054688e+02, 2.83e+02, 2.830388793945312e+02]
absIndHotWat.sta_a2.T=[2.851499938964844e+02, 2.8516943359375e+02, 2.851889038085938e+02, 2.852083435058594e+02, 2.85227783203125e+02, 2.852472229003906e+02, 2.852666625976562e+02, 2.852861022949219e+02, 2.853055419921875e+02, 2.853250122070312e+02, 2.853444519042969e+02, 2.853638916015625e+02, 2.853833312988281e+02, 2.854027709960938e+02, 2.854222106933594e+02, 2.854416809082031e+02, 2.854611206054688e+02, 2.854805603027344e+02, 2.855e+02, 2.855194396972656e+02, 2.855388793945312e+02, 2.855583190917969e+02, 2.855777893066406e+02, 2.855972290039062e+02, 2.856166687011719e+02, 2.856361083984375e+02, 2.856555480957031e+02, 2.856749877929688e+02, 2.856944580078125e+02, 2.857138977050781e+02, 2.857333374023438e+02, 2.857527770996094e+02, 2.85772216796875e+02, 2.857916564941406e+02, 2.858110961914062e+02, 2.8583056640625e+02, 2.858500061035156e+02, 2.858694458007812e+02, 2.858888854980469e+02, 2.859083251953125e+02, 2.859277648925781e+02, 2.859472351074219e+02, 2.859666748046875e+02, 2.859861145019531e+02, 2.860055541992188e+02, 2.860249938964844e+02, 2.8604443359375e+02, 2.860639038085938e+02, 2.860833435058594e+02, 2.86102783203125e+02, 2.861222229003906e+02, 2.861416625976562e+02, 2.861611022949219e+02, 2.861805419921875e+02, 2.862000122070312e+02, 2.862194519042969e+02, 2.862388916015625e+02, 2.862583312988281e+02, 2.862777709960938e+02, 2.862972106933594e+02, 2.863166809082031e+02, 2.863361206054688e+02, 2.863555603027344e+02, 2.86375e+02, 2.863944396972656e+02, 2.864138793945312e+02, 2.864333190917969e+02, 2.864527893066406e+02, 2.864722290039062e+02, 2.864916687011719e+02, 2.865111083984375e+02, 2.865305480957031e+02, 2.865499877929688e+02, 2.865694580078125e+02, 2.865888977050781e+02, 2.866083374023438e+02, 2.866277770996094e+02, 2.86647216796875e+02, 2.866666564941406e+02, 2.866860961914062e+02, 2.8670556640625e+02, 2.867250061035156e+02, 2.867444458007812e+02, 2.867638854980469e+02, 2.867833251953125e+02, 2.868027648925781e+02, 2.868222351074219e+02, 2.868416748046875e+02, 2.868611145019531e+02, 2.868805541992188e+02, 2.868999938964844e+02, 2.8691943359375e+02, 2.869389038085938e+02, 2.869583435058594e+02, 2.86977783203125e+02, 2.869972229003906e+02, 2.870166625976562e+02, 2.870361022949219e+02, 2.870555419921875e+02, 2.870750122070312e+02, 2.870944519042969e+02]
