last-generated=2024-03-22
statistics-simulation=
{
  "linear": "0",
  "nonlinear": " ",
  "number of continuous time states": "4",
  "numerical Jacobians": "0"
}
time=[0e+00, 1.728e+05]
zon.TAir=[2.931499938964844e+02, 2.898281555175781e+02, 2.891467895507812e+02, 2.885250244140625e+02, 2.879981994628906e+02, 2.875408630371094e+02, 2.871351928710938e+02, 2.867419738769531e+02, 2.863540954589844e+02, 2.860072021484375e+02, 2.856974792480469e+02, 2.853902893066406e+02, 2.850880432128906e+02, 2.847944641113281e+02, 2.845064392089844e+02, 2.843174133300781e+02, 2.847691345214844e+02, 2.853382873535156e+02, 2.861144409179688e+02, 2.868779907226562e+02, 2.876759643554688e+02, 2.883543701171875e+02, 2.889505920410156e+02, 2.893346557617188e+02, 2.896293029785156e+02, 2.896630249023438e+02, 2.895556030273438e+02, 2.895119323730469e+02, 2.894383850097656e+02, 2.894071960449219e+02, 2.89351318359375e+02, 2.891918640136719e+02, 2.889115600585938e+02, 2.886019287109375e+02, 2.882835998535156e+02, 2.879609985351562e+02, 2.877027282714844e+02, 2.874327087402344e+02, 2.87166259765625e+02, 2.868968505859375e+02, 2.865736999511719e+02, 2.859407653808594e+02, 2.85764892578125e+02, 2.855425720214844e+02, 2.853354187011719e+02, 2.85147705078125e+02, 2.849639282226562e+02, 2.847425231933594e+02, 2.845181579589844e+02, 2.843291320800781e+02, 2.841505126953125e+02, 2.842961120605469e+02, 2.840189819335938e+02, 2.838777160644531e+02, 2.837948913574219e+02, 2.83657470703125e+02, 2.834947204589844e+02, 2.833717651367188e+02, 2.832817077636719e+02, 2.832251892089844e+02, 2.832210083007812e+02, 2.831896057128906e+02, 2.831093139648438e+02, 2.828599243164062e+02, 2.827691345214844e+02, 2.835169372558594e+02, 2.843935241699219e+02, 2.847550659179688e+02, 2.851058959960938e+02, 2.854756469726562e+02, 2.858882751464844e+02, 2.86236083984375e+02, 2.865664978027344e+02, 2.869273986816406e+02, 2.872646484375e+02, 2.8756591796875e+02, 2.876623840332031e+02, 2.879025268554688e+02, 2.882265319824219e+02, 2.882285461425781e+02, 2.882098083496094e+02, 2.881530151367188e+02, 2.8805810546875e+02, 2.879842529296875e+02, 2.876778259277344e+02, 2.874072570800781e+02, 2.866112976074219e+02, 2.861291198730469e+02, 2.858359069824219e+02, 2.856979675292969e+02, 2.855333557128906e+02, 2.848577270507812e+02, 2.847196655273438e+02, 2.845916137695312e+02, 2.844851989746094e+02, 2.843971252441406e+02, 2.843135986328125e+02, 2.841295776367188e+02, 2.838990173339844e+02, 2.837464599609375e+02, 2.835978698730469e+02]
