last-generated=2017-06-22
statistics-initialization=
{
  "numerical Jacobians": "0", 
  "nonlinear": "15, 15, 15, 15, 15, 15, 15, 15, 2", 
  "linear": "0"
}
statistics-simulation=
{
  "numerical Jacobians": "0", 
  "nonlinear": "1, 2, 12, 12, 12, 12, 12, 12, 12, 12", 
  "number of continuous time states": "255", 
  "linear": "0, 0, 8, 0, 0, 0, 0, 0, 0, 0, 0, 0, 0, 0, 0, 0, 0, 0, 0, 0, 0, 0, 0, 0, 0, 0, 0"
}
weaDat.weaBus.TDryBul=[2.609500122070312e+02, 2.612774658203125e+02, 2.621011047363281e+02, 2.625499877929688e+02, 2.625499877929688e+02, 2.634906005859375e+02, 2.665859985351562e+02, 2.694419860839844e+02, 2.715532531738281e+02, 2.720499877929688e+02, 2.720499877929688e+02, 2.711899108886719e+02, 2.720211181640625e+02, 2.720336303710938e+02, 2.714474182128906e+02, 2.693314514160156e+02, 2.698616027832031e+02, 2.713856811523438e+02, 2.721641845703125e+02, 2.72510986328125e+02, 2.73510009765625e+02, 2.748500061035156e+02, 2.748500061035156e+02, 2.725921325683594e+02, 2.73848876953125e+02, 2.725499877929688e+02, 2.740790100097656e+02, 2.75053955078125e+02, 2.731499938964844e+02, 2.731499938964844e+02, 2.733664245605469e+02, 2.7306201171875e+02, 2.712139892578125e+02, 2.697578430175781e+02, 2.687122497558594e+02, 2.691380004882812e+02, 2.701607055664062e+02, 2.703500061035156e+02, 2.703500061035156e+02, 2.703500061035156e+02, 2.703500061035156e+02, 2.703500061035156e+02, 2.703500061035156e+02, 2.703500061035156e+02, 2.703500061035156e+02, 2.700260009765625e+02, 2.698500061035156e+02, 2.703376159667969e+02, 2.707337341308594e+02, 2.714786071777344e+02, 2.720499877929688e+02, 2.726159973144531e+02, 2.7205712890625e+02, 2.703059997558594e+02, 2.684580078125e+02, 2.684077453613281e+02, 2.6806201171875e+02, 2.662139892578125e+02, 2.661690368652344e+02, 2.658251953125e+02, 2.615640869140625e+02, 2.582152099609375e+02, 2.592766723632812e+02, 2.610854797363281e+02, 2.64716796875e+02, 2.666700134277344e+02, 2.690650634765625e+02, 2.692225952148438e+02, 2.680060119628906e+02, 2.665409545898438e+02, 2.646900024414062e+02, 2.639419860839844e+02, 2.62093994140625e+02, 2.614129638671875e+02, 2.591625671386719e+02, 2.5875e+02, 2.582370910644531e+02, 2.594412841796875e+02, 2.609939880371094e+02, 2.616118469238281e+02, 2.618193054199219e+02, 2.608738708496093e+02, 2.578509826660156e+02, 2.558468933105469e+02, 2.543108673095703e+02, 2.552683868408203e+02, 2.542709197998047e+02, 2.536540069580078e+02, 2.5264599609375e+02, 2.515209808349609e+02, 2.503481140136719e+02, 2.545215454101562e+02, 2.581070861816406e+02, 2.589879760742188e+02, 2.603697204589844e+02, 2.595094604492188e+02, 2.568208923339844e+02, 2.548866882324219e+02, 2.541324615478516e+02, 2.532756500244141e+02, 2.531499938964844e+02]
time=[0e+00, 6.048e+05]
weaDat.weaBus.HDirNor=[9.999999747378752e-05, 9.999999747378752e-05, 9.999999747378752e-05, 9.999999747378752e-05, 4.790056943893433e-01, 3.686282958984375e+02, 6.625081787109375e+02, 4.312069091796866e+02, 5.411502075195312e+01, 5.657868957519531e+01, 9.999999747378752e-05, 9.999999747378752e-05, 9.999999747378752e-05, 9.999999747378752e-05, 9.999999747378752e-05, 9.999999747378752e-05, 9.999999747378752e-05, 9.999999747378752e-05, 9.999999747378752e-05, 1.905120015144348e+00, 9.585999846458435e-01, 1.779999971389771e+00, 1.813752055168152e+00, 9.999999747378752e-05, 9.999999747378752e-05, 9.999999747378752e-05, 9.999999747378752e-05, 9.999999747378752e-05, 9.999999747378752e-05, 9.999999747378752e-05, 9.999999747378752e-05, 9.999999747378752e-05, 9.999999747378752e-05, 9.999999747378752e-05, 3.721466660499488e-01, 2.894999980926514e-01, 1e+00, 1e+00, 7.318080067634583e-01, 9.999999747378752e-05, 9.999999747378752e-05, 9.999999747378752e-05, 9.999999747378752e-05, 9.999999747378752e-05, 9.999999747378752e-05, 9.999999747378752e-05, 9.999999747378752e-05, 9.999999747378752e-05, 5.331199988722801e-02, 1e+00, 5.416666865348816e-01, 8.741199970245361e-01, 9.999999747378752e-05, 9.999999747378752e-05, 9.999999747378752e-05, 9.999999747378752e-05, 9.999999747378752e-05, 9.999999747378752e-05, 9.999999747378752e-05, 9.999999747378752e-05, 9.999999747378752e-05, 9.999999747378752e-05, 2.880619812011719e+02, 7.751649169921875e+02, 8.5933056640625e+02, 7.74879638671875e+02, 4.252257690429688e+02, 5.739785385131836e+01, 9.999999747378752e-05, 9.999999747378752e-05, 9.999999747378752e-05, 9.999999747378752e-05, 9.999999747378752e-05, 9.999999747378752e-05, 9.999999747378752e-05, 9.999999747378752e-05, 8.404290771484375e+01, 6.168316650390625e+02, 2.696745910644531e+02, 7.800930023193359e+01, 9.641504669189453e+01, 6.644139099121031e+01, 9.999999750276434e-05, 9.999999747378752e-05, 9.999999747378752e-05, 9.999999747378752e-05, 9.999999747378752e-05, 9.999999747378752e-05, 9.999999747378752e-05, 9.999999747378752e-05, 1.037647857666016e+02, 7.07604736328125e+02, 8.80940673828125e+02, 9.020025024414062e+02, 8.423399658203125e+02, 5.655880126953125e+02, 8.352803230285645e+00, 9.999999747378752e-05, 9.999999747378752e-05, 9.999999747378752e-05, 9.999999747378752e-05]
weaDat.weaBus.HGloHor=[9.999999747378752e-05, 9.999999747378752e-05, 9.999999747378752e-05, 9.999999747378752e-05, 9.999999747378752e-05, 1.025815353393555e+02, 3.044623718261719e+02, 3.372630615234372e+02, 1.835730590820312e+02, 7.442298889160156e+01, 2.312187433242798e+00, 9.999999747378752e-05, 9.999999747378752e-05, 9.999999747378752e-05, 9.999999747378752e-05, 9.999999747378752e-05, 9.999999747378752e-05, 9.999999747378752e-05, 9.999999747378752e-05, 1.92087574005127e+01, 1.262883834838867e+02, 1.684425354003906e+02, 1.800178680419922e+02, 1.135551300048828e+02, 1.464144802093506e+01, 9.999999747378752e-05, 9.999999747378752e-05, 9.999999747378752e-05, 9.999999747378752e-05, 9.999999747378752e-05, 9.999999747378752e-05, 9.999999747378752e-05, 9.999999747378752e-05, 1.767200088500977e+01, 1.347597351074226e+02, 2.175667419433594e+02, 2.160484008789062e+02, 1.723790588378906e+02, 5.32529296875e+01, 9.999999747378752e-05, 9.999999747378752e-05, 9.999999747378752e-05, 9.999999747378752e-05, 9.999999747378752e-05, 9.999999747378752e-05, 9.999999747378752e-05, 9.999999747378752e-05, 2.804630994796753e+00, 8.430634307861328e+01, 1.744434356689453e+02, 1.952538757324219e+02, 1.509707641601562e+02, 6.984014129638672e+01, 3.095707893371582e+00, 9.999999747378752e-05, 9.999999747378752e-05, 9.999999747378752e-05, 9.999999747378752e-05, 9.999999747378752e-05, 9.999999747378752e-05, 9.999999747378752e-05, 9.999999747378752e-05, 8.068932342529297e+01, 3.121475524902344e+02, 4.365852966308594e+02, 3.753271484375e+02, 1.862212524414062e+02, 1.553165531158447e+01, 9.999999747378752e-05, 9.999999747378752e-05, 9.999999747378752e-05, 9.999999747378752e-05, 9.999999747378752e-05, 9.999999747378752e-05, 9.999999747378752e-05, 9.999999747378752e-05, 3.503750610351562e+01, 2.373762969970703e+02, 2.670227966308594e+02, 2.172436370849609e+02, 1.543636322021484e+02, 4.700918960571176e+01, 9.999999747595245e-05, 9.999999747378752e-05, 9.999999747378752e-05, 9.999999747378752e-05, 9.999999747378752e-05, 9.999999747378752e-05, 9.999999747378752e-05, 9.999999747378752e-05, 1.274240970611572e+01, 1.940768432617188e+02, 3.971203918457031e+02, 4.48487060546875e+02, 3.378170471191406e+02, 1.110259704589844e+02, 1.055006146430969e+00, 9.999999747378752e-05, 9.999999747378752e-05, 9.999999747378752e-05, 9.999999747378752e-05]
multiZoneFluctuatingIHG.theZon[1, 1].roo.heaPorAir.T=[2.931499938964844e+02, 2.87611083984375e+02, 2.866878051757812e+02, 2.859100341796875e+02, 2.862319946289062e+02, 2.935663146972656e+02, 2.931526184082031e+02, 2.936517333984375e+02, 2.931549072265625e+02, 2.931406860351562e+02, 2.931154174804688e+02, 2.920993041992188e+02, 2.9040087890625e+02, 2.898143005371094e+02, 2.891113891601562e+02, 2.882905883789062e+02, 2.877633056640625e+02, 2.873863220214844e+02, 2.870989990234375e+02, 2.861233520507812e+02, 2.931808471679688e+02, 2.931609802246094e+02, 2.931699523925781e+02, 2.931489868164062e+02, 2.931448364257812e+02, 2.931513671875e+02, 2.889909057617188e+02, 2.884701843261719e+02, 2.879735412597656e+02, 2.874179077148438e+02, 2.869590759277344e+02, 2.885566101074219e+02, 2.874176025390625e+02, 2.873263854980469e+02, 2.931977844238281e+02, 2.93162353515625e+02, 2.931585083007812e+02, 2.931471252441406e+02, 2.931448364257812e+02, 2.931479187011719e+02, 2.885166320800781e+02, 2.875711364746094e+02, 2.86918701171875e+02, 2.870107727050781e+02, 2.865875854492188e+02, 2.869002685546875e+02, 2.872201232910156e+02, 2.871888427734375e+02, 2.935410461425781e+02, 2.931748046875e+02, 2.931586608886719e+02, 2.931502380371094e+02, 2.931436767578125e+02, 2.931387329101562e+02, 2.884142761230469e+02, 2.868323669433594e+02, 2.878294067382812e+02, 2.872585754394531e+02, 2.86862548828125e+02, 2.866185913085938e+02, 2.861474914550781e+02, 2.8614794921875e+02, 2.906993408203125e+02, 2.9329248046875e+02, 2.939086303710938e+02, 2.956998291015625e+02, 2.949761047363281e+02, 2.93149169921875e+02, 2.938229370117188e+02, 2.911033325195312e+02, 2.899098205566406e+02, 2.889610900878906e+02, 2.878882141113281e+02, 2.869902038574219e+02, 2.874632873535156e+02, 2.868801574707031e+02, 2.860242614746094e+02, 2.932147827148438e+02, 2.931275939941406e+02, 2.931232604980469e+02, 2.931644287109375e+02, 2.9312841796875e+02, 2.931393432617188e+02, 2.874611206054688e+02, 2.872167053222656e+02, 2.867624206542969e+02, 2.861423645019531e+02, 2.861488342285156e+02, 2.86147216796875e+02, 2.861458129882812e+02, 2.861572265625e+02, 2.934734497070312e+02, 2.931498107910156e+02, 2.948341369628906e+02, 2.960934143066406e+02, 2.949154663085938e+02, 2.931314086914062e+02, 2.910914916992188e+02, 2.894929504394531e+02, 2.881383972167969e+02, 2.870893859863281e+02]
multiZoneFluctuatingIHG.theZon[2, 1].roo.heaPorAir.T=[2.931499938964844e+02, 2.874525756835938e+02, 2.864919738769531e+02, 2.856845703125e+02, 2.860787048339844e+02, 2.932771911621094e+02, 2.933667907714844e+02, 2.931394348144531e+02, 2.929674987792969e+02, 2.931264343261719e+02, 2.931519775390625e+02, 2.907565612792969e+02, 2.896348571777344e+02, 2.890721740722656e+02, 2.883722229003906e+02, 2.875443420410156e+02, 2.870100708007812e+02, 2.866231994628906e+02, 2.863279418945312e+02, 2.862042236328125e+02, 2.932023010253906e+02, 2.9316796875e+02, 2.931502685546875e+02, 2.931488342285156e+02, 2.931384582519531e+02, 2.930546875e+02, 2.878875427246094e+02, 2.874186401367188e+02, 2.86923095703125e+02, 2.863754577636719e+02, 2.859229125976562e+02, 2.882367858886719e+02, 2.872307739257812e+02, 2.869964294433594e+02, 2.932949523925781e+02, 2.931691589355469e+02, 2.931610107421875e+02, 2.931488952636719e+02, 2.931404418945312e+02, 2.93146484375e+02, 2.873085632324219e+02, 2.864471740722656e+02, 2.858165893554688e+02, 2.872503356933594e+02, 2.857932739257812e+02, 2.870077209472656e+02, 2.86889404296875e+02, 2.868578186035156e+02, 2.930242919921875e+02, 2.931945495605469e+02, 2.931614379882812e+02, 2.931494140625e+02, 2.931362609863281e+02, 2.931295166015625e+02, 2.8714404296875e+02, 2.857805480957031e+02, 2.874564514160156e+02, 2.868974609375e+02, 2.865211181640625e+02, 2.862891845703125e+02, 2.861459655761719e+02, 2.86147216796875e+02, 2.907928161621094e+02, 2.931984252929688e+02, 2.931559753417969e+02, 2.941903076171875e+02, 2.933680419921875e+02, 2.929234924316406e+02, 2.916625671386718e+02, 2.899697265625e+02, 2.888093872070312e+02, 2.878705139160156e+02, 2.868033142089844e+02, 2.859078369140625e+02, 2.8701318359375e+02, 2.86466796875e+02, 2.861207275390625e+02, 2.932273864746094e+02, 2.930479736328125e+02, 2.931286315917969e+02, 2.931676635742188e+02, 2.931237487792969e+02, 2.931293029785156e+02, 2.863295288085938e+02, 2.869150390625e+02, 2.863369750976562e+02, 2.861486206054688e+02, 2.861477966308594e+02, 2.861457824707031e+02, 2.86144775390625e+02, 2.861595458984375e+02, 2.93296630859375e+02, 2.934117736816406e+02, 2.935116882324219e+02, 2.945806884765625e+02, 2.933087463378906e+02, 2.931235961914062e+02, 2.89869384765625e+02, 2.883639221191406e+02, 2.870273742675781e+02, 2.859837036132812e+02]
multiZoneFluctuatingIHG.theZon[1, 1].heaCooPow=[0e+00, 5.2304333075881e-03, 6.101325619965792e-03, 6.834973115473986e-03, 2.480941126123071e-03, 1.458686645507812e+03, -6.745238647460938e+02, -1.312325561523437e+03, -6.352847290039062e+02, -4.118104248046875e+02, -1.344884033203125e+02, 1.119709224440157e-03, 2.721779979765415e-03, 3.275062423199415e-03, 3.938118461519481e-03, 4.712340887635946e-03, 5.209693219512701e-03, 5.565309897065163e-03, 5.836321506649256e-03, -3.117347717285156e+02, 4.435960693359375e+02, 1.922862243652344e+02, -2.841285133361816e+01, 9.378483581542969e+01, 2.055752716064453e+02, 3.04037109375e+02, 5.339155904948711e-03, 5.830314941704273e-03, 6.298787426203491e-03, 6.822893396019936e-03, 7.255701348185539e-03, 5.288199462890625e+02, 4.968266296386719e+02, 4.876432189941406e+02, 8.501374511718718e+02, 4.317560729980469e+02, 2.550513610839844e+02, 1.685636291503906e+02, 2.530719146728516e+02, 4.189085693359375e+02, 6.157576106488705e-03, 7.049420848488804e-03, 7.664812263101339e-03, 8.931478271484375e+02, 2.680370816960931e-03, 5.940136108398438e+02, 4.908902893066406e+02, 4.828624572753906e+02, 1.280589721679688e+03, 5.581851806640625e+02, 3.421963806152344e+02, 2.399765167236328e+02, 3.0411767578125e+02, 5.183145751953125e+02, 6.753831170499325e-03, 8.245961740612984e-03, 4.931315307617192e+02, 5.036156616210934e+02, 5.076499633789062e+02, 5.140236206054688e+02, 6.772772827148438e+02, 9.360557250976562e+02, 2.23134228515625e+03, -7.821994781494141e+01, -1.36310498046875e+03, -1.603103393554688e+03, -1.497111938476562e+03, -7.80525146484375e+02, -3.08218062855304e-03, -5.168707575649144e-04, 6.089353119023144e-04, 1.503839273937047e-03, 2.515873173251748e-03, 3.36291640996933e-03, 4.918258972167969e+02, 5.035148315429688e+02, 3.746300354003906e+02, 1.741998596191406e+02, -5.106334838867188e+02, -1.052019424438477e+02, 1.37554443359375e+02, 2.684264526367236e+02, 6.866955566406233e+02, 8.028534241020679e-03, 5.008100891113281e+02, 5.016227416992188e+02, 5.864598388671875e+02, 7.778904418945312e+02, 9.565626220703125e+02, 1.1121728515625e+03, 1.187316528320312e+03, 9.457242431640625e+02, -8.920272216796875e+02, -1.477937133789062e+03, -1.66343994140625e+03, -1.493133056640625e+03, -4.315259704589844e+02, 5.25384908542037e-04, 2.033224329352379e-03, 3.310930449515581e-03, 4.300446715205908e-03]
multiZoneFluctuatingIHG.theZon[2, 1].heaCooPow=[0e+00, 5.379955284297466e-03, 6.28603482618928e-03, 7.047651335597038e-03, 2.625522203743458e-03, 1.57916015625e+03, -1.448224639892578e+02, -9.572118530273427e+02, -1.854030303955078e+02, 1.084709396362305e+02, 3.538919372558594e+02, 4.519165959209204e-03, 5.577242001891136e-03, 6.107976194471121e-03, 6.768221501260997e-03, 7.549136877059937e-03, 8.053069934248924e-03, 8.417979814112186e-03, 8.696488104760647e-03, -1.688276062011719e+02, 9.778661499023438e+02, 6.868834228515625e+02, 4.787032165527344e+02, 5.967264404296875e+02, 7.497131958007812e+02, 1.075309692382812e+03, 8.656092919409275e-03, 9.098396636545658e-03, 9.56582371145487e-03, 1.008236780762672e-02, 1.05092516168952e-02, 6.334088745117188e+02, 5.844345703125e+02, 5.955440673828125e+02, 1.457456420898433e+03, 9.463314819335938e+02, 7.766282958984375e+02, 7.010281982421875e+02, 7.898882446289062e+02, 1.011582885742188e+03, 9.618684649467468e-03, 1.043117605149746e-02, 1.102600805461407e-02, 2.206307373046875e+03, 3.429612377658486e-03, 1.015474060058594e+03, 5.990545043945312e+02, 5.871179809570312e+02, 1.7192509765625e+03, 1.1105009765625e+03, 8.543377685546875e+02, 7.603914184570312e+02, 8.532017211914062e+02, 1.103417358398438e+03, 1.021225843578577e-02, 1.14984130486846e-02, 6.150861816406259e+02, 6.216780395507798e+02, 6.1927734375e+02, 6.217236938476562e+02, 8.600997314453125e+02, 1.102814086914062e+03, 2.201701904296875e+03, 3.944982299804688e+02, -1.05497802734375e+03, -1.38490234375e+03, -1.264673950195312e+03, -1.466617126464844e+02, 3.26475384645168e-03, 4.861560650169838e-03, 5.956049077212811e-03, 6.841660011559725e-03, 7.848300039768219e-03, 8.692975156009197e-03, 6.389895629882812e+02, 6.3866357421875e+02, 6.8572998046875e+02, 7.152759399414062e+02, 1.027512283325195e+02, 4.828070373535156e+02, 7.0368896484375e+02, 8.322922973632851e+02, 1.245081542968748e+03, 1.12275704741478e-02, 6.45552490234375e+02, 6.407218627929688e+02, 8.175513305664062e+02, 9.662153930664062e+02, 1.13682958984375e+03, 1.27542919921875e+03, 1.331803588867188e+03, 1.461191284179688e+03, -2.450959014892578e+02, -1.286744384765625e+03, -1.444758056640625e+03, -1.260858520507812e+03, 3.183898010253906e+02, 5.472159944474697e-03, 6.892213597893715e-03, 8.152920752763748e-03, 9.13737528026104e-03]
