last-generated=2020-10-30
statistics-initialization=
{
  "nonlinear": "1, 2",
  "numerical Jacobians": "0"
}
statistics-simulation=
{
  "linear": " ",
  "nonlinear": "1, 2",
  "number of continuous time states": "18",
  "numerical Jacobians": "0"
}
time=[0e+00, 6.048e+05]
buiCoo.maxTSet.y=[2.971499938964844e+02, 2.971499938964844e+02]
buiCoo.minTSet.y=[2.931499938964844e+02, 2.931499938964844e+02]
buiCoo.terUniCoo.TLoaODE.TAir=[2.971499938964844e+02, 2.971499938964844e+02, 2.971499938964844e+02, 2.971499938964844e+02, 2.971499938964844e+02, 2.971499938964844e+02, 2.971499938964844e+02, 2.971499938964844e+02, 2.971499938964844e+02, 2.971499938964844e+02, 2.971499938964844e+02, 2.971499938964844e+02, 2.971499938964844e+02, 2.971499938964844e+02, 2.971499938964844e+02, 2.971499938964844e+02, 2.971499938964844e+02, 2.971499938964844e+02, 2.971499938964844e+02, 2.971499938964844e+02, 2.971499938964844e+02, 2.971499938964844e+02, 2.971499938964844e+02, 2.971499938964844e+02, 2.971499938964844e+02, 2.971499938964844e+02, 2.971499938964844e+02, 2.971499938964844e+02, 2.971499938964844e+02, 2.971499938964844e+02, 2.971499938964844e+02, 2.971499938964844e+02, 2.971499938964844e+02, 2.971499938964844e+02, 2.971499938964844e+02, 2.971499938964844e+02, 2.971499938964844e+02, 2.971499938964844e+02, 2.971499938964844e+02, 2.971499938964844e+02, 2.971499938964844e+02, 2.971499938964844e+02, 2.971499938964844e+02, 2.971499938964844e+02, 2.971499938964844e+02, 2.971499938964844e+02, 2.971499938964844e+02, 2.971499938964844e+02, 2.971499938964844e+02, 2.971499938964844e+02, 2.971499938964844e+02, 2.971499938964844e+02, 2.971499938964844e+02, 2.971499938964844e+02, 2.971499938964844e+02, 2.971499938964844e+02, 2.971499938964844e+02, 2.971499938964844e+02, 2.971499938964844e+02, 2.971499938964844e+02, 2.971499938964844e+02, 2.971499938964844e+02, 2.971499938964844e+02, 2.971499938964844e+02, 2.971499938964844e+02, 2.971499938964844e+02, 2.971499938964844e+02, 2.971499938964844e+02, 2.971499938964844e+02, 2.971499938964844e+02, 2.971499938964844e+02, 2.971499938964844e+02, 2.971499938964844e+02, 2.971499938964844e+02, 2.971499938964844e+02, 2.971499938964844e+02, 2.971499938964844e+02, 2.971499938964844e+02, 2.971499938964844e+02, 2.971499938964844e+02, 2.971499938964844e+02, 2.971499938964844e+02, 2.971499938964844e+02, 2.971499938964844e+02, 2.971499938964844e+02, 2.971499938964844e+02, 2.971499938964844e+02, 2.971499938964844e+02, 2.971499938964844e+02, 2.971499938964844e+02, 2.971499938964844e+02, 2.971499938964844e+02, 2.971499938964844e+02, 2.971499938964844e+02, 2.971499938964844e+02, 2.971499938964844e+02, 2.971499938964844e+02, 2.971499938964844e+02, 2.971499938964844e+02, 2.971499938964844e+02, 2.971499938964844e+02]
buiHea.terUniHea.TLoaODE.TAir=[2.931499938964844e+02, 2.931492614746094e+02, 2.931495056152344e+02, 2.931495056152344e+02, 2.931480712890625e+02, 2.931541442871094e+02, 2.931507263183594e+02, 2.931400146484375e+02, 2.931576538085938e+02, 2.931500244140625e+02, 2.931385803222656e+02, 2.931515808105469e+02, 2.931490173339844e+02, 2.931604614257812e+02, 2.931493225097656e+02, 2.931492614746094e+02, 2.931493835449219e+02, 2.931495971679688e+02, 2.931434326171875e+02, 2.93161865234375e+02, 2.931510925292969e+02, 2.931475524902344e+02, 2.931517944335938e+02, 2.931514587402344e+02, 2.931447448730469e+02, 2.931504211425781e+02, 2.931493225097656e+02, 2.931549377441406e+02, 2.931494750976562e+02, 2.931493225097656e+02, 2.931494140625e+02, 2.931495666503906e+02, 2.931369018554688e+02, 2.93158203125e+02, 2.931512451171875e+02, 2.931517639160156e+02, 2.931482849121094e+02, 2.931559448242188e+02, 2.931492614746094e+02, 2.931477355957031e+02, 2.93150634765625e+02, 2.931490783691406e+02, 2.93151611328125e+02, 2.931491394042969e+02, 2.931490173339844e+02, 2.931492614746094e+02, 2.931454162597656e+02, 2.931494140625e+02, 2.931516723632812e+02, 2.931503601074219e+02, 2.931400146484375e+02, 2.931617126464844e+02, 2.931495666503906e+02, 2.9314013671875e+02, 2.931518859863281e+02, 2.931489562988281e+02, 2.931588745117188e+02, 2.931493530273438e+02, 2.931494750976562e+02, 2.931498718261719e+02, 2.931498413085938e+02, 2.931457214355469e+02, 2.931583557128906e+02, 2.93150146484375e+02, 2.931396789550781e+02, 2.931539001464844e+02, 2.931504821777344e+02, 2.931383056640625e+02, 2.931507873535156e+02, 2.931495361328125e+02, 2.93161865234375e+02, 2.931495666503906e+02, 2.931499938964844e+02, 2.931494750976562e+02, 2.931496276855469e+02, 2.931366577148438e+02, 2.9316455078125e+02, 2.931503601074219e+02, 2.931500549316406e+02, 2.931488037109375e+02, 2.9315478515625e+02, 2.931489868164062e+02, 2.931483764648438e+02, 2.93150390625e+02, 2.93150634765625e+02, 2.93150390625e+02, 2.931497192382812e+02, 2.931495056152344e+02, 2.931497192382812e+02, 2.931380920410156e+02, 2.931534118652344e+02, 2.931508483886719e+02, 2.931499328613281e+02, 2.931423950195312e+02, 2.931649169921875e+02, 2.9314990234375e+02, 2.931431884765625e+02, 2.931521301269531e+02, 2.931492919921875e+02, 2.931555480957031e+02, 2.931494445800781e+02]
supChiWat.T_in=[2.911499938964844e+02, 2.911499938964844e+02]
buiCoo.terUniCoo.T_aChiWat_nominal=[2.911499938964844e+02, 2.911499938964844e+02]
buiCoo.terUniCoo.QReqCoo_flow=[0e+00, 0e+00, 0e+00, 0e+00, 0e+00, 0e+00, 0e+00, 0e+00, 0e+00, 0e+00, 0e+00, 0e+00, 0e+00, 0e+00, 0e+00, 0e+00, 0e+00, 0e+00, 0e+00, 0e+00, 0e+00, 0e+00, 0e+00, 0e+00, 0e+00, 0e+00, 0e+00, 0e+00, 0e+00, 0e+00, 0e+00, 0e+00, 0e+00, 0e+00, 0e+00, 0e+00, 0e+00, 0e+00, 0e+00, 0e+00, 0e+00, 0e+00, 0e+00, 0e+00, 0e+00, 0e+00, 0e+00, 0e+00, 0e+00, 0e+00, 0e+00, 0e+00, 0e+00, 0e+00, 0e+00, 0e+00, 0e+00, 0e+00, 0e+00, 0e+00, 0e+00, 0e+00, 0e+00, 0e+00, 0e+00, 0e+00, 0e+00, 0e+00, 0e+00, 0e+00, 0e+00, 0e+00, 0e+00, 0e+00, 0e+00, 0e+00, 0e+00, 0e+00, 0e+00, 0e+00, 0e+00, 0e+00, 0e+00, 0e+00, 0e+00, 0e+00, 0e+00, 0e+00, 0e+00, 0e+00, 0e+00, 0e+00, 0e+00, 0e+00, 0e+00, 0e+00, 0e+00, 0e+00, 0e+00, 0e+00, 0e+00]
buiCoo.terUniCoo.QActCoo_flow=[-0e+00, -0e+00, -0e+00, -0e+00, -0e+00, -0e+00, -0e+00, 0e+00, -0e+00, -0e+00, -0e+00, -0e+00, -0e+00, -0e+00, 0e+00, -0e+00, -0e+00, 0e+00, -0e+00, -0e+00, -0e+00, -0e+00, -0e+00, -0e+00, -0e+00, -0e+00, -0e+00, -0e+00, 0e+00, -0e+00, -0e+00, -0e+00, -0e+00, -0e+00, 0e+00, -0e+00, -0e+00, -0e+00, -0e+00, -0e+00, -0e+00, 0e+00, -0e+00, -0e+00, -0e+00, -0e+00, -0e+00, -0e+00, -0e+00, -0e+00, -0e+00, -0e+00, -0e+00, -0e+00, -0e+00, -0e+00, 0e+00, 0e+00, -0e+00, -0e+00, -0e+00, -0e+00, -0e+00, -0e+00, -0e+00, -0e+00, -0e+00, -0e+00, 0e+00, 0e+00, -0e+00, -0e+00, -0e+00, -0e+00, -0e+00, -0e+00, -0e+00, -0e+00, -0e+00, -0e+00, -0e+00, 0e+00, 0e+00, -0e+00, -0e+00, -0e+00, -0e+00, -0e+00, -0e+00, -0e+00, -0e+00, -0e+00, -0e+00, -0e+00, -0e+00, -0e+00, -0e+00, -0e+00, -0e+00, -0e+00, -0e+00]
buiCoo.disFloCoo.mReq_flow[1]=[0e+00, 0e+00, 0e+00, 0e+00, 0e+00, 0e+00, 0e+00, 0e+00, 0e+00, 0e+00, 0e+00, 0e+00, 0e+00, 0e+00, 0e+00, 0e+00, 0e+00, 0e+00, 0e+00, 0e+00, 0e+00, 0e+00, 0e+00, 0e+00, 0e+00, 0e+00, 0e+00, 0e+00, 0e+00, 0e+00, 0e+00, 0e+00, 0e+00, 0e+00, 0e+00, 0e+00, 0e+00, 0e+00, 0e+00, 0e+00, 0e+00, 0e+00, 0e+00, 0e+00, 0e+00, 0e+00, 0e+00, 0e+00, 0e+00, 0e+00, 0e+00, 0e+00, 0e+00, 0e+00, 0e+00, 0e+00, 0e+00, 0e+00, 0e+00, 0e+00, 0e+00, 0e+00, 0e+00, 0e+00, 0e+00, 0e+00, 0e+00, 0e+00, 0e+00, 0e+00, 0e+00, 0e+00, 0e+00, 0e+00, 0e+00, 0e+00, 0e+00, 0e+00, 0e+00, 0e+00, 0e+00, 0e+00, 0e+00, 0e+00, 0e+00, 0e+00, 0e+00, 0e+00, 0e+00, 0e+00, 0e+00, 0e+00, 0e+00, 0e+00, 0e+00, 0e+00, 0e+00, 0e+00, 0e+00, 0e+00, 0e+00]
buiCoo.disFloCoo.mAct_flow[1].y=[0e+00, 0e+00, 0e+00, 0e+00, 0e+00, 0e+00, 0e+00, 0e+00, 0e+00, 0e+00, 0e+00, 0e+00, 0e+00, 0e+00, 0e+00, 0e+00, 0e+00, 0e+00, 0e+00, 0e+00, 0e+00, 0e+00, 0e+00, 0e+00, 0e+00, 0e+00, 0e+00, 0e+00, 0e+00, 0e+00, 0e+00, 0e+00, 0e+00, 0e+00, 0e+00, 0e+00, 0e+00, 0e+00, 0e+00, 0e+00, 0e+00, 0e+00, 0e+00, 0e+00, 0e+00, 0e+00, 0e+00, 0e+00, 0e+00, 0e+00, 0e+00, 0e+00, 0e+00, 0e+00, 0e+00, 0e+00, 0e+00, 0e+00, 0e+00, 0e+00, 0e+00, 0e+00, 0e+00, 0e+00, 0e+00, 0e+00, 0e+00, 0e+00, 0e+00, 0e+00, 0e+00, 0e+00, 0e+00, 0e+00, 0e+00, 0e+00, 0e+00, 0e+00, 0e+00, 0e+00, 0e+00, 0e+00, 0e+00, 0e+00, 0e+00, 0e+00, 0e+00, 0e+00, 0e+00, 0e+00, 0e+00, 0e+00, 0e+00, 0e+00, 0e+00, 0e+00, 0e+00, 0e+00, 0e+00, 0e+00, 0e+00]
buiCoo.disFloCoo.m_flow_nominal=[2.809942626953125e+02, 2.809942626953125e+02]
supHeaWat.T_in=[3.131499938964844e+02, 3.131499938964844e+02]
buiHea.terUniHea.T_aHeaWat_nominal=[3.131499938964844e+02, 3.131499938964844e+02]
buiHea.terUniHea.QReqHea_flow=[1.823e+04, 1.9166904296875e+04, 2.3183625e+04, 2.61755859375e+04, 7.74650703125e+04, 2.5307759765625e+04, 2.3810955078125e+04, 5.860314453125004e+04, 3.583986328125e+04, 1.47858388671875e+04, 6.1009578125e+04, 5.46262421875e+04, 5.7369484375e+04, 1.648243359375e+04, 2.303720507812501e+04, 2.839984375e+04, 3.308358203125e+04, 3.641284375000001e+04, 8.817546875e+04, 3.60429609375e+04, 3.44023828125e+04, 3.492191015625e+04, 5.761500390625e+04, 1.32938994140625e+04, 3.30650390625e+04, 6.206e+04, 5.79527890625e+04, 4.8849328125e+04, 2.390453320312503e+04, 2.9071302734375e+04, 3.348101953125e+04, 3.675559765625e+04, 8.4768375e+04, 6.5100796875e+04, 3.434975390624995e+04, 2.0915212890625e+04, 5.68405234375e+04, 3.118868408203125e+03, 9.9768876953125e+03, 5.671216015625e+04, 4.592536328125e+04, 5.472299218749998e+04, 1.38582802734375e+04, 2.267275e+04, 2.9603423828125e+04, 3.510576953125e+04, 4.939738671875e+04, 8.882746875e+04, 4.106209375e+04, 4.09918828125e+04, 8.879e+04, 4.05102421875e+04, 3.74203671875e+04, 9.1466984375e+04, 7.9560734375e+04, 8.49035078125e+04, 3.396172265625014e+04, 4.538020703124996e+04, 4.98362421875e+04, 5.0819265625e+04, 5.21085859375e+04, 1.085195e+05, 4.795008984375e+04, 5.295652734375e+04, 8.2708296875e+04, 9.3111125e+04, 4.887903515625e+04, 8.63100078125e+04, 1.022649218749998e+05, 9.784197656249994e+04, 6.3354078125e+04, 5.49254921875e+04, 5.500849609375e+04, 5.857159765625e+04, 6.142234375e+04, 1.2508e+05, 7.23245078125e+04, 6.315011328125e+04, 6.205686328125e+04, 1.1564365625e+05, 5.230916015625e+04, 6.072353125000106e+04, 1.158878515625001e+05, 1.0466771875e+05, 1.072193359375e+05, 5.74762734375e+04, 6.05759375e+04, 6.353008984375e+04, 6.624284375e+04, 1.005386953125e+05, 1.1654946875e+05, 6.6385203125e+04, 6.747103125e+04, 1.278174375e+05, 4.773111328125e+04, 5.285979296875e+04, 1.124612890625e+05, 9.6887234375e+04, 1.02459359375e+05, 4.658624609375e+04, 5.609e+04]
buiHea.terUniHea.QActHea_flow=[9.80687890625e+03, 1.9157845703125e+04, 2.3178517578125e+04, 2.6141134765625e+04, 7.7480109375e+04, 2.5298884765625e+04, 2.381856640625e+04, 5.847032031250004e+04, 3.60188125e+04, 1.47791279296875e+04, 6.08817734375e+04, 5.465264453125e+04, 5.7358953125e+04, 1.65803203125e+04, 2.302941406250001e+04, 2.8391029296875e+04, 3.307725e+04, 3.640910156250001e+04, 8.81722578125e+04, 3.6109875e+04, 3.441887109375e+04, 3.478923046875e+04, 5.76665703125e+04, 1.32738408203125e+04, 3.2895828125e+04, 6.2078546875e+04, 5.79337265625e+04, 4.902590625e+04, 2.389262500000003e+04, 2.906412890625e+04, 3.3475375e+04, 3.675196875e+04, 8.4599265625e+04, 6.531569921875e+04, 3.435862890624995e+04, 2.0927052734375e+04, 5.687646875e+04, 3.114583984375e+03, 9.960578125e+03, 5.67397734375e+04, 4.5914046875e+04, 5.471895703124998e+04, 1.383215625e+04, 2.266241796875e+04, 2.959312109375e+04, 3.509831640625e+04, 4.92204296875e+04, 8.8847828125e+04, 4.10421640625e+04, 4.099733203125e+04, 8.87853671875e+04, 4.0677375e+04, 3.741503515625e+04, 9.14678984375e+04, 7.9584046875e+04, 8.4891578125e+04, 3.395300781250014e+04, 4.537344921874996e+04, 4.983212109375e+04, 5.081721484375e+04, 5.210626953125e+04, 1.085290859375e+05, 4.793838671875e+04, 5.29573203125e+04, 8.2468890625e+04, 9.328265625e+04, 4.8862203125e+04, 8.6068453125e+04, 1.022993124999998e+05, 9.783362499999994e+04, 6.35800078125e+04, 5.49250625e+04, 5.500871484375e+04, 5.85658828125e+04, 6.141973828125e+04, 1.25073828125e+05, 7.25456640625e+04, 6.3152125e+04, 6.20244296875e+04, 1.1568353125e+05, 5.22855859375e+04, 6.064587500000104e+04, 1.159102734375001e+05, 1.046545859375e+05, 1.073256796875e+05, 5.74501875e+04, 6.057298046875e+04, 6.352344921875e+04, 6.624090625e+04, 1.00263234375e+05, 1.16737171875e+05, 6.63726484375e+04, 6.747015625e+04, 1.278463359375e+05, 4.780558203125e+04, 5.28553046875e+04, 1.124746015625e+05, 9.6893328125e+04, 1.024529453125e+05, 4.65592578125e+04, 5.608267578125e+04]
buiHea.disFloHea.mReq_flow[1]=[4.026348114013672e+00, 8.15827465057373e+00, 9.944778442382812e+00, 1.127221393585205e+01, 3.536967468261719e+01, 1.089654445648193e+01, 1.023145198822021e+01, 2.622407722473146e+01, 1.576412105560303e+01, 6.227103710174561e+00, 2.736747932434082e+01, 2.443320465087891e+01, 2.570979881286621e+01, 7.025669097900391e+00, 9.878120422363287e+00, 1.228619384765625e+01, 1.441271781921387e+01, 1.593659687042237e+01, 4.059292602539062e+01, 1.580963802337646e+01, 1.50264720916748e+01, 1.51929874420166e+01, 2.585940361022949e+01, 5.561572074890137e+00, 1.432654571533203e+01, 2.795534896850586e+01, 2.598265266418457e+01, 2.179150772094727e+01, 1.026392173767091e+01, 1.259017467498779e+01, 1.459433078765869e+01, 1.609376907348633e+01, 3.882315826416016e+01, 2.951481056213379e+01, 1.499906349182126e+01, 8.943265914916992e+00, 2.548026084899902e+01, 1.231118559837341e+00, 4.094046115875244e+00, 2.541481399536133e+01, 2.033288383483887e+01, 2.44612808227539e+01, 5.808872699737549e+00, 9.714295387268066e+00, 1.282937240600586e+01, 1.533577060699463e+01, 2.187151908874512e+01, 4.093886184692383e+01, 1.807230567932129e+01, 1.805033111572266e+01, 4.08877067565918e+01, 1.791312789916992e+01, 1.639837646484375e+01, 4.221216583251953e+01, 3.640176773071289e+01, 3.899207305908203e+01, 1.481988620758063e+01, 2.007971763610838e+01, 2.216285705566406e+01, 2.262545585632324e+01, 2.323111915588379e+01, 5.074562835693359e+01, 2.128643608093262e+01, 2.363190078735352e+01, 3.778465270996094e+01, 4.314190673828125e+01, 2.170969200134277e+01, 3.954708480834961e+01, 4.762760543823232e+01, 4.539312362670896e+01, 2.86898136138916e+01, 2.455920600891113e+01, 2.459894752502441e+01, 2.628277969360352e+01, 2.764015579223633e+01, 5.914215850830078e+01, 3.30064811706543e+01, 2.84676685333252e+01, 2.792900848388672e+01, 5.437862777709961e+01, 2.332155990600586e+01, 2.727064514160207e+01, 5.449276351928717e+01, 4.880796813964844e+01, 5.015246963500977e+01, 2.575478172302246e+01, 2.72370548248291e+01, 2.864369773864746e+01, 2.994477081298828e+01, 4.657645034790039e+01, 5.492898178100586e+01, 3.000973701477051e+01, 3.05350284576416e+01, 6.058876419067383e+01, 2.123062896728516e+01, 2.358369445800781e+01, 5.273301696777344e+01, 4.493137741088867e+01, 4.770069885253906e+01, 2.063906669616699e+01, 2.510616493225098e+01]
buiHea.disFloHea.mAct_flow[1].y=[4.026348114013672e+00, 8.15827465057373e+00, 9.944778442382812e+00, 1.127221393585205e+01, 3.536967468261719e+01, 1.089654445648193e+01, 1.023145198822021e+01, 2.622407722473146e+01, 1.576412105560303e+01, 6.227103710174561e+00, 2.736747932434082e+01, 2.443320465087891e+01, 2.570979881286621e+01, 7.025669097900391e+00, 9.878120422363287e+00, 1.228619384765625e+01, 1.441271781921387e+01, 1.593659687042237e+01, 4.059292602539062e+01, 1.580963802337646e+01, 1.50264720916748e+01, 1.51929874420166e+01, 2.585940361022949e+01, 5.561572074890137e+00, 1.432654571533203e+01, 2.795534896850586e+01, 2.598265266418457e+01, 2.179150772094727e+01, 1.026392173767091e+01, 1.259017467498779e+01, 1.459433078765869e+01, 1.609376907348633e+01, 3.882315826416016e+01, 2.951481056213379e+01, 1.499906349182126e+01, 8.943265914916992e+00, 2.548026084899902e+01, 1.231118559837341e+00, 4.094046115875244e+00, 2.541481399536133e+01, 2.033288383483887e+01, 2.44612808227539e+01, 5.808872699737549e+00, 9.714295387268066e+00, 1.282937240600586e+01, 1.533577060699463e+01, 2.187151908874512e+01, 4.093886184692383e+01, 1.807230567932129e+01, 1.805033111572266e+01, 4.08877067565918e+01, 1.791312789916992e+01, 1.639837646484375e+01, 4.221216583251953e+01, 3.640176773071289e+01, 3.899207305908203e+01, 1.481988620758063e+01, 2.007971763610838e+01, 2.216285705566406e+01, 2.262545585632324e+01, 2.323111915588379e+01, 5.074562835693359e+01, 2.128643608093262e+01, 2.363190078735352e+01, 3.778465270996094e+01, 4.314190673828125e+01, 2.170969200134277e+01, 3.954708480834961e+01, 4.762760543823232e+01, 4.539312362670896e+01, 2.86898136138916e+01, 2.455920600891113e+01, 2.459894752502441e+01, 2.628277969360352e+01, 2.764015579223633e+01, 5.914215850830078e+01, 3.30064811706543e+01, 2.84676685333252e+01, 2.792900848388672e+01, 5.437862777709961e+01, 2.332155990600586e+01, 2.727064514160207e+01, 5.449276351928717e+01, 4.880796813964844e+01, 5.015246963500977e+01, 2.575478172302246e+01, 2.72370548248291e+01, 2.864369773864746e+01, 2.994477081298828e+01, 4.657645034790039e+01, 5.492898178100586e+01, 3.000973701477051e+01, 3.05350284576416e+01, 6.058876419067383e+01, 2.123062896728516e+01, 2.358369445800781e+01, 5.273301696777344e+01, 4.493137741088867e+01, 4.770069885253906e+01, 2.063906669616699e+01, 2.510616493225098e+01]
buiHea.disFloHea.m_flow_nominal=[8.015774536132812e+01, 8.015774536132812e+01]
EHeaReq.y=[0e+00, 1.08552672e+08, 2.37645696e+08, 3.86161632e+08, 7.7711392e+08, 1.068273152e+09, 1.224283904e+09, 1.399776768e+09, 1.75417664e+09, 1.84316544e+09, 1.997913216e+09, 2.36971136e+09, 2.695154944e+09, 2.995590912e+09, 3.105928704e+09, 3.26124928e+09, 3.448014848e+09, 3.659364864e+09, 4.019801344e+09, 4.47423488e+09, 4.691250688e+09, 4.8736512e+09, 5.23942912e+09, 5.387977216e+09, 5.499188224e+09, 5.871842304e+09, 6.216336896e+09, 6.580950528e+09, 6.719757824000001e+09, 6.880940544e+09, 7.07068928e+09, 7.28342272e+09, 7.565611008e+09, 8.096174592e+09, 8.329178624000001e+09, 8.496295424e+09, 8.758576128e+09, 8.944976896e+09, 8.98358272e+09, 9.2301312e+09, 9.530278912e+09, 9.838605311999998e+09, 1.0002429952e+10, 1.0118111232e+10, 1.0275991552e+10, 1.0472510464e+10, 1.0700386304e+10, 1.1209665536e+10, 1.1536132096e+10, 1.1790124032e+10, 1.2120870912e+10, 1.258361856e+10, 1.278672896e+10, 1.3124914176e+10, 1.3650080768e+10, 1.4140000256e+10, 1.4551666688e+10, 1.4800287744e+10, 1.5089661952e+10, 1.5394889728e+10, 1.5706524672e+10, 1.6223937536e+10, 1.6726913024e+10, 1.7041038336e+10, 1.7381410816e+10, 1.8006646784e+10, 1.8334445568e+10, 1.8668808192e+10, 1.930600857600001e+10, 1.9892457472e+10, 2.0462567424e+10, 2.0768088064e+10, 2.1100634112e+10, 2.1443311616e+10, 2.1806972928e+10, 2.2296604672e+10, 2.2985670656e+10, 2.3358531584e+10, 2.3735937024e+10, 2.4364873728e+10, 2.4838793216e+10, 2.5183864832e+10, 2.581355929599999e+10, 2.6466906112e+10, 2.7118565376e+10, 2.7510884352e+10, 2.787109888e+10, 2.8245243904e+10, 2.8639571968e+10, 2.906604544e+10, 2.9821550592e+10, 3.0264721408e+10, 3.0670723072e+10, 3.1243198464e+10, 3.1840038912e+10, 3.2143028224e+10, 3.263567872e+10, 3.327219712e+10, 3.3874829312e+10, 3.4326136832e+10, 3.4647113728e+10]
EHeaAct.y=[0e+00, 1.08382088e+08, 2.37437696e+08, 3.85926176e+08, 7.76373824e+08, 1.068045312e+09, 1.22406976e+09, 1.399229568e+09, 1.75384512e+09, 1.843035264e+09, 1.997341952e+09, 2.369199872e+09, 2.694617344e+09, 2.995442944e+09, 3.105722112e+09, 3.260992256e+09, 3.447713536e+09, 3.659031552e+09, 4.018952192e+09, 4.473903104e+09, 4.69093632e+09, 4.873334784e+09, 5.238887424e+09, 5.387860992e+09, 5.49889024e+09, 5.871257088e+09, 6.215793664e+09, 6.580493312e+09, 6.719542784000001e+09, 6.880676864e+09, 7.070384128e+09, 7.283085824e+09, 7.564800512e+09, 8.095555072e+09, 8.328864768000001e+09, 8.496108032e+09, 8.758042624e+09, 8.944951296e+09, 8.983496704e+09, 9.22959872e+09, 9.529853952e+09, 9.838093311999998e+09, 1.0002308096e+10, 1.0117907456e+10, 1.0275723264e+10, 1.0472189952e+10, 1.0699930624e+10, 1.1208808448e+10, 1.153575424e+10, 1.1789746176e+10, 1.2120015872e+10, 1.2583242752e+10, 1.278638592e+10, 1.3124030464e+10, 1.3649318912e+10, 1.4139185152e+10, 1.4551356416e+10, 1.4799867904e+10, 1.508919808e+10, 1.539441664e+10, 1.5706038272e+10, 1.6222875648e+10, 1.6726467584e+10, 1.7040543744e+10, 1.7380622336e+10, 1.8005743616e+10, 1.8333990912e+10, 1.8667982848e+10, 1.930501120000001e+10, 1.9891509248e+10, 2.0461965312e+10, 2.0767574016e+10, 2.1100120064e+10, 2.1442760704e+10, 2.1806395392e+10, 2.229536768e+10, 2.2984978432e+10, 2.3357935616e+10, 2.3735351296e+10, 2.4363737088e+10, 2.4838305792e+10, 2.5183295488e+10, 2.581242060799999e+10, 2.646588416e+10, 2.7117514752e+10, 2.7510345728e+10, 2.7870527488e+10, 2.824464384e+10, 2.863894528e+10, 2.906507264e+10, 2.9820399616e+10, 3.0264092672e+10, 3.0670084096e+10, 3.1241930752e+10, 3.1839592448e+10, 3.2142536704e+10, 3.2634574848e+10, 3.3271257088e+10, 3.3873831936e+10, 3.4325706752e+10, 3.464658944e+10]
ECooReq.y=[0e+00, 0e+00, 0e+00, 0e+00, 0e+00, 0e+00, 0e+00, 0e+00, 0e+00, 0e+00, 0e+00, 0e+00, 0e+00, 0e+00, 0e+00, 0e+00, 0e+00, 0e+00, 0e+00, 0e+00, 0e+00, 0e+00, 0e+00, 0e+00, 0e+00, 0e+00, 0e+00, 0e+00, 0e+00, 0e+00, 0e+00, 0e+00, 0e+00, 0e+00, 0e+00, 0e+00, 0e+00, 0e+00, 0e+00, 0e+00, 0e+00, 0e+00, 0e+00, 0e+00, 0e+00, 0e+00, 0e+00, 0e+00, 0e+00, 0e+00, 0e+00, 0e+00, 0e+00, 0e+00, 0e+00, 0e+00, 0e+00, 0e+00, 0e+00, 0e+00, 0e+00, 0e+00, 0e+00, 0e+00, 0e+00, 0e+00, 0e+00, 0e+00, 0e+00, 0e+00, 0e+00, 0e+00, 0e+00, 0e+00, 0e+00, 0e+00, 0e+00, 0e+00, 0e+00, 0e+00, 0e+00, 0e+00, 0e+00, 0e+00, 0e+00, 0e+00, 0e+00, 0e+00, 0e+00, 0e+00, 0e+00, 0e+00, 0e+00, 0e+00, 0e+00, 0e+00, 0e+00, 0e+00, 0e+00, 0e+00, 0e+00]
ECooAct.y=[0e+00, 0e+00, 0e+00, 0e+00, 0e+00, 0e+00, 0e+00, 0e+00, 0e+00, 0e+00, 0e+00, 0e+00, 0e+00, 0e+00, 0e+00, 0e+00, 0e+00, 0e+00, 0e+00, 0e+00, 0e+00, 0e+00, 0e+00, 0e+00, 0e+00, 0e+00, 0e+00, 0e+00, 0e+00, 0e+00, 0e+00, 0e+00, 0e+00, 0e+00, 0e+00, 0e+00, 0e+00, 0e+00, 0e+00, 0e+00, 0e+00, 0e+00, 0e+00, 0e+00, 0e+00, 0e+00, 0e+00, 0e+00, 0e+00, 0e+00, 0e+00, 0e+00, 0e+00, 0e+00, 0e+00, 0e+00, 0e+00, 0e+00, 0e+00, 0e+00, 0e+00, 0e+00, 0e+00, 0e+00, 0e+00, 0e+00, 0e+00, 0e+00, 0e+00, 0e+00, 0e+00, 0e+00, 0e+00, 0e+00, 0e+00, 0e+00, 0e+00, 0e+00, 0e+00, 0e+00, 0e+00, 0e+00, 0e+00, 0e+00, 0e+00, 0e+00, 0e+00, 0e+00, 0e+00, 0e+00, 0e+00, 0e+00, 0e+00, 0e+00, 0e+00, 0e+00, 0e+00, 0e+00, 0e+00, 0e+00, 0e+00]
QAveHeaReq_flow.y=[0e+00, 1.88731875e+04, 2.299080078125e+04, 2.572476953125e+04, 7.79129921875e+04, 2.5040431640625e+04, 2.405332421875e+04, 5.386364843750007e+04, 4.12902109375e+04, 1.45379267578125e+04, 5.6388171875e+04, 5.54697109375e+04, 5.70497734375e+04, 2.0380318359375e+04, 2.276638476562501e+04, 2.813155859375e+04, 3.283365234375e+04, 3.629812109375001e+04, 8.8076359375e+04, 3.946916015625e+04, 3.49422890625e+04, 3.1307845703125e+04, 5.931671875e+04, 1.25751025390625e+04, 2.820319140625e+04, 6.27948671875e+04, 5.73568359375e+04, 5.389153515625e+04, 2.343698828125004e+04, 2.8838298828125e+04, 3.329905859375e+04, 3.6612109375e+04, 7.900453125e+04, 7.13708671875e+04, 3.452023828124996e+04, 2.1432552734375e+04, 5.78580390625e+04, 3.0135849609375e+03, 9.4794228515625e+03, 5.751258203125e+04, 4.56534296875e+04, 5.450167578124997e+04, 1.2967474609375e+04, 2.2335591796875e+04, 2.9221923828125e+04, 3.48423515625e+04, 4.462447265625e+04, 8.9386375e+04, 4.036444921875e+04, 4.115953515625e+04, 8.75191484375e+04, 4.6275171875e+04, 3.724231640625e+04, 9.08988125e+04, 8.03231328125e+04, 8.4541984375e+04, 3.405130078125009e+04, 4.517352734374996e+04, 4.970298046875e+04, 5.0764203125e+04, 5.20386640625e+04, 1.08757453125e+05, 4.76963828125e+04, 5.297867578125e+04, 7.555740625e+04, 9.7260390625e+04, 4.816961328125e+04, 7.90365078125e+04, 1.031823749999998e+05, 9.756540624999994e+04, 7.05850703125e+04, 5.49103125e+04, 5.500549609375e+04, 5.839174609375e+04, 6.1338765625e+04, 1.233469296875e+05, 7.93495078125e+04, 6.320549609375e+04, 6.1809875e+04, 1.1703715625e+05, 5.162900390625e+04, 5.949292968750077e+04, 1.165336640625001e+05, 1.043148125e+05, 1.090012109375e+05, 5.65765625e+04, 6.04833046875e+04, 6.333905859375e+04, 6.6132765625e+04, 9.2613375e+04, 1.208848828125e+05, 6.57835234375e+04, 6.7446125e+04, 1.2846053125e+05, 5.125046875e+04, 5.27386015625e+04, 1.12784140625e+05, 9.72483984375e+04, 1.02253875e+05, 4.58460859375e+04, 5.587888671875e+04]
QAveHeaAct_flow.y=[0e+00, 1.8864220703125e+04, 2.298556640625e+04, 2.5715205078125e+04, 7.7926359375e+04, 2.5032583984375e+04, 2.4060896484375e+04, 5.370755468750007e+04, 4.146044921875e+04, 1.4529671875e+04, 5.62291015625e+04, 5.549689453125e+04, 5.703943359375e+04, 2.051263671875e+04, 2.275820312500001e+04, 2.8123166015625e+04, 3.2827265625e+04, 3.629473046875001e+04, 8.80726484375e+04, 3.9591015625e+04, 3.49578515625e+04, 3.120698046875e+04, 5.93664375e+04, 1.255550390625e+04, 2.8062484375e+04, 6.281809765625e+04, 5.73376015625e+04, 5.4042453125e+04, 2.342102148437504e+04, 2.8831103515625e+04, 3.329327734375e+04, 3.660765625e+04, 7.88056015625e+04, 7.15721875e+04, 3.452383593749996e+04, 2.144812890625e+04, 5.788889453125e+04, 3.011865478515625e+03, 9.465322265625e+03, 5.753803515625e+04, 4.5646921875e+04, 5.449510546874997e+04, 1.2942626953125e+04, 2.232521484375e+04, 2.921130859375e+04, 3.483476953125e+04, 4.448717578125e+04, 8.94050546875e+04, 4.034346484375e+04, 4.116468359375e+04, 8.74527578125e+04, 4.64613828125e+04, 3.72362890625e+04, 9.08570625e+04, 8.0350453125e+04, 8.45297265625e+04, 3.406991406250009e+04, 4.516685937499996e+04, 4.969859765625e+04, 5.076280859375e+04, 5.203670703125e+04, 1.087652890625e+05, 4.76915390625e+04, 5.297936328125e+04, 7.53257421875e+04, 9.73827734375e+04, 4.81489375e+04, 7.87965078125e+04, 1.032125390624998e+05, 9.755535937499994e+04, 7.08189765625e+04, 5.490980078125e+04, 5.5005421875e+04, 5.838596875e+04, 6.133591796875e+04, 1.232572578125e+05, 7.95941484375e+04, 6.32071796875e+04, 6.180683203125e+04, 1.170723203125e+05, 5.1608546875e+04, 5.946646484375076e+04, 1.165553828125001e+05, 1.04303171875e+05, 1.09039046875e+05, 5.654575390625e+04, 6.048034375e+04, 6.3332859375e+04, 6.61306015625e+04, 9.2347671875e+04, 1.210131640625e+05, 6.5765953125e+04, 6.74453203125e+04, 1.284795625e+05, 5.13833359375e+04, 5.273452734375e+04, 1.12793734375e+05, 9.72641015625e+04, 1.02246578125e+05, 4.5824453125e+04, 5.587220703125e+04]
QAveCooReq_flow.y=[0e+00, 0e+00, 0e+00, 0e+00, 0e+00, 0e+00, 0e+00, 0e+00, 0e+00, 0e+00, 0e+00, 0e+00, 0e+00, 0e+00, 0e+00, 0e+00, 0e+00, 0e+00, 0e+00, 0e+00, 0e+00, 0e+00, 0e+00, 0e+00, 0e+00, 0e+00, 0e+00, 0e+00, 0e+00, 0e+00, 0e+00, 0e+00, 0e+00, 0e+00, 0e+00, 0e+00, 0e+00, 0e+00, 0e+00, 0e+00, 0e+00, 0e+00, 0e+00, 0e+00, 0e+00, 0e+00, 0e+00, 0e+00, 0e+00, 0e+00, 0e+00, 0e+00, 0e+00, 0e+00, 0e+00, 0e+00, 0e+00, 0e+00, 0e+00, 0e+00, 0e+00, 0e+00, 0e+00, 0e+00, 0e+00, 0e+00, 0e+00, 0e+00, 0e+00, 0e+00, 0e+00, 0e+00, 0e+00, 0e+00, 0e+00, 0e+00, 0e+00, 0e+00, 0e+00, 0e+00, 0e+00, 0e+00, 0e+00, 0e+00, 0e+00, 0e+00, 0e+00, 0e+00, 0e+00, 0e+00, 0e+00, 0e+00, 0e+00, 0e+00, 0e+00, 0e+00, 0e+00, 0e+00, 0e+00, 0e+00, 0e+00]
QAveCooAct_flow.y=[0e+00, 0e+00, 0e+00, 0e+00, 0e+00, 0e+00, 0e+00, 0e+00, 0e+00, 0e+00, 0e+00, 0e+00, 0e+00, 0e+00, 0e+00, 0e+00, 0e+00, 0e+00, 0e+00, 0e+00, 0e+00, 0e+00, 0e+00, 0e+00, 0e+00, 0e+00, 0e+00, 0e+00, 0e+00, 0e+00, 0e+00, 0e+00, 0e+00, 0e+00, 0e+00, 0e+00, 0e+00, 0e+00, 0e+00, 0e+00, 0e+00, 0e+00, 0e+00, 0e+00, 0e+00, 0e+00, 0e+00, 0e+00, 0e+00, 0e+00, 0e+00, 0e+00, 0e+00, 0e+00, 0e+00, 0e+00, 0e+00, 0e+00, 0e+00, 0e+00, 0e+00, 0e+00, 0e+00, 0e+00, 0e+00, 0e+00, 0e+00, 0e+00, 0e+00, 0e+00, 0e+00, 0e+00, 0e+00, 0e+00, 0e+00, 0e+00, 0e+00, 0e+00, 0e+00, 0e+00, 0e+00, 0e+00, 0e+00, 0e+00, 0e+00, 0e+00, 0e+00, 0e+00, 0e+00, 0e+00, 0e+00, 0e+00, 0e+00, 0e+00, 0e+00, 0e+00, 0e+00, 0e+00, 0e+00, 0e+00, 0e+00]
