last-generated=2016-06-23
statistics-simulation=
{
  "numerical Jacobians": "0", 
  "nonlinear": "1, 1", 
  "linear": " "
}
wetBulPhiApp.TWetBul=[283.175872802734375, 283.36437987943259031454, 283.03976439146617849474, 282.97467042320181462856, 283.24728396684258768801, 283.61788937551136768889, 284.0124512251213673153, 284.40786741992178576766, 284.79592902337196846929, 285.17346178069448114911, 285.53952020982990234188, 285.89395143673385746297, 286.23712167231661851474, 286.56948868095025773073, 286.89166257868424736444, 287.20419293115304526509, 287.50772105394912614429, 287.80276484040962259314, 288.089874064470166104, 288.36953741918102878117, 288.64224235115051442335, 288.90835588496668151492, 289.16833499149646513615, 289.42251576396688506065, 289.6712342626448730698, 289.914825439453125, 290.1535951956752796832, 290.38778661574230000042, 290.61764523645985036637, 290.84344501062838617145, 291.06536838968219171875, 291.28366083697630983806, 291.49847427334287885969, 291.7099911795563684791, 291.9184264395664172298, 292.12387097102669031301, 292.3264767624356181841, 292.5264281277779332413, 292.72381601139187523586, 292.91876248380810920935, 293.111389045923942831, 293.30181891532254212507, 293.49014306757402437142, 293.67642198642744233439, 293.86077885228576178633, 294.04330465981865927461, 294.22409042592363448421, 294.40316774583692449596, 294.58062763097814240609, 294.75656111209571008658, 294.930999755859375, 295.10403458797094344845, 295.27569612673863730379, 295.44607592446027410915, 295.61517297805289672397, 295.78311137254394225238, 295.94989009706426941193, 296.11553966886805255854, 296.2801516409407440733, 296.44375653089815614294, 296.60638389063313979932, 296.76806617553330625014, 296.92886344884885829742, 297.08877571079807466958, 297.24786399653726221004, 297.40615882342626719037, 297.56368977337086789703, 297.72048924067792086134, 297.8765562850549599716, 298.0319824588373194274, 298.1867372446254762508, 298.34088167736069863167, 298.49438432732875980946, 298.64733857586310250554, 298.79974350726359944019, 298.95159912109375, 299.10296645265526649382, 299.25381498451554307394, 299.40420575183088658378, 299.55416837965276499745, 299.70367413833020009406, 299.85275265003974709543, 300.0014649499407823896, 300.14978052045205458853, 300.29772987955294638596, 300.44534266579154291321, 300.5925901216141369332, 300.73956291821497188721, 300.88620002101987438436, 301.03253194738874753966, 301.17861973255048724241, 301.32443199088368146477, 301.46997046043952650507, 301.61529530625733741545, 301.76037601112375341472, 301.90524309254107038214, 302.04989655062149722653, 302.19436604210176255947, 302.33865328942658834421, 302.48275743099162582439, 302.626678466796875]
wetBulPhi.TWetBul=[283.41265869140625, 283.68750000611180439591, 283.95983887929514821735, 284.22964479338838827971, 284.49700930110884655733, 284.76193235337905207416, 285.0244751326695222815, 285.28466796102384250844, 285.54254154974466928252, 285.79809561204837109472, 286.05142208153307592511, 286.3025207668414964246, 286.55142218556545685715, 286.79818737292930563854, 287.04281614757570650909, 287.28533921140507345626, 287.52578743908071601254, 287.76422114889658132597, 288.00061018305166271603, 288.23504644234333227359, 288.46752922784446582227, 288.69808975007589424422, 288.92675783962107516345, 289.15356435877419016833, 289.3785096415647331014, 289.60162353515625, 289.82296773942613299369, 290.0425412689842232794, 290.26037595067833763096, 290.47647112679953806946, 290.690887196331971154, 290.90362543771345826826, 291.11471572645649530386, 291.32418795850082915422, 291.5320433829257922298, 291.73831188999588448496, 291.94305390716237980087, 292.14620962024508799004, 292.3478699687983066724, 292.54803495304020088952, 292.74673450099749061337, 292.94393927921538534065, 293.13970972836926875971, 293.3340757891276666669, 293.52703862002078949445, 293.71859763966449463624, 293.90881331829257305799, 294.09768678998801760827, 294.28518696828200518212, 294.47140485220040773129, 294.656341552734375, 294.83996599464148857805, 295.02233921351722756299, 295.20346120936153511138, 295.38333091411840314322, 295.56201150629561880123, 295.73947139334575240355, 295.91577160988316563817, 296.09088163872598897797, 296.26483199716273020385, 296.43762165922782969574, 296.60931371972088754774, 296.77984611035344642005, 296.94931038320510197082, 297.11767602113428665689, 297.28497354179182821099, 297.4512019575923886805, 297.61639376794221334421, 297.78051746102045171938, 297.9436340719481108863, 298.10574360064896382028, 298.2668460475629785833, 298.42694046090082338196, 298.58605926763777915767, 298.74423202727012949254, 298.90142822265625, 299.05770888866140921891, 299.21301299071137691499, 299.36743208066747001794, 299.52090421262084873888, 299.67349225010855207074, 299.8251952764107954863, 299.97598277351607976016, 300.125915776650231237, 300.27499428625083055522, 300.42321742092332215179, 300.5705869477860119332, 300.71710198107876976792, 300.86282355559404777523, 301.00772115375383464198, 301.15179477592175771861, 301.29507408793051581597, 301.43756079807320702457, 301.57928456679826467735, 301.72021487725623956067, 301.86038224669471219386, 301.99978667522594832917, 302.13845785600221915956, 302.27636692498788306693, 302.41354357064341229488, 302.54998779296875]
time=[0., 1.]
