last-generated=2026-06-10
statistics-simulation=
{
  "linear": "0, 0",
  "nonlinear": " ",
  "number of continuous time states": "8",
  "numerical Jacobians": "0"
}
time=[0e+00, 1e+00]
motDri.speBlo.tau_e=[0e+00, 2.451158507003797e+02, 2.985389198809056e+01, 1.599923054234651e+02, 8.814365003915543e+01, 9.23256172789666e+01, 1.552702957346003e+02, 4.176602790629841e+01, 1.981920921231119e+02, 4.613284903218401e+01, 1.841814426147169e+02, 1.083539239618163e+02, 1.387108990786651e+02, 1.624020783444497e+02, 1.365537717814081e+02, 1.609207486598513e+02, 1.620811739800849e+02, 1.571782228416365e+02, 1.59846219965981e+02, 1.56920896452841e+02, 1.47559802137091e+02, 1.36368460198086e+02, 1.208109415086398e+02, 1.025909425712117e+02, 8.375140160764833e+01, 6.634532928466797e+01, 5.205477518872213e+01, 4.153767216321918e+01, 3.459471198005983e+01, 3.046787406650813e+01, 2.825995068653778e+01, 2.719992846199066e+01, 2.674702245217658e+01, 2.657759107985607e+01, 2.652354622979281e+01, 2.650925254493223e+01, 2.650578117662553e+01, 2.650427055424825e+01, 2.650292587219337e+01, 2.650175666668565e+01, 2.650091934245597e+01, 2.65004177092278e+01, 2.650016212442119e+01, 2.650004959111902e+01, 2.650001335143588e+01, 2.650000762939453e+01, 2.650000953674316e+01, 2.650000762939453e+01, 2.650000381469727e+01, 2.650000190734863e+01, 2.65e+01, 2.65e+01, 2.65e+01, 2.65e+01, 2.650000190734863e+01, 2.650000190734863e+01, 2.650000190734863e+01, 2.65e+01, 2.65e+01, 2.649999809265137e+01, 2.649999809265137e+01, 2.65e+01, 2.65e+01, 2.65e+01, 2.65e+01, 2.65e+01, 2.65e+01, 2.65e+01, 2.65e+01, 2.65e+01, 2.65e+01, 2.65e+01, 2.65e+01, 2.65e+01, 2.65e+01, 2.65e+01, 2.65e+01, 2.65e+01, 2.65e+01, 2.65e+01, 2.65e+01, 2.65e+01, 2.65e+01, 2.65e+01, 2.65e+01, 2.65e+01, 2.650000190734863e+01, 2.650000190734863e+01, 2.65e+01, 2.65e+01, 2.65e+01, 2.65e+01, 2.65e+01, 2.65e+01, 2.65e+01, 2.65e+01, 2.65e+01, 2.65e+01, 2.65e+01, 2.65e+01, 2.65e+01]
motDri.speBlo.tau_m=[2.65e+01, 2.65e+01]
motDri.speBlo.N=[0e+00, 2.66013863416224e+01, 1.363263387854414e+02, 1.217545918963608e+02, 2.264220439181416e+02, 2.16174681501772e+02, 3.113610301632818e+02, 3.213066407037214e+02, 3.947614597137828e+02, 4.395319477792193e+02, 4.881527890419555e+02, 5.625805689130306e+02, 6.077971984029458e+02, 6.845812119819616e+02, 7.507771569797662e+02, 8.192757735236762e+02, 8.963031276658692e+02, 9.706840078635445e+02, 1.044736396721934e+03, 1.119303362084052e+03, 1.190021952224493e+03, 1.255041421798399e+03, 1.312580450534022e+03, 1.360507672156448e+03, 1.397943742283572e+03, 1.4250986328125e+03, 1.443297864599826e+03, 1.45452000993399e+03, 1.460864745514367e+03, 1.464142091567785e+03, 1.465680784847153e+03, 1.466332641498099e+03, 1.466579467862495e+03, 1.466662353450796e+03, 1.466687622065074e+03, 1.466695922854473e+03, 1.466699951166636e+03, 1.466702758787898e+03, 1.466704711914936e+03, 1.466706054688373e+03, 1.466706787109011e+03, 1.466707153320312e+03, 1.466707275390625e+03, 1.466707397460938e+03, 1.466707397460938e+03, 1.466707397460938e+03, 1.466707397460938e+03, 1.466707397460938e+03, 1.466707397460938e+03, 1.466707397460938e+03, 1.466707397460938e+03, 1.466707397460938e+03, 1.466707397460938e+03, 1.466707397460938e+03, 1.466707397460938e+03, 1.466707397460938e+03, 1.466707397460938e+03, 1.466707397460938e+03, 1.466707397460938e+03, 1.466707397460938e+03, 1.466707397460938e+03, 1.466707397460938e+03, 1.466707397460938e+03, 1.466707397460938e+03, 1.466707397460938e+03, 1.466707397460938e+03, 1.466707397460938e+03, 1.466707397460938e+03, 1.466707397460938e+03, 1.466707397460938e+03, 1.466707397460938e+03, 1.466707397460938e+03, 1.466707397460938e+03, 1.466707397460938e+03, 1.466707397460938e+03, 1.466707397460938e+03, 1.466707397460938e+03, 1.466707397460938e+03, 1.466707397460938e+03, 1.466707397460938e+03, 1.466707397460938e+03, 1.466707397460938e+03, 1.466707397460938e+03, 1.466707397460938e+03, 1.466707397460938e+03, 1.466707397460938e+03, 1.466707397460938e+03, 1.466707397460938e+03, 1.466707397460938e+03, 1.466707397460938e+03, 1.466707397460938e+03, 1.466707397460938e+03, 1.466707397460938e+03, 1.466707397460938e+03, 1.466707397460938e+03, 1.466707397460938e+03, 1.466707397460938e+03, 1.466707397460938e+03, 1.466707397460938e+03, 1.466707397460938e+03, 1.466707397460938e+03]
sou.P.real=[0e+00, 3.812969858660814e+04, 3.721800033762562e+04, 3.108700554974456e+04, 3.983803590619971e+04, 3.039005402970842e+04, 3.910260381185145e+04, 3.330403194444475e+04, 3.48257268212302e+04, 3.960221723908586e+04, 2.934054160966063e+04, 4.371047210649373e+04, 2.935862474664439e+04, 3.936128549530428e+04, 3.613119994932333e+04, 3.281578201258866e+04, 3.756450284448155e+04, 3.296621168022591e+04, 3.255794867817422e+04, 3.128759888112879e+04, 2.824306530747203e+04, 2.53379314208793e+04, 2.178429447416353e+04, 1.802592343699883e+04, 1.440225110180767e+04, 1.12220615234375e+04, 8.704352501065778e+03, 6.895863952364632e+03, 5.719656364073394e+03, 5.025959075589422e+03, 4.655814781031373e+03, 4.477924346370329e+03, 4.401607880264349e+03, 4.372845238300517e+03, 4.363555177675906e+03, 4.361043944723148e+03, 4.36041748099611e+03, 4.360152832143009e+03, 4.359927245993633e+03, 4.359733886488249e+03, 4.359595703193394e+03, 4.359512207011168e+03, 4.359469726527284e+03, 4.359450683602481e+03, 4.3594443359375e+03, 4.35944384765625e+03, 4.35944384765625e+03, 4.359443359375e+03, 4.35944287109375e+03, 4.35944287109375e+03, 4.3594423828125e+03, 4.3594423828125e+03, 4.3594423828125e+03, 4.3594423828125e+03, 4.3594423828125e+03, 4.35944287109084e+03, 4.3594423828125e+03, 4.3594423828125e+03, 4.3594423828125e+03, 4.3594423828125e+03, 4.35944189453125e+03, 4.3594423828125e+03, 4.3594423828125e+03, 4.3594423828125e+03, 4.3594423828125e+03, 4.3594423828125e+03, 4.3594423828125e+03, 4.3594423828125e+03, 4.3594423828125e+03, 4.3594423828125e+03, 4.3594423828125e+03, 4.3594423828125e+03, 4.3594423828125e+03, 4.3594423828125e+03, 4.3594423828125e+03, 4.3594423828125e+03, 4.3594423828125e+03, 4.3594423828125e+03, 4.3594423828125e+03, 4.3594423828125e+03, 4.3594423828125e+03, 4.3594423828125e+03, 4.3594423828125e+03, 4.3594423828125e+03, 4.3594423828125e+03, 4.3594423828125e+03, 4.3594423828125e+03, 4.3594423828125e+03, 4.3594423828125e+03, 4.3594423828125e+03, 4.3594423828125e+03, 4.3594423828125e+03, 4.3594423828125e+03, 4.3594423828125e+03, 4.3594423828125e+03, 4.3594423828125e+03, 4.3594423828125e+03, 4.3594423828125e+03, 4.3594423828125e+03, 4.3594423828125e+03, 4.3594423828125e+03]
sou.P.apparent=[0e+00, 5.559762054999551e+04, 4.938709034591498e+04, 4.753355794197654e+04, 5.048707933389027e+04, 4.765040352907024e+04, 4.821833851527269e+04, 5.031026219115136e+04, 4.351445278648938e+04, 5.367126807844794e+04, 3.985239897953155e+04, 5.320071089092e+04, 4.213484897126608e+04, 4.609328648315614e+04, 4.651400055774234e+04, 3.995401533715206e+04, 4.391046816939373e+04, 3.944141895726076e+04, 3.72289808546241e+04, 3.53591085033956e+04, 3.152822377879119e+04, 2.786579431244668e+04, 2.3773638168729e+04, 1.961090209458853e+04, 1.57379502292606e+04, 1.24316552734375e+04, 9.879992154253014e+03, 8.091379055126265e+03, 6.950977160690476e+03, 6.284135359365222e+03, 5.92506965718202e+03, 5.747486358621096e+03, 5.667469205480135e+03, 5.634993680087211e+03, 5.623260256482807e+03, 5.619496092721181e+03, 5.618359375977887e+03, 5.617944336083019e+03, 5.617704101468204e+03, 5.617528320109937e+03, 5.617405761779868e+03, 5.617329589825415e+03, 5.617289550746034e+03, 5.617270507821231e+03, 5.617263183592586e+03, 5.61726123046875e+03, 5.61726123046875e+03, 5.6172607421875e+03, 5.617260742184881e+03, 5.61726025390625e+03, 5.617259765625e+03, 5.617259765625e+03, 5.617259765625e+03, 5.617259765625e+03, 5.617259765625e+03, 5.617259765625e+03, 5.617259765625e+03, 5.617259765625e+03, 5.617259765625e+03, 5.617259765625e+03, 5.617259765625e+03, 5.617259765625e+03, 5.617259765625e+03, 5.617259765625e+03, 5.617259765625e+03, 5.617259765625e+03, 5.617259765625e+03, 5.617259765625e+03, 5.617259765625e+03, 5.617259765625e+03, 5.617259765625e+03, 5.617259765625e+03, 5.617259765625e+03, 5.617259765625e+03, 5.617259765625e+03, 5.617259765625e+03, 5.617259765625e+03, 5.617259765625e+03, 5.617259765625e+03, 5.617259765625e+03, 5.617259765625e+03, 5.617259765625e+03, 5.617259765625e+03, 5.617259765625e+03, 5.617259765625e+03, 5.617259765625e+03, 5.617259765625e+03, 5.617259765625e+03, 5.617259765625e+03, 5.617259765625e+03, 5.617259765625e+03, 5.617259765625e+03, 5.617259765625e+03, 5.617259765625e+03, 5.617259765625e+03, 5.617259765625e+03, 5.617259765625e+03, 5.617259765625e+03, 5.617259765625e+03, 5.617259765625e+03, 5.617259765625e+03]
