last-generated=2022-03-03
statistics-initialization=
{
  "nonlinear": "3",
  "numerical Jacobians": "0"
}
statistics-simulation=
{
  "linear": "0, 0, 0, 2",
  "nonlinear": "3",
  "number of continuous time states": "30",
  "numerical Jacobians": "0"
}
time=[0e+00, 8.64e+04]
pla.QFue_flow=[4.166666796875e+04, 5.717715234375e+04, 5.926019140625e+04, 6.14606953125e+04, 6.363157421875e+04, 6.56288203125e+04, 6.7308828125e+04, 6.85278671875e+04, 6.91425e+04, 6.9187609375e+04, 6.91875e+04, 6.9187453125e+04, 6.91874296875e+04, 6.918740625e+04, 6.91873984375e+04, 6.9187390625e+04, 6.91873828125e+04, 6.9187375e+04, 6.91873671875e+04, 6.91873671875e+04, 6.9187359375e+04, 6.91873515625e+04, 6.91873515625e+04, 6.918734375e+04, 6.918734375e+04, 6.91873359375e+04, 6.91873359375e+04, 6.9187328125e+04, 6.9187328125e+04, 6.91873203125e+04, 6.91873125e+04, 6.91873125e+04, 6.91873046875e+04, 6.91873046875e+04, 6.9187296875e+04, 6.9187296875e+04, 6.91872890625e+04, 6.91872890625e+04, 6.918728125e+04, 6.918728125e+04, 6.91872734375e+04, 6.91872734375e+04, 6.90363828125e+04, 6.684609375e+04, 6.261623828125e+04, 5.70646328125e+04, 5.0908796875e+04, 4.48658515625e+04, 3.96540546875e+04, 3.59900703125e+04, 3.459108984375e+04, 3.45933515625e+04, 3.459348828125e+04, 3.45935390625e+04, 3.459356640625e+04, 3.45935859375e+04, 3.459359375e+04, 3.459360546875e+04, 3.459360546875e+04, 3.459360546875e+04, 3.459360546875e+04, 3.459360546875e+04, 3.459360546875e+04, 3.459360546875e+04, 3.459360546875e+04, 3.459360546875e+04, 3.459360546875e+04, 3.45936015625e+04, 3.45936015625e+04, 3.45936015625e+04, 3.45936015625e+04, 3.45936015625e+04, 3.459359765625e+04, 3.459359765625e+04, 3.459359765625e+04, 3.459359765625e+04, 3.459359375e+04, 3.459359375e+04, 3.459359375e+04, 3.459359375e+04, 3.459358984375e+04, 3.459358984375e+04, 3.459358984375e+04, 3.459358984375e+04, 3.465671484375e+04, 3.49836171875e+04, 3.55648125e+04, 3.637340625e+04, 3.738249609375e+04, 3.856518359375e+04, 3.98945625e+04, 4.13437421875e+04, 4.28858125e+04, 4.449387890625e+04, 4.614103515625e+04, 4.78003828125e+04, 4.94450234375e+04, 5.104806640625e+04, 5.25826796875e+04, 5.40218515625e+04, 5.533870703125e+04]
bld[1].Q_flow=[1.6e+04, 1.65306875e+04, 1.7135103515625e+04, 1.7771775390625e+04, 1.8399232421875e+04, 1.8976e+04, 1.9460607421875e+04, 1.9811583984375e+04, 1.9987455078125e+04, 2e+04, 2e+04, 2e+04, 2e+04, 2e+04, 2e+04, 2e+04, 2e+04, 2e+04, 2e+04, 2e+04, 2e+04, 2e+04, 2e+04, 2e+04, 2e+04, 2e+04, 2e+04, 2e+04, 2e+04, 2e+04, 2e+04, 2e+04, 2e+04, 2e+04, 2e+04, 2e+04, 2e+04, 2e+04, 2e+04, 2e+04, 2e+04, 2e+04, 1.9953279296875e+04, 1.9313919921875e+04, 1.80870390625e+04, 1.648e+04, 1.470016015625e+04, 1.29548798828125e+04, 1.145151953125e+04, 1.03974404296875e+04, 1e+04, 1e+04, 1e+04, 1e+04, 1e+04, 1e+04, 1e+04, 1e+04, 1e+04, 1e+04, 1e+04, 1e+04, 1e+04, 1e+04, 1e+04, 1e+04, 1e+04, 1e+04, 1e+04, 1e+04, 1e+04, 1e+04, 1e+04, 1e+04, 1e+04, 1e+04, 1e+04, 1e+04, 1e+04, 1e+04, 1e+04, 1e+04, 1e+04, 1e+04, 1.001881640625e+04, 1.0114e+04, 1.02826240234375e+04, 1.0516912109375e+04, 1.0809087890625e+04, 1.11513759765625e+04, 1.1536e+04, 1.195518359375e+04, 1.240115234375e+04, 1.28661279296875e+04, 1.33423359375e+04, 1.3822e+04, 1.429734375e+04, 1.4760591796875e+04, 1.52039677734375e+04, 1.56196962890625e+04, 1.6e+04]
bld[3].Q_flow=[1.6e+04, 1.65306875e+04, 1.7135103515625e+04, 1.7771775390625e+04, 1.8399232421875e+04, 1.8976e+04, 1.9460607421875e+04, 1.9811583984375e+04, 1.9987455078125e+04, 2e+04, 2e+04, 2e+04, 2e+04, 2e+04, 2e+04, 2e+04, 2e+04, 2e+04, 2e+04, 2e+04, 2e+04, 2e+04, 2e+04, 2e+04, 2e+04, 2e+04, 2e+04, 2e+04, 2e+04, 2e+04, 2e+04, 2e+04, 2e+04, 2e+04, 2e+04, 2e+04, 2e+04, 2e+04, 2e+04, 2e+04, 2e+04, 2e+04, 1.9953279296875e+04, 1.9313919921875e+04, 1.80870390625e+04, 1.648e+04, 1.470016015625e+04, 1.29548798828125e+04, 1.145151953125e+04, 1.03974404296875e+04, 1e+04, 1e+04, 1e+04, 1e+04, 1e+04, 1e+04, 1e+04, 1e+04, 1e+04, 1e+04, 1e+04, 1e+04, 1e+04, 1e+04, 1e+04, 1e+04, 1e+04, 1e+04, 1e+04, 1e+04, 1e+04, 1e+04, 1e+04, 1e+04, 1e+04, 1e+04, 1e+04, 1e+04, 1e+04, 1e+04, 1e+04, 1e+04, 1e+04, 1e+04, 1.001881640625e+04, 1.0114e+04, 1.02826240234375e+04, 1.0516912109375e+04, 1.0809087890625e+04, 1.11513759765625e+04, 1.1536e+04, 1.195518359375e+04, 1.240115234375e+04, 1.28661279296875e+04, 1.33423359375e+04, 1.3822e+04, 1.429734375e+04, 1.4760591796875e+04, 1.52039677734375e+04, 1.56196962890625e+04, 1.6e+04]
pla.port_aSerHea.m_flow=[0e+00, 2.216719277203083e-02, 2.29773111641407e-02, 2.38311942666769e-02, 2.46732123196125e-02, 2.544773556292057e-02, 2.609913237392902e-02, 2.657177485525608e-02, 2.681003138422966e-02, 2.682776749134064e-02, 2.682776749134064e-02, 2.682776749134064e-02, 2.682776749134064e-02, 2.682776749134064e-02, 2.682776749134064e-02, 2.682776749134064e-02, 2.682776749134064e-02, 2.682776749134064e-02, 2.682776749134064e-02, 2.682776749134064e-02, 2.682776749134064e-02, 2.682776749134064e-02, 2.682776749134064e-02, 2.682776749134064e-02, 2.682776749134064e-02, 2.682776749134064e-02, 2.682776749134064e-02, 2.682776749134064e-02, 2.682776749134064e-02, 2.682776749134064e-02, 2.682776749134064e-02, 2.682776749134064e-02, 2.682776749134064e-02, 2.682776749134064e-02, 2.682776749134064e-02, 2.682776749134064e-02, 2.682776749134064e-02, 2.682776749134064e-02, 2.682776749134064e-02, 2.682776749134064e-02, 2.682776749134064e-02, 2.682776749134064e-02, 2.676835469901562e-02, 2.591901831328869e-02, 2.427911199629307e-02, 2.212677896022797e-02, 1.974016800522804e-02, 1.739743165671825e-02, 1.537671498954296e-02, 1.395617239177227e-02, 1.341391261667013e-02, 1.341388374567032e-02, 1.341388374567032e-02, 1.341388374567032e-02, 1.341388374567032e-02, 1.341388374567032e-02, 1.341388374567032e-02, 1.341388374567032e-02, 1.341388374567032e-02, 1.341388374567032e-02, 1.341388374567032e-02, 1.341388374567032e-02, 1.341388374567032e-02, 1.341388374567032e-02, 1.341388374567032e-02, 1.341388374567032e-02, 1.341388374567032e-02, 1.341388374567032e-02, 1.341388374567032e-02, 1.341388374567032e-02, 1.341388374567032e-02, 1.341388374567032e-02, 1.341388374567032e-02, 1.341388374567032e-02, 1.341388374567032e-02, 1.341388374567032e-02, 1.341388374567032e-02, 1.341388374567032e-02, 1.341388374567032e-02, 1.341388374567032e-02, 1.341388374567032e-02, 1.341388374567032e-02, 1.341388374567032e-02, 1.341388374567032e-02, 1.34384548291564e-02, 1.356521062552929e-02, 1.37905664741993e-02, 1.410409715026617e-02, 1.449537090957165e-02, 1.495395693928003e-02, 1.546942535787821e-02, 1.603134535253048e-02, 1.66292879730463e-02, 1.725281961262226e-02, 1.789150945842266e-02, 1.853493042290211e-02, 1.917264983057976e-02, 1.979423500597477e-02, 2.03892569988966e-02, 2.094728872179985e-02, 2.145789563655853e-02]
bld[1].port_a.m_flow=[0e+00, 7.389064412564039e-03, 7.659103721380234e-03, 7.943731732666492e-03, 8.224404416978359e-03, 8.482578210532665e-03, 8.699710480868816e-03, 8.857258595526218e-03, 8.936677128076553e-03, 8.942589163780212e-03, 8.942589163780212e-03, 8.942589163780212e-03, 8.942589163780212e-03, 8.942589163780212e-03, 8.942589163780212e-03, 8.942589163780212e-03, 8.942589163780212e-03, 8.942589163780212e-03, 8.942589163780212e-03, 8.942589163780212e-03, 8.942589163780212e-03, 8.942589163780212e-03, 8.942589163780212e-03, 8.942589163780212e-03, 8.942589163780212e-03, 8.942589163780212e-03, 8.942589163780212e-03, 8.942589163780212e-03, 8.942589163780212e-03, 8.942589163780212e-03, 8.942589163780212e-03, 8.942589163780212e-03, 8.942589163780212e-03, 8.942589163780212e-03, 8.942589163780212e-03, 8.942589163780212e-03, 8.942589163780212e-03, 8.942589163780212e-03, 8.942589163780212e-03, 8.942589163780212e-03, 8.942589163780212e-03, 8.942589163780212e-03, 8.922784589231014e-03, 8.63967277109623e-03, 8.093037642538548e-03, 7.375592831522226e-03, 6.58005615696311e-03, 5.799143575131893e-03, 5.125571507960558e-03, 4.652057308703661e-03, 4.47130436077714e-03, 4.471294581890106e-03, 4.471294581890106e-03, 4.471294581890106e-03, 4.471294581890106e-03, 4.471294581890106e-03, 4.471294581890106e-03, 4.471294581890106e-03, 4.471294581890106e-03, 4.471294581890106e-03, 4.471294581890106e-03, 4.471294581890106e-03, 4.471294581890106e-03, 4.471294581890106e-03, 4.471294581890106e-03, 4.471294581890106e-03, 4.471294581890106e-03, 4.471294581890106e-03, 4.471294581890106e-03, 4.471294581890106e-03, 4.471294581890106e-03, 4.471294581890106e-03, 4.471294581890106e-03, 4.471294581890106e-03, 4.471294581890106e-03, 4.471294581890106e-03, 4.471294581890106e-03, 4.471294581890106e-03, 4.471294581890106e-03, 4.471294581890106e-03, 4.471294581890106e-03, 4.471294581890106e-03, 4.471294581890106e-03, 4.471294581890106e-03, 4.479485098272562e-03, 4.52173687517643e-03, 4.596855491399765e-03, 4.70136571675539e-03, 4.831789992749691e-03, 4.984652157872915e-03, 5.156475119292736e-03, 5.343781784176826e-03, 5.543095525354147e-03, 5.750939715653658e-03, 5.963836796581745e-03, 6.178310140967369e-03, 6.39088312163949e-03, 6.598078645765781e-03, 6.796418689191341e-03, 6.982429418712854e-03, 7.152631878852844e-03]
bld[3].port_a.m_flow=[0e+00, 7.389064412564039e-03, 7.659103721380234e-03, 7.943731732666492e-03, 8.224404416978359e-03, 8.482578210532665e-03, 8.699710480868816e-03, 8.857258595526218e-03, 8.936677128076553e-03, 8.942589163780212e-03, 8.942589163780212e-03, 8.942589163780212e-03, 8.942589163780212e-03, 8.942589163780212e-03, 8.942589163780212e-03, 8.942589163780212e-03, 8.942589163780212e-03, 8.942589163780212e-03, 8.942589163780212e-03, 8.942589163780212e-03, 8.942589163780212e-03, 8.942589163780212e-03, 8.942589163780212e-03, 8.942589163780212e-03, 8.942589163780212e-03, 8.942589163780212e-03, 8.942589163780212e-03, 8.942589163780212e-03, 8.942589163780212e-03, 8.942589163780212e-03, 8.942589163780212e-03, 8.942589163780212e-03, 8.942589163780212e-03, 8.942589163780212e-03, 8.942589163780212e-03, 8.942589163780212e-03, 8.942589163780212e-03, 8.942589163780212e-03, 8.942589163780212e-03, 8.942589163780212e-03, 8.942589163780212e-03, 8.942589163780212e-03, 8.922784589231014e-03, 8.63967277109623e-03, 8.093037642538548e-03, 7.375592831522226e-03, 6.58005615696311e-03, 5.799143575131893e-03, 5.125571507960558e-03, 4.652057308703661e-03, 4.47130436077714e-03, 4.471294581890106e-03, 4.471294581890106e-03, 4.471294581890106e-03, 4.471294581890106e-03, 4.471294581890106e-03, 4.471294581890106e-03, 4.471294581890106e-03, 4.471294581890106e-03, 4.471294581890106e-03, 4.471294581890106e-03, 4.471294581890106e-03, 4.471294581890106e-03, 4.471294581890106e-03, 4.471294581890106e-03, 4.471294581890106e-03, 4.471294581890106e-03, 4.471294581890106e-03, 4.471294581890106e-03, 4.471294581890106e-03, 4.471294581890106e-03, 4.471294581890106e-03, 4.471294581890106e-03, 4.471294581890106e-03, 4.471294581890106e-03, 4.471294581890106e-03, 4.471294581890106e-03, 4.471294581890106e-03, 4.471294581890106e-03, 4.471294581890106e-03, 4.471294581890106e-03, 4.471294581890106e-03, 4.471294581890106e-03, 4.471294581890106e-03, 4.479485098272562e-03, 4.52173687517643e-03, 4.596855491399765e-03, 4.70136571675539e-03, 4.831789992749691e-03, 4.984652157872915e-03, 5.156475119292736e-03, 5.343781784176826e-03, 5.543095525354147e-03, 5.750939715653658e-03, 5.963836796581745e-03, 6.178310140967369e-03, 6.39088312163949e-03, 6.598078645765781e-03, 6.796418689191341e-03, 6.982429418712854e-03, 7.152631878852844e-03]
pla.port_aSerHea.p=[1.01325e+05, 1.01325e+05]
pla.port_bSerHea.p=[3.9966665625e+05, 3.9999746875e+05, 3.99997625e+05, 3.9999753125e+05, 3.99997625e+05, 3.9999790625e+05, 3.9999828125e+05, 3.99998875e+05, 3.9999959375e+05, 4e+05, 4e+05, 4e+05, 4e+05, 4e+05, 4e+05, 4e+05, 4e+05, 4e+05, 4e+05, 4e+05, 4e+05, 4e+05, 4e+05, 4e+05, 4e+05, 4e+05, 4e+05, 4e+05, 4e+05, 4e+05, 4e+05, 4e+05, 4e+05, 4e+05, 4e+05, 4e+05, 4e+05, 4e+05, 4e+05, 4e+05, 4e+05, 4e+05, 4.00000625e+05, 4.00003375e+05, 4.0000534375e+05, 4.0000653125e+05, 4.0000690625e+05, 4.000065e+05, 4.0000528125e+05, 4.0000328125e+05, 4.0000046875e+05, 4e+05, 4e+05, 4e+05, 4e+05, 4e+05, 4e+05, 4e+05, 4e+05, 4e+05, 4e+05, 4e+05, 4e+05, 4e+05, 4e+05, 4e+05, 4e+05, 4e+05, 4e+05, 4e+05, 4e+05, 4e+05, 4e+05, 4e+05, 4e+05, 4e+05, 4e+05, 4e+05, 4e+05, 4e+05, 4e+05, 4e+05, 4e+05, 4e+05, 3.9999984375e+05, 3.9999953125e+05, 3.9999925e+05, 3.9999903125e+05, 3.999988125e+05, 3.99998625e+05, 3.9999846875e+05, 3.9999834375e+05, 3.9999825e+05, 3.999981875e+05, 3.9999815625e+05, 3.9999815625e+05, 3.999981875e+05, 3.9999825e+05, 3.9999834375e+05, 3.999984375e+05, 3.9999859375e+05]
bld[1].port_b.p=[1.01325e+05, 1.0325525e+05, 1.033989140625e+05, 1.03555921875e+05, 1.03716359375e+05, 1.038688515625e+05, 1.0400075e+05, 1.040985390625e+05, 1.041485e+05, 1.04152234375e+05, 1.04152234375e+05, 1.04152234375e+05, 1.04152234375e+05, 1.04152234375e+05, 1.04152234375e+05, 1.04152234375e+05, 1.04152234375e+05, 1.04152234375e+05, 1.04152234375e+05, 1.04152234375e+05, 1.04152234375e+05, 1.04152234375e+05, 1.04152234375e+05, 1.04152234375e+05, 1.04152234375e+05, 1.04152234375e+05, 1.04152234375e+05, 1.04152234375e+05, 1.04152234375e+05, 1.04152234375e+05, 1.04152234375e+05, 1.04152234375e+05, 1.04152234375e+05, 1.04152234375e+05, 1.04152234375e+05, 1.04152234375e+05, 1.04152234375e+05, 1.04152234375e+05, 1.04152234375e+05, 1.04152234375e+05, 1.04152234375e+05, 1.04152234375e+05, 1.041397265625e+05, 1.039639453125e+05, 1.036405703125e+05, 1.0324821875e+05, 1.0285571875e+05, 1.025139453125e+05, 1.02253796875e+05, 1.02090109375e+05, 1.020318125e+05, 1.020318125e+05, 1.020318125e+05, 1.020318125e+05, 1.020318125e+05, 1.020318125e+05, 1.020318125e+05, 1.020318125e+05, 1.020318125e+05, 1.020318125e+05, 1.020318125e+05, 1.020318125e+05, 1.020318125e+05, 1.020318125e+05, 1.020318125e+05, 1.020318125e+05, 1.020318125e+05, 1.020318125e+05, 1.020318125e+05, 1.020318125e+05, 1.020318125e+05, 1.020318125e+05, 1.020318125e+05, 1.020318125e+05, 1.020318125e+05, 1.020318125e+05, 1.020318125e+05, 1.020318125e+05, 1.020318125e+05, 1.020318125e+05, 1.020318125e+05, 1.020318125e+05, 1.020318125e+05, 1.020318125e+05, 1.020343984375e+05, 1.0204784375e+05, 1.020720625e+05, 1.02106421875e+05, 1.02150375e+05, 1.022034296875e+05, 1.0226503125e+05, 1.023345625e+05, 1.024112734375e+05, 1.02494265625e+05, 1.025824375e+05, 1.026745078125e+05, 1.0276896875e+05, 1.02864109375e+05, 1.029580390625e+05, 1.030486484375e+05, 1.03133703125e+05]
bld[3].port_b.p=[1.01325e+05, 1.051855078125e+05, 1.054728359375e+05, 1.0578684375e+05, 1.061077109375e+05, 1.064126953125e+05, 1.066764921875e+05, 1.068720703125e+05, 1.069719921875e+05, 1.0697946875e+05, 1.0697946875e+05, 1.0697946875e+05, 1.0697946875e+05, 1.0697946875e+05, 1.0697946875e+05, 1.0697946875e+05, 1.0697946875e+05, 1.0697946875e+05, 1.0697946875e+05, 1.0697946875e+05, 1.0697946875e+05, 1.0697946875e+05, 1.0697946875e+05, 1.0697946875e+05, 1.0697946875e+05, 1.0697946875e+05, 1.0697946875e+05, 1.0697946875e+05, 1.0697946875e+05, 1.0697946875e+05, 1.0697946875e+05, 1.0697946875e+05, 1.0697946875e+05, 1.0697946875e+05, 1.0697946875e+05, 1.0697946875e+05, 1.0697946875e+05, 1.0697946875e+05, 1.0697946875e+05, 1.0697946875e+05, 1.0697946875e+05, 1.0697946875e+05, 1.06954453125e+05, 1.066028828125e+05, 1.059561484375e+05, 1.051714453125e+05, 1.043864296875e+05, 1.037028984375e+05, 1.0318259375e+05, 1.028552265625e+05, 1.02738625e+05, 1.027386171875e+05, 1.027386171875e+05, 1.027386171875e+05, 1.027386171875e+05, 1.027386171875e+05, 1.027386171875e+05, 1.027386171875e+05, 1.027386171875e+05, 1.027386171875e+05, 1.027386171875e+05, 1.027386171875e+05, 1.027386171875e+05, 1.027386171875e+05, 1.027386171875e+05, 1.027386171875e+05, 1.027386171875e+05, 1.027386171875e+05, 1.027386171875e+05, 1.027386171875e+05, 1.027386171875e+05, 1.027386171875e+05, 1.027386171875e+05, 1.027386171875e+05, 1.027386171875e+05, 1.027386171875e+05, 1.027386171875e+05, 1.027386171875e+05, 1.027386171875e+05, 1.027386171875e+05, 1.027386171875e+05, 1.027386171875e+05, 1.027386171875e+05, 1.027386171875e+05, 1.027438046875e+05, 1.027706953125e+05, 1.02819125e+05, 1.028878359375e+05, 1.0297575e+05, 1.030818515625e+05, 1.032050546875e+05, 1.03344125e+05, 1.034975546875e+05, 1.0366353125e+05, 1.03839875e+05, 1.040240078125e+05, 1.042129296875e+05, 1.044032265625e+05, 1.045910703125e+05, 1.04772296875e+05, 1.0494240625e+05]
bld[1].sta_a.T=[4.011299133300781e+02, 4.167622985839844e+02, 4.167623291015625e+02, 4.167622985839844e+02, 4.167623291015625e+02, 4.167623291015625e+02, 4.167623901367188e+02, 4.167624206542969e+02, 4.167624816894531e+02, 4.167625427246094e+02, 4.167625427246094e+02, 4.167625427246094e+02, 4.167625427246094e+02, 4.167625427246094e+02, 4.167625427246094e+02, 4.167625427246094e+02, 4.167625427246094e+02, 4.167625427246094e+02, 4.167625427246094e+02, 4.167625427246094e+02, 4.167625427246094e+02, 4.167625427246094e+02, 4.167625427246094e+02, 4.167625427246094e+02, 4.167625427246094e+02, 4.167625427246094e+02, 4.167625427246094e+02, 4.167625427246094e+02, 4.167625427246094e+02, 4.167625427246094e+02, 4.167625427246094e+02, 4.167625427246094e+02, 4.167625427246094e+02, 4.167625427246094e+02, 4.167625427246094e+02, 4.167625427246094e+02, 4.167625427246094e+02, 4.167625427246094e+02, 4.167625427246094e+02, 4.167625427246094e+02, 4.167625427246094e+02, 4.167625427246094e+02, 4.167626037597656e+02, 4.167628479003906e+02, 4.167630004882812e+02, 4.167631225585938e+02, 4.167631530761719e+02, 4.167631225585938e+02, 4.167630004882812e+02, 4.167628173828125e+02, 4.167625732421875e+02, 4.167625427246094e+02, 4.167625427246094e+02, 4.167625427246094e+02, 4.167625427246094e+02, 4.167625427246094e+02, 4.167625427246094e+02, 4.167625427246094e+02, 4.167625427246094e+02, 4.167625427246094e+02, 4.167625427246094e+02, 4.167625427246094e+02, 4.167625427246094e+02, 4.167625427246094e+02, 4.167625427246094e+02, 4.167625427246094e+02, 4.167625427246094e+02, 4.167625427246094e+02, 4.167625427246094e+02, 4.167625427246094e+02, 4.167625427246094e+02, 4.167625427246094e+02, 4.167625427246094e+02, 4.167625427246094e+02, 4.167625427246094e+02, 4.167625427246094e+02, 4.167625427246094e+02, 4.167625427246094e+02, 4.167625427246094e+02, 4.167625427246094e+02, 4.167625427246094e+02, 4.167625427246094e+02, 4.167625427246094e+02, 4.167625427246094e+02, 4.167625122070312e+02, 4.167624816894531e+02, 4.16762451171875e+02, 4.16762451171875e+02, 4.167624206542969e+02, 4.167624206542969e+02, 4.167623901367188e+02, 4.167623901367188e+02, 4.167623901367188e+02, 4.167623596191406e+02, 4.167623596191406e+02, 4.167623596191406e+02, 4.167623596191406e+02, 4.167623596191406e+02, 4.167623901367188e+02, 4.167623901367188e+02, 4.167624206542969e+02]
bld[1].sta_b.T=[3.731499938964844e+02, 3.731499938964844e+02, 3.731499938964844e+02, 3.731499938964844e+02, 3.731499938964844e+02, 3.731499938964844e+02, 3.731499938964844e+02, 3.731499938964844e+02, 3.731499938964844e+02, 3.731499938964844e+02, 3.731499938964844e+02, 3.731499938964844e+02, 3.731499938964844e+02, 3.731499938964844e+02, 3.731499938964844e+02, 3.731499938964844e+02, 3.731499938964844e+02, 3.731499938964844e+02, 3.731499938964844e+02, 3.731499938964844e+02, 3.731499938964844e+02, 3.731499938964844e+02, 3.731499938964844e+02, 3.731499938964844e+02, 3.731499938964844e+02, 3.731499938964844e+02, 3.731499938964844e+02, 3.731499938964844e+02, 3.731499938964844e+02, 3.731499938964844e+02, 3.731499938964844e+02, 3.731499938964844e+02, 3.731499938964844e+02, 3.731499938964844e+02, 3.731499938964844e+02, 3.731499938964844e+02, 3.731499938964844e+02, 3.731499938964844e+02, 3.731499938964844e+02, 3.731499938964844e+02, 3.731499938964844e+02, 3.731499938964844e+02, 3.731499938964844e+02, 3.731499938964844e+02, 3.731499938964844e+02, 3.731499938964844e+02, 3.731499938964844e+02, 3.731499938964844e+02, 3.731499938964844e+02, 3.731499938964844e+02, 3.731499938964844e+02, 3.731499938964844e+02, 3.731499938964844e+02, 3.731499938964844e+02, 3.731499938964844e+02, 3.731499938964844e+02, 3.731499938964844e+02, 3.731499938964844e+02, 3.731499938964844e+02, 3.731499938964844e+02, 3.731499938964844e+02, 3.731499938964844e+02, 3.731499938964844e+02, 3.731499938964844e+02, 3.731499938964844e+02, 3.731499938964844e+02, 3.731499938964844e+02, 3.731499938964844e+02, 3.731499938964844e+02, 3.731499938964844e+02, 3.731499938964844e+02, 3.731499938964844e+02, 3.731499938964844e+02, 3.731499938964844e+02, 3.731499938964844e+02, 3.731499938964844e+02, 3.731499938964844e+02, 3.731499938964844e+02, 3.731499938964844e+02, 3.731499938964844e+02, 3.731499938964844e+02, 3.731499938964844e+02, 3.731499938964844e+02, 3.731499938964844e+02, 3.731499938964844e+02, 3.731499938964844e+02, 3.731499938964844e+02, 3.731499938964844e+02, 3.731499938964844e+02, 3.731499938964844e+02, 3.731499938964844e+02, 3.731499938964844e+02, 3.731499938964844e+02, 3.731499938964844e+02, 3.731499938964844e+02, 3.731499938964844e+02, 3.731499938964844e+02, 3.731499938964844e+02, 3.731499938964844e+02, 3.731499938964844e+02, 3.731499938964844e+02]
bld[3].sta_a.T=[4.011299133300781e+02, 4.167622985839844e+02, 4.167623291015625e+02, 4.167622985839844e+02, 4.167623291015625e+02, 4.167623291015625e+02, 4.167623901367188e+02, 4.167624206542969e+02, 4.167624816894531e+02, 4.167625427246094e+02, 4.167625427246094e+02, 4.167625427246094e+02, 4.167625427246094e+02, 4.167625427246094e+02, 4.167625427246094e+02, 4.167625427246094e+02, 4.167625427246094e+02, 4.167625427246094e+02, 4.167625427246094e+02, 4.167625427246094e+02, 4.167625427246094e+02, 4.167625427246094e+02, 4.167625427246094e+02, 4.167625427246094e+02, 4.167625427246094e+02, 4.167625427246094e+02, 4.167625427246094e+02, 4.167625427246094e+02, 4.167625427246094e+02, 4.167625427246094e+02, 4.167625427246094e+02, 4.167625427246094e+02, 4.167625427246094e+02, 4.167625427246094e+02, 4.167625427246094e+02, 4.167625427246094e+02, 4.167625427246094e+02, 4.167625427246094e+02, 4.167625427246094e+02, 4.167625427246094e+02, 4.167625427246094e+02, 4.167625427246094e+02, 4.167626037597656e+02, 4.167628479003906e+02, 4.167630004882812e+02, 4.167631225585938e+02, 4.167631530761719e+02, 4.167631225585938e+02, 4.167630004882812e+02, 4.167628173828125e+02, 4.167625732421875e+02, 4.167625427246094e+02, 4.167625427246094e+02, 4.167625427246094e+02, 4.167625427246094e+02, 4.167625427246094e+02, 4.167625427246094e+02, 4.167625427246094e+02, 4.167625427246094e+02, 4.167625427246094e+02, 4.167625427246094e+02, 4.167625427246094e+02, 4.167625427246094e+02, 4.167625427246094e+02, 4.167625427246094e+02, 4.167625427246094e+02, 4.167625427246094e+02, 4.167625427246094e+02, 4.167625427246094e+02, 4.167625427246094e+02, 4.167625427246094e+02, 4.167625427246094e+02, 4.167625427246094e+02, 4.167625427246094e+02, 4.167625427246094e+02, 4.167625427246094e+02, 4.167625427246094e+02, 4.167625427246094e+02, 4.167625427246094e+02, 4.167625427246094e+02, 4.167625427246094e+02, 4.167625427246094e+02, 4.167625427246094e+02, 4.167625427246094e+02, 4.167625122070312e+02, 4.167624816894531e+02, 4.16762451171875e+02, 4.16762451171875e+02, 4.167624206542969e+02, 4.167624206542969e+02, 4.167623901367188e+02, 4.167623901367188e+02, 4.167623901367188e+02, 4.167623596191406e+02, 4.167623596191406e+02, 4.167623596191406e+02, 4.167623596191406e+02, 4.167623596191406e+02, 4.167623901367188e+02, 4.167623901367188e+02, 4.167624206542969e+02]
bld[3].sta_b.T=[3.731499938964844e+02, 3.731499938964844e+02, 3.731499938964844e+02, 3.731499938964844e+02, 3.731499938964844e+02, 3.731499938964844e+02, 3.731499938964844e+02, 3.731499938964844e+02, 3.731499938964844e+02, 3.731499938964844e+02, 3.731499938964844e+02, 3.731499938964844e+02, 3.731499938964844e+02, 3.731499938964844e+02, 3.731499938964844e+02, 3.731499938964844e+02, 3.731499938964844e+02, 3.731499938964844e+02, 3.731499938964844e+02, 3.731499938964844e+02, 3.731499938964844e+02, 3.731499938964844e+02, 3.731499938964844e+02, 3.731499938964844e+02, 3.731499938964844e+02, 3.731499938964844e+02, 3.731499938964844e+02, 3.731499938964844e+02, 3.731499938964844e+02, 3.731499938964844e+02, 3.731499938964844e+02, 3.731499938964844e+02, 3.731499938964844e+02, 3.731499938964844e+02, 3.731499938964844e+02, 3.731499938964844e+02, 3.731499938964844e+02, 3.731499938964844e+02, 3.731499938964844e+02, 3.731499938964844e+02, 3.731499938964844e+02, 3.731499938964844e+02, 3.731499938964844e+02, 3.731499938964844e+02, 3.731499938964844e+02, 3.731499938964844e+02, 3.731499938964844e+02, 3.731499938964844e+02, 3.731499938964844e+02, 3.731499938964844e+02, 3.731499938964844e+02, 3.731499938964844e+02, 3.731499938964844e+02, 3.731499938964844e+02, 3.731499938964844e+02, 3.731499938964844e+02, 3.731499938964844e+02, 3.731499938964844e+02, 3.731499938964844e+02, 3.731499938964844e+02, 3.731499938964844e+02, 3.731499938964844e+02, 3.731499938964844e+02, 3.731499938964844e+02, 3.731499938964844e+02, 3.731499938964844e+02, 3.731499938964844e+02, 3.731499938964844e+02, 3.731499938964844e+02, 3.731499938964844e+02, 3.731499938964844e+02, 3.731499938964844e+02, 3.731499938964844e+02, 3.731499938964844e+02, 3.731499938964844e+02, 3.731499938964844e+02, 3.731499938964844e+02, 3.731499938964844e+02, 3.731499938964844e+02, 3.731499938964844e+02, 3.731499938964844e+02, 3.731499938964844e+02, 3.731499938964844e+02, 3.731499938964844e+02, 3.731499938964844e+02, 3.731499938964844e+02, 3.731499938964844e+02, 3.731499938964844e+02, 3.731499938964844e+02, 3.731499938964844e+02, 3.731499938964844e+02, 3.731499938964844e+02, 3.731499938964844e+02, 3.731499938964844e+02, 3.731499938964844e+02, 3.731499938964844e+02, 3.731499938964844e+02, 3.731499938964844e+02, 3.731499938964844e+02, 3.731499938964844e+02, 3.731499938964844e+02]
pla.port_aSerHea.h_outflow=[4.184e+05, 4.1808703125e+05, 4.1808703125e+05, 4.1808703125e+05, 4.1808703125e+05, 4.182438125e+05, 4.18243875e+05, 4.1824396875e+05, 4.1824403125e+05, 4.1824409375e+05, 4.1824415625e+05, 4.1824421875e+05, 4.182443125e+05, 4.18244375e+05, 4.182444375e+05, 4.182445e+05, 4.1824459375e+05, 4.1824465625e+05, 4.1824471875e+05, 4.1824478125e+05, 4.18244875e+05, 4.182449375e+05, 4.18245e+05, 4.182450625e+05, 4.18245125e+05, 4.1824521875e+05, 4.1824528125e+05, 4.1824534375e+05, 4.1824540625e+05, 4.182455e+05, 4.182455625e+05, 4.18245625e+05, 4.182456875e+05, 4.1824575e+05, 4.1824584375e+05, 4.1824590625e+05, 4.1824596875e+05, 4.1824603125e+05, 4.1824609375e+05, 4.182461875e+05, 4.1824625e+05, 4.182463125e+05, 4.1808703125e+05, 4.1808703125e+05, 4.1808703125e+05, 4.1808703125e+05, 4.1808703125e+05, 4.182466875e+05, 4.1824671875e+05, 4.1824675e+05, 4.1824678125e+05, 4.182468125e+05, 4.1824684375e+05, 4.1824690625e+05, 4.182469375e+05, 4.1824696875e+05, 4.18247e+05, 4.1824703125e+05, 4.182470625e+05, 4.1824709375e+05, 4.18247125e+05, 4.1824715625e+05, 4.182471875e+05, 4.1824721875e+05, 4.1824725e+05, 4.1824728125e+05, 4.1824734375e+05, 4.18247375e+05, 4.1824740625e+05, 4.182474375e+05, 4.1824746875e+05, 4.182475e+05, 4.1824753125e+05, 4.182475625e+05, 4.1824759375e+05, 4.18247625e+05, 4.1824765625e+05, 4.182476875e+05, 4.1824771875e+05, 4.1824778125e+05, 4.182478125e+05, 4.1824784375e+05, 4.18247875e+05, 4.1824790625e+05, 4.182479375e+05, 4.1824796875e+05, 4.18248e+05, 4.1824803125e+05, 4.182480625e+05, 4.18248125e+05, 4.1824815625e+05, 4.182481875e+05, 4.1824821875e+05, 4.1824828125e+05, 4.182483125e+05, 4.18248375e+05, 4.1824840625e+05, 4.1824846875e+05, 4.182485e+05, 4.182485625e+05, 4.18248625e+05]
pla.port_bSerHea.h_outflow=[2.7394185e+06, 2.7394535e+06, 2.7394535e+06, 2.7394535e+06, 2.7394535e+06, 2.7394535e+06, 2.73945375e+06, 2.73945375e+06, 2.73945375e+06, 2.73945375e+06, 2.73945375e+06, 2.73945375e+06, 2.73945375e+06, 2.73945375e+06, 2.73945375e+06, 2.73945375e+06, 2.73945375e+06, 2.73945375e+06, 2.73945375e+06, 2.73945375e+06, 2.73945375e+06, 2.73945375e+06, 2.73945375e+06, 2.73945375e+06, 2.73945375e+06, 2.73945375e+06, 2.73945375e+06, 2.73945375e+06, 2.73945375e+06, 2.73945375e+06, 2.73945375e+06, 2.73945375e+06, 2.73945375e+06, 2.73945375e+06, 2.73945375e+06, 2.73945375e+06, 2.73945375e+06, 2.73945375e+06, 2.73945375e+06, 2.73945375e+06, 2.73945375e+06, 2.73945375e+06, 2.739454e+06, 2.73945425e+06, 2.7394545e+06, 2.7394545e+06, 2.7394545e+06, 2.7394545e+06, 2.7394545e+06, 2.73945425e+06, 2.739454e+06, 2.73945375e+06, 2.73945375e+06, 2.73945375e+06, 2.73945375e+06, 2.73945375e+06, 2.73945375e+06, 2.73945375e+06, 2.73945375e+06, 2.73945375e+06, 2.73945375e+06, 2.73945375e+06, 2.73945375e+06, 2.73945375e+06, 2.73945375e+06, 2.73945375e+06, 2.73945375e+06, 2.73945375e+06, 2.73945375e+06, 2.73945375e+06, 2.73945375e+06, 2.73945375e+06, 2.73945375e+06, 2.73945375e+06, 2.73945375e+06, 2.73945375e+06, 2.73945375e+06, 2.73945375e+06, 2.73945375e+06, 2.73945375e+06, 2.73945375e+06, 2.73945375e+06, 2.73945375e+06, 2.73945375e+06, 2.73945375e+06, 2.73945375e+06, 2.73945375e+06, 2.73945375e+06, 2.73945375e+06, 2.73945375e+06, 2.73945375e+06, 2.73945375e+06, 2.73945375e+06, 2.73945375e+06, 2.73945375e+06, 2.73945375e+06, 2.73945375e+06, 2.73945375e+06, 2.73945375e+06, 2.73945375e+06, 2.73945375e+06]
bld[1].port_a.h_outflow=[2.707127e+06, 2.707127e+06, 2.707127e+06, 2.707127e+06, 2.707127e+06, 2.707127e+06, 2.707127e+06, 2.707127e+06, 2.707127e+06, 2.707127e+06, 2.707127e+06, 2.707127e+06, 2.707127e+06, 2.707127e+06, 2.707127e+06, 2.707127e+06, 2.707127e+06, 2.707127e+06, 2.707127e+06, 2.707127e+06, 2.707127e+06, 2.707127e+06, 2.707127e+06, 2.707127e+06, 2.707127e+06, 2.707127e+06, 2.707127e+06, 2.707127e+06, 2.707127e+06, 2.707127e+06, 2.707127e+06, 2.707127e+06, 2.707127e+06, 2.707127e+06, 2.707127e+06, 2.707127e+06, 2.707127e+06, 2.707127e+06, 2.707127e+06, 2.707127e+06, 2.707127e+06, 2.707127e+06, 2.707127e+06, 2.707127e+06, 2.707127e+06, 2.707127e+06, 2.707127e+06, 2.707127e+06, 2.707127e+06, 2.707127e+06, 2.707127e+06, 2.707127e+06, 2.707127e+06, 2.707127e+06, 2.707127e+06, 2.707127e+06, 2.707127e+06, 2.707127e+06, 2.707127e+06, 2.707127e+06, 2.707127e+06, 2.707127e+06, 2.707127e+06, 2.707127e+06, 2.707127e+06, 2.707127e+06, 2.707127e+06, 2.707127e+06, 2.707127e+06, 2.707127e+06, 2.707127e+06, 2.707127e+06, 2.707127e+06, 2.707127e+06, 2.707127e+06, 2.707127e+06, 2.707127e+06, 2.707127e+06, 2.707127e+06, 2.707127e+06, 2.707127e+06, 2.707127e+06, 2.707127e+06, 2.707127e+06, 2.707127e+06, 2.707127e+06, 2.707127e+06, 2.707127e+06, 2.707127e+06, 2.707127e+06, 2.707127e+06, 2.707127e+06, 2.707127e+06, 2.707127e+06, 2.707127e+06, 2.707127e+06, 2.707127e+06, 2.707127e+06, 2.707127e+06, 2.707127e+06, 2.707127e+06]
bld[1].port_b.h_outflow=[4.184e+05, 4.184e+05, 4.184e+05, 4.184e+05, 4.184e+05, 4.184e+05, 4.184e+05, 4.184e+05, 4.184e+05, 4.184e+05, 4.184e+05, 4.184e+05, 4.184e+05, 4.184e+05, 4.184e+05, 4.184e+05, 4.184e+05, 4.184e+05, 4.184e+05, 4.184e+05, 4.184e+05, 4.184e+05, 4.184e+05, 4.184e+05, 4.184e+05, 4.184e+05, 4.184e+05, 4.184e+05, 4.184e+05, 4.184e+05, 4.184e+05, 4.184e+05, 4.184e+05, 4.184e+05, 4.184e+05, 4.184e+05, 4.184e+05, 4.184e+05, 4.184e+05, 4.184e+05, 4.184e+05, 4.184e+05, 4.184e+05, 4.184e+05, 4.184e+05, 4.184e+05, 4.184e+05, 4.184e+05, 4.184e+05, 4.184e+05, 4.184e+05, 4.184e+05, 4.184e+05, 4.184e+05, 4.184e+05, 4.184e+05, 4.184e+05, 4.184e+05, 4.184e+05, 4.184e+05, 4.184e+05, 4.184e+05, 4.184e+05, 4.184e+05, 4.184e+05, 4.184e+05, 4.184e+05, 4.184e+05, 4.184e+05, 4.184e+05, 4.184e+05, 4.184e+05, 4.184e+05, 4.184e+05, 4.184e+05, 4.184e+05, 4.184e+05, 4.184e+05, 4.184e+05, 4.184e+05, 4.184e+05, 4.184e+05, 4.184e+05, 4.184e+05, 4.184e+05, 4.184e+05, 4.184e+05, 4.184e+05, 4.184e+05, 4.184e+05, 4.184e+05, 4.184e+05, 4.184e+05, 4.184e+05, 4.184e+05, 4.184e+05, 4.184e+05, 4.184e+05, 4.184e+05, 4.184e+05, 4.184e+05]
pla.conPum.u_s=[1e+00, 1e+00]
pla.conPum.u_m=[1e+00, 9.99970018863678e-01, 9.999856948852539e-01, 9.999921321868896e-01, 9.999948143959045e-01, 9.999961853027344e-01, 9.999969601631165e-01, 9.999976754188538e-01, 9.999985098838806e-01, 9.999992847442627e-01, 9.999996423721313e-01, 9.999997615814209e-01, 9.999998807907104e-01, 9.999999403953552e-01, 9.999999403953552e-01, 9.999999403953552e-01, 1e+00, 1e+00, 1e+00, 1e+00, 1e+00, 1e+00, 1e+00, 1e+00, 1e+00, 1e+00, 1e+00, 1e+00, 1e+00, 1e+00, 1e+00, 1e+00, 1e+00, 1e+00, 1e+00, 1e+00, 1e+00, 1e+00, 1e+00, 1e+00, 1e+00, 1e+00, 1.000000238418579e+00, 1.000002264976501e+00, 1.000004887580872e+00, 1.000006675720215e+00, 1.000007390975952e+00, 1.000006437301636e+00, 1.000004649162292e+00, 1.000003099441528e+00, 1.000001668930054e+00, 1.000000834465027e+00, 1.000000476837158e+00, 1.000000238418579e+00, 1.000000238418579e+00, 1.00000011920929e+00, 1.00000011920929e+00, 1e+00, 1e+00, 1e+00, 1e+00, 1e+00, 1e+00, 1e+00, 1e+00, 1e+00, 1e+00, 1e+00, 1e+00, 1e+00, 1e+00, 1e+00, 1e+00, 1e+00, 1e+00, 1e+00, 1e+00, 1e+00, 1e+00, 1e+00, 1e+00, 1e+00, 1e+00, 1e+00, 1e+00, 9.999998807907104e-01, 9.999997615814209e-01, 9.999996423721313e-01, 9.999995231628418e-01, 9.999994039535522e-01, 9.999992847442627e-01, 9.999991655349731e-01, 9.999990463256836e-01, 9.99998927116394e-01, 9.999988079071045e-01, 9.999986290931702e-01, 9.999984502792358e-01, 9.999982118606567e-01, 9.99998152256012e-01, 9.99998152256012e-01, 9.999982118606567e-01]
pla.conBoi.u_s=[1e+00, 1e+00]
pla.conBoi.u_m=[9.991666674613953e-01, 9.999936819076538e-01, 9.999940991401672e-01, 9.999938607215881e-01, 9.999940991401672e-01, 9.999947547912598e-01, 9.999957084655762e-01, 9.999971389770508e-01, 9.999989867210388e-01, 1e+00, 1e+00, 1e+00, 1e+00, 1e+00, 1e+00, 1e+00, 1e+00, 1e+00, 1e+00, 1e+00, 1e+00, 1e+00, 1e+00, 1e+00, 1e+00, 1e+00, 1e+00, 1e+00, 1e+00, 1e+00, 1e+00, 1e+00, 1e+00, 1e+00, 1e+00, 1e+00, 1e+00, 1e+00, 1e+00, 1e+00, 1e+00, 1e+00, 1.000001549720764e+00, 1.000008463859558e+00, 1.00001335144043e+00, 1.000016331672668e+00, 1.000017285346985e+00, 1.000016212463379e+00, 1.00001323223114e+00, 1.000008225440979e+00, 1.000001192092896e+00, 1e+00, 1e+00, 1e+00, 1e+00, 1e+00, 1e+00, 1e+00, 1e+00, 1e+00, 1e+00, 1e+00, 1e+00, 1e+00, 1e+00, 1e+00, 1e+00, 1e+00, 1e+00, 1e+00, 1e+00, 1e+00, 1e+00, 1e+00, 1e+00, 1e+00, 1e+00, 1e+00, 1e+00, 1e+00, 1e+00, 1e+00, 1e+00, 1e+00, 9.999995827674866e-01, 9.999988079071045e-01, 9.99998152256012e-01, 9.999975562095642e-01, 9.999970197677612e-01, 9.99996542930603e-01, 9.999961853027344e-01, 9.999958872795105e-01, 9.999956488609314e-01, 9.999954700469971e-01, 9.999954104423523e-01, 9.999954104423523e-01, 9.999954700469971e-01, 9.999955892562866e-01, 9.999958276748657e-01, 9.999961256980896e-01, 9.999964833259583e-01]
pla.conPum.y=[6.99999988079071e-01, 7.139530777931213e-01, 7.144458293914795e-01, 7.149919271469116e-01, 7.155528664588928e-01, 7.16086745262146e-01, 7.165485024452209e-01, 7.168906927108765e-01, 7.170650362968445e-01, 7.170775532722473e-01, 7.170772552490234e-01, 7.170770764350891e-01, 7.170770168304443e-01, 7.170769572257996e-01, 7.170769572257996e-01, 7.170768976211548e-01, 7.170768976211548e-01, 7.170768976211548e-01, 7.170768976211548e-01, 7.170768976211548e-01, 7.170768976211548e-01, 7.170768976211548e-01, 7.170768976211548e-01, 7.170768976211548e-01, 7.170768976211548e-01, 7.170768976211548e-01, 7.170768976211548e-01, 7.170768976211548e-01, 7.170768976211548e-01, 7.170768976211548e-01, 7.170768976211548e-01, 7.170768976211548e-01, 7.170768976211548e-01, 7.170768976211548e-01, 7.170768976211548e-01, 7.170768976211548e-01, 7.170768976211548e-01, 7.170768976211548e-01, 7.170768976211548e-01, 7.170768976211548e-01, 7.170768976211548e-01, 7.170768976211548e-01, 7.170326113700867e-01, 7.164157629013062e-01, 7.152798175811768e-01, 7.139002680778503e-01, 7.125213146209717e-01, 7.114937305450439e-01, 7.1088707447052e-01, 7.105221748352051e-01, 7.103913426399231e-01, 7.103910446166992e-01, 7.103911638259888e-01, 7.103912234306335e-01, 7.103912234306335e-01, 7.103912830352783e-01, 7.103912830352783e-01, 7.103912830352783e-01, 7.103912830352783e-01, 7.103912830352783e-01, 7.103912830352783e-01, 7.103912830352783e-01, 7.103912830352783e-01, 7.103912830352783e-01, 7.103912830352783e-01, 7.103912830352783e-01, 7.103912830352783e-01, 7.103912830352783e-01, 7.103912830352783e-01, 7.103912830352783e-01, 7.103912830352783e-01, 7.103912830352783e-01, 7.103912830352783e-01, 7.103912830352783e-01, 7.103912830352783e-01, 7.103912830352783e-01, 7.103912830352783e-01, 7.103912830352783e-01, 7.103912830352783e-01, 7.103912830352783e-01, 7.103912830352783e-01, 7.103912830352783e-01, 7.103912830352783e-01, 7.103912830352783e-01, 7.103970050811768e-01, 7.104268074035645e-01, 7.104806303977966e-01, 7.105568647384644e-01, 7.106544971466064e-01, 7.107725739479065e-01, 7.109105587005615e-01, 7.110682725906372e-01, 7.112458944320679e-01, 7.114450335502625e-01, 7.116683125495911e-01, 7.119227647781372e-01, 7.12214469909668e-01, 7.125489711761475e-01, 7.128835916519165e-01, 7.132027745246887e-01, 7.135021686553955e-01]
pla.conBoi.y=[5e-01, 6.861258149147034e-01, 7.111223340034485e-01, 7.375283241271973e-01, 7.635788917541504e-01, 7.875458598136902e-01, 8.077059984207153e-01, 8.223344087600708e-01, 8.29710066318512e-01, 8.302512764930725e-01, 8.302500247955322e-01, 8.302494287490845e-01, 8.302491307258606e-01, 8.302488923072815e-01, 8.302487730979919e-01, 8.302487134933472e-01, 8.302485942840576e-01, 8.302484750747681e-01, 8.302484154701233e-01, 8.302483558654785e-01, 8.302482962608337e-01, 8.30248236656189e-01, 8.302481770515442e-01, 8.302481770515442e-01, 8.302481174468994e-01, 8.302480578422546e-01, 8.302479982376099e-01, 8.302479386329651e-01, 8.302478790283203e-01, 8.302478194236755e-01, 8.302478194236755e-01, 8.302477598190308e-01, 8.30247700214386e-01, 8.302476406097412e-01, 8.302475810050964e-01, 8.302475214004517e-01, 8.302474617958069e-01, 8.302474617958069e-01, 8.302474021911621e-01, 8.302473425865173e-01, 8.302472829818726e-01, 8.302472233772278e-01, 8.284366130828857e-01, 8.021531105041504e-01, 7.513948678970337e-01, 6.847755908966064e-01, 6.109055280685425e-01, 5.383902192115784e-01, 4.758486449718475e-01, 4.318808317184448e-01, 4.150930643081665e-01, 4.151202142238617e-01, 4.15121853351593e-01, 4.151224792003632e-01, 4.151228070259094e-01, 4.151230454444885e-01, 4.151231348514557e-01, 4.151232540607452e-01, 4.151232540607452e-01, 4.151232540607452e-01, 4.151232838630676e-01, 4.151232838630676e-01, 4.151232838630676e-01, 4.151232838630676e-01, 4.151232540607452e-01, 4.151232540607452e-01, 4.151232540607452e-01, 4.151232242584229e-01, 4.151232242584229e-01, 4.151232242584229e-01, 4.151231944561005e-01, 4.151231944561005e-01, 4.151231944561005e-01, 4.151231646537781e-01, 4.151231646537781e-01, 4.151231646537781e-01, 4.151231348514557e-01, 4.151231348514557e-01, 4.151231050491333e-01, 4.151231050491333e-01, 4.151231050491333e-01, 4.151230752468109e-01, 4.151230752468109e-01, 4.151230454444885e-01, 4.158805906772614e-01, 4.198034107685089e-01, 4.267777502536774e-01, 4.364808797836304e-01, 4.485899806022644e-01, 4.627822041511536e-01, 4.787347614765167e-01, 4.961248934268951e-01, 5.146297216415405e-01, 5.339265465736389e-01, 5.536924600601196e-01, 5.736046433448792e-01, 5.93340277671814e-01, 6.125767827033997e-01, 6.309921741485596e-01, 6.482622027397156e-01, 6.640644669532776e-01]
