last-generated=2026-07-06
statistics-initialization=
{
  "linear": "8",
  "nonlinear": "1, 1, 1, 1, 1, 1, 1",
  "numerical Jacobians": "0"
}
statistics-simulation=
{
  "linear": "8, 0, 0",
  "nonlinear": "1, 1, 1, 1, 1, 1, 1",
  "number of continuous time states": "62",
  "numerical Jacobians": "0"
}
time=[6.5e+06, 7e+06]
ets.tanHeaWat.TTop=[3.181499938964844e+02, 3.211376647949219e+02, 3.217921142578125e+02, 3.217914123535156e+02, 3.217907409667969e+02, 3.217900695800781e+02, 3.217893676757812e+02, 3.217886962890625e+02, 3.217880249023438e+02, 3.217873229980469e+02, 3.217866516113281e+02, 3.217859802246094e+02, 3.217853088378906e+02, 3.217846374511719e+02, 3.217839660644531e+02, 3.217832641601562e+02, 3.217825927734375e+02, 3.217810363769531e+02, 3.215500793457031e+02, 3.214666442871094e+02, 3.21444091796875e+02, 3.213812561035156e+02, 3.211673583984375e+02, 3.211561279296875e+02, 3.211543884277344e+02, 3.21030029296875e+02, 3.209524536132812e+02, 3.209193725585938e+02, 3.208792724609375e+02, 3.208735046386719e+02, 3.208714294433594e+02, 3.208693542480469e+02, 3.208672790527344e+02, 3.208533020019531e+02, 3.205452575683594e+02, 3.19876220703125e+02, 3.1939501953125e+02, 3.193309936523438e+02, 3.192756042480469e+02, 3.191405639648438e+02, 3.217990417480469e+02, 3.21793212890625e+02, 3.217190551757812e+02, 3.214966735839844e+02, 3.213955383300781e+02, 3.212550354003906e+02, 3.211970825195312e+02, 3.211943969726562e+02, 3.211917419433594e+02, 3.211890869140625e+02, 3.211864013671875e+02, 3.20445068359375e+02, 3.190816955566406e+02, 3.196280517578125e+02, 3.220396118164062e+02, 3.220218811035156e+02, 3.217899475097656e+02, 3.216491088867188e+02, 3.216330261230469e+02, 3.215914611816406e+02, 3.211708374023438e+02, 3.210377197265625e+02, 3.208736572265625e+02, 3.207353820800781e+02, 3.207319030761719e+02, 3.207284240722656e+02, 3.207249755859375e+02, 3.207214965820312e+02, 3.202038269042969e+02, 3.180868835449219e+02, 3.197523193359375e+02, 3.220523986816406e+02, 3.220492858886719e+02, 3.220337524414062e+02, 3.220143432617188e+02, 3.220133666992188e+02, 3.220122985839844e+02, 3.2195458984375e+02, 3.219461364746094e+02, 3.219372863769531e+02, 3.219248962402344e+02, 3.219231872558594e+02, 3.219217834472656e+02, 3.2192041015625e+02, 3.219190063476562e+02, 3.219176330566406e+02, 3.219161376953125e+02, 3.217543334960938e+02, 3.217001037597656e+02, 3.216978454589844e+02, 3.216956787109375e+02, 3.216935119628906e+02, 3.216913757324219e+02, 3.21689208984375e+02, 3.216624755859375e+02, 3.216440124511719e+02, 3.216417846679688e+02, 3.216395263671875e+02, 3.216372680664062e+02, 3.21635009765625e+02, 3.216327514648438e+02]
ets.tanHeaWat.TBot=[3.181499938964844e+02, 3.199785766601562e+02, 3.206002807617188e+02, 3.206009826660156e+02, 3.206017150878906e+02, 3.206024169921875e+02, 3.206031188964844e+02, 3.206038513183594e+02, 3.206045532226562e+02, 3.206052551269531e+02, 3.2060595703125e+02, 3.20606689453125e+02, 3.206073913574219e+02, 3.206080932617188e+02, 3.206087951660156e+02, 3.206094970703125e+02, 3.206101989746094e+02, 3.205961608886719e+02, 3.193238220214844e+02, 3.189295043945312e+02, 3.188327331542969e+02, 3.185592346191406e+02, 3.177250366210938e+02, 3.176937255859375e+02, 3.17696044921875e+02, 3.172856750488281e+02, 3.170535278320312e+02, 3.169634399414062e+02, 3.168554077148438e+02, 3.168474426269531e+02, 3.1685009765625e+02, 3.168527526855469e+02, 3.168554077148438e+02, 3.168237609863281e+02, 3.160348205566406e+02, 3.147059936523438e+02, 3.139489440917969e+02, 3.138629760742188e+02, 3.137906799316406e+02, 3.180824584960938e+02, 3.205937194824219e+02, 3.205062255859375e+02, 3.192840576171875e+02, 3.171360778808594e+02, 3.165662231445312e+02, 3.159493713378906e+02, 3.157444152832031e+02, 3.157481384277344e+02, 3.157518615722656e+02, 3.157555847167969e+02, 3.157592163085938e+02, 3.139668884277344e+02, 3.122610473632812e+02, 3.185013427734375e+02, 3.205917053222656e+02, 3.203915710449219e+02, 3.176694030761719e+02, 3.167403259277344e+02, 3.166675415039062e+02, 3.164649963378906e+02, 3.149527587890625e+02, 3.146317749023438e+02, 3.14286865234375e+02, 3.140333557128906e+02, 3.140377807617188e+02, 3.140421447753906e+02, 3.140465393066406e+02, 3.140509033203125e+02, 3.132595825195312e+02, 3.131658935546875e+02, 3.187913818359375e+02, 3.206239624023438e+02, 3.206062316894531e+02, 3.204448547363281e+02, 3.201901550292969e+02, 3.201913146972656e+02, 3.201913452148438e+02, 3.193800354003906e+02, 3.192862548828125e+02, 3.1918994140625e+02, 3.190521240234375e+02, 3.1905029296875e+02, 3.190521545410156e+02, 3.190541381835938e+02, 3.190560913085938e+02, 3.190580749511719e+02, 3.190586853027344e+02, 3.175067138671875e+02, 3.171463012695312e+02, 3.171489562988281e+02, 3.171521301269531e+02, 3.171553039550781e+02, 3.171584777832031e+02, 3.1716162109375e+02, 3.170082702636719e+02, 3.169133605957031e+02, 3.169166564941406e+02, 3.169199523925781e+02, 3.169232482910156e+02, 3.169265441894531e+02, 3.169298095703125e+02]
senTHeaWatSup.T=[2.931499938964844e+02, 2.931499938964844e+02, 2.931499938964844e+02, 2.931499938964844e+02, 2.931499938964844e+02, 2.931499938964844e+02, 2.931499938964844e+02, 2.931499938964844e+02, 2.931499938964844e+02, 2.931499938964844e+02, 2.931499938964844e+02, 2.931499938964844e+02, 2.931499938964844e+02, 2.931499938964844e+02, 2.931499938964844e+02, 2.931499938964844e+02, 2.931499938964844e+02, 3.1628173828125e+02, 3.215699462890625e+02, 3.214893188476562e+02, 3.214679260253906e+02, 3.214042053222656e+02, 3.211973876953125e+02, 3.209647216796875e+02, 3.209647216796875e+02, 3.210643615722656e+02, 3.2098876953125e+02, 3.209570922851562e+02, 3.209189147949219e+02, 3.209199829101562e+02, 3.209347839355469e+02, 3.20892333984375e+02, 3.209131164550781e+02, 3.208955993652344e+02, 3.2059033203125e+02, 3.199330139160156e+02, 3.194582214355469e+02, 3.193959045410156e+02, 3.193419494628906e+02, 3.195909423828125e+02, 3.218580017089844e+02, 3.21974853515625e+02, 3.217382507324219e+02, 3.215261535644531e+02, 3.2143212890625e+02, 3.212940979003906e+02, 3.21232666015625e+02, 3.212469177246094e+02, 3.21247314453125e+02, 3.212473754882812e+02, 3.212473449707031e+02, 3.20509033203125e+02, 3.191643371582031e+02, 3.203121032714844e+02, 3.223316040039062e+02, 3.221528625488281e+02, 3.218178405761719e+02, 3.21684814453125e+02, 3.216710815429688e+02, 3.2162890625e+02, 3.212066650390625e+02, 3.210966796875e+02, 3.209361267089844e+02, 3.208024291992188e+02, 3.208287658691406e+02, 3.208651123046875e+02, 3.208652954101562e+02, 3.208663330078125e+02, 3.202776184082031e+02, 3.18868896484375e+02, 3.204677429199219e+02, 3.224130554199219e+02, 3.223578491210938e+02, 3.221940002441406e+02, 3.220755920410156e+02, 3.221077270507812e+02, 3.221017761230469e+02, 3.219788818359375e+02, 3.219420776367188e+02, 3.219612121582031e+02, 3.21949462890625e+02, 3.219487915039062e+02, 3.219476928710938e+02, 3.2195556640625e+02, 3.219521179199219e+02, 3.219296875e+02, 3.219224548339844e+02, 3.217834167480469e+02, 3.217332763671875e+02, 3.217149658203125e+02, 3.217149658203125e+02, 3.217149658203125e+02, 3.217149658203125e+02, 3.217149658203125e+02, 3.217025451660156e+02, 3.216869812011719e+02, 3.216851806640625e+02, 3.216449279785156e+02, 3.216895751953125e+02, 3.216899719238281e+02, 3.216903991699219e+02]
senTHeaWatRet.T=[2.931499938964844e+02, 2.931499938964844e+02, 2.931499938964844e+02, 2.931499938964844e+02, 2.931499938964844e+02, 2.931499938964844e+02, 2.931499938964844e+02, 2.931499938964844e+02, 2.931499938964844e+02, 2.931499938964844e+02, 2.931499938964844e+02, 2.931499938964844e+02, 2.931499938964844e+02, 2.931499938964844e+02, 2.931499938964844e+02, 2.931499938964844e+02, 2.931499938964844e+02, 3.131750793457031e+02, 3.155440368652344e+02, 3.149580688476562e+02, 3.148255615234375e+02, 3.144774475097656e+02, 3.135682067871094e+02, 3.135357971191406e+02, 3.135357971191406e+02, 3.131474609375e+02, 3.129390258789062e+02, 3.128587951660156e+02, 3.12764404296875e+02, 3.127554321289062e+02, 3.127554016113281e+02, 3.127554931640625e+02, 3.127554626464844e+02, 3.127266540527344e+02, 3.120899353027344e+02, 3.110946655273438e+02, 3.105325622558594e+02, 3.104656677246094e+02, 3.104088439941406e+02, 3.095818481445312e+02, 3.095687561035156e+02, 3.095821228027344e+02, 3.097271118164062e+02, 3.099310607910156e+02, 3.099706726074219e+02, 3.100008544921875e+02, 3.100071411132812e+02, 3.100071411132812e+02, 3.100071411132812e+02, 3.100071411132812e+02, 3.100071411132812e+02, 3.099202880859375e+02, 3.093874206542969e+02, 3.083448791503906e+02, 3.085611877441406e+02, 3.08630615234375e+02, 3.092266540527344e+02, 3.094052734375e+02, 3.094190368652344e+02, 3.094553527832031e+02, 3.096685791015625e+02, 3.096952819824219e+02, 3.09712158203125e+02, 3.09715087890625e+02, 3.097150573730469e+02, 3.097150268554688e+02, 3.097150268554688e+02, 3.097150268554688e+02, 3.096539001464844e+02, 3.088897705078125e+02, 3.085003967285156e+02, 3.086870727539062e+02, 3.087026672363281e+02, 3.087541809082031e+02, 3.088258666992188e+02, 3.08812255859375e+02, 3.088136291503906e+02, 3.089965209960938e+02, 3.090162963867188e+02, 3.090362854003906e+02, 3.090647277832031e+02, 3.090654907226562e+02, 3.090655212402344e+02, 3.090656127929688e+02, 3.090655517578125e+02, 3.090653076171875e+02, 3.090655517578125e+02, 3.093662414550781e+02, 3.094315490722656e+02, 3.094315795898438e+02, 3.094315795898438e+02, 3.094315795898438e+02, 3.094315795898438e+02, 3.094315795898438e+02, 3.094587707519531e+02, 3.094754333496094e+02, 3.094754333496094e+02, 3.094752807617188e+02, 3.094754638671875e+02, 3.094754638671875e+02, 3.094754638671875e+02]
ets.heaPum.con.resTHeaSup.TWatSupPreSet=[3.191499938964844e+02, 3.191499938964844e+02]
ets.heaPum.con.resTHeaSup.TWatSupSet=[3.191499938964844e+02, 3.191499938964844e+02, 2.881499938964844e+02, 2.881499938964844e+02, 2.881499938964844e+02, 2.881499938964844e+02, 2.881499938964844e+02, 2.881499938964844e+02, 2.881499938964844e+02, 2.881499938964844e+02, 2.881499938964844e+02, 2.881499938964844e+02, 2.881499938964844e+02, 2.881499938964844e+02, 2.881499938964844e+02, 2.881499938964844e+02, 2.881499938964844e+02, 2.881499938964844e+02, 2.881499938964844e+02, 2.881499938964844e+02, 2.881499938964844e+02, 2.881499938964844e+02, 2.881499938964844e+02, 2.881499938964844e+02, 2.881499938964844e+02, 2.881499938964844e+02, 2.881499938964844e+02, 2.881499938964844e+02, 2.881499938964844e+02, 2.881499938964844e+02, 2.881499938964844e+02, 2.881499938964844e+02, 2.881499938964844e+02, 2.881499938964844e+02, 2.881499938964844e+02, 2.881499938964844e+02, 2.881499938964844e+02, 2.881499938964844e+02, 2.881499938964844e+02, 3.191499938964844e+02, 2.881499938964844e+02, 2.881499938964844e+02, 2.881499938964844e+02, 2.881499938964844e+02, 2.881499938964844e+02, 2.881499938964844e+02, 2.881499938964844e+02, 2.881499938964844e+02, 2.881499938964844e+02, 2.881499938964844e+02, 2.881499938964844e+02, 2.881499938964844e+02, 2.994793395996094e+02, 3.191499938964844e+02, 2.881499938964844e+02, 2.881499938964844e+02, 2.881499938964844e+02, 2.881499938964844e+02, 2.881499938964844e+02, 2.881499938964844e+02, 2.881499938964844e+02, 2.881499938964844e+02, 2.881499938964844e+02, 2.881499938964844e+02, 2.881499938964844e+02, 2.881499938964844e+02, 2.881499938964844e+02, 2.881499938964844e+02, 2.881499938964844e+02, 3.191499938964844e+02, 3.191499938964844e+02, 2.881499938964844e+02, 2.881499938964844e+02, 2.881499938964844e+02, 2.881499938964844e+02, 2.881499938964844e+02, 2.881499938964844e+02, 2.881499938964844e+02, 2.881499938964844e+02, 2.881499938964844e+02, 2.881499938964844e+02, 2.881499938964844e+02, 2.881499938964844e+02, 2.881499938964844e+02, 2.881499938964844e+02, 2.881499938964844e+02, 2.881499938964844e+02, 2.881499938964844e+02, 2.881499938964844e+02, 2.881499938964844e+02, 2.881499938964844e+02, 2.881499938964844e+02, 2.881499938964844e+02, 2.881499938964844e+02, 2.881499938964844e+02, 2.881499938964844e+02, 2.881499938964844e+02, 2.881499938964844e+02, 2.881499938964844e+02, 2.881499938964844e+02, 2.881499938964844e+02]
ets.tanChiWat.TTop=[2.801499938964844e+02, 2.782760925292969e+02, 2.776447143554688e+02, 2.776653137207031e+02, 2.777499694824219e+02, 2.77806640625e+02, 2.778696594238281e+02, 2.779286193847656e+02, 2.779620361328125e+02, 2.779624328613281e+02, 2.779619445800781e+02, 2.7796142578125e+02, 2.779609375e+02, 2.779604187011719e+02, 2.779599304199219e+02, 2.779594421386719e+02, 2.779589538574219e+02, 2.779584350585938e+02, 2.780234680175781e+02, 2.786759948730469e+02, 2.792901916503906e+02, 2.798253784179688e+02, 2.802555847167969e+02, 2.797250061035156e+02, 2.780463256835938e+02, 2.794952087402344e+02, 2.795887756347656e+02, 2.795876159667969e+02, 2.795863647460938e+02, 2.795851135253906e+02, 2.795838623046875e+02, 2.795826110839844e+02, 2.795813598632812e+02, 2.795801391601562e+02, 2.795788879394531e+02, 2.795789489746094e+02, 2.798549499511719e+02, 2.80173095703125e+02, 2.805431823730469e+02, 2.793771667480469e+02, 2.778597717285156e+02, 2.791725769042969e+02, 2.799462585449219e+02, 2.800690002441406e+02, 2.80068115234375e+02, 2.800669555664062e+02, 2.800657653808594e+02, 2.800646057128906e+02, 2.800634460449219e+02, 2.800622863769531e+02, 2.800611267089844e+02, 2.800599975585938e+02, 2.80058837890625e+02, 2.801744384765625e+02, 2.803786315917969e+02, 2.806659545898438e+02, 2.782093200683594e+02, 2.788986206054688e+02, 2.797242431640625e+02, 2.802161865234375e+02, 2.804173583984375e+02, 2.804175720214844e+02, 2.804165649414062e+02, 2.8041552734375e+02, 2.804145202636719e+02, 2.804134826660156e+02, 2.804124755859375e+02, 2.804114685058594e+02, 2.804104614257812e+02, 2.80409423828125e+02, 2.804504699707031e+02, 2.808114624023438e+02, 2.777483520507812e+02, 2.795051879882812e+02, 2.803274230957031e+02, 2.792055358886719e+02, 2.784145812988281e+02, 2.799490356445312e+02, 2.80142578125e+02, 2.801416320800781e+02, 2.801405029296875e+02, 2.80139404296875e+02, 2.801383056640625e+02, 2.8013720703125e+02, 2.801361083984375e+02, 2.80135009765625e+02, 2.801339416503906e+02, 2.801418151855469e+02, 2.804328308105469e+02, 2.796633605957031e+02, 2.782005615234375e+02, 2.799281616210938e+02, 2.80785400390625e+02, 2.779461059570312e+02, 2.793207397460938e+02, 2.794848937988281e+02, 2.79484619140625e+02, 2.794833984375e+02, 2.79482177734375e+02, 2.7948095703125e+02, 2.79479736328125e+02]
ets.tanChiWat.TBot=[2.801499938964844e+02, 2.778505859375e+02, 2.771609802246094e+02, 2.771654357910156e+02, 2.771776428222656e+02, 2.771850280761719e+02, 2.77193115234375e+02, 2.772008666992188e+02, 2.7720556640625e+02, 2.772060852050781e+02, 2.772065124511719e+02, 2.772069091796875e+02, 2.772073059082031e+02, 2.772077026367188e+02, 2.772080993652344e+02, 2.772085266113281e+02, 2.772089233398438e+02, 2.772093200683594e+02, 2.772182312011719e+02, 2.773456115722656e+02, 2.776213684082031e+02, 2.781011962890625e+02, 2.78620361328125e+02, 2.791014099121094e+02, 2.772156372070312e+02, 2.775953369140625e+02, 2.776628723144531e+02, 2.776640014648438e+02, 2.776650695800781e+02, 2.776661071777344e+02, 2.776671447753906e+02, 2.77668212890625e+02, 2.776692504882812e+02, 2.776702880859375e+02, 2.776713256835938e+02, 2.7767333984375e+02, 2.779278564453125e+02, 2.783419494628906e+02, 2.788833312988281e+02, 2.789957580566406e+02, 2.774853515625e+02, 2.773938293457031e+02, 2.779853820800781e+02, 2.781544799804688e+02, 2.781559753417969e+02, 2.781571044921875e+02, 2.781582336425781e+02, 2.781593627929688e+02, 2.781604614257812e+02, 2.781615905761719e+02, 2.781627197265625e+02, 2.78163818359375e+02, 2.781649475097656e+02, 2.783341369628906e+02, 2.786430358886719e+02, 2.790557250976562e+02, 2.776231994628906e+02, 2.772651672363281e+02, 2.77692138671875e+02, 2.783430786132812e+02, 2.786697692871094e+02, 2.786727905273438e+02, 2.78673828125e+02, 2.786748962402344e+02, 2.786759643554688e+02, 2.786770324707031e+02, 2.786781005859375e+02, 2.786791687011719e+02, 2.786802062988281e+02, 2.786812744140625e+02, 2.787464294433594e+02, 2.791894226074219e+02, 2.77269287109375e+02, 2.775864868164062e+02, 2.785498352050781e+02, 2.786837158203125e+02, 2.773445129394531e+02, 2.780744323730469e+02, 2.783230590820312e+02, 2.783243408203125e+02, 2.783254089355469e+02, 2.783264770507812e+02, 2.783275451660156e+02, 2.783286437988281e+02, 2.783297119140625e+02, 2.783307495117188e+02, 2.783318176269531e+02, 2.783447570800781e+02, 2.787458190917969e+02, 2.790256652832031e+02, 2.772568664550781e+02, 2.780148010253906e+02, 2.792008972167969e+02, 2.7751611328125e+02, 2.775379333496094e+02, 2.776297912597656e+02, 2.776313781738281e+02, 2.776323547363281e+02, 2.776333618164062e+02, 2.776343383789062e+02, 2.776353454589844e+02]
senTChiWatSup.T=[2.931499938964844e+02, 2.891798400878906e+02, 2.785645751953125e+02, 2.769765930175781e+02, 2.771130981445312e+02, 2.771391296386719e+02, 2.771742248535156e+02, 2.771812438964844e+02, 2.771950988769531e+02, 2.771783142089844e+02, 2.7716650390625e+02, 2.771663208007812e+02, 2.771663208007812e+02, 2.771663208007812e+02, 2.771663208007812e+02, 2.771663208007812e+02, 2.771663208007812e+02, 2.771663208007812e+02, 2.772041015625e+02, 2.773293762207031e+02, 2.775935668945312e+02, 2.780694885253906e+02, 2.785875244140625e+02, 2.788316650390625e+02, 2.772039794921875e+02, 2.775680847167969e+02, 2.776331176757812e+02, 2.776385498046875e+02, 2.776388244628906e+02, 2.776388244628906e+02, 2.776388244628906e+02, 2.776388244628906e+02, 2.776388244628906e+02, 2.776388244628906e+02, 2.776388244628906e+02, 2.776372985839844e+02, 2.778923645019531e+02, 2.783061828613281e+02, 2.78849609375e+02, 2.788160705566406e+02, 2.770714721679688e+02, 2.773715209960938e+02, 2.779501953125e+02, 2.7811767578125e+02, 2.781515197753906e+02, 2.781514892578125e+02, 2.781514892578125e+02, 2.781514892578125e+02, 2.781514892578125e+02, 2.781514892578125e+02, 2.781514892578125e+02, 2.781514892578125e+02, 2.781514892578125e+02, 2.782977905273438e+02, 2.786071166992188e+02, 2.790215454101562e+02, 2.773547973632812e+02, 2.772468872070312e+02, 2.776596374511719e+02, 2.783056640625e+02, 2.786328125e+02, 2.786417846679688e+02, 2.78641845703125e+02, 2.78641845703125e+02, 2.78641845703125e+02, 2.78641845703125e+02, 2.78641845703125e+02, 2.78641845703125e+02, 2.78641845703125e+02, 2.78641845703125e+02, 2.787085876464844e+02, 2.791755981445312e+02, 2.770498657226562e+02, 2.775590209960938e+02, 2.785135803222656e+02, 2.784402160644531e+02, 2.773345947265625e+02, 2.780412292480469e+02, 2.782879638671875e+02, 2.782882690429688e+02, 2.782882690429688e+02, 2.782882690429688e+02, 2.782882690429688e+02, 2.782882690429688e+02, 2.782882690429688e+02, 2.782882690429688e+02, 2.782882690429688e+02, 2.782960815429688e+02, 2.787112426757812e+02, 2.787225952148438e+02, 2.772466735839844e+02, 2.779809265136719e+02, 2.791952209472656e+02, 2.773175048828125e+02, 2.775146789550781e+02, 2.776029052734375e+02, 2.776171569824219e+02, 2.77579345703125e+02, 2.775143432617188e+02, 2.775144653320312e+02, 2.775140991210938e+02]
senTChiWatRet.T=[2.931499938964844e+02, 2.8923583984375e+02, 2.81388427734375e+02, 2.801474609375e+02, 2.801427001953125e+02, 2.801355895996094e+02, 2.801448669433594e+02, 2.801401977539062e+02, 2.8014599609375e+02, 2.801332702636719e+02, 2.801251525878906e+02, 2.801250305175781e+02, 2.801250305175781e+02, 2.801250305175781e+02, 2.801250305175781e+02, 2.801250305175781e+02, 2.801250305175781e+02, 2.801250305175781e+02, 2.801439819335938e+02, 2.801777038574219e+02, 2.802892456054688e+02, 2.805645751953125e+02, 2.809482116699219e+02, 2.815948791503906e+02, 2.808856506347656e+02, 2.805802307128906e+02, 2.805802612304688e+02, 2.805802612304688e+02, 2.805802612304688e+02, 2.805802612304688e+02, 2.805802612304688e+02, 2.805802612304688e+02, 2.805802612304688e+02, 2.805802612304688e+02, 2.805802612304688e+02, 2.80580322265625e+02, 2.806307983398438e+02, 2.80816650390625e+02, 2.811890563964844e+02, 2.816119995117188e+02, 2.812626342773438e+02, 2.80656005859375e+02, 2.806582336425781e+02, 2.807237243652344e+02, 2.807236328125e+02, 2.807236328125e+02, 2.807236328125e+02, 2.807236328125e+02, 2.807236328125e+02, 2.807236328125e+02, 2.807236328125e+02, 2.807236328125e+02, 2.807236328125e+02, 2.808095703125e+02, 2.810046997070312e+02, 2.813276062011719e+02, 2.8141845703125e+02, 2.807854309082031e+02, 2.806124877929688e+02, 2.808204040527344e+02, 2.810225524902344e+02, 2.810238342285156e+02, 2.810238342285156e+02, 2.810238342285156e+02, 2.810238342285156e+02, 2.810238342285156e+02, 2.810238342285156e+02, 2.810238342285156e+02, 2.810238342285156e+02, 2.810238342285156e+02, 2.810706176757812e+02, 2.814262390136719e+02, 2.811400146484375e+02, 2.805957946777344e+02, 2.809449462890625e+02, 2.8165625e+02, 2.806805114746094e+02, 2.806828308105469e+02, 2.8080810546875e+02, 2.808082275390625e+02, 2.808082275390625e+02, 2.808082275390625e+02, 2.808082275390625e+02, 2.808082275390625e+02, 2.808082275390625e+02, 2.808082275390625e+02, 2.808082275390625e+02, 2.80815185546875e+02, 2.810873107910156e+02, 2.815484619140625e+02, 2.807962646484375e+02, 2.806570129394531e+02, 2.814598388671875e+02, 2.811478271484375e+02, 2.805817260742188e+02, 2.805755615234375e+02, 2.805755920410156e+02, 2.805755615234375e+02, 2.805755004882812e+02, 2.805755004882812e+02, 2.805755004882812e+02]
ets.heaPum.con.resTCooSup.TWatSupPreSet=[2.791499938964844e+02, 2.791499938964844e+02]
ets.heaPum.con.resTCooSup.TWatSupSet=[2.791499938964844e+02, 2.791499938964844e+02, 2.881499938964844e+02, 2.881499938964844e+02, 2.881499938964844e+02, 2.881499938964844e+02, 2.881499938964844e+02, 2.881499938964844e+02, 2.881499938964844e+02, 2.881499938964844e+02, 2.881499938964844e+02, 2.881499938964844e+02, 2.881499938964844e+02, 2.881499938964844e+02, 2.881499938964844e+02, 2.881499938964844e+02, 2.881499938964844e+02, 2.881499938964844e+02, 2.881499938964844e+02, 2.881499938964844e+02, 2.881499938964844e+02, 2.881499938964844e+02, 2.881499938964844e+02, 2.791499938964844e+02, 2.881499938964844e+02, 2.881499938964844e+02, 2.881499938964844e+02, 2.881499938964844e+02, 2.881499938964844e+02, 2.881499938964844e+02, 2.881499938964844e+02, 2.881499938964844e+02, 2.881499938964844e+02, 2.881499938964844e+02, 2.881499938964844e+02, 2.881499938964844e+02, 2.881499938964844e+02, 2.881499938964844e+02, 2.881499938964844e+02, 2.791499938964844e+02, 2.791499938964844e+02, 2.881499938964844e+02, 2.881499938964844e+02, 2.881499938964844e+02, 2.881499938964844e+02, 2.881499938964844e+02, 2.881499938964844e+02, 2.881499938964844e+02, 2.881499938964844e+02, 2.881499938964844e+02, 2.881499938964844e+02, 2.881499938964844e+02, 2.881499938964844e+02, 2.881499938964844e+02, 2.881499938964844e+02, 2.881499938964844e+02, 2.791499938964844e+02, 2.881499938964844e+02, 2.881499938964844e+02, 2.881499938964844e+02, 2.881499938964844e+02, 2.881499938964844e+02, 2.881499938964844e+02, 2.881499938964844e+02, 2.881499938964844e+02, 2.881499938964844e+02, 2.881499938964844e+02, 2.881499938964844e+02, 2.881499938964844e+02, 2.881499938964844e+02, 2.881499938964844e+02, 2.791499938964844e+02, 2.791499938964844e+02, 2.881499938964844e+02, 2.881499938964844e+02, 2.791499938964844e+02, 2.881499938964844e+02, 2.881499938964844e+02, 2.881499938964844e+02, 2.881499938964844e+02, 2.881499938964844e+02, 2.881499938964844e+02, 2.881499938964844e+02, 2.881499938964844e+02, 2.881499938964844e+02, 2.881499938964844e+02, 2.881499938964844e+02, 2.881499938964844e+02, 2.881499938964844e+02, 2.791499938964844e+02, 2.881499938964844e+02, 2.881499938964844e+02, 2.791499938964844e+02, 2.791499938964844e+02, 2.881499938964844e+02, 2.881499938964844e+02, 2.881499938964844e+02, 2.881499938964844e+02, 2.881499938964844e+02, 2.881499938964844e+02, 2.881499938964844e+02]
ets.heaPum.con.hea.y=[1e+00, 1e+00, 0e+00, 0e+00, 0e+00, 0e+00, 0e+00, 0e+00, 0e+00, 0e+00, 0e+00, 0e+00, 0e+00, 0e+00, 0e+00, 0e+00, 0e+00, 0e+00, 0e+00, 0e+00, 0e+00, 0e+00, 0e+00, 0e+00, 0e+00, 0e+00, 0e+00, 0e+00, 0e+00, 0e+00, 0e+00, 0e+00, 0e+00, 0e+00, 0e+00, 0e+00, 0e+00, 0e+00, 0e+00, 1e+00, 0e+00, 0e+00, 0e+00, 0e+00, 0e+00, 0e+00, 0e+00, 0e+00, 0e+00, 0e+00, 0e+00, 0e+00, 1e+00, 1e+00, 0e+00, 0e+00, 0e+00, 0e+00, 0e+00, 0e+00, 0e+00, 0e+00, 0e+00, 0e+00, 0e+00, 0e+00, 0e+00, 0e+00, 0e+00, 1e+00, 1e+00, 0e+00, 0e+00, 0e+00, 0e+00, 0e+00, 0e+00, 0e+00, 0e+00, 0e+00, 0e+00, 0e+00, 0e+00, 0e+00, 0e+00, 0e+00, 0e+00, 0e+00, 0e+00, 0e+00, 0e+00, 0e+00, 0e+00, 0e+00, 0e+00, 0e+00, 0e+00, 0e+00, 0e+00, 0e+00, 0e+00]
ets.heaPum.con.uCoo=[1e+00, 1e+00, 0e+00, 0e+00, 0e+00, 0e+00, 0e+00, 0e+00, 0e+00, 0e+00, 0e+00, 0e+00, 0e+00, 0e+00, 0e+00, 0e+00, 0e+00, 0e+00, 0e+00, 0e+00, 0e+00, 0e+00, 0e+00, 1e+00, 0e+00, 0e+00, 0e+00, 0e+00, 0e+00, 0e+00, 0e+00, 0e+00, 0e+00, 0e+00, 0e+00, 0e+00, 0e+00, 0e+00, 0e+00, 1e+00, 1e+00, 0e+00, 0e+00, 0e+00, 0e+00, 0e+00, 0e+00, 0e+00, 0e+00, 0e+00, 0e+00, 0e+00, 0e+00, 0e+00, 0e+00, 0e+00, 1e+00, 0e+00, 0e+00, 0e+00, 0e+00, 0e+00, 0e+00, 0e+00, 0e+00, 0e+00, 0e+00, 0e+00, 0e+00, 0e+00, 0e+00, 1e+00, 1e+00, 0e+00, 0e+00, 1e+00, 0e+00, 0e+00, 0e+00, 0e+00, 0e+00, 0e+00, 0e+00, 0e+00, 0e+00, 0e+00, 0e+00, 0e+00, 0e+00, 1e+00, 0e+00, 0e+00, 1e+00, 1e+00, 0e+00, 0e+00, 0e+00, 0e+00, 0e+00, 0e+00, 0e+00]
ets.opeEtsHex.on=[1e+00, 0e+00, 1e+00, 1e+00, 1e+00, 1e+00, 1e+00, 1e+00, 1e+00, 1e+00, 1e+00, 1e+00, 1e+00, 1e+00, 1e+00, 1e+00, 1e+00, 1e+00, 1e+00, 1e+00, 1e+00, 1e+00, 1e+00, 1e+00, 1e+00, 1e+00, 1e+00, 1e+00, 1e+00, 1e+00, 1e+00, 1e+00, 1e+00, 1e+00, 1e+00, 1e+00, 1e+00, 1e+00, 1e+00, 0e+00, 1e+00, 1e+00, 1e+00, 1e+00, 1e+00, 1e+00, 1e+00, 1e+00, 1e+00, 1e+00, 1e+00, 1e+00, 1e+00, 1e+00, 1e+00, 1e+00, 1e+00, 1e+00, 1e+00, 1e+00, 1e+00, 1e+00, 1e+00, 1e+00, 1e+00, 1e+00, 1e+00, 1e+00, 1e+00, 1e+00, 1e+00, 1e+00, 1e+00, 1e+00, 1e+00, 1e+00, 1e+00, 1e+00, 1e+00, 1e+00, 1e+00, 1e+00, 1e+00, 1e+00, 1e+00, 1e+00, 1e+00, 1e+00, 1e+00, 1e+00, 1e+00, 1e+00, 1e+00, 1e+00, 1e+00, 1e+00, 1e+00, 1e+00, 1e+00, 1e+00, 1e+00]
ets.heaPum.pumCon.m_flow=[0e+00, 1.145745468139648e+01, -2.042124619776086e-24, -2.554746687527251e-26, -7.932944802131967e-21, -2.528181414833862e-20, -7.903183257434076e-24, 2.247845282731674e-26, -1.531620902400424e-26, -3.789881537234146e-27, -3.145708584275554e-26, -2.427129947180286e-26, 3.302191393740588e-27, 9.151814176782062e-27, 6.660148474206898e-27, 4.168482386445744e-27, 1.676816491277586e-27, -2.196902419494721e-29, 2.230252760098872e-26, -1.462943307067282e-29, 3.395691103642959e-28, -3.652257837794774e-17, 7.187280318630111e-19, 1.145745468139648e+01, -4.586756078491319e-21, -2.35826280963112e-17, 1.035803499610697e-21, 6.30389124460736e-22, -1.465792996765404e-19, 2.618156895443003e-21, 3.586886417425564e-22, 1.014291003978943e-23, -3.923028947491248e-25, -9.867041708297263e-21, -1.558385914323971e-19, -4.021084706876067e-19, 1.032633277406505e-19, -2.372520240718161e-20, -3.116480712771112e-18, 1.145745468139648e+01, 1.145745468139648e+01, 2.787308426599454e-23, 4.968545006065577e-20, -6.734258958788048e-20, 9.712518069082536e-22, 5.461418796909451e-21, -2.994859106536521e-19, 3.508187396885489e-26, -9.022583507141701e-27, 1.593915251281561e-24, -9.058854543935453e-22, 2.364402981657859e-19, 1.145745468139648e+01, 1.145745468139648e+01, -2.876032672838718e-20, -1.499153914854652e-22, 1.145745468139648e+01, 1.72703462579187e-22, 6.282506550753139e-23, 2.283494954744501e-24, -6.052507683914353e-20, -1.511625394296348e-20, -1.307828589125044e-21, -3.129804858914346e-21, 3.254386720802446e-22, -3.624629688316917e-24, 3.025734920024049e-25, -9.536089832500836e-25, -1.751767945441903e-26, 1.145745468139648e+01, 1.145745468139648e+01, 1.145745468139648e+01, 1.145745468139648e+01, -1.366230307064254e-19, -1.726587430869312e-18, 1.145745468139648e+01, -1.639131731429703e-20, 5.486543419276423e-18, 6.881455188385072e-23, 1.696384209142752e-26, -1.970311628693519e-25, 2.55537907047635e-25, 5.118239599170203e-24, 2.313401657737561e-24, -3.120721661621712e-25, -7.01276124383129e-24, -2.159953661038014e-18, -4.019153251166142e-26, 1.352891011560465e-18, 1.145745468139648e+01, 3.590015557268425e-21, 3.467257996177077e-22, 1.145745468139648e+01, 1.145745468139648e+01, -1.506826634370778e-26, 3.9744754223901e-28, -2.278190620121428e-27, -9.862656430327925e-28, -2.40218573394889e-25, 4.614489196744622e-25, -2.769071974066053e-24]
ets.heaPum.pumEva.m_flow=[0e+00, 2.181820297241211e+01, -4.242576532154617e-26, 2.658395287494215e-28, 3.126210700630171e-27, -1.788296272917678e-25, 5.287217439209877e-28, 1.123965859233789e-26, 1.68766313613138e-26, 4.179667802376757e-27, -4.450140319311447e-26, 7.013229114614912e-28, 2.072614161555612e-27, 1.768241733888609e-27, 8.20466571166373e-28, -1.273086276670493e-28, -1.075083850574596e-27, -9.315788028289225e-31, -7.525354109091894e-28, -8.630524662720306e-30, -2.969381334516119e-29, -7.896812066635487e-17, -1.300372351579542e-21, 2.181820297241211e+01, -6.065277102867088e-22, 8.670632135756577e-27, -1.178322304500603e-26, -6.020047784559916e-26, -6.16651460275617e-26, -7.249346373200538e-26, 2.996214204206724e-26, -3.195920120153256e-27, 3.383061192105408e-27, -9.695422155466948e-28, -8.443248372430465e-27, -9.095841259994325e-27, 8.555600962410194e-27, 1.267953312256836e-28, -4.43811180828798e-27, 2.181820297241211e+01, 2.181820297241211e+01, 2.188974870311349e-32, -1.249689564519817e-26, -2.183998239884908e-26, -1.529048476292305e-25, -5.506601640659683e-26, 1.597037963337854e-26, -4.144775652537095e-26, -4.287130071041698e-27, -5.196290384601288e-25, 1.788532857233534e-24, 1.055685479729439e-26, 2.181820297241211e+01, 2.181820297241211e+01, 3.722471084027746e-21, 2.73901380977919e-24, 2.181820297241211e+01, 1.831699680954636e-23, -5.459178734861211e-23, 9.645643876789535e-25, -1.396777918827723e-26, -2.111772746963877e-27, -3.641339105818227e-26, 1.007959703112359e-27, 1.565327603840716e-26, -9.907908850673225e-27, -2.928592492743355e-26, -1.166828816815687e-25, 3.418575725465898e-27, 2.181820297241211e+01, 2.181820297241211e+01, 2.181820297241211e+01, 2.181820297241211e+01, -1.374113170796886e-27, -1.530165823808841e-26, 2.181820297241211e+01, -6.943113662404591e-20, 8.898771325844076e-26, 5.115171324679346e-26, -2.122965674021672e-26, 5.166940321584475e-26, -9.548729849392805e-27, -5.184906628700883e-25, 3.87829185669526e-24, 5.220462685110974e-26, 3.741389040202486e-25, -1.34358296339177e-25, -3.385422767403216e-26, -6.500771608333032e-27, 2.181820297241211e+01, -8.872306891366658e-26, 7.200181233580221e-26, 2.181820297241211e+01, 2.181820297241211e+01, 3.079272321211554e-26, 1.137428417693847e-26, 5.971150888462253e-27, 1.035816430865174e-26, 1.467557230953514e-26, 5.767922169313524e-25, -8.189036374164159e-25]
ets.hex.pum1.m_flow=[2.853451728820801e+01, 0e+00, 2.853451728820801e+01, 2.853451728820801e+01, 2.853451728820801e+01, 2.853451728820801e+01, 2.853451728820801e+01, 2.853451728820801e+01, 2.853451728820801e+01, 2.853451728820801e+01, 2.853451728820801e+01, 2.853451728820801e+01, 2.853451728820801e+01, 2.853451728820801e+01, 2.853451728820801e+01, 2.853451728820801e+01, 2.853451728820801e+01, 2.853451728820801e+01, 2.853451728820801e+01, 2.853451728820801e+01, 2.853451728820801e+01, 2.853451728820801e+01, 2.853451728820801e+01, 2.853451728820801e+01, 2.853451728820801e+01, 2.853451728820801e+01, 2.853451728820801e+01, 2.853451728820801e+01, 2.853451728820801e+01, 2.853451728820801e+01, 2.853451728820801e+01, 2.853451728820801e+01, 2.853451728820801e+01, 2.853451728820801e+01, 2.853451728820801e+01, 2.853451728820801e+01, 2.853451728820801e+01, 2.853451728820801e+01, 2.853451728820801e+01, 0e+00, 2.853451728820801e+01, 2.853451728820801e+01, 2.853451728820801e+01, 2.853451728820801e+01, 2.853451728820801e+01, 2.853451728820801e+01, 2.853451728820801e+01, 2.853451728820801e+01, 2.853451728820801e+01, 2.853451728820801e+01, 2.853451728820801e+01, 2.853451728820801e+01, 2.853451728820801e+01, 2.853451728820801e+01, 2.853451728820801e+01, 2.853451728820801e+01, 2.853451728820801e+01, 2.853451728820801e+01, 2.853451728820801e+01, 2.853451728820801e+01, 2.853451728820801e+01, 2.853451728820801e+01, 2.853451728820801e+01, 2.853451728820801e+01, 2.853451728820801e+01, 2.853451728820801e+01, 2.853451728820801e+01, 2.853451728820801e+01, 2.853451728820801e+01, 2.853451728820801e+01, 2.853451728820801e+01, 2.853451728820801e+01, 2.853451728820801e+01, 2.853451728820801e+01, 2.853451728820801e+01, 2.853451728820801e+01, 2.853451728820801e+01, 2.853451728820801e+01, 2.853451728820801e+01, 2.853451728820801e+01, 2.853451728820801e+01, 2.853451728820801e+01, 2.853451728820801e+01, 2.853451728820801e+01, 2.853451728820801e+01, 2.853451728820801e+01, 2.853451728820801e+01, 2.853451728820801e+01, 2.853451728820801e+01, 2.853451728820801e+01, 2.853451728820801e+01, 2.853451728820801e+01, 2.853451728820801e+01, 2.853451728820801e+01, 2.853451728820801e+01, 2.853451728820801e+01, 2.853451728820801e+01, 2.853451728820801e+01, 2.853451728820801e+01, 2.853451728820801e+01, 2.853451728820801e+01]
ets.hex.pum2.m_flow=[1.902301216125488e+01, 0e+00, 1.902301216125488e+01, 1.902301216125488e+01, 1.902301216125488e+01, 1.902301216125488e+01, 1.902301216125488e+01, 1.902301216125488e+01, 1.902301216125488e+01, 1.902301216125488e+01, 1.902301216125488e+01, 1.902301216125488e+01, 1.902301216125488e+01, 1.902301216125488e+01, 1.902301216125488e+01, 1.902301216125488e+01, 1.902301216125488e+01, 1.902301216125488e+01, 1.902301216125488e+01, 1.902301216125488e+01, 1.902301216125488e+01, 1.902301216125488e+01, 1.902301216125488e+01, 1.902301216125488e+01, 1.902301216125488e+01, 1.902301216125488e+01, 1.902301216125488e+01, 1.902301216125488e+01, 1.902301216125488e+01, 1.902301216125488e+01, 1.902301216125488e+01, 1.902301216125488e+01, 1.902301216125488e+01, 1.902301216125488e+01, 1.902301216125488e+01, 1.902301216125488e+01, 1.902301216125488e+01, 1.902301216125488e+01, 1.902301216125488e+01, 0e+00, 1.902301216125488e+01, 1.902301216125488e+01, 1.902301216125488e+01, 1.902301216125488e+01, 1.902301216125488e+01, 1.902301216125488e+01, 1.902301216125488e+01, 1.902301216125488e+01, 1.902301216125488e+01, 1.902301216125488e+01, 1.902301216125488e+01, 1.902301216125488e+01, 1.902301216125488e+01, 1.902301216125488e+01, 1.902301216125488e+01, 1.902301216125488e+01, 1.902301216125488e+01, 1.902301216125488e+01, 1.902301216125488e+01, 1.902301216125488e+01, 1.902301216125488e+01, 1.902301216125488e+01, 1.902301216125488e+01, 1.902301216125488e+01, 1.902301216125488e+01, 1.902301216125488e+01, 1.902301216125488e+01, 1.902301216125488e+01, 1.902301216125488e+01, 1.902301216125488e+01, 1.902301216125488e+01, 1.902301216125488e+01, 1.902301216125488e+01, 1.902301216125488e+01, 1.902301216125488e+01, 1.902301216125488e+01, 1.902301216125488e+01, 1.902301216125488e+01, 1.902301216125488e+01, 1.902301216125488e+01, 1.902301216125488e+01, 1.902301216125488e+01, 1.902301216125488e+01, 1.902301216125488e+01, 1.902301216125488e+01, 1.902301216125488e+01, 1.902301216125488e+01, 1.902301216125488e+01, 1.902301216125488e+01, 1.902301216125488e+01, 1.902301216125488e+01, 1.902301216125488e+01, 1.902301216125488e+01, 1.902301216125488e+01, 1.902301216125488e+01, 1.902301216125488e+01, 1.902301216125488e+01, 1.902301216125488e+01, 1.902301216125488e+01, 1.902301216125488e+01, 1.902301216125488e+01]
ets.hex.m1_flow_nominal=[2.853451728820801e+01, 2.853451728820801e+01]
ets.hex.m2_flow_nominal=[1.902301216125488e+01, 1.902301216125488e+01]
ets.valIsoEva.y_actual=[1e+00, 3.027075125676691e-23, 1e+00, 1e+00, 1e+00, 1e+00, 1e+00, 1e+00, 1e+00, 1e+00, 1e+00, 1e+00, 1e+00, 1e+00, 1e+00, 1e+00, 1e+00, 1e+00, 1e+00, 1e+00, 1e+00, 1e+00, 1e+00, -0e+00, 1e+00, 1e+00, 1e+00, 1e+00, 1e+00, 1e+00, 1e+00, 1e+00, 1e+00, 1e+00, 1e+00, 1e+00, 1e+00, 1e+00, 1e+00, 9.308901589977108e-21, 0e+00, 1e+00, 1e+00, 1e+00, 1e+00, 1e+00, 1e+00, 1e+00, 1e+00, 1e+00, 1e+00, 1e+00, 1e+00, 1e+00, 1e+00, 1e+00, -0e+00, 1e+00, 1e+00, 1e+00, 1e+00, 1e+00, 1e+00, 1e+00, 1e+00, 1e+00, 1e+00, 1e+00, 1e+00, 1e+00, 1e+00, 2.280080190014203e-19, 0e+00, 1e+00, 1e+00, 0e+00, 1e+00, 1e+00, 1e+00, 1e+00, 1e+00, 1e+00, 1e+00, 1e+00, 1e+00, 1e+00, 1e+00, 1e+00, 1e+00, -0e+00, 1e+00, 1e+00, 2.50851309550714e-20, -0e+00, 1e+00, 1e+00, 1e+00, 1e+00, 1e+00, 1e+00, 1e+00]
ets.valIsoCon.y_actual=[1e+00, -1.268321807058295e-23, 1e+00, 1e+00, 1e+00, 1e+00, 1e+00, 1e+00, 1e+00, 1e+00, 1e+00, 1e+00, 1e+00, 1e+00, 1e+00, 1e+00, 1e+00, 1e+00, 1e+00, 1e+00, 1e+00, 1e+00, 1e+00, 1e+00, 1e+00, 1e+00, 1e+00, 1e+00, 1e+00, 1e+00, 1e+00, 1e+00, 1e+00, 1e+00, 1e+00, 1e+00, 1e+00, 1e+00, 1e+00, 2.41684694335206e-20, 1e+00, 1e+00, 1e+00, 1e+00, 1e+00, 1e+00, 1e+00, 1e+00, 1e+00, 1e+00, 1e+00, 1e+00, 5.588877946138382e-02, 1.235216814606554e-18, 1e+00, 1e+00, 1e+00, 1e+00, 1e+00, 1e+00, 1e+00, 1e+00, 1e+00, 1e+00, 1e+00, 1e+00, 1e+00, 1e+00, 1e+00, -0e+00, -4.405742464835721e-22, 1e+00, 1e+00, 1e+00, 1e+00, 1e+00, 1e+00, 1e+00, 1e+00, 1e+00, 1e+00, 1e+00, 1e+00, 1e+00, 1e+00, 1e+00, 1e+00, 1e+00, 1e+00, 1e+00, 1e+00, 1e+00, 1e+00, 1e+00, 1e+00, 1e+00, 1e+00, 1e+00, 1e+00, 1e+00, 1e+00]
senTDisWatSup.T=[2.931499938964844e+02, 2.866577453613281e+02, 2.866615600585938e+02, 2.866635131835938e+02, 2.866654357910156e+02, 2.866673583984375e+02, 2.866692810058594e+02, 2.866712036132812e+02, 2.866731567382812e+02, 2.866750793457031e+02, 2.86677001953125e+02, 2.866789245605469e+02, 2.866808776855469e+02, 2.866828002929688e+02, 2.866847229003906e+02, 2.866866455078125e+02, 2.866885681152344e+02, 2.866905212402344e+02, 2.866924438476562e+02, 2.866943664550781e+02, 2.866962890625e+02, 2.866982116699219e+02, 2.867001647949219e+02, 2.867020874023438e+02, 2.867040100097656e+02, 2.867059326171875e+02, 2.867078552246094e+02, 2.867098083496094e+02, 2.867117309570312e+02, 2.867136535644531e+02, 2.86715576171875e+02, 2.86717529296875e+02, 2.867194519042969e+02, 2.867213745117188e+02, 2.867232971191406e+02, 2.867252197265625e+02, 2.867271728515625e+02, 2.867290954589844e+02, 2.867310180664062e+02, 2.867321166992188e+02, 2.8673486328125e+02, 2.8673681640625e+02, 2.867387390136719e+02, 2.867406616210938e+02, 2.867425842285156e+02, 2.867445068359375e+02, 2.867464599609375e+02, 2.867483825683594e+02, 2.867503051757812e+02, 2.867522277832031e+02, 2.867541809082031e+02, 2.86756103515625e+02, 2.867580261230469e+02, 2.867599487304688e+02, 2.867618713378906e+02, 2.867638244628906e+02, 2.867657470703125e+02, 2.867676696777344e+02, 2.867695922851562e+02, 2.867715148925781e+02, 2.867734680175781e+02, 2.86775390625e+02, 2.867773132324219e+02, 2.867792358398438e+02, 2.867811584472656e+02, 2.867831115722656e+02, 2.867850341796875e+02, 2.867869567871094e+02, 2.867888793945312e+02, 2.867908325195312e+02, 2.867927551269531e+02, 2.86794677734375e+02, 2.867966003417969e+02, 2.867985229492188e+02, 2.868004760742188e+02, 2.868023986816406e+02, 2.868043212890625e+02, 2.868062438964844e+02, 2.868081665039062e+02, 2.868101196289062e+02, 2.868120422363281e+02, 2.8681396484375e+02, 2.868158874511719e+02, 2.868178100585938e+02, 2.868197631835938e+02, 2.868216857910156e+02, 2.868236083984375e+02, 2.868255310058594e+02, 2.868274536132812e+02, 2.868294067382812e+02, 2.868313293457031e+02, 2.86833251953125e+02, 2.868351745605469e+02, 2.868371276855469e+02, 2.868390502929688e+02, 2.868409729003906e+02, 2.868428955078125e+02, 2.868448181152344e+02, 2.868467712402344e+02, 2.868486938476562e+02, 2.868506164550781e+02]
senTDisWatRet.T=[2.931499938964844e+02, 2.921893920898438e+02, 2.866615600585938e+02, 2.866634826660156e+02, 2.866654052734375e+02, 2.866673278808594e+02, 2.866692504882812e+02, 2.866712036132812e+02, 2.866731262207031e+02, 2.86675048828125e+02, 2.866769714355469e+02, 2.866788940429688e+02, 2.866808471679688e+02, 2.866827697753906e+02, 2.866846923828125e+02, 2.866866149902344e+02, 2.866885681152344e+02, 2.866904907226562e+02, 2.866924133300781e+02, 2.866943359375e+02, 2.866962585449219e+02, 2.866982116699219e+02, 2.867001342773438e+02, 2.876451416015625e+02, 2.867074279785156e+02, 2.86707275390625e+02, 2.867082824707031e+02, 2.867098999023438e+02, 2.867117309570312e+02, 2.86713623046875e+02, 2.867155456542969e+02, 2.867174682617188e+02, 2.867194213867188e+02, 2.867213439941406e+02, 2.867232666015625e+02, 2.867251892089844e+02, 2.867271118164062e+02, 2.867290649414062e+02, 2.867309875488281e+02, 2.837636413574219e+02, 2.878555908203125e+02, 2.867385559082031e+02, 2.867392883300781e+02, 2.867408142089844e+02, 2.867426147460938e+02, 2.867445068359375e+02, 2.867464294433594e+02, 2.867483520507812e+02, 2.867502746582031e+02, 2.86752197265625e+02, 2.867541198730469e+02, 2.867560729980469e+02, 2.841108703613281e+02, 2.859846496582031e+02, 2.867618713378906e+02, 2.867637939453125e+02, 2.876541748046875e+02, 2.867694396972656e+02, 2.867703552246094e+02, 2.867718200683594e+02, 2.867735595703125e+02, 2.86775390625e+02, 2.867773132324219e+02, 2.867792053222656e+02, 2.867811279296875e+02, 2.867830810546875e+02, 2.867850036621094e+02, 2.867869262695312e+02, 2.867888488769531e+02, 2.845595397949219e+02, 2.860182189941406e+02, 2.884506530761719e+02, 2.876741333007812e+02, 2.867997436523438e+02, 2.868012084960938e+02, 2.877303771972656e+02, 2.868055419921875e+02, 2.868071899414062e+02, 2.86808837890625e+02, 2.86810546875e+02, 2.868123168945312e+02, 2.868141479492188e+02, 2.868160095214844e+02, 2.868179016113281e+02, 2.868197937011719e+02, 2.868216857910156e+02, 2.868236083984375e+02, 2.868255310058594e+02, 2.868274536132812e+02, 2.877676086425781e+02, 2.868319091796875e+02, 2.868337707519531e+02, 2.873664855957031e+02, 2.877240295410156e+02, 2.868394470214844e+02, 2.868413391113281e+02, 2.868432312011719e+02, 2.868451232910156e+02, 2.868470153808594e+02, 2.868489074707031e+02, 2.868507995605469e+02]
ets.hex.senT2WatEnt.T=[2.931499938964844e+02, 2.963012390136719e+02, 2.866615295410156e+02, 2.866634521484375e+02, 2.866653747558594e+02, 2.866673278808594e+02, 2.866692504882812e+02, 2.866711730957031e+02, 2.86673095703125e+02, 2.866750183105469e+02, 2.866769714355469e+02, 2.866788940429688e+02, 2.866808166503906e+02, 2.866827392578125e+02, 2.866846618652344e+02, 2.866866149902344e+02, 2.866885375976562e+02, 2.866904602050781e+02, 2.866923828125e+02, 2.866943359375e+02, 2.866962585449219e+02, 2.866981811523438e+02, 2.867001037597656e+02, 2.883461303710938e+02, 2.867099609375e+02, 2.867082824707031e+02, 2.867085571289062e+02, 2.867099609375e+02, 2.867117309570312e+02, 2.86713623046875e+02, 2.867155151367188e+02, 2.867174682617188e+02, 2.867193908691406e+02, 2.867213134765625e+02, 2.867232360839844e+02, 2.867251586914062e+02, 2.867271118164062e+02, 2.867290344238281e+02, 2.8673095703125e+02, 2.815570983886719e+02, 2.886886596679688e+02, 2.867398681640625e+02, 2.867397155761719e+02, 2.867409362792969e+02, 2.867426452636719e+02, 2.867444763183594e+02, 2.867463989257812e+02, 2.867483215332031e+02, 2.86750244140625e+02, 2.867521667480469e+02, 2.867540893554688e+02, 2.867560424804688e+02, 2.821431274414062e+02, 2.854083557128906e+02, 2.867618408203125e+02, 2.867637634277344e+02, 2.883145751953125e+02, 2.86770751953125e+02, 2.867709045410156e+02, 2.867720336914062e+02, 2.867736206054688e+02, 2.867754211425781e+02, 2.867772827148438e+02, 2.867792053222656e+02, 2.867811279296875e+02, 2.867830505371094e+02, 2.867849731445312e+02, 2.867868957519531e+02, 2.86788818359375e+02, 2.829009399414062e+02, 2.854424743652344e+02, 2.896816101074219e+02, 2.88326416015625e+02, 2.868006591796875e+02, 2.868017883300781e+02, 2.88420166015625e+02, 2.868064575195312e+02, 2.868078918457031e+02, 2.86809326171875e+02, 2.868108825683594e+02, 2.868125610351562e+02, 2.868143005371094e+02, 2.868161010742188e+02, 2.868179321289062e+02, 2.868197937011719e+02, 2.868216857910156e+02, 2.868236083984375e+02, 2.868255004882812e+02, 2.868274230957031e+02, 2.884649963378906e+02, 2.868323059082031e+02, 2.868341674804688e+02, 2.877614135742188e+02, 2.8838330078125e+02, 2.868397521972656e+02, 2.868416137695312e+02, 2.868434753417969e+02, 2.868453369140625e+02, 2.868471984863281e+02, 2.868490905761719e+02, 2.868509521484375e+02]
ets.hex.senT2WatLvg.T=[2.931499938964844e+02, 2.880037841796875e+02, 2.866615600585938e+02, 2.866634826660156e+02, 2.866654357910156e+02, 2.866673583984375e+02, 2.866692810058594e+02, 2.866712036132812e+02, 2.866731262207031e+02, 2.866750793457031e+02, 2.86677001953125e+02, 2.866789245605469e+02, 2.866808471679688e+02, 2.866828002929688e+02, 2.866847229003906e+02, 2.866866455078125e+02, 2.866885681152344e+02, 2.866904907226562e+02, 2.866924438476562e+02, 2.866943664550781e+02, 2.866962890625e+02, 2.866982116699219e+02, 2.867001342773438e+02, 2.869315490722656e+02, 2.86704833984375e+02, 2.867062683105469e+02, 2.867079772949219e+02, 2.867098083496094e+02, 2.867117309570312e+02, 2.867136535644531e+02, 2.86715576171875e+02, 2.867174987792969e+02, 2.867194213867188e+02, 2.867213745117188e+02, 2.867232971191406e+02, 2.867252197265625e+02, 2.867271423339844e+02, 2.867290954589844e+02, 2.867310180664062e+02, 2.860097961425781e+02, 2.87007568359375e+02, 2.867372436523438e+02, 2.867388610839844e+02, 2.867406921386719e+02, 2.867425842285156e+02, 2.867445068359375e+02, 2.867464294433594e+02, 2.867483825683594e+02, 2.867503051757812e+02, 2.867522277832031e+02, 2.86754150390625e+02, 2.867560729980469e+02, 2.861138916015625e+02, 2.865712890625e+02, 2.867618713378906e+02, 2.867637939453125e+02, 2.8698193359375e+02, 2.867680969238281e+02, 2.86769775390625e+02, 2.867716064453125e+02, 2.867734680175781e+02, 2.86775390625e+02, 2.867773132324219e+02, 2.867792358398438e+02, 2.867811584472656e+02, 2.867830810546875e+02, 2.867850341796875e+02, 2.867869567871094e+02, 2.867888793945312e+02, 2.862478637695312e+02, 2.866042785644531e+02, 2.871976318359375e+02, 2.870101318359375e+02, 2.86798828125e+02, 2.868006591796875e+02, 2.870281982421875e+02, 2.868046264648438e+02, 2.868064880371094e+02, 2.86808349609375e+02, 2.868102111816406e+02, 2.868121032714844e+02, 2.868140258789062e+02, 2.8681591796875e+02, 2.868178405761719e+02, 2.868197631835938e+02, 2.868216857910156e+02, 2.868236083984375e+02, 2.868255310058594e+02, 2.868274536132812e+02, 2.870577087402344e+02, 2.868314514160156e+02, 2.868333740234375e+02, 2.869644775390625e+02, 2.870529174804688e+02, 2.868391418457031e+02, 2.86841064453125e+02, 2.868429870605469e+02, 2.868449096679688e+02, 2.868468322753906e+02, 2.868487548828125e+02, 2.868506774902344e+02]
ets.heaPum.senTConEnt.T=[2.931499938964844e+02, 3.199244995117188e+02, 2.872211608886719e+02, 2.872211608886719e+02, 2.872211608886719e+02, 2.872211608886719e+02, 2.872211608886719e+02, 2.872211608886719e+02, 2.872211608886719e+02, 2.872211608886719e+02, 2.872211608886719e+02, 2.872211608886719e+02, 2.872211608886719e+02, 2.872211608886719e+02, 2.872211608886719e+02, 2.872211608886719e+02, 2.872211608886719e+02, 2.872211608886719e+02, 2.872211608886719e+02, 2.872211608886719e+02, 2.872211608886719e+02, 2.872211608886719e+02, 2.872211608886719e+02, 2.86931884765625e+02, 2.869484558105469e+02, 2.869484558105469e+02, 2.869484558105469e+02, 2.869484558105469e+02, 2.869484558105469e+02, 2.869484558105469e+02, 2.869484558105469e+02, 2.869484558105469e+02, 2.869484558105469e+02, 2.869484558105469e+02, 2.869484558105469e+02, 2.869484558105469e+02, 2.869484558105469e+02, 2.869484558105469e+02, 2.869484558105469e+02, 3.17775634765625e+02, 2.870956115722656e+02, 2.869490661621094e+02, 2.869490661621094e+02, 2.869490661621094e+02, 2.869490661621094e+02, 2.869490661621094e+02, 2.869490661621094e+02, 2.869490661621094e+02, 2.869490661621094e+02, 2.869490661621094e+02, 2.869490661621094e+02, 2.869490661621094e+02, 2.879554443359375e+02, 3.179818725585938e+02, 3.189149169921875e+02, 3.189149169921875e+02, 2.869821472167969e+02, 2.869637145996094e+02, 2.869637145996094e+02, 2.869637145996094e+02, 2.869637145996094e+02, 2.869637145996094e+02, 2.869637145996094e+02, 2.869637145996094e+02, 2.869637145996094e+02, 2.869637145996094e+02, 2.869637145996094e+02, 2.869637145996094e+02, 2.869637145996094e+02, 3.12501220703125e+02, 3.181486206054688e+02, 2.874861450195312e+02, 2.870102844238281e+02, 2.869884948730469e+02, 2.869884948730469e+02, 2.870283813476562e+02, 2.869963989257812e+02, 2.869963989257812e+02, 2.869963989257812e+02, 2.869963989257812e+02, 2.869963989257812e+02, 2.869963989257812e+02, 2.869963989257812e+02, 2.869963989257812e+02, 2.869963989257812e+02, 2.869963989257812e+02, 2.869963989257812e+02, 2.869963989257812e+02, 2.869963989257812e+02, 2.870580139160156e+02, 2.870215759277344e+02, 2.870215759277344e+02, 2.869000549316406e+02, 2.870530700683594e+02, 2.870283203125e+02, 2.870283203125e+02, 2.870283203125e+02, 2.870283203125e+02, 2.870283203125e+02, 2.870283203125e+02, 2.870283203125e+02]
ets.heaPum.senTConLvg.T=[2.931499938964844e+02, 3.217478942871094e+02, 2.880176696777344e+02, 2.880176696777344e+02, 2.880176696777344e+02, 2.880176696777344e+02, 2.880176696777344e+02, 2.880176696777344e+02, 2.880176696777344e+02, 2.880176696777344e+02, 2.880176696777344e+02, 2.880176696777344e+02, 2.880176696777344e+02, 2.880176696777344e+02, 2.880176696777344e+02, 2.880176696777344e+02, 2.880176696777344e+02, 2.880176696777344e+02, 2.880176696777344e+02, 2.880176696777344e+02, 2.880176696777344e+02, 2.880176696777344e+02, 2.880176696777344e+02, 2.892763977050781e+02, 2.874737548828125e+02, 2.874737548828125e+02, 2.874737548828125e+02, 2.874737548828125e+02, 2.874737548828125e+02, 2.874737548828125e+02, 2.874737548828125e+02, 2.874737548828125e+02, 2.874737548828125e+02, 2.874737548828125e+02, 2.874737548828125e+02, 2.874737548828125e+02, 2.874737548828125e+02, 2.874737548828125e+02, 2.874737548828125e+02, 3.196922302246094e+02, 2.893869018554688e+02, 2.875009765625e+02, 2.875009765625e+02, 2.875009765625e+02, 2.875009765625e+02, 2.875009765625e+02, 2.875009765625e+02, 2.875009765625e+02, 2.875009765625e+02, 2.875009765625e+02, 2.875009765625e+02, 2.875009765625e+02, 2.884275512695312e+02, 3.203829650878906e+02, 3.206969604492188e+02, 3.206969604492188e+02, 2.891916198730469e+02, 2.875301513671875e+02, 2.875301513671875e+02, 2.875301513671875e+02, 2.875301513671875e+02, 2.875301513671875e+02, 2.875301513671875e+02, 2.875301513671875e+02, 2.875301513671875e+02, 2.875301513671875e+02, 2.875301513671875e+02, 2.875301513671875e+02, 2.875301513671875e+02, 3.188836364746094e+02, 3.2054638671875e+02, 2.906237487792969e+02, 2.891936340332031e+02, 2.875633239746094e+02, 2.875633239746094e+02, 2.893370056152344e+02, 2.875750427246094e+02, 2.875750427246094e+02, 2.875750427246094e+02, 2.875750427246094e+02, 2.875750427246094e+02, 2.875750427246094e+02, 2.875750427246094e+02, 2.875750427246094e+02, 2.875750427246094e+02, 2.875750427246094e+02, 2.875750427246094e+02, 2.875750427246094e+02, 2.875750427246094e+02, 2.893904418945312e+02, 2.875986938476562e+02, 2.875986938476562e+02, 2.891231689453125e+02, 2.892598571777344e+02, 2.876062316894531e+02, 2.876062316894531e+02, 2.876062316894531e+02, 2.876062316894531e+02, 2.876062316894531e+02, 2.876062316894531e+02, 2.876062316894531e+02]
ets.heaPum.senTEvaEnt.T=[2.931499938964844e+02, 2.78306640625e+02, 2.782843933105469e+02, 2.782843933105469e+02, 2.782843933105469e+02, 2.782843933105469e+02, 2.782843933105469e+02, 2.782843933105469e+02, 2.782843933105469e+02, 2.782843933105469e+02, 2.782843933105469e+02, 2.782843933105469e+02, 2.782843933105469e+02, 2.782843933105469e+02, 2.782843933105469e+02, 2.782843933105469e+02, 2.782843933105469e+02, 2.782843933105469e+02, 2.782843933105469e+02, 2.782843933105469e+02, 2.782843933105469e+02, 2.782843933105469e+02, 2.782843933105469e+02, 2.799597473144531e+02, 2.786038513183594e+02, 2.786038513183594e+02, 2.786038513183594e+02, 2.786038513183594e+02, 2.786038513183594e+02, 2.786038513183594e+02, 2.786038513183594e+02, 2.786038513183594e+02, 2.786038513183594e+02, 2.786038513183594e+02, 2.786038513183594e+02, 2.786038513183594e+02, 2.786038513183594e+02, 2.786038513183594e+02, 2.786038513183594e+02, 2.795496826171875e+02, 2.78130859375e+02, 2.785197448730469e+02, 2.785197448730469e+02, 2.785197448730469e+02, 2.785197448730469e+02, 2.785197448730469e+02, 2.785197448730469e+02, 2.785197448730469e+02, 2.785197448730469e+02, 2.785197448730469e+02, 2.785197448730469e+02, 2.785197448730469e+02, 2.855234375e+02, 2.864219665527344e+02, 2.864569091796875e+02, 2.864569091796875e+02, 2.784132385253906e+02, 2.784774780273438e+02, 2.784774780273438e+02, 2.784774780273438e+02, 2.784774780273438e+02, 2.784774780273438e+02, 2.784774780273438e+02, 2.784774780273438e+02, 2.784774780273438e+02, 2.784774780273438e+02, 2.784774780273438e+02, 2.784774780273438e+02, 2.784774780273438e+02, 2.857611694335938e+02, 2.864550476074219e+02, 2.832871704101562e+02, 2.781114196777344e+02, 2.786018981933594e+02, 2.786018981933594e+02, 2.795709533691406e+02, 2.787706298828125e+02, 2.787706298828125e+02, 2.787706298828125e+02, 2.787706298828125e+02, 2.787706298828125e+02, 2.787706298828125e+02, 2.787706298828125e+02, 2.787706298828125e+02, 2.787706298828125e+02, 2.787706298828125e+02, 2.787706298828125e+02, 2.787706298828125e+02, 2.787706298828125e+02, 2.798385925292969e+02, 2.786543273925781e+02, 2.786543273925781e+02, 2.806156311035156e+02, 2.783968505859375e+02, 2.7869921875e+02, 2.7869921875e+02, 2.7869921875e+02, 2.7869921875e+02, 2.7869921875e+02, 2.7869921875e+02, 2.7869921875e+02]
ets.heaPum.senTEvaLvg.T=[2.931499938964844e+02, 2.776180725097656e+02, 2.7755126953125e+02, 2.7755126953125e+02, 2.7755126953125e+02, 2.7755126953125e+02, 2.7755126953125e+02, 2.7755126953125e+02, 2.7755126953125e+02, 2.7755126953125e+02, 2.7755126953125e+02, 2.7755126953125e+02, 2.7755126953125e+02, 2.7755126953125e+02, 2.7755126953125e+02, 2.7755126953125e+02, 2.7755126953125e+02, 2.7755126953125e+02, 2.7755126953125e+02, 2.7755126953125e+02, 2.7755126953125e+02, 2.7755126953125e+02, 2.7755126953125e+02, 2.787878723144531e+02, 2.778856506347656e+02, 2.778856506347656e+02, 2.778856506347656e+02, 2.778856506347656e+02, 2.778856506347656e+02, 2.778856506347656e+02, 2.778856506347656e+02, 2.778856506347656e+02, 2.778856506347656e+02, 2.778856506347656e+02, 2.778856506347656e+02, 2.778856506347656e+02, 2.778856506347656e+02, 2.778856506347656e+02, 2.778856506347656e+02, 2.787908020019531e+02, 2.770417785644531e+02, 2.77797119140625e+02, 2.77797119140625e+02, 2.77797119140625e+02, 2.77797119140625e+02, 2.77797119140625e+02, 2.77797119140625e+02, 2.77797119140625e+02, 2.77797119140625e+02, 2.77797119140625e+02, 2.77797119140625e+02, 2.77797119140625e+02, 2.846088256835938e+02, 2.854091186523438e+02, 2.861862487792969e+02, 2.861862487792969e+02, 2.773147888183594e+02, 2.777539978027344e+02, 2.777539978027344e+02, 2.777539978027344e+02, 2.777539978027344e+02, 2.777539978027344e+02, 2.777539978027344e+02, 2.777539978027344e+02, 2.777539978027344e+02, 2.777539978027344e+02, 2.777539978027344e+02, 2.777539978027344e+02, 2.777539978027344e+02, 2.830115966796875e+02, 2.854433288574219e+02, 2.826797180175781e+02, 2.770226440429688e+02, 2.778793334960938e+02, 2.778793334960938e+02, 2.78414306640625e+02, 2.780511169433594e+02, 2.780511169433594e+02, 2.780511169433594e+02, 2.780511169433594e+02, 2.780511169433594e+02, 2.780511169433594e+02, 2.780511169433594e+02, 2.780511169433594e+02, 2.780511169433594e+02, 2.780511169433594e+02, 2.780511169433594e+02, 2.780511169433594e+02, 2.780511169433594e+02, 2.786751403808594e+02, 2.779315185546875e+02, 2.779315185546875e+02, 2.800988464355469e+02, 2.77294921875e+02, 2.779769287109375e+02, 2.779769287109375e+02, 2.779769287109375e+02, 2.779769287109375e+02, 2.779769287109375e+02, 2.779769287109375e+02, 2.779769287109375e+02]
ets.heaPum.con.THeaWatSupSet=[3.181499938964844e+02, 3.181499938964844e+02]
ets.heaPum.con.TChiWatSupSet=[2.801499938964844e+02, 2.801499938964844e+02]
ets.heaPum.heaPum.COP=[2.275903701782227e+01, 3.641117572784424e+00, 0e+00, 0e+00, 0e+00, 0e+00, 0e+00, 0e+00, 0e+00, 0e+00, 0e+00, 0e+00, 0e+00, 0e+00, 0e+00, 0e+00, 0e+00, 0e+00, 0e+00, 0e+00, 0e+00, 0e+00, 0e+00, 0e+00, 0e+00, 0e+00, 0e+00, 0e+00, 0e+00, 0e+00, 0e+00, 0e+00, 0e+00, 0e+00, 0e+00, 0e+00, 0e+00, 0e+00, 0e+00, 4.065322875976562e+00, 0e+00, 0e+00, 0e+00, 0e+00, 0e+00, 0e+00, 0e+00, 0e+00, 0e+00, 0e+00, 0e+00, 0e+00, 0e+00, 4.903262615203857e+00, 0e+00, 0e+00, 0e+00, 0e+00, 0e+00, 0e+00, 0e+00, 0e+00, 0e+00, 0e+00, 0e+00, 0e+00, 0e+00, 0e+00, 0e+00, 5.054697036743164e+00, 4.883278369903564e+00, 0e+00, 0e+00, 0e+00, 0e+00, 0e+00, 0e+00, 0e+00, 0e+00, 0e+00, 0e+00, 0e+00, 0e+00, 0e+00, 0e+00, 0e+00, 0e+00, 0e+00, 0e+00, 0e+00, 0e+00, 0e+00, 0e+00, 0e+00, 0e+00, 0e+00, 0e+00, 0e+00, 0e+00, 0e+00, 0e+00]
ets.QChiWat_flow_nominal=[-2.44805203125e+05, -2.44805203125e+05]
ets.QHeaWat_flow_nominal=[4.7937990625e+05, 4.7937990625e+05]
