last-generated=2017-04-20
statistics-initialization=
{
  "numerical Jacobians": "0", 
  "nonlinear": "1, 1, 1, 1, 1, 1, 1, 1, 1, 1, 1, 1, 1, 1, 1, 1, 1, 1, 1, 1, 1, 1, 1, 1, 1, 1, 2"
}
statistics-simulation=
{
  "numerical Jacobians": "0", 
  "nonlinear": "1, 1, 1, 1, 1, 1, 1, 1, 1, 1, 1, 1, 1, 1, 1, 1, 1, 1, 1, 1, 1, 1, 1, 1, 1, 1", 
  "number of continuous time states": "61", 
  "linear": "0, 0, 0, 0, 0, 0"
}
weaDat.weaBus.TDryBul=[2.803500061035156e+02, 2.835484008789062e+02, 2.770389404296875e+02, 2.831499938964844e+02, 2.855327758789062e+02, 2.859500122070312e+02, 2.863263549804688e+02, 2.820830078125e+02, 2.786632690429688e+02, 2.815326538085938e+02, 2.859500122070312e+02, 2.817511901855469e+02, 2.885028076171875e+02, 2.879779968261719e+02, 2.866836853027344e+02, 2.846499938964844e+02, 2.832253112792969e+02, 2.852710876464844e+02, 2.905267944335938e+02, 2.85869384765625e+02, 2.8375e+02, 2.885899963378906e+02, 2.800525817871094e+02, 2.8375e+02, 2.9037841796875e+02, 2.864500122070312e+02, 2.831499938964844e+02, 2.8875e+02, 2.875617980957031e+02, 2.864657287597656e+02, 2.920499877929688e+02, 2.8204345703125e+02, 2.851651916503906e+02, 2.994768371582031e+02, 2.831355895996094e+02, 2.859500122070312e+02, 2.925713195800781e+02, 2.891605834960938e+02, 2.900167846679688e+02, 2.889595947265625e+02, 2.8425e+02, 2.885757751464844e+02, 2.889704284667969e+02, 2.870499877929688e+02, 2.915001220703125e+02, 2.848500061035156e+02, 2.852939147949219e+02, 2.8925e+02, 2.859500122070312e+02, 2.883904724121094e+02, 2.9275e+02, 2.859880065917969e+02, 2.891083984375e+02, 2.930523986816406e+02, 2.881499938964844e+02, 2.896499938964844e+02, 2.903481750488281e+02, 2.864500122070312e+02, 2.922699890136719e+02, 2.905599975585938e+02, 2.875499877929688e+02, 2.968235778808594e+02, 2.86503662109375e+02, 2.893653564453125e+02, 2.93510009765625e+02, 2.864500122070312e+02, 2.875499877929688e+02, 2.920499877929688e+02, 2.849372863769531e+02, 2.896205444335938e+02, 2.925499877929688e+02, 2.853434448242188e+02, 2.880203857421875e+02, 2.939845275878906e+02, 2.8875e+02, 2.875499877929688e+02, 2.918733215332031e+02, 2.863281860351562e+02, 2.911700134277344e+02, 2.900556030273438e+02, 2.875499877929688e+02, 2.897840576171875e+02, 2.850614318847656e+02, 2.842689208984375e+02, 2.870499877929688e+02, 2.848500061035156e+02, 2.872200012207031e+02, 2.894700012207031e+02, 2.847069702148438e+02, 2.871203002929688e+02, 2.875499877929688e+02, 2.824481201171875e+02, 2.853500061035156e+02, 2.864500122070312e+02, 2.812572937011719e+02, 2.825499877929688e+02, 2.839954528808594e+02, 2.825499877929688e+02, 2.854684143066406e+02, 2.796802978515625e+02, 2.845499877929688e+02]
time=[0e+00, 3.1536e+07]
pla.sta_a.T=[2.931499938964844e+02, 2.838339538574219e+02, 2.834425964355469e+02, 2.827769165039062e+02, 2.850327758789062e+02, 2.851499938964844e+02, 2.838938598632812e+02, 2.837615661621094e+02, 2.839895324707031e+02, 2.842195129394531e+02, 2.851499938964844e+02, 2.844632263183594e+02, 2.891499938964844e+02, 2.871393432617188e+02, 2.872649841308594e+02, 2.851499938964844e+02, 2.851499938964844e+02, 2.890484924316406e+02, 2.891499938964844e+02, 2.851499938964844e+02, 2.891351013183594e+02, 2.888742980957031e+02, 2.851499938964844e+02, 2.830870666503906e+02, 2.891499938964844e+02, 2.891498413085938e+02, 2.876438903808594e+02, 2.851569519042969e+02, 2.891495361328125e+02, 2.886400451660156e+02, 2.891499938964844e+02, 2.891484680175781e+02, 2.890549926757812e+02, 2.891499938964844e+02, 2.890928344726562e+02, 2.891496887207031e+02, 2.891499938964844e+02, 2.891499938964844e+02, 2.891499938964844e+02, 2.891499938964844e+02, 2.883778381347656e+02, 2.891466064453125e+02, 2.891499938964844e+02, 2.891499938964844e+02, 2.891499938964844e+02, 2.881519165039062e+02, 2.891499938964844e+02, 2.891499938964844e+02, 2.891456909179688e+02, 2.891499938964844e+02, 2.891499938964844e+02, 2.891498413085938e+02, 2.891499938964844e+02, 2.891499938964844e+02, 2.891499938964844e+02, 2.891499938964844e+02, 2.891499938964844e+02, 2.891499938964844e+02, 2.891499938964844e+02, 2.891499938964844e+02, 2.891493530273438e+02, 2.891499938964844e+02, 2.890420227050781e+02, 2.891499938964844e+02, 2.891499938964844e+02, 2.890767211914062e+02, 2.891499938964844e+02, 2.891499938964844e+02, 2.891416320800781e+02, 2.891499938964844e+02, 2.891499938964844e+02, 2.891499938964844e+02, 2.891499938964844e+02, 2.891499938964844e+02, 2.891499938964844e+02, 2.891469421386719e+02, 2.891499938964844e+02, 2.891499938964844e+02, 2.891499938964844e+02, 2.891499938964844e+02, 2.891499938964844e+02, 2.891499938964844e+02, 2.881985473632812e+02, 2.884360656738281e+02, 2.891499938964844e+02, 2.851499938964844e+02, 2.891498413085938e+02, 2.891499938964844e+02, 2.886711730957031e+02, 2.891165161132812e+02, 2.852210693359375e+02, 2.845736694335938e+02, 2.839308166503906e+02, 2.851499938964844e+02, 2.851273498535156e+02, 2.851499938964844e+02, 2.851482543945312e+02, 2.847396545410156e+02, 2.849684143066406e+02, 2.845175170898438e+02, 2.843166809082031e+02]
watTem.y[1]=[2.848166809082031e+02, 2.843339538574219e+02, 2.839425964355469e+02, 2.837068786621094e+02, 2.83691162109375e+02, 2.838516845703125e+02, 2.840456237792969e+02, 2.842615661621094e+02, 2.844895324707031e+02, 2.847195129394531e+02, 2.849415893554688e+02, 2.85145751953125e+02, 2.853220520019531e+02, 2.854700622558594e+02, 2.856149291992188e+02, 2.85758544921875e+02, 2.859005737304688e+02, 2.86040771484375e+02, 2.861788330078125e+02, 2.86314453125e+02, 2.864474182128906e+02, 2.865636596679688e+02, 2.866377563476562e+02, 2.866899719238281e+02, 2.867427368164062e+02, 2.868185119628906e+02, 2.869397583007812e+02, 2.871381225585938e+02, 2.8747802734375e+02, 2.879055786132812e+02, 2.883445129394531e+02, 2.887188415527344e+02, 2.890557556152344e+02, 2.893870544433594e+02, 2.896651611328125e+02, 2.898452453613281e+02, 2.89976318359375e+02, 2.900993347167969e+02, 2.902210693359375e+02, 2.903484191894531e+02, 2.904834594726562e+02, 2.906195068359375e+02, 2.907552185058594e+02, 2.908895568847656e+02, 2.910208435058594e+02, 2.911480407714844e+02, 2.912731628417969e+02, 2.913982849121094e+02, 2.915299682617188e+02, 2.917096557617188e+02, 2.918949279785156e+02, 2.92019775390625e+02, 2.920388793945312e+02, 2.920388793945312e+02, 2.920388793945312e+02, 2.920388793945312e+02, 2.920388793945312e+02, 2.920388793945312e+02, 2.920388793945312e+02, 2.920388793945312e+02, 2.920388793945312e+02, 2.920388793945312e+02, 2.920388793945312e+02, 2.920388793945312e+02, 2.920388793945312e+02, 2.920388793945312e+02, 2.920388793945312e+02, 2.920388793945312e+02, 2.920388793945312e+02, 2.920252075195312e+02, 2.919323120117188e+02, 2.917832946777344e+02, 2.916157836914062e+02, 2.914669494628906e+02, 2.913346557617188e+02, 2.911974792480469e+02, 2.910472717285156e+02, 2.908677978515625e+02, 2.905428771972656e+02, 2.901087951660156e+02, 2.896595153808594e+02, 2.892890319824219e+02, 2.890063171386719e+02, 2.887277526855469e+02, 2.884545593261719e+02, 2.881888122558594e+02, 2.879325866699219e+02, 2.876879577636719e+02, 2.87454345703125e+02, 2.87222412109375e+02, 2.86991455078125e+02, 2.867618103027344e+02, 2.865338745117188e+02, 2.863080139160156e+02, 2.860846252441406e+02, 2.858640747070312e+02, 2.856466979980469e+02, 2.854328918457031e+02, 2.852230529785156e+02, 2.850175170898438e+02, 2.848166809082031e+02]
pla.sta_b.T=[2.931499938964844e+02, 2.851499938964844e+02, 2.851499938964844e+02, 2.851499938964844e+02, 2.851499938964844e+02, 2.851499938964844e+02, 2.851499938964844e+02, 2.851499938964844e+02, 2.851499938964844e+02, 2.851499938964844e+02, 2.851499938964844e+02, 2.851499938964844e+02, 2.891499938964844e+02, 2.871393432617188e+02, 2.872649841308594e+02, 2.851499938964844e+02, 2.851499938964844e+02, 2.890484924316406e+02, 2.891499938964844e+02, 2.851499938964844e+02, 2.891351013183594e+02, 2.888742980957031e+02, 2.851499938964844e+02, 2.851499938964844e+02, 2.891499938964844e+02, 2.891498413085938e+02, 2.876438903808594e+02, 2.851569519042969e+02, 2.891495361328125e+02, 2.886400451660156e+02, 2.891499938964844e+02, 2.891484680175781e+02, 2.890549926757812e+02, 2.898870544433594e+02, 2.890928344726562e+02, 2.891496887207031e+02, 2.90476318359375e+02, 2.891499938964844e+02, 2.905167846679688e+02, 2.894595947265625e+02, 2.883778381347656e+02, 2.891466064453125e+02, 2.894704284667969e+02, 2.891499938964844e+02, 2.915208435058594e+02, 2.881519165039062e+02, 2.891499938964844e+02, 2.8975e+02, 2.891456909179688e+02, 2.891499938964844e+02, 2.891499938964844e+02, 2.891498413085938e+02, 2.896083984375e+02, 2.925388793945312e+02, 2.891499938964844e+02, 2.901499938964844e+02, 2.908481750488281e+02, 2.891499938964844e+02, 2.925388793945312e+02, 2.910599975585938e+02, 2.891493530273438e+02, 2.925388793945312e+02, 2.890420227050781e+02, 2.891499938964844e+02, 2.925388793945312e+02, 2.890767211914062e+02, 2.891499938964844e+02, 2.925435180664062e+02, 2.891416320800781e+02, 2.891499938964844e+02, 2.924323120117188e+02, 2.891499938964844e+02, 2.891499938964844e+02, 2.919669494628906e+02, 2.891499938964844e+02, 2.891469421386719e+02, 2.915472717285156e+02, 2.891499938964844e+02, 2.910428771972656e+02, 2.9056298828125e+02, 2.891499938964844e+02, 2.897890319824219e+02, 2.881985473632812e+02, 2.884360656738281e+02, 2.891499938964844e+02, 2.851499938964844e+02, 2.891498413085938e+02, 2.891499938964844e+02, 2.886711730957031e+02, 2.891165161132812e+02, 2.852210693359375e+02, 2.851499938964844e+02, 2.851499938964844e+02, 2.851499938964844e+02, 2.851499938964844e+02, 2.851499938964844e+02, 2.851499938964844e+02, 2.851499938964844e+02, 2.851499938964844e+02, 2.851499938964844e+02, 2.851499938964844e+02]
pla.m_flow=[2.162585496902466e+00, 1.725270080566406e+01, 1.444576358795166e+01, 8.591530323028564e-01, 3.230888843536377e+00, 7.638420104980469e+01, 7.570232748985291e-01, 1.569040107727051e+01, 3.221624851226807e+00, 5.245154190063477e+01, -7.297083377838135e+00, 1.10986316204071e+00, -1.301676464080811e+01, -5.87675666809082e+01, 6.670659184455872e-01, 3.203235244750977e+01, 1.825673866271973e+01, 2.311208099126816e-01, -6.370542526245117e+01, 7.724611282348633e+00, 2.485618740320206e-01, -3.66314582824707e+01, 4.530917739868164e+01, 3.769447803497314e-01, -7.998503875732422e+01, 5.459095001220703e+00, 5.382964611053467e-01, -1.452239799499512e+01, 1.676982879638672e+01, 7.160210609436035e-01, -7.435975646972656e+01, 9.236400127410889e-01, 4.022091293334961e+01, -8.806410980224609e+01, 2.648769915103912e-01, 1.835613250732422e+01, -8.391249847412109e+01, 1.991520673036575e-01, -6.648033905029297e+01, -6.151737594604492e+01, 2.498998194932938e-01, -5.69066047668457e+01, -6.185346221923828e+01, 2.02444776892662e-01, -7.002687072753906e+01, 2.731818008422852e+01, 4.526849389076233e-01, -7.002046203613281e+01, 7.547788619995117e+00, -2.240415000915527e+01, 2.925015389919281e-01, 5.031918883323669e-01, -7.008203029632568e+00, -8.140869903564453e+01, 1.726000010967255e-01, -6.449330139160156e+01, -7.574302673339844e+01, 1.84368759393692e-01, -8.010997009277344e+01, -8.549597930908203e+01, 1.864963322877884e-01, -9.009059906005859e+01, -2.790610074996948e+00, 1.055475175380707e-01, -8.556588745117188e+01, 2.957734680175781e+01, 4.223474264144897e-01, -8.016469573974609e+01, 5.554864501953125e+01, 4.54643189907074e-01, -8.571624755859375e+01, 3.43678891658783e-01, -5.310852813720703e+01, -7.356879425048828e+01, 1.642386913299561e-01, 7.218434810638428e-01, -7.808586883544922e+01, 2.106030285358429e-01, -7.477353668212891e+01, -5.805711364746094e+01, 1.764889806509018e-01, -6.941181182861328e+01, 8.956084251403809e+00, 3.075348734855652e-01, -2.131310653686523e+01, 7.686384582519531e+01, 4.920125007629395e+00, -7.769785308837891e+01, 9.154322743415833e-01, 2.431683540344238e+01, -2.487674522399902e+01, 9.339073896408081e-01, 7.62138843536377e-01, 2.491073608398438e+00, 1.345187544822693e+00, 4.2584228515625e+01, 4.466618061065674e+00, 1.11960232257843e+00, 4.48053503036499e+00, 3.527663421630859e+01, 2.100757122039795e+00]
EEleHea.y=[0e+00, 2.994618368e+10, 8.1028661248e+10, 1.31716284416e+11, 1.71941675008e+11, 1.98100795392e+11, 2.30067519488e+11, 2.86733631488e+11, 3.2007553024e+11, 3.69334616064e+11, 3.97850902528e+11, 4.30584365056e+11, 4.55446790144e+11, 4.71548002304e+11, 4.79139856384e+11, 5.08777070592e+11, 5.30459754496e+11, 5.49598134272e+11, 5.61022173184e+11, 5.8194690048e+11, 5.92207085568e+11, 6.09803173888e+11, 6.27638665216e+11, 6.62868590592e+11, 6.77251842048e+11, 6.88628432896e+11, 7.00625453056e+11, 7.1936770048e+11, 7.33373136896e+11, 7.4234232832e+11, 7.55437666304e+11, 7.66077566976e+11, 7.8067400704e+11, 7.9137767424e+11, 8.01139458048e+11, 8.12064047104e+11, 8.24188665856e+11, 8.31128469504e+11, 8.41833119744e+11, 8.50376392704e+11, 8.59139014656e+11, 8.66883076096e+11, 8.76606062592e+11, 8.82771951616e+11, 8.92163784704e+11, 9.00796448768e+11, 9.18681550848e+11, 9.3024223232e+11, 9.40149112832e+11, 9.4973231104e+11, 9.55624194048e+11, 9.6237780992e+11, 9.69826041856e+11, 9.77831723008e+11, 9.83318986752e+11, 9.93421623296e+11, 1.00033888256e+12, 1.008384933888e+12, 1.015049027584e+12, 1.022524260352e+12, 1.028392484864e+12, 1.03602520064e+12, 1.042162712576e+12, 1.051236171776e+12, 1.057981333504e+12, 1.066721148928e+12, 1.074917736448e+12, 1.08298043392e+12, 1.08773343232e+12, 1.09682163712e+12, 1.103893364736e+12, 1.11076900864e+12, 1.118606196736e+12, 1.1254464512e+12, 1.133356908544e+12, 1.140110262272e+12, 1.150035296256e+12, 1.156019519488e+12, 1.165747421184e+12, 1.173758017536e+12, 1.184564641792e+12, 1.193057189888e+12, 1.205372977152e+12, 1.217028554752e+12, 1.232085450752e+12, 1.252892606464e+12, 1.276895035392e+12, 1.285165940736e+12, 1.298741460992e+12, 1.310758273024e+12, 1.326537375744e+12, 1.34591479808e+12, 1.379744088064e+12, 1.39965693952e+12, 1.437154410496e+12, 1.466918240256e+12, 1.500918841344e+12, 1.530427211776e+12, 1.56207742976e+12, 1.59838896128e+12, 1.62454175744e+12]
EEleCoo.y=[0e+00, 3.22470624e+08, 3.24557184e+08, 3.3869904e+08, 3.44657024e+08, 6.56260928e+08, 1.146217856e+09, 1.147922944e+09, 1.163991808e+09, 1.273531136e+09, 1.42387136e+09, 1.911684736e+09, 3.068923136e+09, 8.862923776e+09, 1.2157513728e+10, 1.2290689024e+10, 1.2716114944e+10, 1.744018432e+10, 2.1745395712e+10, 2.3335643136e+10, 2.9776054272e+10, 3.2460890112e+10, 3.3190887424e+10, 3.3362679808e+10, 3.6255059968e+10, 4.2322448384e+10, 4.8667680768e+10, 4.9623252992e+10, 5.4496301056e+10, 5.9563339776e+10, 6.4084205568e+10, 6.6882658304e+10, 7.4563641344e+10, 7.9374729216e+10, 9.4566998016e+10, 1.0070806528e+11, 1.14999574528e+11, 1.32120797184e+11, 1.5559467008e+11, 1.63126755328e+11, 1.88172648448e+11, 1.93563672576e+11, 2.21437837312e+11, 2.53932404736e+11, 2.76584824832e+11, 2.88326877184e+11, 2.9486792704e+11, 3.06981076992e+11, 3.25812518912e+11, 3.46544406528e+11, 3.90355222528e+11, 4.02724388864e+11, 4.2930618368e+11, 4.64906092544e+11, 4.95559835648e+11, 5.16793925632e+11, 5.37600557056e+11, 5.77131118592e+11, 6.04348219392e+11, 6.52643598336e+11, 6.88301146112e+11, 7.40239867904e+11, 7.67924895744e+11, 8.00264617984e+11, 8.2540724224e+11, 8.54272835584e+11, 8.7360405504e+11, 9.1239022592e+11, 9.45828200448e+11, 9.81588639744e+11, 1.008962502656e+12, 1.05431990272e+12, 1.084738306048e+12, 1.115808989184e+12, 1.144750211072e+12, 1.172927152128e+12, 1.18867755008e+12, 1.217097629696e+12, 1.232475783168e+12, 1.244565209088e+12, 1.263023816704e+12, 1.274224050176e+12, 1.284624744448e+12, 1.289727639552e+12, 1.294743240704e+12, 1.295223095296e+12, 1.298449170432e+12, 1.301647982592e+12, 1.307824357376e+12, 1.311832670208e+12, 1.313145749504e+12, 1.313596899328e+12, 1.313862189056e+12, 1.314891235328e+12, 1.31540844544e+12, 1.31560374272e+12, 1.31573612544e+12, 1.31613196288e+12, 1.3162053632e+12, 1.316210475008e+12, 1.316438016e+12]
ETheHea.y=[0e+00, 1.23576229888e+11, 3.0206722048e+11, 4.65913053184e+11, 6.02120323072e+11, 7.12546189312e+11, 8.5153677312e+11, 1.049436749824e+12, 1.164642091008e+12, 1.346109702144e+12, 1.451163516928e+12, 1.580884819968e+12, 1.677043040256e+12, 1.75210102784e+12, 1.78291802112e+12, 1.903215378432e+12, 1.990292537344e+12, 2.066605408256e+12, 2.1187002368e+12, 2.216724791296e+12, 2.2553821184e+12, 2.337667547136e+12, 2.412335071232e+12, 2.555504492544e+12, 2.612209123328e+12, 2.662527401984e+12, 2.71478816768e+12, 2.796781830144e+12, 2.853182898176e+12, 2.890932158464e+12, 2.947243311104e+12, 2.996422049792e+12, 3.064084824064e+12, 3.110858391552e+12, 3.146113613824e+12, 3.194225164288e+12, 3.247320858624e+12, 3.274212900864e+12, 3.325828005888e+12, 3.366382993408e+12, 3.39732463616e+12, 3.428843782144e+12, 3.469423673344e+12, 3.486079254528e+12, 3.526967164928e+12, 3.565543489536e+12, 3.648281116672e+12, 3.702327607296e+12, 3.749225955328e+12, 3.793889263616e+12, 3.809699954688e+12, 3.837375021056e+12, 3.86931884032e+12, 3.900413575168e+12, 3.916263849984e+12, 3.9617626112e+12, 3.993782714368e+12, 4.02263769088e+12, 4.048169992192e+12, 4.074922049536e+12, 4.092428812288e+12, 4.115626196992e+12, 4.141221412864e+12, 4.179073695744e+12, 4.206489239552e+12, 4.245858025472e+12, 4.283096891392e+12, 4.315614806016e+12, 4.329577644032e+12, 4.368220553216e+12, 4.3954601984e+12, 4.418326495232e+12, 4.44811968512e+12, 4.474759282688e+12, 4.507599634432e+12, 4.531786088448e+12, 4.578496479232e+12, 4.596449148928e+12, 4.638288904192e+12, 4.680249769984e+12, 4.724269514752e+12, 4.758997827584e+12, 4.82714320896e+12, 4.891387887616e+12, 4.96400859136e+12, 5.059970072576e+12, 5.178960904192e+12, 5.214394908672e+12, 5.28461594624e+12, 5.345578582016e+12, 5.4207053824e+12, 5.502185504768e+12, 5.639494959104e+12, 5.729662533632e+12, 5.8973749248e+12, 6.01399754752e+12, 6.158713618432e+12, 6.278193086464e+12, 6.402501246976e+12, 6.534322978816e+12, 6.633384050688e+12]
ETheCoo.y=[0e+00, -2.2810220544e+10, -2.2994925568e+10, -2.4224147456e+10, -2.4744998912e+10, -5.0442293248e+10, -9.135788032e+10, -9.1508424704e+10, -9.2904701952e+10, -1.02318432256e+11, -1.14976473088e+11, -1.55246559232e+11, -2.20296822784e+11, -3.63743019008e+11, -4.43569209344e+11, -4.54537838592e+11, -4.83959963648e+11, -6.12274864128e+11, -7.21278795776e+11, -7.86274189312e+11, -9.48018151424e+11, -1.03766360064e+12, -1.081892929536e+12, -1.096694431744e+12, -1.197447053312e+12, -1.340183412736e+12, -1.486860189696e+12, -1.5342174208e+12, -1.66829031424e+12, -1.782174580736e+12, -1.898516185088e+12, -1.9782139904e+12, -2.141468491776e+12, -2.23471075328e+12, -2.421412069376e+12, -2.52554248192e+12, -2.684854730752e+12, -2.868120911872e+12, -3.13723060224e+12, -3.23347021824e+12, -3.444005404672e+12, -3.523090579456e+12, -3.725666287616e+12, -3.944049278976e+12, -4.140994134016e+12, -4.265648324608e+12, -4.378191200256e+12, -4.500272185344e+12, -4.659518898176e+12, -4.827966865408e+12, -5.041084694528e+12, -5.178494287872e+12, -5.380374528e+12, -5.611534155776e+12, -5.793358282752e+12, -6.003348733952e+12, -6.16405663744e+12, -6.408721399808e+12, -6.60754399232e+12, -6.867968851968e+12, -7.082600300544e+12, -7.34451728384e+12, -7.52114204672e+12, -7.770245431296e+12, -7.956902445056e+12, -8.17056710656e+12, -8.337581146112e+12, -8.576407437312e+12, -8.748716261376e+12, -8.99275554816e+12, -9.19308075008e+12, -9.413917147136e+12, -9.645192118272e+12, -9.885996548096e+12, -1.0129392009216e+13, -1.0338805219328e+13, -1.0515259588608e+13, -1.0704311549952e+13, -1.0865562615808e+13, -1.1022230355968e+13, -1.1220661829632e+13, -1.1356584542208e+13, -1.1535292301312e+13, -1.1650346254336e+13, -1.1782872629248e+13, -1.18190505984e+13, -1.1953579753472e+13, -1.2032715784192e+13, -1.217826127872e+13, -1.2284475736064e+13, -1.2336413802496e+13, -1.2374139469824e+13, -1.2394476601344e+13, -1.2463213903872e+13, -1.2505325764608e+13, -1.2521561915392e+13, -1.2532535263232e+13, -1.2565784559616e+13, -1.2572154658816e+13, -1.2572602400768e+13, -1.2592057679872e+13]
ETheHotWat.y=[0e+00, 1.216032768e+10, 2.3934867456e+10, 3.690614784e+10, 4.8303116288e+10, 5.8967793664e+10, 7.0721028096e+10, 8.46286848e+10, 9.482788864e+10, 1.09895360512e+11, 1.2026974208e+11, 1.34119038976e+11, 1.45745002496e+11, 1.59244255232e+11, 1.68122908672e+11, 1.82848831488e+11, 1.92896319488e+11, 2.0729110528e+11, 2.18465222656e+11, 2.31545192448e+11, 2.42971639808e+11, 2.56226050048e+11, 2.67126472704e+11, 2.80349999104e+11, 2.92358193152e+11, 3.03980249088e+11, 3.16691480576e+11, 3.27785152512e+11, 3.40014333952e+11, 3.51367299072e+11, 3.64620972032e+11, 3.74397206528e+11, 3.88672585728e+11, 3.98428110848e+11, 4.11480064e+11, 4.22355894272e+11, 4.34897977344e+11, 4.4500975616e+11, 4.58598776832e+11, 4.67839418368e+11, 4.81095712768e+11, 4.8950771712e+11, 5.014380544e+11, 5.11900614656e+11, 5.23865358336e+11, 5.33636022272e+11, 5.45841446912e+11, 5.56564938752e+11, 5.67206805504e+11, 5.78750578688e+11, 5.88822085632e+11, 5.98194192384e+11, 6.08505757696e+11, 6.20334678016e+11, 6.29564506112e+11, 6.42476736512e+11, 6.5130299392e+11, 6.635831296e+11, 6.7346300928e+11, 6.85004685312e+11, 6.94673342464e+11, 7.0719275008e+11, 7.15826659328e+11, 7.2856469504e+11, 7.38035826688e+11, 7.49540540416e+11, 7.59681384448e+11, 7.71191668736e+11, 7.78938875904e+11, 7.90933471232e+11, 8.01337442304e+11, 8.12047925248e+11, 8.23527276544e+11, 8.33658617856e+11, 8.44950601728e+11, 8.55338450944e+11, 8.67263643648e+11, 8.77024116736e+11, 8.8848564224e+11, 8.97581121536e+11, 9.10704181248e+11, 9.2093677568e+11, 9.33088198656e+11, 9.43639363584e+11, 9.56807708672e+11, 9.65972918272e+11, 9.80022788096e+11, 9.8933702656e+11, 1.00203823104e+12, 1.013163360256e+12, 1.023788515328e+12, 1.034308878336e+12, 1.047389405184e+12, 1.058414526464e+12, 1.070813085696e+12, 1.083199913984e+12, 1.094523224064e+12, 1.107103186944e+12, 1.11839936512e+12, 1.129226043392e+12, 1.140466122752e+12]
