last-generated=2016-06-14
statistics-simulation=
{
  "numerical Jacobians": "0", 
  "nonlinear": " ", 
  "linear": " "
}
mod.TWat=[20., 20.27799988414338372422, 20.55599976828719022137, 20.83399965243076934485, 21.11199953657438399546, 21.38999936893612030531, 21.66799930486157421683, 21.94599913722286999018, 22.22400098049560313029, 22.50200070929347262449, 22.78000064521953049734, 23.058000581145019936, 23.33600051706908473648, 23.61400045299315308966, 23.89200018179386830752, 24.16999991059571328833, 24.44800005364256989537, 24.72599978244384999471, 25.00399951124513009404, 25.28199965429426043784, 25.55999938309326680042, 25.83799952614637618353, 26.11599925494254037517, 26.39399898374268360612, 26.67200103413817302567, 26.950000762939453125, 27.22800090598630973204, 27.50600022053178150827, 27.78400036358773306233, 28.06200050663572653775, 28.33999982119143012937, 28.61799996423828673642, 28.89600010728514334346, 29.17399942184084693508, 29.45199956488770354213, 29.72999970794024093834, 30.00799902249026374079, 30.28599916553712034784, 30.56399930858852087567, 30.84199945164447242973, 31.12000067352948562416, 31.39800081658202302037, 31.67600095962887962742, 31.95400027417776200878, 32.23199850988735448709, 32.50999865295240454088, 32.78799796748536721225, 33.06600192522948589158, 33.34400206827634605133, 33.62200138281386330164, 33.90000152587890625, 34.17800166892180868672, 34.45600181196471822886, 34.73400195500762066558, 35.01200044109291553696, 35.2900005841358250791, 35.56800072717675220701, 35.84600087022162995254, 36.12400101326453949468, 36.4020011563074419314, 36.67999964239273680278, 36.95799978543563923949, 37.23599992847854878164, 37.51400007152145121836, 37.79200021456436076051, 38.07000035760726319722, 38.3479988436925580686, 38.62599898673546050532, 38.90399912977837004746, 39.18199927282324779299, 39.4599994158641749209, 39.73799955890708446304, 40.01599804499237933442, 40.29399818803528177114, 40.57199833107819131328, 40.84999847412109375, 41.12799861718218608075, 41.40599876024328551694, 41.68399890330437784769, 41.96200120399144140038, 42.24000134705254083656, 42.51800149011165785851, 42.79600163316108307754, 43.07400177620399261968, 43.3520019192468950564, 43.63000040533218992778, 43.90800054837509236449, 44.18600069141800190664, 44.46400083446090434336, 44.74200097750381388551, 45.02000112054671632222, 45.2979996066320111936, 45.57599974967491363032, 45.85399989271782317246, 46.13200003576270091799, 46.4100001788036280459, 46.68800032184653758804, 46.96599880793183245942, 47.24399895097473489614, 47.52199909401764443828, 47.799999237060546875]
mod.TRoo=[20., 20.]
time=[0., 1.]
mod.mAir_flow=[0., 0.00079199999478459535, 0.00158399998956919069, 0.00237599998435373671, 0.00316799997913838139, 0.00395999982640155273, 0.00475199996870772842, 0.0055439998159706478, 0.00633599995827670726, 0.00712799951049776937, 0.00791999965280332577, 0.00871200026077002983, 0.00950399993741506133, 0.01029600054538238989, 0.01108799963194161131, 0.01187999964982284877, 0.01267199991655341453, 0.01346399993443493301, 0.01425599902099720408, 0.01504800021904701551, 0.01583999930560734543, 0.0166320005036560449, 0.01742400052154005965, 0.01821600053942018863, 0.01900799987483262066, 0.0197999998927116394, 0.02059200109076033888, 0.02138399992846968037, 0.02217599926388322262, 0.02296800046193191863, 0.02375999929965124866, 0.02455200049769772769, 0.02534399983311015972, 0.02613599867082283187, 0.02692799986887153135, 0.02772000106692022736, 0.02851199804199440815, 0.02930399924004310763, 0.03009600043809181058, 0.03088800163614051006, 0.03167999861121469085, 0.03247199980926338686, 0.03326400100731208981, 0.03405599984503141636, 0.03484800104308011931, 0.03564000224112881532, 0.03643200107883260569, 0.0372239985516087668, 0.03801599974965524931, 0.03880799858737457586, 0.03959999978542327881, 0.04039200098346072687, 0.04118400218149816799, 0.04197600337953561606, 0.04276799985694469675, 0.04355999732973181438, 0.04435199852776362806, 0.04514399972580669662, 0.04593600092384413774, 0.04672800212188158581, 0.04751999859933063453, 0.04831199979736808259, 0.04910400099539664193, 0.04989600219344297177, 0.05068799966621675979, 0.0514800008642275625, 0.05227199734167661122, 0.05306399853971405928, 0.0538559997377515004, 0.05464800093579456897, 0.05544000213382638265, 0.05623200333186383071, 0.05702399608402258097, 0.05781599728206002903, 0.05860799848009747015, 0.05939999967813491821, 0.06019200087617236627, 0.0609840020742098074, 0.06177600327224725546, 0.06256799974965633615, 0.06335999722244345378, 0.06415200214576556592, 0.06494399961851833603, 0.06573600454184608255, 0.06652800201459321827, 0.06731999476675197547, 0.06811199969007972199, 0.06890399716282687159, 0.06969600208615460424, 0.07048799955890175384, 0.07128000448222950036, 0.07207199723438825756, 0.07286400215765383159, 0.0736559996304631398, 0.07444799710322479169, 0.07524000202653802205, 0.07603199949928517165, 0.07682399970202452577, 0.07761599717477166149, 0.07840800209809940802, 0.07919999957084655762]
mod.mWat_flow=[0., 0.00094000001909210667, 0.00188000003818420032, 0.00282000011548394188, 0.0037600000763683486, 0.00469999986216425823, 0.00564000023096800085, 0.0065799997839331107, 0.00752000015273659225, 0.00845999982118585299, 0.00939999972432912362, 0.01033999962747100647, 0.01128000046193490709, 0.01222000036507873456, 0.01315999956786656835, 0.01409999970197641991, 0.01504000030547235182, 0.01597999950826157686, 0.01691999964237170598, 0.01785999931454672687, 0.01879999944865685946, 0.01974000098347702958, 0.02067999925494201294, 0.02161999938905214205, 0.02256000092387231218, 0.02349999919533729553, 0.02444000073015746913, 0.0253799994635575607, 0.02631999913573369182, 0.02726000067055274825, 0.02819999940395283983, 0.02913999907613008464, 0.03008000061094803432, 0.03101999934434812589, 0.03195999901652315373, 0.03290000241397736391, 0.03383999928474341196, 0.03477999895691843285, 0.03571999862909345375, 0.0366600020265587731, 0.03759999889731371892, 0.03853999856948873287, 0.03948000196695405917, 0.04041999883770899804, 0.04135999850988402587, 0.04230000190734934523, 0.04323999877810428411, 0.044179998450279305, 0.04512000184774462436, 0.04605999871849957017, 0.04699999839067459106, 0.04794000178812655305, 0.04888000146028821657, 0.04982000113244988704, 0.05075999892714517375, 0.05169999859930683728, 0.05263999827146626648, 0.05358000166892045585, 0.05452000134108211937, 0.05546000101324378984, 0.05639999880793907655, 0.05733999848010074007, 0.05827999815227128538, 0.05922000154971437252, 0.06016000122187603605, 0.06110000089403769957, 0.06203999868873298629, 0.06298000208618495521, 0.06391999803305631334, 0.06486000143051495748, 0.06580000482791582839, 0.06674000077483159543, 0.06767999856952688909, 0.06861999451646931536, 0.06955999791385021613, 0.07050000131130218506, 0.07143999725817355706, 0.07238000065562551211, 0.07332000405307748103, 0.07425999439727209994, 0.07519999779464413281, 0.07614000119208941264, 0.07707999713896745986, 0.0780200005364194149, 0.07896000393387138383, 0.07989999427807488452, 0.08083999767543803561, 0.08178000107289000453, 0.08271999701976136266, 0.08366000041721333158, 0.08460000381466530051, 0.08553999415887768298, 0.08647999755623195228, 0.08742000095368390733, 0.08835999690056195455, 0.08930000029800723438, 0.09024000369545918943, 0.09117999403968046757, 0.09211999743702585508, 0.09306000083447781013, 0.09399999678134918213]
mod.y=[0., 0.00000344158348584847, 0.00002805013019953064, 0.00009636168373358789, 0.00023229082801553622, 0.0004609941767870725, 0.00080872402719151231, 0.00130267160209718617, 0.0019708032726795735, 0.0028416860213278947, 0.0039443120431414706, 0.0053079068643189049, 0.00696174430675398654, 0.00893494776905579685, 0.01125629138395680892, 0.01395400350248077702, 0.01705556669138298329, 0.02058749393339600123, 0.02457516155481737075, 0.02904258782036253997, 0.03401222298275576733, 0.03950479635371699494, 0.04553907067976072087, 0.05213171331660926278, 0.05929710374058809463, 0.067047119140625, 0.07539105500304993379, 0.08433536944748487585, 0.09388369950172109624, 0.10403654111657086034, 0.11479124606337788583, 0.12614196262666715898, 0.1380793987160586489, 0.15059083520036520287, 0.16366013409330804063, 0.17726755971928745415, 0.19138974882804291044, 0.20599993357742371614, 0.22106761471150035425, 0.23655880257468869798, 0.25243597267742839962, 0.26865825643903079589, 0.2851813952340425673, 0.30195774421761312212, 0.31893676926548292228, 0.33606480621412626597, 0.3532852684612181049, 0.37053919044103200697, 0.3877649789606376074, 0.40489880601743266642, 0.421875, 0.43863301073177934919, 0.45513993639097610755, 0.47137238209184711968, 0.4873096007513158523, 0.50293402016740185179, 0.51823055382670779601, 0.53318680387551509181, 0.54779323357332121436, 0.56204263075842897379, 0.57593032421537804222, 0.58945427411360351577, 0.60261451577436830895, 0.61541337374869231613, 0.62785531839900221573, 0.6399468466869997485, 0.65169629388700356376, 0.66311411165853606509, 0.67421238829613161503, 0.68500471368203774691, 0.69550646583363573416, 0.7057344533547685872, 0.71570685660972299669, 0.72544340439443877333, 0.73496483856142058588, 0.744293212890625, 0.75345177323074641329, 0.76246477877935625589, 0.77135762118930839559, 0.78015653397816342451, 0.78888904009752103264, 0.79758316071374402156, 0.80626822139687126523, 0.81497420337761128373, 0.8237321011610490018, 0.83257369069331199629, 0.84153180025238838446, 0.85064017335115538199, 0.85993344040844943432, 0.86944712590467843061, 0.87921794638941386246, 0.88928357073760144758, 0.8996829214585625456, 0.91045617275297729964, 0.92164457117465969915, 0.9332909130339578363, 0.94543954425503962113, 0.95813616392001754729, 0.97142848769713574519, 0.98536597327478347985, 1.]
