last-generated=2026-07-06
statistics-initialization=
{
  "nonlinear": "1",
  "numerical Jacobians": "0"
}
statistics-simulation=
{
  "linear": "0",
  "nonlinear": "0, 1",
  "number of continuous time states": "21",
  "numerical Jacobians": "0"
}
time=[0e+00, 3.6e+03]
hex.m1_flow=[1.000000014901161e-01, 4.743660986423492e-02, 1.545682642608881e-02, 2.558870241045952e-02, 1.994880475103855e-02, 1.523763872683048e-02, 1.888349093496799e-02, 2.466504275798796e-02, 2.818378992378712e-02, 2.163677103817463e-02, 1.666101440787315e-02, 1.77219994366169e-02, 2.347264438867569e-02, 3.094796650111675e-02, 2.380418032407765e-02, 1.817828975617886e-02, 1.747938245534897e-02, 2.033268660306931e-02, 6.345574744045734e-03, 2.667289606961276e-07, 2.666666034656373e-07, 3.032585373148322e-03, 3.277379320934415e-03, 2.776497467493755e-07, 3.348939120769501e-03, 3.52565455250442e-03, 5.618705763481557e-04, 3.208396257832619e-03, 3.635568777099245e-03, 3.710420860443264e-04, 3.355002962052822e-03, 3.417156636714935e-03, 1.020591938868165e-03, 3.901236923411489e-03, 6.140529178082943e-03, 1.489159744232893e-02, 1.747414283454418e-02, 1.724227704107761e-02, 1.668174564838409e-02, 3.162243962287903e-02, 4.79729026556015e-02, 4.548138007521629e-02, 7.669036090373993e-02, 7.371345162391663e-02, 5.136967450380325e-02, 4.578818380832672e-02, 1.696684025228024e-02, 3.311893716454506e-02, 3.638581186532974e-02, 2.582223527133465e-02, 2.260510437190533e-02, 3.300667181611061e-02, 3.926973789930344e-02, 2.763844281435013e-02, 2.304071001708511e-02, 3.408838436007478e-02, 4.092837870121e-02, 2.849287912249565e-02, 2.45323833078146e-02, 3.97038497030735e-02, 3.691635653376579e-02, 2.194005995988846e-02, 5.376569181680679e-02, 2.509437128901482e-02, 3.618809953331947e-02, 3.957679495215416e-02, 3.521119430661201e-02, 3.522442281246185e-02, 3.522329032421112e-02, 3.522332385182381e-02, 3.522332385182381e-02, 3.522332385182381e-02, 3.522332385182381e-02, 3.522332385182381e-02, 3.522332385182381e-02, 3.522332385182381e-02, 3.522332385182381e-02, 3.522332385182381e-02, 3.522332385182381e-02, 3.522332385182381e-02, 3.522332385182381e-02, 3.522332385182381e-02, 3.522332385182381e-02, 3.522332385182381e-02, 1.649640500545502e-02, 5.134463310241699e-03, 2.66666916104441e-07, 2.666666034656373e-07, 3.011008026078343e-03, 3.217645455151796e-03, 3.326896578073502e-03, 3.32168978638947e-03, 3.298809751868248e-03, 3.291676519438624e-03, 3.292979672551155e-03, 3.294370835646987e-03, 3.294375725090504e-03, 3.293974557891488e-03, 3.293806221336126e-03, 3.293789457529783e-03, 3.293783636763692e-03]
hex.m2_flow=[3.429285809397697e-02, 2.800000086426735e-02, 2.800000086426735e-02, 2.800000086426735e-02, 2.800000086426735e-02, 2.800000086426735e-02, 2.800000086426735e-02, 2.800000086426735e-02, 2.800000086426735e-02, 2.800000086426735e-02, 2.800000086426735e-02, 2.800000086426735e-02, 2.800000086426735e-02, 2.800000086426735e-02, 2.800000086426735e-02, 2.800000086426735e-02, 2.800000086426735e-02, 2.800000086426735e-02, 2.800000086426735e-02, 2.800000086426735e-02, 2.800000086426735e-02, 2.800000086426735e-02, 2.800000086426735e-02, 2.800000086426735e-02, 2.800000086426735e-02, 2.800000086426735e-02, 2.800000086426735e-02, 2.800000086426735e-02, 2.800000086426735e-02, 2.800000086426735e-02, 2.800000086426735e-02, 2.800000086426735e-02, 2.800000086426735e-02, 2.800000086426735e-02, 2.800000086426735e-02, 2.800000086426735e-02, 2.800000086426735e-02, 2.800000086426735e-02, 2.800000086426735e-02, 2.800000086426735e-02, 2.800000086426735e-02, 2.800000086426735e-02, 2.800000086426735e-02, 2.800000086426735e-02, 2.800000086426735e-02, 2.800000086426735e-02, 2.800000086426735e-02, 2.800000086426735e-02, 2.800000086426735e-02, 2.800000086426735e-02, 2.800000086426735e-02, 2.800000086426735e-02, 2.800000086426735e-02, 2.800000086426735e-02, 2.800000086426735e-02, 2.800000086426735e-02, 2.800000086426735e-02, 2.800000086426735e-02, 2.800000086426735e-02, 2.800000086426735e-02, 2.800000086426735e-02, 2.800000086426735e-02, 2.800000086426735e-02, 2.800000086426735e-02, 2.800000086426735e-02, 2.800000086426735e-02, 2.800000086426735e-02, 2.800000086426735e-02, 2.800000086426735e-02, 2.800000086426735e-02, 2.800000086426735e-02, 2.800000086426735e-02, 2.800000086426735e-02, 2.800000086426735e-02, 2.800000086426735e-02, 2.800000086426735e-02, 2.800000086426735e-02, 2.800000086426735e-02, 2.800000086426735e-02, 2.800000086426735e-02, 2.800000086426735e-02, 2.800000086426735e-02, 2.800000086426735e-02, 2.800000086426735e-02, 2.800000086426735e-02, 2.800000086426735e-02, 2.800000086426735e-02, 2.800000086426735e-02, 2.800000086426735e-02, 2.800000086426735e-02, 2.800000086426735e-02, 2.800000086426735e-02, 2.800000086426735e-02, 2.800000086426735e-02, 2.800000086426735e-02, 2.800000086426735e-02, 2.800000086426735e-02, 2.800000086426735e-02, 2.800000086426735e-02, 2.800000086426735e-02, 2.800000086426735e-02]
con.u_s=[2.881499938964844e+02, 2.881499938964844e+02, 2.881499938964844e+02, 2.881499938964844e+02, 2.881499938964844e+02, 2.881499938964844e+02, 2.881499938964844e+02, 2.881499938964844e+02, 2.881499938964844e+02, 2.881499938964844e+02, 2.881499938964844e+02, 2.881499938964844e+02, 2.881499938964844e+02, 2.881499938964844e+02, 2.881499938964844e+02, 2.881499938964844e+02, 2.881499938964844e+02, 2.981499938964844e+02, 2.981499938964844e+02, 2.981499938964844e+02, 2.981499938964844e+02, 2.981499938964844e+02, 2.981499938964844e+02, 2.981499938964844e+02, 2.981499938964844e+02, 2.981499938964844e+02, 2.981499938964844e+02, 2.981499938964844e+02, 2.981499938964844e+02, 2.981499938964844e+02, 2.981499938964844e+02, 2.981499938964844e+02, 2.981499938964844e+02, 2.981499938964844e+02, 2.969500122070312e+02, 2.951499938964844e+02, 2.933500061035156e+02, 2.915499877929688e+02, 2.8975e+02, 2.879500122070312e+02, 2.861499938964844e+02, 2.843500061035156e+02, 2.831499938964844e+02, 2.831499938964844e+02, 2.831499938964844e+02, 2.881499938964844e+02, 2.881499938964844e+02, 2.881499938964844e+02, 2.881499938964844e+02, 2.881499938964844e+02, 2.881499938964844e+02, 2.881499938964844e+02, 2.881499938964844e+02, 2.881499938964844e+02, 2.881499938964844e+02, 2.881499938964844e+02, 2.881499938964844e+02, 2.881499938964844e+02, 2.881499938964844e+02, 2.881499938964844e+02, 2.881499938964844e+02, 2.881499938964844e+02, 2.881499938964844e+02, 2.881499938964844e+02, 2.881499938964844e+02, 2.881499938964844e+02, 2.881499938964844e+02, 2.881499938964844e+02, 2.881499938964844e+02, 2.881499938964844e+02, 2.881499938964844e+02, 2.881499938964844e+02, 2.881499938964844e+02, 2.881499938964844e+02, 2.881499938964844e+02, 2.881499938964844e+02, 2.881499938964844e+02, 2.881499938964844e+02, 2.881499938964844e+02, 2.881499938964844e+02, 2.881499938964844e+02, 2.881499938964844e+02, 2.881499938964844e+02, 2.881499938964844e+02, 2.981499938964844e+02, 2.981499938964844e+02, 2.981499938964844e+02, 2.981499938964844e+02, 2.981499938964844e+02, 2.981499938964844e+02, 2.981499938964844e+02, 2.981499938964844e+02, 2.981499938964844e+02, 2.981499938964844e+02, 2.981499938964844e+02, 2.981499938964844e+02, 2.981499938964844e+02, 2.981499938964844e+02, 2.981499938964844e+02, 2.981499938964844e+02, 2.981499938964844e+02]
con.u_m=[2.931499938964844e+02, 2.80922119140625e+02, 2.863850402832031e+02, 2.883934326171875e+02, 2.891864318847656e+02, 2.887770690917969e+02, 2.876230163574219e+02, 2.8710302734375e+02, 2.879950561523438e+02, 2.890231018066406e+02, 2.890946350097656e+02, 2.879236755371094e+02, 2.871632995605469e+02, 2.876865539550781e+02, 2.888366088867188e+02, 2.892035217285156e+02, 2.881231689453125e+02, 2.878219604492188e+02, 2.934042358398438e+02, 2.965918579101562e+02, 2.975768737792969e+02, 2.981772155761719e+02, 2.981819458007812e+02, 2.981103515625e+02, 2.980906982421875e+02, 2.981622619628906e+02, 2.981606140136719e+02, 2.980817565917969e+02, 2.981531677246094e+02, 2.981589660644531e+02, 2.980832214355469e+02, 2.981758728027344e+02, 2.980874633789062e+02, 2.981248474121094e+02, 2.977788391113281e+02, 2.943819885253906e+02, 2.936082458496094e+02, 2.925888671875e+02, 2.903048400878906e+02, 2.872766418457031e+02, 2.864516296386719e+02, 2.85640625e+02, 2.827713317871094e+02, 2.836129150390625e+02, 2.837394714355469e+02, 2.839940490722656e+02, 2.890682678222656e+02, 2.872682800292969e+02, 2.883146667480469e+02, 2.891776428222656e+02, 2.882215881347656e+02, 2.873361206054688e+02, 2.881798095703125e+02, 2.891464233398438e+02, 2.882989807128906e+02, 2.873677673339844e+02, 2.881880798339844e+02, 2.891456604003906e+02, 2.882286071777344e+02, 2.871927795410156e+02, 2.886905212402344e+02, 2.886914978027344e+02, 2.874660949707031e+02, 2.892703552246094e+02, 2.873140258789062e+02, 2.878205871582031e+02, 2.881544799804688e+02, 2.881499938964844e+02, 2.881499938964844e+02, 2.881499938964844e+02, 2.881499938964844e+02, 2.881499938964844e+02, 2.881499938964844e+02, 2.881499938964844e+02, 2.881499938964844e+02, 2.881499938964844e+02, 2.881499938964844e+02, 2.881499938964844e+02, 2.881499938964844e+02, 2.881499938964844e+02, 2.881499938964844e+02, 2.881499938964844e+02, 2.881499938964844e+02, 2.881499938964844e+02, 2.90318603515625e+02, 2.953473815917969e+02, 2.973963623046875e+02, 2.980838623046875e+02, 2.981625061035156e+02, 2.981705932617188e+02, 2.981561279296875e+02, 2.981481323242188e+02, 2.981481628417969e+02, 2.981496887207031e+02, 2.981501770019531e+02, 2.981500854492188e+02, 2.981499938964844e+02, 2.981499633789062e+02, 2.981499938964844e+02, 2.981499938964844e+02, 2.981499938964844e+02]
hex.Q1_flow=[0e+00, 1.518866455078125e+03, 1.044088623046875e+03, 1.30564404296875e+03, 1.185643798828125e+03, 9.917346801757812e+02, 1.074369140625e+03, 1.208771850585937e+03, 1.363119262695312e+03, 1.225988159179688e+03, 1.0661552734375e+03, 1.037705932617188e+03, 1.168268188476562e+03, 1.39705908203125e+03, 1.255149780273438e+03, 1.10723681640625e+03, 1.016688171386719e+03, 1.076367919921875e+03, 5.821251220703125e+02, 3.552173767089844e+02, 2.644492492675781e+02, 2.273768157958984e+02, 2.256044006347656e+02, 1.998723754882812e+02, 2.341835479736328e+02, 2.358541564941406e+02, 2.007844696044922e+02, 2.339907531738277e+02, 2.390444793701171e+02, 2.005094757080078e+02, 2.359747924804688e+02, 2.336587524414062e+02, 2.071587829589844e+02, 2.445063323974609e+02, 3.141648254394531e+02, 6.908423461914062e+02, 8.593352661132812e+02, 9.140114135742188e+02, 8.923076171875e+02, 1.211400512695312e+03, 1.50852978515625e+03, 1.471016967773438e+03, 1.511842895507812e+03, 1.61095947265625e+03, 1.412908813476562e+03, 1.320082275390625e+03, 9.707711181640625e+02, 1.196003295898438e+03, 1.31414013671875e+03, 1.157286010742188e+03, 1.016232421875e+03, 1.17523486328125e+03, 1.330414672851562e+03, 1.170462890625e+03, 1.008759216308596e+03, 1.170541748046872e+03, 1.328354980468747e+03, 1.165661010742188e+03, 1.018553955078125e+03, 1.221639892578125e+03, 1.258647216796875e+03, 9.626411743164062e+02, 1.42726806640625e+03, 1.078551391601562e+03, 1.151380615234375e+03, 1.19969384765625e+03, 1.177682983398438e+03, 1.177760375976562e+03, 1.177754150390625e+03, 1.177754516601562e+03, 1.177754516601562e+03, 1.177754516601562e+03, 1.177754516601562e+03, 1.177754516601562e+03, 1.177754516601562e+03, 1.177754516601562e+03, 1.177754516601562e+03, 1.177754516601562e+03, 1.177754516601562e+03, 1.177754516601562e+03, 1.177754516601562e+03, 1.177754516601562e+03, 1.177754516601562e+03, 1.177754516601562e+03, 8.276365356445312e+02, 4.331058654785156e+02, 2.796539916992188e+02, 2.092841796875e+02, 2.160004425048828e+02, 2.186592407226562e+02, 2.224857635498047e+02, 2.243160858154297e+02, 2.248004455566406e+02, 2.249310455322266e+02, 2.250352325439453e+02, 2.251144256591797e+02, 2.251521911621094e+02, 2.251627349853516e+02, 2.251650085449219e+02, 2.251660919189453e+02, 2.251664886474609e+02]
hex.Q2_flow=[0e+00, -1.596168823242188e+03, -1.175380981445312e+03, -1.232188720703125e+03, -1.140563720703125e+03, -1.051840209960938e+03, -1.144612670898438e+03, -1.233467895507812e+03, -1.275833862304688e+03, -1.16799609375e+03, -1.079585083007812e+03, -1.114423950195312e+03, -1.210228149414062e+03, -1.304007446289062e+03, -1.190158691406251e+03, -1.097869262695312e+03, -1.096076171875e+03, -1.13850439453125e+03, -6.468135986328125e+02, -3.7630224609375e+02, -2.757607421875e+02, -2.2260107421875e+02, -2.232625427246094e+02, -2.154327239990234e+02, -2.33959228515625e+02, -2.301556549072266e+02, -2.121570892333984e+02, -2.341728668212887e+02, -2.322303009033203e+02, -2.122351531982422e+02, -2.350821990966797e+02, -2.282089233398438e+02, -2.225678405761719e+02, -2.368340911865234e+02, -2.909193115234375e+02, -6.653344116210938e+02, -7.923446044921875e+02, -8.637251586914062e+02, -9.421083374023438e+02, -1.228699096679688e+03, -1.403116943359375e+03, -1.412471313476562e+03, -1.532825317382812e+03, -1.548135009765625e+03, -1.447591552734375e+03, -1.399958251953125e+03, -1.031029541015625e+03, -1.221296508789062e+03, -1.239812133789062e+03, -1.126571411132812e+03, -1.092936279296875e+03, -1.20821435546875e+03, -1.253002075195312e+03, -1.134863403320312e+03, -1.086207885742188e+03, -1.20471838378906e+03, -1.251694458007812e+03, -1.132426513671875e+03, -1.094105102539062e+03, -1.237435913085938e+03, -1.197830688476562e+03, -1.047233520507812e+03, -1.327624145507812e+03, -1.081393798828125e+03, -1.1970625e+03, -1.204017211914062e+03, -1.177551513671875e+03, -1.1777578125e+03, -1.17775439453125e+03, -1.177754516601562e+03, -1.177754516601562e+03, -1.177754516601562e+03, -1.177754516601562e+03, -1.177754516601562e+03, -1.177754516601562e+03, -1.177754516601562e+03, -1.177754516601562e+03, -1.177754516601562e+03, -1.177754516601562e+03, -1.177754516601562e+03, -1.177754516601562e+03, -1.177754516601562e+03, -1.177754516601562e+03, -1.177754516601562e+03, -9.113616333007812e+02, -4.791202087402344e+02, -2.9358837890625e+02, -2.205031585693359e+02, -2.197104797363281e+02, -2.208031921386719e+02, -2.235987701416016e+02, -2.249411468505859e+02, -2.251398468017578e+02, -2.250922088623047e+02, -2.251026763916016e+02, -2.251412353515625e+02, -2.251635131835938e+02, -2.251682891845703e+02, -2.251671752929688e+02, -2.251668243408203e+02, -2.251669311523438e+02]
hex.QLat2_flow=[0e+00, -9.807779541015625e+02, -7.359818115234375e+02, -7.803394775390625e+02, -7.224578857421875e+02, -6.607147827148438e+02, -7.190444946289062e+02, -7.757065429687498e+02, -8.080294189453125e+02, -7.402212524414062e+02, -6.81067626953125e+02, -6.999254150390625e+02, -7.6079736328125e+02, -8.254486083984375e+02, -7.543635253906255e+02, -6.938961791992188e+02, -6.88308837890625e+02, -7.15595458984375e+02, -3.875759887695312e+02, -1.942030487060547e+02, -1.188601608276367e+02, -7.819876098632812e+01, -7.941433715820312e+01, -7.558355712890625e+01, -8.778849792480469e+01, -8.457283020019531e+01, -7.276072692871094e+01, -8.797801208496071e+01, -8.601105499267581e+01, -7.278643035888672e+01, -8.851886749267578e+01, -8.313020324707031e+01, -8.015664672851562e+01, -8.925190734863281e+01, -1.281647186279297e+02, -4.004486389160156e+02, -4.926512145996094e+02, -5.409965209960938e+02, -5.896205444335938e+02, -7.73906005859375e+02, -8.854376831054688e+02, -8.880606689453125e+02, -9.509994506835938e+02, -9.642996826171875e+02, -9.02848388671875e+02, -8.732711791992188e+02, -6.48166259765625e+02, -7.69023193359375e+02, -7.857944946289062e+02, -7.132761840820312e+02, -6.868524169921875e+02, -7.607383422851562e+02, -7.941084594726562e+02, -7.187316284179688e+02, -6.826030883789066e+02, -7.586246337890611e+02, -7.93320373535156e+02, -7.171203002929688e+02, -6.877574462890625e+02, -7.796539306640625e+02, -7.592678833007812e+02, -6.57500244140625e+02, -8.408309326171875e+02, -6.831918334960938e+02, -7.53654296875e+02, -7.596431274414062e+02, -7.437242431640625e+02, -7.43851318359375e+02, -7.438489990234375e+02, -7.4384912109375e+02, -7.4384912109375e+02, -7.4384912109375e+02, -7.4384912109375e+02, -7.4384912109375e+02, -7.4384912109375e+02, -7.4384912109375e+02, -7.4384912109375e+02, -7.4384912109375e+02, -7.4384912109375e+02, -7.4384912109375e+02, -7.4384912109375e+02, -7.4384912109375e+02, -7.4384912109375e+02, -7.4384912109375e+02, -5.685633544921875e+02, -2.69540771484375e+02, -1.323758392333984e+02, -7.833698272705078e+01, -7.722393035888672e+01, -7.804077911376953e+01, -8.007435607910156e+01, -8.102848052978516e+01, -8.113853454589844e+01, -8.107784271240234e+01, -8.107221984863281e+01, -8.109488677978516e+01, -8.110894775390625e+01, -8.111137390136719e+01, -8.111000061035156e+01, -8.110951995849609e+01, -8.110948944091797e+01]
hex.QSen2_flow=[0e+00, -6.15390869140625e+02, -4.39399169921875e+02, -4.518492736816406e+02, -4.181057739257812e+02, -3.911254577636719e+02, -4.255680847167969e+02, -4.577612915039061e+02, -4.678044738769531e+02, -4.277748718261719e+02, -3.985175170898438e+02, -4.1449853515625e+02, -4.494307556152344e+02, -4.78558837890625e+02, -4.357952270507815e+02, -4.039730834960938e+02, -4.077673034667969e+02, -4.229089050292969e+02, -2.592376098632812e+02, -1.820991973876953e+02, -1.569006042480469e+02, -1.444023132324219e+02, -1.438482055664062e+02, -1.398491821289062e+02, -1.461707305908203e+02, -1.455828247070312e+02, -1.393963623046875e+02, -1.46194854736328e+02, -1.462192535400391e+02, -1.3944873046875e+02, -1.465633239746094e+02, -1.450787200927734e+02, -1.424111938476562e+02, -1.475821838378906e+02, -1.627545928955078e+02, -2.648857421875e+02, -2.99693359375e+02, -3.227286376953125e+02, -3.524878234863281e+02, -4.547930603027344e+02, -5.176793212890625e+02, -5.244105834960938e+02, -5.818258666992188e+02, -5.838353881835938e+02, -5.447432250976562e+02, -5.266870727539062e+02, -3.828632202148438e+02, -4.522733459472656e+02, -4.540176391601562e+02, -4.132952880859375e+02, -4.060838623046875e+02, -4.474760131835938e+02, -4.588936157226562e+02, -4.161318054199219e+02, -4.036047973632812e+02, -4.460937805175774e+02, -4.583741455078126e+02, -4.153061828613281e+02, -4.0634765625e+02, -4.577819213867188e+02, -4.385628662109375e+02, -3.897333068847656e+02, -4.867932434082031e+02, -3.982019348144531e+02, -4.434082336425781e+02, -4.443740539550781e+02, -4.338272399902344e+02, -4.339065551757812e+02, -4.339053344726562e+02, -4.339053955078125e+02, -4.339054260253906e+02, -4.339054260253906e+02, -4.339054260253906e+02, -4.339054260253906e+02, -4.339054260253906e+02, -4.339054260253906e+02, -4.339054260253906e+02, -4.339054260253906e+02, -4.339054260253906e+02, -4.339054260253906e+02, -4.339054260253906e+02, -4.339054260253906e+02, -4.339054260253906e+02, -4.339054260253906e+02, -3.427982788085938e+02, -2.095794372558594e+02, -1.612125549316406e+02, -1.421661682128906e+02, -1.424865570068359e+02, -1.427624053955078e+02, -1.435244140625e+02, -1.439126739501953e+02, -1.440013122558594e+02, -1.440143585205078e+02, -1.440304565429688e+02, -1.440463409423828e+02, -1.440545654296875e+02, -1.440569152832031e+02, -1.440571746826172e+02, -1.440572967529297e+02, -1.440574340820312e+02]
autTunSig.y=[0e+00, 0e+00, 0e+00, 0e+00, 0e+00, 0e+00, 0e+00, 0e+00, 0e+00, 0e+00, 0e+00, 0e+00, 0e+00, 0e+00, 0e+00, 0e+00, 0e+00, 0e+00, 0e+00, 0e+00, 0e+00, 0e+00, 0e+00, 0e+00, 0e+00, 0e+00, 0e+00, 0e+00, 0e+00, 0e+00, 0e+00, 0e+00, 0e+00, 0e+00, 0e+00, 0e+00, 0e+00, 0e+00, 0e+00, 0e+00, 0e+00, 0e+00, 0e+00, 0e+00, 0e+00, 0e+00, 0e+00, 0e+00, 0e+00, 0e+00, 0e+00, 0e+00, 0e+00, 0e+00, 0e+00, 0e+00, 0e+00, 0e+00, 0e+00, 1e+00, 1e+00, 1e+00, 1e+00, 1e+00, 1e+00, 1e+00, 1e+00, 1e+00, 1e+00, 1e+00, 1e+00, 1e+00, 1e+00, 1e+00, 1e+00, 1e+00, 1e+00, 1e+00, 1e+00, 0e+00, 0e+00, 0e+00, 0e+00, 0e+00, 0e+00, 0e+00, 0e+00, 0e+00, 0e+00, 0e+00, 0e+00, 0e+00, 0e+00, 0e+00, 0e+00, 0e+00, 0e+00, 0e+00, 0e+00, 0e+00, 0e+00]
con.inTunPro.y=[0e+00, 0e+00, 0e+00, 0e+00, 0e+00, 0e+00, 0e+00, 0e+00, 0e+00, 0e+00, 0e+00, 0e+00, 0e+00, 0e+00, 0e+00, 0e+00, 0e+00, 0e+00, 0e+00, 0e+00, 0e+00, 0e+00, 0e+00, 0e+00, 0e+00, 0e+00, 0e+00, 0e+00, 0e+00, 0e+00, 0e+00, 0e+00, 0e+00, 0e+00, 0e+00, 0e+00, 0e+00, 0e+00, 0e+00, 0e+00, 0e+00, 0e+00, 0e+00, 0e+00, 0e+00, 0e+00, 0e+00, 0e+00, 0e+00, 0e+00, 0e+00, 0e+00, 0e+00, 0e+00, 0e+00, 0e+00, 0e+00, 0e+00, 0e+00, 1e+00, 1e+00, 0e+00, 0e+00, 0e+00, 0e+00, 0e+00, 0e+00, 0e+00, 0e+00, 0e+00, 0e+00, 0e+00, 0e+00, 0e+00, 0e+00, 0e+00, 0e+00, 0e+00, 0e+00, 0e+00, 0e+00, 0e+00, 0e+00, 0e+00, 0e+00, 0e+00, 0e+00, 0e+00, 0e+00, 0e+00, 0e+00, 0e+00, 0e+00, 0e+00, 0e+00, 0e+00, 0e+00, 0e+00, 0e+00, 0e+00, 0e+00]
con.con.k=[1e+00, 1e+00, 1e+00, 1e+00, 1e+00, 1e+00, 1e+00, 1e+00, 1e+00, 1e+00, 1e+00, 1e+00, 1e+00, 1e+00, 1e+00, 1e+00, 1e+00, 1e+00, 1e+00, 1e+00, 1e+00, 1e+00, 1e+00, 1e+00, 1e+00, 1e+00, 1e+00, 1e+00, 1e+00, 1e+00, 1e+00, 1e+00, 1e+00, 1e+00, 1e+00, 1e+00, 1e+00, 1e+00, 1e+00, 1e+00, 1e+00, 1e+00, 1e+00, 1e+00, 1e+00, 1e+00, 1e+00, 1e+00, 1e+00, 1e+00, 1e+00, 1e+00, 1e+00, 1e+00, 1e+00, 1e+00, 1e+00, 1e+00, 1e+00, 1e+00, 1e+00, 8.68604838848114e-01, 8.68604838848114e-01, 8.68604838848114e-01, 8.68604838848114e-01, 8.68604838848114e-01, 8.68604838848114e-01, 8.68604838848114e-01, 8.68604838848114e-01, 8.68604838848114e-01, 8.68604838848114e-01, 8.68604838848114e-01, 8.68604838848114e-01, 8.68604838848114e-01, 8.68604838848114e-01, 8.68604838848114e-01, 8.68604838848114e-01, 8.68604838848114e-01, 8.68604838848114e-01, 8.68604838848114e-01, 8.68604838848114e-01, 8.68604838848114e-01, 8.68604838848114e-01, 8.68604838848114e-01, 8.68604838848114e-01, 8.68604838848114e-01, 8.68604838848114e-01, 8.68604838848114e-01, 8.68604838848114e-01, 8.68604838848114e-01, 8.68604838848114e-01, 8.68604838848114e-01, 8.68604838848114e-01, 8.68604838848114e-01, 8.68604838848114e-01, 8.68604838848114e-01, 8.68604838848114e-01, 8.68604838848114e-01, 8.68604838848114e-01, 8.68604838848114e-01, 8.68604838848114e-01]
con.con.Ti=[5e-01, 5e-01, 5e-01, 5e-01, 5e-01, 5e-01, 5e-01, 5e-01, 5e-01, 5e-01, 5e-01, 5e-01, 5e-01, 5e-01, 5e-01, 5e-01, 5e-01, 5e-01, 5e-01, 5e-01, 5e-01, 5e-01, 5e-01, 5e-01, 5e-01, 5e-01, 5e-01, 5e-01, 5e-01, 5e-01, 5e-01, 5e-01, 5e-01, 5e-01, 5e-01, 5e-01, 5e-01, 5e-01, 5e-01, 5e-01, 5e-01, 5e-01, 5e-01, 5e-01, 5e-01, 5e-01, 5e-01, 5e-01, 5e-01, 5e-01, 5e-01, 5e-01, 5e-01, 5e-01, 5e-01, 5e-01, 5e-01, 5e-01, 5e-01, 5e-01, 5e-01, 7.773284435272217e+00, 7.773284435272217e+00, 7.773284435272217e+00, 7.773284435272217e+00, 7.773284435272217e+00, 7.773284435272217e+00, 7.773284435272217e+00, 7.773284435272217e+00, 7.773284435272217e+00, 7.773284435272217e+00, 7.773284435272217e+00, 7.773284435272217e+00, 7.773284435272217e+00, 7.773284435272217e+00, 7.773284435272217e+00, 7.773284435272217e+00, 7.773284435272217e+00, 7.773284435272217e+00, 7.773284435272217e+00, 7.773284435272217e+00, 7.773284435272217e+00, 7.773284435272217e+00, 7.773284435272217e+00, 7.773284435272217e+00, 7.773284435272217e+00, 7.773284435272217e+00, 7.773284435272217e+00, 7.773284435272217e+00, 7.773284435272217e+00, 7.773284435272217e+00, 7.773284435272217e+00, 7.773284435272217e+00, 7.773284435272217e+00, 7.773284435272217e+00, 7.773284435272217e+00, 7.773284435272217e+00, 7.773284435272217e+00, 7.773284435272217e+00, 7.773284435272217e+00, 7.773284435272217e+00]
