last-generated=2024-06-04
statistics-initialization=
{
  "nonlinear": "1",
  "numerical Jacobians": "0"
}
statistics-simulation=
{
  "linear": " ",
  "nonlinear": "0, 1",
  "number of continuous time states": "11",
  "numerical Jacobians": "0"
}
time=[0e+00, 8.64e+04]
solCol.vol[3].T=[2.931499938964844e+02, 2.925053100585938e+02, 2.919264831542969e+02, 2.916846008300781e+02, 2.918219299316406e+02, 2.919918212890625e+02, 2.920943603515625e+02, 2.921526489257812e+02, 2.921841430664062e+02, 2.921957092285156e+02, 2.921872863769531e+02, 2.921573181152344e+02, 2.921050415039062e+02, 2.920277709960938e+02, 2.919167175292969e+02, 2.917522277832031e+02, 2.914929504394531e+02, 2.909440612792969e+02, 2.877387084960938e+02, 2.838971252441406e+02, 2.830011901855469e+02, 2.829347229003906e+02, 2.82941650390625e+02, 2.82950927734375e+02, 2.829591369628906e+02, 2.829658813476562e+02, 2.829726257324219e+02, 2.829830017089844e+02, 2.829938354492188e+02, 2.830002746582031e+02, 2.829978942871094e+02, 2.829976806640625e+02, 2.83033203125e+02, 2.83241455078125e+02, 2.838457641601562e+02, 2.852826232910156e+02, 2.898650817871094e+02, 2.951064147949219e+02, 2.973288879394531e+02, 2.982362060546875e+02, 2.989080200195312e+02, 2.995284118652344e+02, 3.001405639648438e+02, 3.007474060058594e+02, 3.013376770019531e+02, 3.018703308105469e+02, 3.023285217285156e+02, 3.028397521972656e+02, 3.036877746582031e+02, 3.052620849609375e+02, 3.082039794921875e+02, 3.098872375488281e+02, 2.968387451171875e+02, 2.898428344726562e+02, 2.882430419921875e+02, 2.876975708007812e+02, 2.873871459960938e+02, 2.872056274414062e+02, 2.871921081542969e+02, 2.872928161621094e+02, 2.874368286132812e+02, 2.875415649414062e+02, 2.8753515625e+02, 2.874349060058594e+02, 2.873142395019531e+02, 2.872679748535156e+02, 2.8727197265625e+02, 2.8825732421875e+02, 2.908695678710938e+02, 2.927717590332031e+02, 2.927796325683594e+02, 2.924284057617188e+02, 2.923911437988281e+02, 2.924326171875e+02, 2.924674377441406e+02, 2.924855651855469e+02, 2.924856262207031e+02, 2.924700317382812e+02, 2.924408874511719e+02, 2.923971252441406e+02, 2.923357543945312e+02, 2.92251220703125e+02, 2.921278076171875e+02, 2.919247436523438e+02, 2.911525573730469e+02, 2.866643371582031e+02, 2.836628112792969e+02, 2.831532592773438e+02, 2.831102905273438e+02, 2.8311279296875e+02, 2.831231689453125e+02, 2.831315307617188e+02, 2.831305541992188e+02, 2.831203002929688e+02, 2.831064758300781e+02, 2.830902099609375e+02, 2.83072021484375e+02, 2.830510559082031e+02, 2.830237426757812e+02, 2.829824829101562e+02, 2.828992309570312e+02]
solCol.vol[6].T=[2.931499938964844e+02, 2.925161743164062e+02, 2.921881713867188e+02, 2.922858276367188e+02, 2.924247131347656e+02, 2.925054016113281e+02, 2.925518188476562e+02, 2.925790710449219e+02, 2.925932006835938e+02, 2.925965576171875e+02, 2.92587646484375e+02, 2.925656433105469e+02, 2.925296630859375e+02, 2.924768371582031e+02, 2.923988952636719e+02, 2.922769165039062e+02, 2.920650634765625e+02, 2.915290222167969e+02, 2.904356384277344e+02, 2.873548278808594e+02, 2.8389697265625e+02, 2.82847900390625e+02, 2.827415466308594e+02, 2.827529296875e+02, 2.827694702148438e+02, 2.827836608886719e+02, 2.827966613769531e+02, 2.828149719238281e+02, 2.828361206054688e+02, 2.82851806640625e+02, 2.828534240722656e+02, 2.828521423339844e+02, 2.828916320800781e+02, 2.831254272460938e+02, 2.837994689941406e+02, 2.878814086914062e+02, 2.933829956054688e+02, 2.952745971679688e+02, 2.958508911132812e+02, 2.962515869140625e+02, 2.966159973144531e+02, 2.969673156738281e+02, 2.973217468261719e+02, 2.97675048828125e+02, 2.980198059082031e+02, 2.983241577148438e+02, 2.985929870605469e+02, 2.989390563964844e+02, 2.995892944335938e+02, 3.008829650878906e+02, 3.036207275390625e+02, 3.104706726074219e+02, 3.12599609375e+02, 3.022213134765625e+02, 2.947784729003906e+02, 2.925148315429688e+02, 2.916830444335938e+02, 2.912344360351562e+02, 2.911040649414062e+02, 2.912364501953125e+02, 2.914938049316406e+02, 2.917209777832031e+02, 2.91771240234375e+02, 2.916266479492188e+02, 2.913950805664062e+02, 2.912315063476562e+02, 2.9114501953125e+02, 2.9197021484375e+02, 2.937412414550781e+02, 2.932937622070312e+02, 2.927534790039062e+02, 2.926880493164062e+02, 2.927148742675781e+02, 2.927413940429688e+02, 2.927588195800781e+02, 2.927662048339844e+02, 2.927629089355469e+02, 2.927510375976562e+02, 2.927310180664062e+02, 2.927014770507812e+02, 2.926596069335938e+02, 2.926001892089844e+02, 2.925067138671875e+02, 2.923316040039062e+02, 2.918360290527344e+02, 2.90597900390625e+02, 2.867038269042969e+02, 2.837999877929688e+02, 2.831389770507812e+02, 2.830773620605469e+02, 2.830907897949219e+02, 2.831088256835938e+02, 2.831130065917969e+02, 2.830980834960938e+02, 2.830732727050781e+02, 2.830433959960938e+02, 2.830098571777344e+02, 2.829724731445312e+02, 2.829272155761719e+02, 2.828660278320312e+02, 2.827679748535156e+02]
solCol.vol[9].T=[2.931499938964844e+02, 2.928354797363281e+02, 2.928954162597656e+02, 2.929483947753906e+02, 2.929755859375e+02, 2.929912719726562e+02, 2.930008544921875e+02, 2.930065002441406e+02, 2.930091857910156e+02, 2.930091857910156e+02, 2.930057983398438e+02, 2.929989013671875e+02, 2.929880676269531e+02, 2.929720458984375e+02, 2.929472045898438e+02, 2.929047546386719e+02, 2.928148803710938e+02, 2.923232727050781e+02, 2.911820068359375e+02, 2.896803588867188e+02, 2.864442749023438e+02, 2.835274658203125e+02, 2.826546325683594e+02, 2.825638427734375e+02, 2.825811462402344e+02, 2.826029052734375e+02, 2.8262255859375e+02, 2.826473083496094e+02, 2.826771240234375e+02, 2.827025451660156e+02, 2.827117614746094e+02, 2.827135314941406e+02, 2.827542114257812e+02, 2.829930725097656e+02, 2.886207275390626e+02, 2.930016784667969e+02, 2.936398315429688e+02, 2.937763061523438e+02, 2.938775939941406e+02, 2.939718627929688e+02, 2.94060302734375e+02, 2.941487121582031e+02, 2.942388305664062e+02, 2.943289794921875e+02, 2.944171142578125e+02, 2.94491943359375e+02, 2.945648193359375e+02, 2.946766967773438e+02, 2.949134521484375e+02, 2.954347534179688e+02, 2.971367492675781e+02, 3.053325805664062e+02, 3.137549438476562e+02, 3.144501953125e+02, 3.049889526367188e+02, 2.984522705078125e+02, 2.961947326660156e+02, 2.952956848144531e+02, 2.949524230957031e+02, 2.950273132324219e+02, 2.953446960449219e+02, 2.956814270019531e+02, 2.958209533691406e+02, 2.956886901855469e+02, 2.953865356445312e+02, 2.951050415039062e+02, 2.948880920410156e+02, 2.947875671386719e+02, 2.934562377929688e+02, 2.930491943359375e+02, 2.930265197753906e+02, 2.930336608886719e+02, 2.930419311523438e+02, 2.930479431152344e+02, 2.930516052246094e+02, 2.930526428222656e+02, 2.930509948730469e+02, 2.930472412109375e+02, 2.93041259765625e+02, 2.93032470703125e+02, 2.93019775390625e+02, 2.930006713867188e+02, 2.929665222167969e+02, 2.928810119628906e+02, 2.923419799804688e+02, 2.915232238769531e+02, 2.897897033691406e+02, 2.860785827636719e+02, 2.836650390625e+02, 2.831027526855469e+02, 2.830589599609375e+02, 2.830810852050781e+02, 2.830933227539062e+02, 2.830798645019531e+02, 2.830482482910156e+02, 2.830072937011719e+02, 2.829609069824219e+02, 2.82909912109375e+02, 2.828510437011719e+02, 2.827772216796875e+02, 2.826723022460938e+02]
solCol.m_flow=[0e+00, -6.346957385540009e-02, -8.896103501319885e-02, -1.07328400015831e-01, -1.213120967149734e-01, -1.318807005882263e-01, -1.394714266061783e-01, -1.443015187978745e-01, -1.464783847332001e-01, -1.460438817739487e-01, -1.429899781942368e-01, -1.372557431459427e-01, -1.287041306495667e-01, -1.170621886849403e-01, -1.017688736319542e-01, -8.150675892829895e-02, -5.190815031528473e-02, 3.674087300896655e-02, 7.311921566724777e-02, 9.567417204380035e-02, 1.12411767244339e-01, 1.251863241195679e-01, 1.347280442714691e-01, 1.413812190294266e-01, 1.453187614679337e-01, 1.466231197118759e-01, 1.453187614679337e-01, 1.413812190294266e-01, 1.347280442714691e-01, 1.251863241195679e-01, 1.12411767244339e-01, 9.567417204380035e-02, 7.311921566724777e-02, 3.674087300896645e-02, -5.190815031528488e-02, -8.150675892829885e-02, -1.017688736319542e-01, -1.170621886849403e-01, -1.287041306495667e-01, -1.372557431459427e-01, -1.429899781942368e-01, -1.460438817739487e-01, -1.464783847332001e-01, -1.443015187978745e-01, -1.394714266061783e-01, -1.318807005882263e-01, -1.213120967149734e-01, -1.07328400015831e-01, -8.896103501319885e-02, -6.346957385540009e-02, 0e+00, 6.346957385540009e-02, 8.896103501319885e-02, 1.07328400015831e-01, 1.213120967149734e-01, 1.318807005882264e-01, 1.394714266061783e-01, 1.443015187978744e-01, 1.464783847332001e-01, 1.460438817739487e-01, 1.429899781942368e-01, 1.372557431459427e-01, 1.287041306495667e-01, 1.170621886849403e-01, 1.017688736319542e-01, 8.150675892829895e-02, 5.190815031528473e-02, -3.674087300896645e-02, -7.311921566724799e-02, -9.567417204380019e-02, -1.124117672443389e-01, -1.251863241195679e-01, -1.347280442714691e-01, -1.413812190294266e-01, -1.453187614679337e-01, -1.466231197118759e-01, -1.453187614679337e-01, -1.413812190294266e-01, -1.347280442714691e-01, -1.251863241195679e-01, -1.12411767244339e-01, -9.567417204380035e-02, -7.311921566724777e-02, -3.674087300896645e-02, 5.190815031528473e-02, 8.150675892829895e-02, 1.017688736319542e-01, 1.170621886849403e-01, 1.287041306495667e-01, 1.372557431459427e-01, 1.429899781942368e-01, 1.460438817739487e-01, 1.464783847332001e-01, 1.443015187978745e-01, 1.394714266061783e-01, 1.318807005882263e-01, 1.213120967149734e-01, 1.07328400015831e-01, 8.896103501319885e-02, 6.346957385540009e-02, 0e+00]
