last-generated=2022-02-18
statistics-initialization=
{
  "nonlinear": "1, 0, 1, 1",
  "numerical Jacobians": "0"
}
statistics-simulation=
{
  "linear": "0",
  "nonlinear": "1, 1, 1",
  "number of continuous time states": "18",
  "numerical Jacobians": "0"
}
time=[0e+00, 3.6e+03]
cat.pum1.m_flow=[0e+00, 4.999552965164185e-01, 5e-01, 5e-01, 5e-01, 5e-01, 5e-01, 5e-01, 5e-01, 5e-01, 5e-01, 5e-01, 5e-01, 5e-01, 5e-01, 5e-01, 5e-01, 5e-01, 5e-01, 5e-01, 5e-01, 5e-01, 5e-01, 5e-01, 5e-01, 5e-01, 5e-01, 5e-01, 5e-01, 5e-01, 5e-01, 5e-01, 5e-01, 5e-01, 5e-01, 5e-01, 5e-01, 5e-01, 5e-01, 5e-01, 5e-01, 5e-01, 5e-01, 5e-01, 5e-01, 5e-01, 5e-01, 5e-01, 5e-01, 5e-01, 5e-01, 5e-01, 5e-01, 5e-01, 5e-01, 5e-01, 5e-01, 5e-01, 5e-01, 5e-01, 5e-01, 5e-01, 5e-01, 5e-01, 5e-01, 5e-01, 5e-01, 5e-01, 5e-01, 5e-01, 5e-01, 5e-01, 5e-01, 5e-01, 5e-01, 5e-01, 5e-01, 5e-01, 5e-01, 5e-01, 5e-01, 5e-01, 5e-01, 5e-01, 5e-01, 5e-01, 5e-01, 5e-01, 5e-01, 5e-01, 5e-01, 5e-01, 5e-01, 5e-01, 5e-01, 5e-01, 5e-01, 5e-01, 5e-01, 5e-01, 5e-01]
cat.mTan_flow=[0e+00, -4.999551773071289e-01, -4.999998807907104e-01, -4.999998807907104e-01, -4.999998807907104e-01, -4.999998807907104e-01, -4.999998807907104e-01, -4.999998807907104e-01, -4.999998807907104e-01, -4.999998807907104e-01, -4.999998807907104e-01, -4.999998807907104e-01, -4.999998807907104e-01, -4.999998807907104e-01, -4.999998807907104e-01, -4.999998807907104e-01, -4.999998807907104e-01, -4.999998807907104e-01, -4.999998807907104e-01, -4.999998807907104e-01, -4.999998807907104e-01, -4.999998807907104e-01, -4.999998807907104e-01, -4.999998807907104e-01, -4.999998807907104e-01, -4.999998807907104e-01, -4.999998807907104e-01, -4.999998807907104e-01, -4.999998807907104e-01, -4.999998807907104e-01, -4.999998807907104e-01, -4.999998807907104e-01, -4.999998807907104e-01, -4.999998807907104e-01, 2.893969416618347e-01, 3.502776920795441e-01, 3.745021224021912e-01, 3.929356634616852e-01, 4.070073962211609e-01, 4.177742600440979e-01, 4.260265231132507e-01, 4.318293333053589e-01, 4.110586643218994e-01, 4.04619425535202e-01, 4.037973880767822e-01, 4.040806889533997e-01, 4.045733213424683e-01, 4.05122309923172e-01, 4.056960344314575e-01, 4.062855541706085e-01, 4.068860113620758e-01, 4.074938297271729e-01, 4.081068336963654e-01, 4.087235927581787e-01, 4.093431234359741e-01, 4.099647402763367e-01, 4.105879962444305e-01, 4.112125039100647e-01, 4.118382036685944e-01, 4.1246497631073e-01, 4.130928516387939e-01, 4.137217998504639e-01, 4.143518507480621e-01, 4.149830341339111e-01, 4.156154692173004e-01, 4.162492156028748e-01, 4.168843924999237e-01, -2.810051441192627e-01, -4.999998211860657e-01, -4.999998509883881e-01, -4.999998509883881e-01, -4.999998509883881e-01, -4.999998509883881e-01, -4.999998509883881e-01, -4.999998509883881e-01, -4.999998509883881e-01, -4.999998509883881e-01, -4.999998509883881e-01, -4.999998509883881e-01, -4.999998509883881e-01, -4.999998509883881e-01, -4.999998807907104e-01, -4.999998807907104e-01, -4.999998807907104e-01, -4.999998807907104e-01, -4.999998807907104e-01, -4.999998807907104e-01, -4.999998807907104e-01, -4.999998807907104e-01, -4.999998807907104e-01, -4.999998807907104e-01, -4.999998807907104e-01, -4.999998807907104e-01, -4.999998807907104e-01, -4.999998807907104e-01, -4.999998807907104e-01, -4.999998807907104e-01, -4.999998807907104e-01, -4.999998807907104e-01, -4.999998807907104e-01, -4.999998807907104e-01]
cat.pum2.m_flow=[0e+00, 1.074058886274543e-07, 1.138643952458551e-07, 1.187495826115992e-07, 1.224258596721484e-07, 1.251844281568992e-07, 1.272499758897538e-07, 1.287942552608001e-07, 1.299478924465802e-07, 1.308092549834328e-07, 1.314519266770731e-07, 1.319312588066168e-07, 1.322886333809947e-07, 1.32554973220067e-07, 1.327534278061648e-07, 1.329012917494765e-07, 1.330114258735193e-07, 1.330933798726619e-07, 1.331544439153731e-07, 1.331999754938806e-07, 1.332339252257952e-07, 1.332592489688977e-07, 1.332781209839595e-07, 1.332921755192729e-07, 1.33302648919198e-07, 1.333104506784366e-07, 1.333162771288698e-07, 1.333206256504127e-07, 1.333238657252878e-07, 1.333262673597346e-07, 1.333280721382835e-07, 1.333294079586267e-07, 1.333304027184568e-07, 1.333311558937567e-07, 7.893969416618347e-01, 8.502776622772217e-01, 8.745021224021912e-01, 8.929356932640076e-01, 9.070073962211609e-01, 9.177742600440979e-01, 9.260265231132507e-01, 9.318293333053589e-01, 9.110586643218994e-01, 9.046193957328796e-01, 9.037973880767822e-01, 9.040806889533997e-01, 9.045733213424683e-01, 9.051223397254944e-01, 9.056960344314575e-01, 9.062855839729309e-01, 9.068859815597534e-01, 9.074938297271729e-01, 9.08106803894043e-01, 9.087235927581787e-01, 9.093431234359741e-01, 9.099647402763367e-01, 9.105879664421082e-01, 9.112125039100647e-01, 9.11838173866272e-01, 9.1246497631073e-01, 9.130928516387939e-01, 9.137217998504639e-01, 9.143518209457397e-01, 9.149830341339111e-01, 9.15615439414978e-01, 9.162492156028748e-01, 9.168843626976013e-01, 2.189948409795761e-01, 1.645939136096786e-07, 1.559465090394951e-07, 1.500950190802541e-07, 1.457720912867444e-07, 1.425723468173601e-07, 1.40200498321974e-07, 1.384403276460944e-07, 1.371328863797316e-07, 1.361610628691778e-07, 1.354383414309268e-07, 1.349006595319224e-07, 1.345004392305782e-07, 1.34202508661474e-07, 1.339806772193697e-07, 1.338154902441602e-07, 1.336924668748907e-07, 1.336008494945418e-07, 1.335326089701994e-07, 1.334817625320284e-07, 1.334439048150671e-07, 1.334157104793121e-07, 1.333947636794619e-07, 1.333791459501299e-07, 1.333675356818276e-07, 1.333588670604513e-07, 1.333524011215559e-07, 1.33347555220098e-07, 1.333439456630003e-07, 1.333412456006045e-07, 1.333392418700896e-07, 1.333377497303445e-07, 1.33336627072822e-07, 1.333357886323938e-07]
usr.yVal_actual=[0e+00, 0e+00, 0e+00, 0e+00, 0e+00, 0e+00, 0e+00, 0e+00, 0e+00, 0e+00, 0e+00, 0e+00, 0e+00, 0e+00, 0e+00, 0e+00, 0e+00, 0e+00, 0e+00, 0e+00, 0e+00, 0e+00, 0e+00, 0e+00, 0e+00, 0e+00, 0e+00, 0e+00, 0e+00, 0e+00, 0e+00, 0e+00, 0e+00, 0e+00, 9.211110472679138e-01, 1e+00, 1e+00, 1e+00, 1e+00, 1e+00, 1e+00, 9.946639537811279e-01, 9.245693683624268e-01, 9.071856737136841e-01, 9.031168222427368e-01, 9.018986821174622e-01, 9.015378952026367e-01, 9.016034603118896e-01, 9.019418358802795e-01, 9.024718403816223e-01, 9.031393527984619e-01, 9.039061665534973e-01, 9.047455191612244e-01, 9.056385159492493e-01, 9.065719246864319e-01, 9.075362086296082e-01, 9.08524751663208e-01, 9.095327258110046e-01, 9.105567336082458e-01, 9.115946888923645e-01, 9.126449227333069e-01, 9.137066006660461e-01, 9.147792458534241e-01, 9.158623814582825e-01, 9.169560670852661e-01, 9.180601239204407e-01, 9.191747307777405e-01, 2.95667439699173e-01, 0e+00, 0e+00, 0e+00, 0e+00, 0e+00, 0e+00, 0e+00, 0e+00, 0e+00, 0e+00, 0e+00, 0e+00, 0e+00, 0e+00, 0e+00, 0e+00, 0e+00, 0e+00, 0e+00, 0e+00, 0e+00, 0e+00, 0e+00, 0e+00, 0e+00, 0e+00, 0e+00, 0e+00, 0e+00, 0e+00, 0e+00, 0e+00, 0e+00]
