last-generated=2024-11-07
statistics-initialization=
{
  "linear": "0",
  "nonlinear": "1, 1, 1, 0, 2, 0, 0, 0, 1, 3, 0, 0, 1",
  "numerical Jacobians": "0"
}
statistics-simulation=
{
  "linear": "0, 0, 0, 0, 0, 0, 0, 0, 0, 0, 0, 4, 0",
  "nonlinear": "0, 2, 0, 5, 0, 0, 0, 0, 1, 0, 1, 0, 1, 1",
  "number of continuous time states": "78",
  "numerical Jacobians": "0"
}
time=[1.6848e+07, 1.728e+07]
flo.sou.TAir=[2.931499938964844e+02, 2.973399963378906e+02, 2.974220275878906e+02, 2.97415283203125e+02, 2.973896179199219e+02, 2.97830078125e+02, 2.968876342773438e+02, 2.970296630859375e+02, 2.972076110839844e+02, 2.971777954101562e+02, 2.972372436523438e+02, 2.972091674804688e+02, 2.971261901855469e+02, 2.971504516601562e+02, 2.971883850097656e+02, 2.970442199707031e+02, 2.982658996582031e+02, 2.982392578125e+02, 2.983778381347656e+02, 2.985194702148438e+02, 2.986078186035156e+02, 2.985184326171875e+02, 2.985018920898438e+02, 2.984885864257812e+02, 2.984772033691406e+02, 2.987593994140625e+02, 2.968806762695312e+02, 2.970792846679688e+02, 2.971619262695312e+02, 2.971601257324219e+02, 2.971484985351562e+02, 2.971457824707031e+02, 2.971357727050781e+02, 2.97144287109375e+02, 2.971415405273438e+02, 2.971290283203125e+02, 2.986749267578125e+02, 2.989503479003906e+02, 2.990700988769531e+02, 2.990881042480469e+02, 2.99216552734375e+02, 2.992196044921875e+02, 2.991914672851562e+02, 2.991601257324219e+02, 2.99177490234375e+02, 2.994061889648438e+02, 2.981517944335938e+02, 2.968831787109375e+02, 2.972756958007812e+02, 2.969482116699219e+02, 2.973580932617188e+02, 2.972446899414062e+02, 2.974160461425781e+02, 2.974853210449219e+02, 2.97483642578125e+02, 2.974918823242188e+02, 2.993421630859375e+02, 2.997080993652344e+02, 2.998062133789062e+02, 2.997551574707031e+02, 2.997367553710938e+02, 2.996827392578125e+02, 2.996346435546875e+02, 2.996125793457031e+02, 2.99563232421875e+02, 2.998316040039062e+02, 2.97907470703125e+02, 2.970447998046875e+02, 2.973021545410156e+02, 2.972867431640625e+02, 2.974856567382812e+02, 2.974627990722656e+02, 2.975432739257812e+02, 2.975008544921875e+02, 2.9696630859375e+02, 2.973072814941406e+02, 2.995116577148438e+02, 2.997723388671875e+02, 2.998595581054688e+02, 2.99857666015625e+02, 2.998234558105469e+02, 2.997974243164062e+02, 2.997134399414062e+02, 2.996640930175781e+02, 2.996670532226562e+02, 2.998428955078125e+02, 2.976956787109375e+02, 2.971143798828125e+02, 2.971067504882812e+02, 2.974107666015625e+02, 2.969265747070312e+02, 2.975077514648438e+02, 2.97552734375e+02, 2.975895385742188e+02, 2.967021484375e+02, 2.964946594238281e+02, 2.993248291015625e+02, 2.996038208007812e+02, 2.997007141113281e+02, 2.997073669433594e+02, 2.996912841796875e+02]
flo.eas.TAir=[2.931499938964844e+02, 2.973565368652344e+02, 2.973162231445312e+02, 2.972898864746094e+02, 2.976182556152344e+02, 2.984959411621094e+02, 2.972844848632812e+02, 2.971723327636719e+02, 2.971405334472656e+02, 2.971263732910156e+02, 2.971729431152344e+02, 2.971635131835938e+02, 2.971474609375e+02, 2.971466979980469e+02, 2.970750122070312e+02, 2.968629455566406e+02, 2.98278076171875e+02, 2.983311462402344e+02, 2.985425720214844e+02, 2.986501159667969e+02, 2.987311401367188e+02, 2.986675415039062e+02, 2.9863525390625e+02, 2.986339416503906e+02, 2.9875e+02, 2.994981689453125e+02, 2.977637329101562e+02, 2.972219848632812e+02, 2.971008605957031e+02, 2.971134338378906e+02, 2.971457824707031e+02, 2.971517028808594e+02, 2.971488647460938e+02, 2.971448059082031e+02, 2.971404113769531e+02, 2.9713818359375e+02, 2.9875927734375e+02, 2.990194396972656e+02, 2.991636047363281e+02, 2.992343444824219e+02, 2.993881225585938e+02, 2.994075622558594e+02, 2.993993835449219e+02, 2.993721008300781e+02, 2.994458312988281e+02, 2.998586730957031e+02, 2.9846337890625e+02, 2.970946655273438e+02, 2.972826538085938e+02, 2.972793579101562e+02, 2.970238342285156e+02, 2.971581726074219e+02, 2.971665344238281e+02, 2.971161499023438e+02, 2.972146301269531e+02, 2.973711242675781e+02, 2.994514770507812e+02, 2.997808227539062e+02, 2.999118347167969e+02, 2.999016723632812e+02, 2.998870849609375e+02, 2.99859130859375e+02, 2.998177185058594e+02, 2.997712707519531e+02, 2.998160400390625e+02, 3.002812194824219e+02, 2.980712890625e+02, 2.973987426757812e+02, 2.969896240234375e+02, 2.97103271484375e+02, 2.973374633789062e+02, 2.971455993652344e+02, 2.971330871582031e+02, 2.9717236328125e+02, 2.969065856933594e+02, 2.973363342285156e+02, 2.995067443847656e+02, 2.99834716796875e+02, 2.999742736816406e+02, 2.999903259277344e+02, 2.999679870605469e+02, 2.999439392089844e+02, 2.998848266601562e+02, 2.998312683105469e+02, 2.998917846679688e+02, 3.003936157226562e+02, 2.97292724609375e+02, 2.970811462402344e+02, 2.97221923828125e+02, 2.971224060058594e+02, 2.971427612304688e+02, 2.970731811523438e+02, 2.971780090332031e+02, 2.971441345214844e+02, 2.970228881835938e+02, 2.971232604980469e+02, 2.9942724609375e+02, 2.996634216308594e+02, 2.998211364746094e+02, 2.998307800292969e+02, 2.998158569335938e+02]
flo.nor.TAir=[2.931499938964844e+02, 2.973005676269531e+02, 2.9728564453125e+02, 2.97394775390625e+02, 2.974892578125e+02, 2.980616455078125e+02, 2.968812255859375e+02, 2.969659118652344e+02, 2.971222839355469e+02, 2.971550903320312e+02, 2.97055419921875e+02, 2.97107666015625e+02, 2.971524047851562e+02, 2.971504516601562e+02, 2.970287780761719e+02, 2.968219909667969e+02, 2.979980773925781e+02, 2.982161254882812e+02, 2.983484802246094e+02, 2.984573974609375e+02, 2.985455627441406e+02, 2.984771118164062e+02, 2.984498291015625e+02, 2.984624328613281e+02, 2.9853759765625e+02, 2.989223937988281e+02, 2.96856689453125e+02, 2.970341186523438e+02, 2.970953979492188e+02, 2.971089172363281e+02, 2.9713671875e+02, 2.971552734375e+02, 2.971530456542969e+02, 2.971465454101562e+02, 2.971432495117188e+02, 2.971297302246094e+02, 2.985226135253906e+02, 2.987805480957031e+02, 2.989208679199219e+02, 2.990014343261719e+02, 2.991646118164062e+02, 2.991982421875e+02, 2.991977233886719e+02, 2.991775207519531e+02, 2.992311401367188e+02, 2.995053405761719e+02, 2.981247863769531e+02, 2.968939208984375e+02, 2.9719873046875e+02, 2.971854248046875e+02, 2.971650085449219e+02, 2.9720166015625e+02, 2.972000732421875e+02, 2.973279724121094e+02, 2.975230712890625e+02, 2.974629516601562e+02, 2.992115173339844e+02, 2.995811157226562e+02, 2.997060546875e+02, 2.99700927734375e+02, 2.996941223144531e+02, 2.996784362792969e+02, 2.996422729492188e+02, 2.995995178222656e+02, 2.996236877441406e+02, 2.998945007324219e+02, 2.97878173828125e+02, 2.969698791503906e+02, 2.972347412109375e+02, 2.971083679199219e+02, 2.973114013671875e+02, 2.971391906738281e+02, 2.973293762207031e+02, 2.9733447265625e+02, 2.971900329589844e+02, 2.973453063964844e+02, 2.993159484863281e+02, 2.996374206542969e+02, 2.997680358886719e+02, 2.99784423828125e+02, 2.997764282226562e+02, 2.997560119628906e+02, 2.997042541503906e+02, 2.99658203125e+02, 2.996924438476562e+02, 2.99982421875e+02, 2.976759948730469e+02, 2.970403137207031e+02, 2.972002258300781e+02, 2.972197875976562e+02, 2.9723681640625e+02, 2.972795104980469e+02, 2.973650512695312e+02, 2.974599609375e+02, 2.969512939453125e+02, 2.966799926757812e+02, 2.992123107910156e+02, 2.995240173339844e+02, 2.996416931152344e+02, 2.996021423339844e+02, 2.995916442871094e+02]
flo.wes.TAir=[2.931499938964844e+02, 2.974429931640625e+02, 2.975329895019531e+02, 2.975448303222656e+02, 2.975644226074219e+02, 2.980077819824219e+02, 2.966851806640625e+02, 2.967557678222656e+02, 2.969439086914062e+02, 2.970752258300781e+02, 2.969465637207031e+02, 2.970718994140625e+02, 2.971777648925781e+02, 2.971160888671875e+02, 2.971434936523438e+02, 2.968613586425781e+02, 2.983388061523438e+02, 2.983928527832031e+02, 2.985300598144531e+02, 2.986267395019531e+02, 2.987132568359375e+02, 2.986421508789062e+02, 2.986215515136719e+02, 2.985733337402344e+02, 2.985705871582031e+02, 2.988387451171875e+02, 2.966880493164062e+02, 2.970706481933594e+02, 2.971391296386719e+02, 2.971375122070312e+02, 2.971407165527344e+02, 2.972008972167969e+02, 2.971944274902344e+02, 2.971822814941406e+02, 2.970581970214844e+02, 2.970797119140625e+02, 2.991247253417969e+02, 2.991130065917969e+02, 2.9929150390625e+02, 2.993544006347656e+02, 2.994712524414062e+02, 2.994821166992188e+02, 2.9946484375e+02, 2.994170837402344e+02, 2.994323425292969e+02, 2.996517333984375e+02, 2.98027099609375e+02, 2.97348388671875e+02, 2.970385437011719e+02, 2.971212158203125e+02, 2.969988403320312e+02, 2.972171020507812e+02, 2.972710876464844e+02, 2.9751708984375e+02, 2.97921630859375e+02, 2.973567504882812e+02, 2.997362060546875e+02, 2.998992004394531e+02, 3.000060729980469e+02, 2.999650268554688e+02, 2.999428405761719e+02, 2.99895263671875e+02, 2.99839111328125e+02, 2.997665405273438e+02, 2.997290649414062e+02, 2.999677734375e+02, 2.977652893066406e+02, 2.972312316894531e+02, 2.971797485351562e+02, 2.971466979980469e+02, 2.973461303710938e+02, 2.972305297851562e+02, 2.973311767578125e+02, 2.976465148925781e+02, 2.966603088378906e+02, 2.969690856933594e+02, 2.998546752929688e+02, 2.999884338378906e+02, 3.001006469726562e+02, 3.000913696289062e+02, 3.000516357421875e+02, 3.000130615234375e+02, 2.999381408691406e+02, 2.998683471679688e+02, 2.998130187988281e+02, 3.000238342285156e+02, 2.977100219726562e+02, 2.972005920410156e+02, 2.971378173828125e+02, 2.971568908691406e+02, 2.971436767578125e+02, 2.971361999511719e+02, 2.973158264160156e+02, 2.975894775390625e+02, 2.965213012695312e+02, 2.968170166015625e+02, 2.996245727539062e+02, 2.99765625e+02, 2.998597717285156e+02, 2.998309631347656e+02, 2.998314208984375e+02]
flo.cor.TAir=[2.931499938964844e+02, 2.972009887695312e+02, 2.972945556640625e+02, 2.973352966308594e+02, 2.973798828125e+02, 2.979123840332031e+02, 2.967442932128906e+02, 2.967354431152344e+02, 2.968392639160156e+02, 2.9685693359375e+02, 2.967629699707031e+02, 2.967742004394531e+02, 2.967911682128906e+02, 2.968082885742188e+02, 2.967352905273438e+02, 2.965656433105469e+02, 2.978931884765625e+02, 2.980575256347656e+02, 2.982096557617188e+02, 2.983222045898438e+02, 2.984110412597656e+02, 2.983839416503906e+02, 2.983756103515625e+02, 2.983736877441406e+02, 2.983992919921875e+02, 2.987595520019531e+02, 2.967281799316406e+02, 2.967648620605469e+02, 2.967849426269531e+02, 2.96783203125e+02, 2.967894592285156e+02, 2.968039855957031e+02, 2.968084106445312e+02, 2.968088073730469e+02, 2.968001403808594e+02, 2.967940368652344e+02, 2.983987121582031e+02, 2.986321411132812e+02, 2.987902526855469e+02, 2.988672790527344e+02, 2.990342407226562e+02, 2.990753479003906e+02, 2.990859375e+02, 2.990771179199219e+02, 2.991161193847656e+02, 2.993461303710938e+02, 2.979283447265625e+02, 2.972015380859375e+02, 2.970848083496094e+02, 2.971346740722656e+02, 2.970616149902344e+02, 2.971590270996094e+02, 2.971734924316406e+02, 2.971365356445312e+02, 2.973000793457031e+02, 2.973052978515625e+02, 2.990816955566406e+02, 2.9944775390625e+02, 2.995801696777344e+02, 2.995771484375e+02, 2.995722961425781e+02, 2.995576171875e+02, 2.995297546386719e+02, 2.9949755859375e+02, 2.994981994628906e+02, 2.997362670898438e+02, 2.976888427734375e+02, 2.970959167480469e+02, 2.97156005859375e+02, 2.971440124511719e+02, 2.973193359375e+02, 2.971067810058594e+02, 2.971661071777344e+02, 2.971667175292969e+02, 2.970282592773438e+02, 2.970292358398438e+02, 2.99191650390625e+02, 2.99513427734375e+02, 2.996473693847656e+02, 2.996672668457031e+02, 2.996569519042969e+02, 2.996478271484375e+02, 2.996051025390625e+02, 2.995660705566406e+02, 2.995718078613281e+02, 2.998157348632812e+02, 2.975377807617188e+02, 2.970526123046875e+02, 2.971174926757812e+02, 2.971748962402344e+02, 2.971744384765625e+02, 2.97110595703125e+02, 2.971930236816406e+02, 2.971631774902344e+02, 2.97020263671875e+02, 2.967659301757812e+02, 2.990472412109375e+02, 2.993832702636719e+02, 2.995062561035156e+02, 2.995174865722656e+02, 2.995142822265625e+02]
hvac.TSetRoo.setPoiHea.y=[2.851499938964844e+02, 2.851499938964844e+02, 2.851499938964844e+02, 2.851499938964844e+02, 2.851499938964844e+02, 2.851499938964844e+02, 2.931499938964844e+02, 2.931499938964844e+02, 2.931499938964844e+02, 2.931499938964844e+02, 2.931499938964844e+02, 2.931499938964844e+02, 2.931499938964844e+02, 2.931499938964844e+02, 2.931499938964844e+02, 2.931499938964844e+02, 2.851499938964844e+02, 2.851499938964844e+02, 2.851499938964844e+02, 2.851499938964844e+02, 2.851499938964844e+02, 2.851499938964844e+02, 2.851499938964844e+02, 2.851499938964844e+02, 2.851499938964844e+02, 2.851499938964844e+02, 2.931499938964844e+02, 2.931499938964844e+02, 2.931499938964844e+02, 2.931499938964844e+02, 2.931499938964844e+02, 2.931499938964844e+02, 2.931499938964844e+02, 2.931499938964844e+02, 2.931499938964844e+02, 2.931499938964844e+02, 2.851499938964844e+02, 2.851499938964844e+02, 2.851499938964844e+02, 2.851499938964844e+02, 2.851499938964844e+02, 2.851499938964844e+02, 2.851499938964844e+02, 2.851499938964844e+02, 2.851499938964844e+02, 2.851499938964844e+02, 2.931499938964844e+02, 2.931499938964844e+02, 2.931499938964844e+02, 2.931499938964844e+02, 2.931499938964844e+02, 2.931499938964844e+02, 2.931499938964844e+02, 2.931499938964844e+02, 2.931499938964844e+02, 2.931499938964844e+02, 2.851499938964844e+02, 2.851499938964844e+02, 2.851499938964844e+02, 2.851499938964844e+02, 2.851499938964844e+02, 2.851499938964844e+02, 2.851499938964844e+02, 2.851499938964844e+02, 2.851499938964844e+02, 2.851499938964844e+02, 2.931499938964844e+02, 2.931499938964844e+02, 2.931499938964844e+02, 2.931499938964844e+02, 2.931499938964844e+02, 2.931499938964844e+02, 2.931499938964844e+02, 2.931499938964844e+02, 2.931499938964844e+02, 2.931499938964844e+02, 2.851499938964844e+02, 2.851499938964844e+02, 2.851499938964844e+02, 2.851499938964844e+02, 2.851499938964844e+02, 2.851499938964844e+02, 2.851499938964844e+02, 2.851499938964844e+02, 2.851499938964844e+02, 2.851499938964844e+02, 2.931499938964844e+02, 2.931499938964844e+02, 2.931499938964844e+02, 2.931499938964844e+02, 2.931499938964844e+02, 2.931499938964844e+02, 2.931499938964844e+02, 2.931499938964844e+02, 2.931499938964844e+02, 2.931499938964844e+02, 2.851499938964844e+02, 2.851499938964844e+02, 2.851499938964844e+02, 2.851499938964844e+02, 2.851499938964844e+02]
hvac.TSetRoo.setPoiCoo.y=[3.031499938964844e+02, 3.031499938964844e+02, 3.031499938964844e+02, 3.031499938964844e+02, 3.031499938964844e+02, 3.031499938964844e+02, 2.971499938964844e+02, 2.971499938964844e+02, 2.971499938964844e+02, 2.971499938964844e+02, 2.971499938964844e+02, 2.971499938964844e+02, 2.971499938964844e+02, 2.971499938964844e+02, 2.971499938964844e+02, 2.971499938964844e+02, 3.031499938964844e+02, 3.031499938964844e+02, 3.031499938964844e+02, 3.031499938964844e+02, 3.031499938964844e+02, 3.031499938964844e+02, 3.031499938964844e+02, 3.031499938964844e+02, 3.031499938964844e+02, 3.031499938964844e+02, 2.971499938964844e+02, 2.971499938964844e+02, 2.971499938964844e+02, 2.971499938964844e+02, 2.971499938964844e+02, 2.971499938964844e+02, 2.971499938964844e+02, 2.971499938964844e+02, 2.971499938964844e+02, 2.971499938964844e+02, 3.031499938964844e+02, 3.031499938964844e+02, 3.031499938964844e+02, 3.031499938964844e+02, 3.031499938964844e+02, 3.031499938964844e+02, 3.031499938964844e+02, 3.031499938964844e+02, 3.031499938964844e+02, 3.031499938964844e+02, 2.971499938964844e+02, 2.971499938964844e+02, 2.971499938964844e+02, 2.971499938964844e+02, 2.971499938964844e+02, 2.971499938964844e+02, 2.971499938964844e+02, 2.971499938964844e+02, 2.971499938964844e+02, 2.971499938964844e+02, 3.031499938964844e+02, 3.031499938964844e+02, 3.031499938964844e+02, 3.031499938964844e+02, 3.031499938964844e+02, 3.031499938964844e+02, 3.031499938964844e+02, 3.031499938964844e+02, 3.031499938964844e+02, 3.031499938964844e+02, 2.971499938964844e+02, 2.971499938964844e+02, 2.971499938964844e+02, 2.971499938964844e+02, 2.971499938964844e+02, 2.971499938964844e+02, 2.971499938964844e+02, 2.971499938964844e+02, 2.971499938964844e+02, 2.971499938964844e+02, 3.031499938964844e+02, 3.031499938964844e+02, 3.031499938964844e+02, 3.031499938964844e+02, 3.031499938964844e+02, 3.031499938964844e+02, 3.031499938964844e+02, 3.031499938964844e+02, 3.031499938964844e+02, 3.031499938964844e+02, 2.971499938964844e+02, 2.971499938964844e+02, 2.971499938964844e+02, 2.971499938964844e+02, 2.971499938964844e+02, 2.971499938964844e+02, 2.971499938964844e+02, 2.971499938964844e+02, 2.971499938964844e+02, 2.971499938964844e+02, 3.031499938964844e+02, 3.031499938964844e+02, 3.031499938964844e+02, 3.031499938964844e+02, 3.031499938964844e+02]
hvac.fanSup.y=[0e+00, 0e+00, 0e+00, 0e+00, 0e+00, 0e+00, 2.946068942546844e-01, 3.173501789569855e-01, 3.277752101421356e-01, 3.330141007900238e-01, 3.222859799861908e-01, 3.271197080612183e-01, 3.532614409923553e-01, 3.705093264579773e-01, 3.341686129570007e-01, 3.166356980800629e-01, 0e+00, 0e+00, 0e+00, 0e+00, 0e+00, 0e+00, 0e+00, 0e+00, 0e+00, 0e+00, 3.086013197898865e-01, 3.441254794597626e-01, 3.453048765659332e-01, 3.318614363670349e-01, 3.388740122318268e-01, 3.480824530124664e-01, 3.683940172195435e-01, 3.791781365871429e-01, 3.799062073230743e-01, 3.600697815418243e-01, 0e+00, 0e+00, 0e+00, 0e+00, 0e+00, 0e+00, 0e+00, 0e+00, 0e+00, 0e+00, 4.807381927967072e-01, 1e+00, 9.503909349441528e-01, 1e+00, 8.670013546943665e-01, 1e+00, 1e+00, 1e+00, 6.204845905303955e-01, 4.139809608459473e-01, 0e+00, 0e+00, 0e+00, 0e+00, 0e+00, 0e+00, 0e+00, 0e+00, 0e+00, 0e+00, 6.899229288101196e-01, 1e+00, 1e+00, 1e+00, 8.132327198982239e-01, 1e+00, 1e+00, 1e+00, 8.908718228340149e-01, 4.775550663471222e-01, 0e+00, 0e+00, 0e+00, 0e+00, 0e+00, 0e+00, 0e+00, 0e+00, 0e+00, 0e+00, 8.2906574010849e-01, 1e+00, 1e+00, 1e+00, 1e+00, 1e+00, 1e+00, 1e+00, 1e+00, 5.524022579193115e-01, 0e+00, 0e+00, 0e+00, 0e+00, 0e+00]
hvac.VAVBox[5].vav.y_actual=[1e+00, 6.041706204414368e-01, 1e+00, 1e+00, 1e+00, 1e+00, 4.262449443340302e-01, 4.645151495933533e-01, 4.691904187202454e-01, 4.697305262088776e-01, 4.688740670681e-01, 4.697288274765015e-01, 4.722352921962738e-01, 4.742287695407867e-01, 4.710273146629333e-01, 4.686114490032196e-01, 5.817561149597168e-01, 1e+00, 1e+00, 1e+00, 1e+00, 1e+00, 1e+00, 1e+00, 1e+00, 1e+00, 4.32704895734787e-01, 4.683289229869843e-01, 4.711849391460419e-01, 4.69787210226059e-01, 4.69679057598114e-01, 4.704500436782837e-01, 4.72648561000824e-01, 4.742840230464935e-01, 4.746649563312531e-01, 4.729017615318298e-01, 5.839595794677734e-01, 1e+00, 1e+00, 1e+00, 1e+00, 1e+00, 1e+00, 1e+00, 1e+00, 1e+00, 4.633077383041382e-01, 5.811142325401306e-01, 7.217003703117371e-01, 6.074998378753662e-01, 6.734569072723389e-01, 6.31999671459198e-01, 6.888374090194702e-01, 7.7230304479599e-01, 3.622006177902222e-01, 5.16729474067688e-01, 6.040496826171875e-01, 1e+00, 1e+00, 1e+00, 1e+00, 1e+00, 1e+00, 1e+00, 1e+00, 1e+00, 4.359627068042755e-01, 6.84962272644043e-01, 6.48649275302887e-01, 6.714645624160767e-01, 5.156614780426025e-01, 7.18031108379364e-01, 7.683393359184265e-01, 7.777116894721985e-01, 3.732108473777771e-01, 4.621218144893646e-01, 6.343729496002197e-01, 1e+00, 1e+00, 1e+00, 1e+00, 1e+00, 1e+00, 1e+00, 1e+00, 1e+00, 4.38644140958786e-01, 7.072640061378479e-01, 6.729779839515686e-01, 7.020006775856018e-01, 5.698999166488647e-01, 7.552577257156372e-01, 7.450764179229736e-01, 8.636218905448914e-01, 4.083622395992279e-01, 5.210258960723877e-01, 6.152777671813965e-01, 1e+00, 1e+00, 1e+00, 1e+00]
hvac.VAVBox[1].vav.y_actual=[1e+00, 6.041713953018188e-01, 1e+00, 1e+00, 1e+00, 1e+00, 4.27316814661026e-01, 4.645850360393524e-01, 4.898444414138794e-01, 5.534141659736633e-01, 5.456646680831909e-01, 5.693879127502441e-01, 6.376295685768127e-01, 6.333521008491516e-01, 5.905288457870483e-01, 4.982500076293945e-01, 5.847867727279663e-01, 1e+00, 1e+00, 1e+00, 1e+00, 1e+00, 1e+00, 1e+00, 1e+00, 1e+00, 4.363877773284912e-01, 4.724567532539368e-01, 4.863436818122864e-01, 5.386297702789307e-01, 5.761520862579346e-01, 5.917509794235229e-01, 5.788277983665466e-01, 5.510578155517578e-01, 5.436041355133057e-01, 5.145929455757141e-01, 5.906731486320496e-01, 1e+00, 1e+00, 1e+00, 1e+00, 1e+00, 1e+00, 1e+00, 1e+00, 1e+00, 4.958361685276031e-01, 9.473670125007629e-01, 9.834765791893005e-01, 1e+00, 1.00000011920929e+00, 1e+00, 1e+00, 1e+00, 4.898768365383148e-01, 6.265010833740234e-01, 7.52187967300415e-01, 1e+00, 1e+00, 1e+00, 1e+00, 1e+00, 1e+00, 1e+00, 1e+00, 1e+00, 4.820236265659332e-01, 1e+00, 7.947209477424622e-01, 1e+00, 6.717883944511414e-01, 1e+00, 1e+00, 1e+00, 5.412523746490479e-01, 5.707288980484009e-01, 7.937489748001099e-01, 1e+00, 1e+00, 1e+00, 1e+00, 1e+00, 1e+00, 1e+00, 1e+00, 1e+00, 5.026479363441467e-01, 1e+00, 1e+00, 1e+00, 9.316684603691101e-01, 1e+00, 1e+00, 1e+00, 6.546141505241394e-01, 7.520293593406677e-01, 7.92680025100708e-01, 1e+00, 1e+00, 1e+00, 1e+00]
hvac.VAVBox[2].vav.y_actual=[1e+00, 5.549838542938232e-01, 1e+00, 1e+00, 1e+00, 1e+00, 4.56585168838501e-01, 5.167366862297058e-01, 5.728967785835266e-01, 5.174536108970642e-01, 4.604761302471161e-01, 4.7354656457901e-01, 4.914726614952087e-01, 4.932476580142975e-01, 4.600231349468231e-01, 4.529288113117218e-01, 5.565128922462463e-01, 1e+00, 1e+00, 1e+00, 1e+00, 1e+00, 1e+00, 1e+00, 1e+00, 1e+00, 4.668138921260834e-01, 6.961669921875e-01, 6.602391600608826e-01, 5.359840989112854e-01, 5.128303170204163e-01, 5.227577090263367e-01, 5.323690176010132e-01, 5.18222451210022e-01, 5.054625272750854e-01, 4.777196943759918e-01, 5.611903667449951e-01, 1e+00, 1e+00, 1e+00, 1e+00, 1e+00, 1e+00, 1e+00, 1e+00, 1e+00, 5.367043018341064e-01, 1e+00, 1e+00, 6.593630313873291e-01, 7.652672529220581e-01, 7.014145851135254e-01, 7.672749757766724e-01, 8.150227069854736e-01, 4.415222108364105e-01, 5.692461133003235e-01, 6.627094149589539e-01, 1e+00, 1e+00, 1e+00, 1e+00, 1e+00, 1e+00, 1e+00, 1e+00, 1e+00, 5.312181115150452e-01, 1e+00, 1e+00, 7.657041549682617e-01, 5.779396891593933e-01, 7.646376490592957e-01, 8.322186470031738e-01, 7.951436042785645e-01, 4.691595733165741e-01, 4.775238931179047e-01, 6.743102669715881e-01, 1e+00, 1e+00, 1e+00, 1e+00, 1e+00, 1e+00, 1e+00, 1e+00, 1e+00, 5.620265603065491e-01, 1e+00, 7.683681845664978e-01, 7.985637784004211e-01, 6.425496339797974e-01, 8.139501214027405e-01, 8.034930229187012e-01, 8.493172526359558e-01, 5.159720778465271e-01, 5.454409122467041e-01, 6.819083690643311e-01, 1e+00, 1e+00, 1e+00, 1e+00]
hvac.VAVBox[3].vav.y_actual=[1e+00, 6.041713953018188e-01, 1e+00, 1e+00, 1e+00, 1e+00, 4.325074851512909e-01, 4.649204015731812e-01, 4.692155420780182e-01, 4.886946082115173e-01, 4.712791740894318e-01, 4.69875693321228e-01, 4.789315760135651e-01, 4.928809702396393e-01, 4.735706746578217e-01, 4.68765527009964e-01, 5.817726254463196e-01, 1e+00, 1e+00, 1e+00, 1e+00, 1e+00, 1e+00, 1e+00, 1e+00, 1e+00, 4.379228353500366e-01, 4.710787236690521e-01, 4.713539183139801e-01, 4.697977304458618e-01, 4.696799516677856e-01, 4.857555031776428e-01, 5.056199431419373e-01, 5.020020008087158e-01, 4.990727305412292e-01, 5.139094591140747e-01, 5.952532291412354e-01, 1e+00, 1e+00, 1e+00, 1e+00, 1e+00, 1e+00, 1e+00, 1e+00, 1e+00, 4.9381422996521e-01, 8.701872825622559e-01, 9.291181564331055e-01, 7.362256646156311e-01, 8.69631826877594e-01, 8.007554411888123e-01, 9.901954531669617e-01, 1e+00, 4.500309824943542e-01, 6.12601637840271e-01, 7.280345559120178e-01, 1e+00, 1e+00, 1e+00, 1e+00, 1e+00, 1e+00, 1e+00, 1e+00, 1e+00, 4.800883829593658e-01, 1e+00, 7.750071883201599e-01, 8.887085318565369e-01, 6.25299870967865e-01, 1e+00, 1e+00, 1e+00, 4.878438413143158e-01, 5.47918438911438e-01, 7.765651345252991e-01, 1e+00, 1e+00, 1e+00, 1e+00, 1e+00, 1e+00, 1e+00, 1e+00, 1e+00, 4.979733824729919e-01, 1e+00, 8.362786173820496e-01, 9.986085295677185e-01, 7.046645879745483e-01, 1e+00, 1e+00, 1e+00, 5.816169381141663e-01, 6.724775433540344e-01, 7.646740078926086e-01, 1e+00, 1e+00, 1e+00, 1e+00]
hvac.VAVBox[4].vav.y_actual=[1e+00, 5.549838542938232e-01, 1e+00, 1e+00, 1e+00, 1e+00, 4.103700220584869e-01, 4.482186436653137e-01, 4.53085869550705e-01, 4.536747932434082e-01, 4.528312981128693e-01, 4.536707401275635e-01, 5.479379296302795e-01, 6.469303965568542e-01, 4.88623321056366e-01, 4.548223614692688e-01, 5.567253232002258e-01, 1e+00, 1e+00, 1e+00, 1e+00, 1e+00, 1e+00, 1e+00, 1e+00, 1e+00, 4.163337647914886e-01, 4.528734087944031e-01, 4.829713106155396e-01, 4.628485441207886e-01, 4.993338882923126e-01, 5.229001045227051e-01, 6.417645215988159e-01, 7.647784352302551e-01, 8.010157346725464e-01, 6.929479837417603e-01, 6.549084186553955e-01, 1e+00, 1e+00, 1e+00, 1e+00, 1e+00, 1e+00, 1e+00, 1e+00, 1e+00, 4.590466618537903e-01, 6.146577000617981e-01, 7.398070693016052e-01, 6.395096182823181e-01, 7.226202487945557e-01, 6.765971183776855e-01, 8.772019147872925e-01, 1e+00, 5.037536025047302e-01, 6.797536611557007e-01, 7.217432260513306e-01, 1e+00, 1e+00, 1e+00, 1e+00, 1e+00, 1e+00, 1e+00, 1e+00, 1e+00, 4.29254025220871e-01, 6.592673063278198e-01, 6.52380108833313e-01, 6.858475804328918e-01, 5.468675494194031e-01, 7.205618023872375e-01, 9.999999403953552e-01, 1e+00, 6.090684533119202e-01, 6.661984324455261e-01, 7.45117723941803e-01, 1e+00, 1e+00, 1e+00, 1e+00, 1e+00, 1e+00, 1e+00, 1e+00, 1e+00, 4.42439466714859e-01, 6.80361807346344e-01, 6.90508246421814e-01, 7.381782531738281e-01, 6.221494674682617e-01, 7.764958739280701e-01, 9.474634528160095e-01, 1e+00, 6.754094362258911e-01, 6.276980042457581e-01, 6.966157555580139e-01, 1e+00, 1e+00, 1e+00, 1e+00]
hvac.damOut.y=[0e+00, 0e+00, 0e+00, 0e+00, 0e+00, 0e+00, 1e+00, 6.281548738479614e-01, 6.198554039001465e-01, 6.059332489967346e-01, 6.302767992019653e-01, 6.171943545341492e-01, 5.829958915710449e-01, 5.640408396720886e-01, 5.997941493988037e-01, 6.331418752670288e-01, 0e+00, 0e+00, 0e+00, 0e+00, 0e+00, 0e+00, 0e+00, 0e+00, 0e+00, 0e+00, 5.437572002410889e-01, 5.86579442024231e-01, 5.863465070724487e-01, 6.042162775993347e-01, 5.979711413383484e-01, 5.854928493499756e-01, 5.644876956939697e-01, 5.534767508506775e-01, 5.513671636581421e-01, 5.691026449203491e-01, 0e+00, 0e+00, 0e+00, 0e+00, 0e+00, 0e+00, 0e+00, 0e+00, 0e+00, 0e+00, 4.797951579093933e-01, 3.522699773311615e-01, 3.690037727355957e-01, 3.543234169483185e-01, 3.86117160320282e-01, 3.531819581985474e-01, 3.503509163856506e-01, 3.487981259822845e-01, 4.474126994609833e-01, 5.161110758781433e-01, 0e+00, 0e+00, 0e+00, 0e+00, 0e+00, 0e+00, 0e+00, 0e+00, 0e+00, 0e+00, 4.255088567733765e-01, 3.504617810249329e-01, 3.52636307477951e-01, 3.514231145381927e-01, 3.930171132087708e-01, 3.505334854125977e-01, 3.492231965065002e-01, 3.492271304130554e-01, 3.842576146125793e-01, 4.594560563564301e-01, 0e+00, 0e+00, 0e+00, 0e+00, 0e+00, 0e+00, 0e+00, 0e+00, 0e+00, 0e+00, 3.94006609916687e-01, 3.504610955715179e-01, 3.518250584602356e-01, 3.510646522045135e-01, 3.56087863445282e-01, 3.499028086662292e-01, 3.497090041637421e-01, 3.488349318504333e-01, 3.635531067848206e-01, 4.340680539608002e-01, 0e+00, 0e+00, 0e+00, 0e+00, 0e+00]
hvac.VAVBox[1].TSup=[2.931499938964844e+02, 2.931500549316406e+02, 2.931495971679688e+02, 2.931485900878906e+02, 2.931487121582031e+02, 2.931485290527344e+02, 2.846253051757812e+02, 2.854312438964844e+02, 2.85287109375e+02, 2.851558227539062e+02, 2.853629760742188e+02, 2.856009826660156e+02, 2.8587548828125e+02, 2.860365905761719e+02, 2.858010864257812e+02, 2.852541809082031e+02, 2.853123779296875e+02, 2.853130493164062e+02, 2.8531298828125e+02, 2.85313232421875e+02, 2.853130493164062e+02, 2.853125e+02, 2.853126220703125e+02, 2.853130187988281e+02, 2.853128051757812e+02, 2.853133544921875e+02, 2.846912841796875e+02, 2.853815002441406e+02, 2.855985717773438e+02, 2.856541748046875e+02, 2.857775573730469e+02, 2.85980224609375e+02, 2.861024780273438e+02, 2.8605078125e+02, 2.86107421875e+02, 2.857642517089844e+02, 2.855161743164062e+02, 2.855157165527344e+02, 2.855169067382812e+02, 2.855172729492188e+02, 2.855160827636719e+02, 2.8551611328125e+02, 2.855154724121094e+02, 2.85515380859375e+02, 2.855152893066406e+02, 2.855151062011719e+02, 2.857835998535156e+02, 2.8933154296875e+02, 2.891365356445312e+02, 2.893527221679688e+02, 2.887496948242188e+02, 2.893960571289062e+02, 2.8943701171875e+02, 2.895108032226562e+02, 2.862849426269531e+02, 2.857944641113281e+02, 2.858734436035156e+02, 2.858739929199219e+02, 2.858750610351562e+02, 2.858738403320312e+02, 2.858743896484375e+02, 2.858754272460938e+02, 2.85875244140625e+02, 2.858761291503906e+02, 2.858748474121094e+02, 2.858751525878906e+02, 2.867402954101562e+02, 2.8916015625e+02, 2.8924755859375e+02, 2.893936767578125e+02, 2.88197265625e+02, 2.895099182128906e+02, 2.895819396972656e+02, 2.894989318847656e+02, 2.881465454101562e+02, 2.859781494140625e+02, 2.860909729003906e+02, 2.860908203125e+02, 2.860921936035156e+02, 2.860924987792969e+02, 2.860931701660156e+02, 2.86093017578125e+02, 2.860924377441406e+02, 2.860917358398438e+02, 2.86091064453125e+02, 2.860911254882812e+02, 2.876930236816406e+02, 2.8920703125e+02, 2.892829284667969e+02, 2.894936218261719e+02, 2.894505615234375e+02, 2.894732360839844e+02, 2.895196533203125e+02, 2.896681518554688e+02, 2.892698059082031e+02, 2.867840270996094e+02, 2.864122009277344e+02, 2.864126892089844e+02, 2.864127502441406e+02, 2.864131164550781e+02, 2.864128723144531e+02]
hvac.VAVBox[2].TSup=[2.931499938964844e+02, 2.931500549316406e+02, 2.931497802734375e+02, 2.931487731933594e+02, 2.931488952636719e+02, 2.931487121582031e+02, 2.846265258789062e+02, 2.854310913085938e+02, 2.852871398925781e+02, 2.851558227539062e+02, 2.853626403808594e+02, 2.856008911132812e+02, 2.858754577636719e+02, 2.860364990234375e+02, 2.858010864257812e+02, 2.852543334960938e+02, 2.853077392578125e+02, 2.853083190917969e+02, 2.853082885742188e+02, 2.853085327148438e+02, 2.853083190917969e+02, 2.853077697753906e+02, 2.853079223632812e+02, 2.853083190917969e+02, 2.8530810546875e+02, 2.853086547851562e+02, 2.846892395019531e+02, 2.853816833496094e+02, 2.855985412597656e+02, 2.856541748046875e+02, 2.857775268554688e+02, 2.859801635742188e+02, 2.861024780273438e+02, 2.8605078125e+02, 2.861074523925781e+02, 2.857643432617188e+02, 2.855107116699219e+02, 2.8551025390625e+02, 2.85511474609375e+02, 2.855118408203125e+02, 2.855106201171875e+02, 2.855106811523438e+02, 2.85510009765625e+02, 2.855098876953125e+02, 2.855098266601562e+02, 2.855096435546875e+02, 2.857833862304688e+02, 2.8933154296875e+02, 2.891365661621094e+02, 2.893527221679688e+02, 2.887492370605469e+02, 2.893960876464844e+02, 2.894369812011719e+02, 2.895108032226562e+02, 2.862859497070312e+02, 2.857938842773438e+02, 2.858435974121094e+02, 2.858441162109375e+02, 2.858451843261719e+02, 2.858439636230469e+02, 2.858445129394531e+02, 2.858455505371094e+02, 2.858453979492188e+02, 2.858462829589844e+02, 2.85844970703125e+02, 2.858452758789062e+02, 2.867395629882812e+02, 2.8916015625e+02, 2.8924755859375e+02, 2.893936767578125e+02, 2.881974182128906e+02, 2.895099182128906e+02, 2.895819702148438e+02, 2.894989318847656e+02, 2.881490783691406e+02, 2.859817810058594e+02, 2.860528259277344e+02, 2.86052490234375e+02, 2.860538940429688e+02, 2.8605419921875e+02, 2.860549011230469e+02, 2.860547180175781e+02, 2.860541687011719e+02, 2.860534362792969e+02, 2.86052734375e+02, 2.860527954101562e+02, 2.876917114257812e+02, 2.8920703125e+02, 2.892829284667969e+02, 2.894936218261719e+02, 2.894505920410156e+02, 2.894732360839844e+02, 2.895196533203125e+02, 2.896681518554688e+02, 2.892702941894531e+02, 2.867886962890625e+02, 2.863771362304688e+02, 2.86376220703125e+02, 2.863762817382812e+02, 2.863766479492188e+02, 2.863763732910156e+02]
hvac.VAVBox[3].TSup=[2.931499938964844e+02, 2.931500549316406e+02, 2.931495971679688e+02, 2.931485900878906e+02, 2.931487426757812e+02, 2.931485595703125e+02, 2.846255493164062e+02, 2.854312438964844e+02, 2.85287109375e+02, 2.851558227539062e+02, 2.853627014160156e+02, 2.856008911132812e+02, 2.858754577636719e+02, 2.860364685058594e+02, 2.858010864257812e+02, 2.852542724609375e+02, 2.853116760253906e+02, 2.853123168945312e+02, 2.853122863769531e+02, 2.853125305175781e+02, 2.853123168945312e+02, 2.853117980957031e+02, 2.853119201660156e+02, 2.853123168945312e+02, 2.853121032714844e+02, 2.853126525878906e+02, 2.84691162109375e+02, 2.853815002441406e+02, 2.855986022949219e+02, 2.856541442871094e+02, 2.857774963378906e+02, 2.859801330566406e+02, 2.861025085449219e+02, 2.8605078125e+02, 2.861074523925781e+02, 2.857642517089844e+02, 2.855173645019531e+02, 2.855169067382812e+02, 2.855180969238281e+02, 2.855184631347656e+02, 2.855172729492188e+02, 2.855173034667969e+02, 2.855166625976562e+02, 2.855165710449219e+02, 2.855164794921875e+02, 2.855162963867188e+02, 2.857835998535156e+02, 2.8933154296875e+02, 2.891365051269531e+02, 2.893527221679688e+02, 2.887495422363281e+02, 2.893960876464844e+02, 2.8943701171875e+02, 2.895108032226562e+02, 2.862857360839844e+02, 2.857943420410156e+02, 2.858650207519531e+02, 2.858655700683594e+02, 2.858666076660156e+02, 2.858654174804688e+02, 2.85865966796875e+02, 2.858669738769531e+02, 2.858668212890625e+02, 2.858677062988281e+02, 2.858663940429688e+02, 2.8586669921875e+02, 2.867403259277344e+02, 2.8916015625e+02, 2.8924755859375e+02, 2.893936767578125e+02, 2.881973266601562e+02, 2.895099182128906e+02, 2.895819396972656e+02, 2.894989318847656e+02, 2.881483154296875e+02, 2.859788513183594e+02, 2.860858764648438e+02, 2.86085693359375e+02, 2.860870666503906e+02, 2.860873718261719e+02, 2.860880432128906e+02, 2.86087890625e+02, 2.860873107910156e+02, 2.860866088867188e+02, 2.860859375e+02, 2.860859985351562e+02, 2.876931457519531e+02, 2.8920703125e+02, 2.892829284667969e+02, 2.894936218261719e+02, 2.894505920410156e+02, 2.894732360839844e+02, 2.895196533203125e+02, 2.896681518554688e+02, 2.8927001953125e+02, 2.867850952148438e+02, 2.864037170410156e+02, 2.864039916992188e+02, 2.86404052734375e+02, 2.864044189453125e+02, 2.864041442871094e+02]
hvac.VAVBox[4].TSup=[2.931499938964844e+02, 2.931500549316406e+02, 2.931497497558594e+02, 2.931487121582031e+02, 2.931488342285156e+02, 2.931486511230469e+02, 2.846244506835938e+02, 2.854313049316406e+02, 2.85287109375e+02, 2.851558227539062e+02, 2.853625793457031e+02, 2.856008605957031e+02, 2.8587548828125e+02, 2.860365905761719e+02, 2.858010864257812e+02, 2.852543334960938e+02, 2.853078002929688e+02, 2.853083801269531e+02, 2.853083190917969e+02, 2.8530859375e+02, 2.853083801269531e+02, 2.853078308105469e+02, 2.853079528808594e+02, 2.85308349609375e+02, 2.853081359863281e+02, 2.853086853027344e+02, 2.846929931640625e+02, 2.853814392089844e+02, 2.855986022949219e+02, 2.856541442871094e+02, 2.857775268554688e+02, 2.859801635742188e+02, 2.861024780273438e+02, 2.8605078125e+02, 2.861073303222656e+02, 2.857639770507812e+02, 2.855360717773438e+02, 2.855357666015625e+02, 2.855369873046875e+02, 2.85537353515625e+02, 2.855361328125e+02, 2.855361938476562e+02, 2.855355224609375e+02, 2.855354309082031e+02, 2.855353393554688e+02, 2.8553515625e+02, 2.857838134765625e+02, 2.893315734863281e+02, 2.89135986328125e+02, 2.893527221679688e+02, 2.887490539550781e+02, 2.893960876464844e+02, 2.8943701171875e+02, 2.895108032226562e+02, 2.862846984863281e+02, 2.857948608398438e+02, 2.858655700683594e+02, 2.858661193847656e+02, 2.858671875e+02, 2.85865966796875e+02, 2.858665161132812e+02, 2.858675537109375e+02, 2.858674011230469e+02, 2.858682861328125e+02, 2.858669738769531e+02, 2.858672790527344e+02, 2.867413024902344e+02, 2.8916015625e+02, 2.892475280761719e+02, 2.893936767578125e+02, 2.88197509765625e+02, 2.895099182128906e+02, 2.895819396972656e+02, 2.894989318847656e+02, 2.881449279785156e+02, 2.859760131835938e+02, 2.86078369140625e+02, 2.860780944824219e+02, 2.860795288085938e+02, 2.86079833984375e+02, 2.860805053710938e+02, 2.860803527832031e+02, 2.860797729492188e+02, 2.860790405273438e+02, 2.86078369140625e+02, 2.860784301757812e+02, 2.8769482421875e+02, 2.8920703125e+02, 2.892829284667969e+02, 2.894935913085938e+02, 2.894505920410156e+02, 2.894732360839844e+02, 2.895196533203125e+02, 2.896681518554688e+02, 2.89269775390625e+02, 2.867860412597656e+02, 2.863826599121094e+02, 2.863819580078125e+02, 2.863819885253906e+02, 2.863823547363281e+02, 2.863821105957031e+02]
hvac.VAVBox[5].TSup=[2.931499938964844e+02, 2.931500244140625e+02, 2.931495971679688e+02, 2.931485900878906e+02, 2.931487121582031e+02, 2.931485595703125e+02, 2.84625244140625e+02, 2.854312438964844e+02, 2.85287109375e+02, 2.851558227539062e+02, 2.853626708984375e+02, 2.856008911132812e+02, 2.858754577636719e+02, 2.860364685058594e+02, 2.858010864257812e+02, 2.852542724609375e+02, 2.853116760253906e+02, 2.853123168945312e+02, 2.85312255859375e+02, 2.853125305175781e+02, 2.853123168945312e+02, 2.853117980957031e+02, 2.853119201660156e+02, 2.853122863769531e+02, 2.853121032714844e+02, 2.853126220703125e+02, 2.846915893554688e+02, 2.853814697265625e+02, 2.855986022949219e+02, 2.856541442871094e+02, 2.857774963378906e+02, 2.859801330566406e+02, 2.861025085449219e+02, 2.8605078125e+02, 2.861074829101562e+02, 2.857643432617188e+02, 2.855144348144531e+02, 2.855139770507812e+02, 2.855151672363281e+02, 2.855155029296875e+02, 2.855143127441406e+02, 2.855143737792969e+02, 2.855137329101562e+02, 2.855136413574219e+02, 2.855135498046875e+02, 2.855133666992188e+02, 2.857837829589844e+02, 2.893315734863281e+02, 2.891358947753906e+02, 2.893527221679688e+02, 2.887487487792969e+02, 2.893960876464844e+02, 2.894369812011719e+02, 2.895108032226562e+02, 2.862882995605469e+02, 2.857930603027344e+02, 2.858192443847656e+02, 2.858197326660156e+02, 2.858207702636719e+02, 2.85819580078125e+02, 2.858201293945312e+02, 2.858211364746094e+02, 2.858209838867188e+02, 2.858218688964844e+02, 2.85820556640625e+02, 2.858208618164062e+02, 2.867411499023438e+02, 2.8916015625e+02, 2.892475280761719e+02, 2.893936767578125e+02, 2.881976013183594e+02, 2.895099182128906e+02, 2.895819702148438e+02, 2.894989318847656e+02, 2.881542663574219e+02, 2.859826049804688e+02, 2.860350036621094e+02, 2.8603466796875e+02, 2.860360412597656e+02, 2.860363464355469e+02, 2.860369873046875e+02, 2.860368347167969e+02, 2.860362854003906e+02, 2.860355529785156e+02, 2.860348815917969e+02, 2.860349426269531e+02, 2.876949462890625e+02, 2.8920703125e+02, 2.892829284667969e+02, 2.894935913085938e+02, 2.894505920410156e+02, 2.894732360839844e+02, 2.895196533203125e+02, 2.896681518554688e+02, 2.892710266113281e+02, 2.867897338867188e+02, 2.863492126464844e+02, 2.863477172851562e+02, 2.863477783203125e+02, 2.8634814453125e+02, 2.863478698730469e+02]
hvac.res.EFan=[0e+00, -4.468406977764516e-09, -4.089512284366492e-09, -2.776001872817346e-09, -2.934343656946226e-09, -2.69439293099083e-09, 1.23838759765625e+04, 1.62435703125e+04, 2.009799609375e+04, 2.395098046875e+04, 2.7805083984375e+04, 3.1658416015625e+04, 3.55130546875e+04, 3.9378453125e+04, 4.324080859375e+04, 4.7094609375e+04, 5.031351171875e+04, 5.031351171875e+04, 5.031351171875e+04, 5.031351171875e+04, 5.031351171875e+04, 5.031351171875e+04, 5.031351171875e+04, 5.031351171875e+04, 5.031351171875e+04, 5.031351171875e+04, 6.61092578125e+04, 6.9966015625e+04, 7.38212578125e+04, 7.76747890625e+04, 8.152784375e+04, 8.53821015625e+04, 8.9245328125e+04, 9.31258125e+04, 9.70173359375e+04, 1.008890546875e+05, 1.041068203125e+05, 1.041068203125e+05, 1.041068203125e+05, 1.041068203125e+05, 1.041068203125e+05, 1.041068203125e+05, 1.041068203125e+05, 1.041068203125e+05, 1.041068203125e+05, 1.041068203125e+05, 1.207771171875e+05, 1.3481290625e+05, 1.5003378125e+05, 1.6927684375e+05, 1.83212625e+05, 2.0202678125e+05, 2.2131853125e+05, 2.40700734375e+05, 2.58397421875e+05, 2.6423246875e+05, 2.676419375e+05, 2.676419375e+05, 2.676419375e+05, 2.676419375e+05, 2.676419375e+05, 2.676419375e+05, 2.676419375e+05, 2.676419375e+05, 2.676419375e+05, 2.676419375e+05, 2.85669625e+05, 2.995278125e+05, 3.1882496875e+05, 3.381196875e+05, 3.5608559375e+05, 3.72638875e+05, 3.9199384375e+05, 4.1138928125e+05, 4.30466125e+05, 4.3724346875e+05, 4.4073909375e+05, 4.4073909375e+05, 4.4073909375e+05, 4.4073909375e+05, 4.4073909375e+05, 4.4073909375e+05, 4.4073909375e+05, 4.4073909375e+05, 4.4073909375e+05, 4.4073909375e+05, 4.59550625e+05, 4.729923125e+05, 4.92319625e+05, 5.1161503125e+05, 5.308863125e+05, 5.5012025e+05, 5.6948625e+05, 5.888863125e+05, 6.08187375e+05, 6.148400625e+05, 6.182069375e+05, 6.182069375e+05, 6.182069375e+05, 6.182069375e+05, 6.182069375e+05]
hvac.res.EHea=[0e+00, 0e+00, 0e+00, 0e+00, 0e+00, 0e+00, 0e+00, 0e+00, 0e+00, 0e+00, 0e+00, 0e+00, 0e+00, 0e+00, 0e+00, 0e+00, 0e+00, 0e+00, 0e+00, 0e+00, 0e+00, 0e+00, 0e+00, 0e+00, 0e+00, 0e+00, 0e+00, 0e+00, 0e+00, 0e+00, 0e+00, 0e+00, 0e+00, 0e+00, 0e+00, 0e+00, 0e+00, 0e+00, 0e+00, 0e+00, 0e+00, 0e+00, 0e+00, 0e+00, 0e+00, 0e+00, 0e+00, 0e+00, 0e+00, 0e+00, 0e+00, 0e+00, 0e+00, 0e+00, 0e+00, 0e+00, 0e+00, 0e+00, 0e+00, 0e+00, 0e+00, 0e+00, 0e+00, 0e+00, 0e+00, 0e+00, 0e+00, 0e+00, 0e+00, 0e+00, 0e+00, 0e+00, 0e+00, 0e+00, 0e+00, 0e+00, 0e+00, 0e+00, 0e+00, 0e+00, 0e+00, 0e+00, 0e+00, 0e+00, 0e+00, 0e+00, 0e+00, 0e+00, 0e+00, 0e+00, 0e+00, 0e+00, 0e+00, 0e+00, 0e+00, 0e+00, 0e+00, 0e+00, 0e+00, 0e+00, 0e+00]
hvac.res.ECoo=[0e+00, 0e+00, 0e+00, 0e+00, 0e+00, 0e+00, -8.00947421875e+04, -1.57443953125e+05, -2.636585625e+05, -3.8571896875e+05, -5.0456603125e+05, -6.329354375e+05, -7.699368125e+05, -9.137004375e+05, -1.05642125e+06, -1.187087125e+06, -1.288315625e+06, -1.288315625e+06, -1.288315625e+06, -1.288315625e+06, -1.288315625e+06, -1.288315625e+06, -1.288315625e+06, -1.288315625e+06, -1.288315625e+06, -1.288315625e+06, -1.439781875e+06, -1.5644775e+06, -1.69634875e+06, -1.828599875e+06, -1.962610625e+06, -2.10165875e+06, -2.24674175e+06, -2.39172075e+06, -2.5380935e+06, -2.679812e+06, -2.78936625e+06, -2.78936625e+06, -2.78936625e+06, -2.78936625e+06, -2.78936625e+06, -2.78936625e+06, -2.78936625e+06, -2.78936625e+06, -2.78936625e+06, -2.78936625e+06, -2.95680825e+06, -3.16140775e+06, -3.3676885e+06, -3.58314825e+06, -3.7852035e+06, -4.0002175e+06, -4.214313e+06, -4.4332955e+06, -4.6366315e+06, -4.79577e+06, -4.917062e+06, -4.917062e+06, -4.917062e+06, -4.917062e+06, -4.917062e+06, -4.917062e+06, -4.917062e+06, -4.917062e+06, -4.917062e+06, -4.917062e+06, -5.0885945e+06, -5.286275e+06, -5.4970725e+06, -5.7108585e+06, -5.9210595e+06, -6.133979e+06, -6.3551895e+06, -6.572529e+06, -6.78593e+06, -6.9582825e+06, -7.084595e+06, -7.084595e+06, -7.084595e+06, -7.084595e+06, -7.084595e+06, -7.084595e+06, -7.084595e+06, -7.084595e+06, -7.084595e+06, -7.084595e+06, -7.2577335e+06, -7.455951e+06, -7.669616e+06, -7.884388e+06, -8.1040685e+06, -8.323098e+06, -8.539571e+06, -8.758616e+06, -8.981241e+06, -9.162825e+06, -9.293588e+06, -9.293588e+06, -9.293588e+06, -9.293588e+06, -9.293588e+06]
