last-generated=2020-01-27
statistics-initialization=
{
  "nonlinear": "1, 1, 1, 1, 1, 1, 1, 1, 1, 1, 1, 1, 1, 1, 1, 0",
  "numerical Jacobians": "0"
}
statistics-simulation=
{
  "linear": "0, 0, 0, 0, 0, 0, 0, 0, 0, 0, 0, 0, 0, 0, 0, 0, 0, 0, 0, 0",
  "nonlinear": "1, 1, 1, 1, 1, 1, 1",
  "number of continuous time states": "94",
  "numerical Jacobians": "0"
}
time=[0e+00, 3.1536e+07]
proOff.volMix_b.T=[2.931499938964844e+02, 2.810257080078125e+02, 2.804729614257812e+02, 2.801914611816406e+02, 2.799886840820312e+02, 2.799972839355469e+02, 2.803091979980469e+02, 2.801219360351562e+02, 2.802169006347656e+02, 2.804287841796875e+02, 2.801846923828125e+02, 2.801091186523437e+02, 2.800830139160156e+02, 2.8012041015625e+02, 2.801705444335938e+02, 2.805645141601562e+02, 2.80403173828125e+02, 2.805789794921875e+02, 2.804620239257812e+02, 2.802791381835938e+02, 2.804987182617188e+02, 2.8050830078125e+02, 2.807759887695312e+02, 2.808655151367187e+02, 2.809656188964844e+02, 2.809822998046875e+02, 2.811264343261719e+02, 2.811229675292969e+02, 2.81300048828125e+02, 2.829871826171875e+02, 2.818238525390625e+02, 2.816964111328125e+02, 2.811900329589844e+02, 2.811748291015625e+02, 2.811749877929688e+02, 2.811754150390625e+02, 2.812592468261719e+02, 2.835710144042969e+02, 2.85446123157848e+02, 2.85563837890625e+02, 2.855401916503906e+02, 2.856970886230469e+02, 2.855897827148438e+02, 2.855701293945312e+02, 2.85558837890625e+02, 2.85639892578125e+02, 2.856316223144531e+02, 2.861016174316406e+02, 2.861416870117188e+02, 2.861016845703125e+02, 2.86107421875e+02, 2.861400451660156e+02, 2.859768432617187e+02, 2.861921569824219e+02, 2.859010314941406e+02, 2.8593359375e+02, 2.862987976074219e+02, 2.860314025878906e+02, 2.860108154296875e+02, 2.859260559082031e+02, 2.858902282714844e+02, 2.85821044921875e+02, 2.859070373535156e+02, 2.859851135253906e+02, 2.86209853848544e+02, 2.859773864746094e+02, 2.860942687988281e+02, 2.859976440429688e+02, 2.859639892578125e+02, 2.859711608886719e+02, 2.856837463378906e+02, 2.854695129394531e+02, 2.853592834472656e+02, 2.850471130371094e+02, 2.841004638671875e+02, 2.831387939453125e+02, 2.817722778320312e+02, 2.816414489746094e+02, 2.816219848632812e+02, 2.816215454101563e+02, 2.816193237304688e+02, 2.815419250488281e+02, 2.814141235351562e+02, 2.811562194824219e+02, 2.808107971191406e+02, 2.807553405761719e+02, 2.8085302734375e+02, 2.810308166503906e+02, 2.809050048828125e+02, 2.809563903808594e+02, 2.809053649902344e+02, 2.806873596191406e+02, 2.804695007324219e+02, 2.805819946289063e+02, 2.803895874023438e+02, 2.802017822265625e+02, 2.804160461425781e+02, 2.805100830078125e+02, 2.802408386230469e+02, 2.799872375488281e+02, 2.802464294433594e+02]
proHos.volMix_a.T=[2.931499938964844e+02, 2.838717468261719e+02, 2.818832092285156e+02, 2.821917663574219e+02, 2.813309143066406e+02, 2.827622985839844e+02, 2.826942749023438e+02, 2.827987609863281e+02, 2.830667785644531e+02, 2.828725646972656e+02, 2.825718688964844e+02, 2.827205200195312e+02, 2.826753051757813e+02, 2.831924438476562e+02, 2.830575073242188e+02, 2.836664123535156e+02, 2.834178405761719e+02, 2.831978820800781e+02, 2.834807189941406e+02, 2.824736145019531e+02, 2.830934753417969e+02, 2.841600341796875e+02, 2.839377319335937e+02, 2.845746459960938e+02, 2.844329650878906e+02, 2.849345092773438e+02, 2.848713012695313e+02, 2.85142578125e+02, 2.852308349609375e+02, 2.85065185546875e+02, 2.846146545410156e+02, 2.848773254394531e+02, 2.847737182617187e+02, 2.845883544921875e+02, 2.851724243164062e+02, 2.853001403808594e+02, 2.851827941894531e+02, 2.876106872558594e+02, 2.888920515580611e+02, 2.888643444824219e+02, 2.895061340332031e+02, 2.8762958984375e+02, 2.887584899902344e+02, 2.85649658203125e+02, 2.85763037109375e+02, 2.897878112792969e+02, 2.894094604492187e+02, 2.913010009765625e+02, 2.924554748535156e+02, 2.917978682084517e+02, 2.906536254882812e+02, 2.903214721679688e+02, 2.917389770507813e+02, 2.905163452148437e+02, 2.880155639648438e+02, 2.903144226074219e+02, 2.91244775390625e+02, 2.911867065429688e+02, 2.902986655495383e+02, 2.860018127441406e+02, 2.892377319335938e+02, 2.902407531738281e+02, 2.915430969238281e+02, 2.923388488769531e+02, 2.898526655717329e+02, 2.91912353515625e+02, 2.900061401367187e+02, 2.88147509765625e+02, 2.902737426757812e+02, 2.858018981933594e+02, 2.854927978515625e+02, 2.856828002929688e+02, 2.856491088867188e+02, 2.856152221679687e+02, 2.85651611328125e+02, 2.855795593261719e+02, 2.849641418457031e+02, 2.8541455078125e+02, 2.859680114746094e+02, 2.847948791503906e+02, 2.851763916015625e+02, 2.850554626464844e+02, 2.83975830078125e+02, 2.839758666992187e+02, 2.829604431152344e+02, 2.837568054199219e+02, 2.845905395507813e+02, 2.836757934570313e+02, 2.839712524414062e+02, 2.835996826171875e+02, 2.841224975585938e+02, 2.833522583007813e+02, 2.823632568359375e+02, 2.83218310546875e+02, 2.830106872558594e+02, 2.817908020019531e+02, 2.829792297363281e+02, 2.831810119628906e+02, 2.823817260742188e+02, 2.813764038085938e+02, 2.821891174316406e+02]
borFie.TBorAve=[2.848500061035156e+02, 2.845998229980469e+02, 2.841269348144531e+02, 2.838604919433594e+02, 2.835374938964844e+02, 2.83706787109375e+02, 2.839076477050781e+02, 2.837360473632813e+02, 2.838458862304688e+02, 2.840090881347656e+02, 2.837660522460938e+02, 2.837362731933594e+02, 2.837139709472656e+02, 2.838170349121094e+02, 2.838939270019531e+02, 2.840780639648438e+02, 2.84113916015625e+02, 2.840951843261719e+02, 2.840802490234375e+02, 2.83929736328125e+02, 2.841004333496094e+02, 2.843045837402344e+02, 2.844650390625e+02, 2.845857885742187e+02, 2.846440551757813e+02, 2.847991333007812e+02, 2.847812194824219e+02, 2.848980529785156e+02, 2.849552673339844e+02, 2.849563659667969e+02, 2.847802124023438e+02, 2.848382019042969e+02, 2.848342956542969e+02, 2.8481474609375e+02, 2.849643188476563e+02, 2.850278625488281e+02, 2.850317565917969e+02, 2.850553588867188e+02, 2.851274519486861e+02, 2.852283850097656e+02, 2.852217102050781e+02, 2.853113647460938e+02, 2.852871520996094e+02, 2.852483459472656e+02, 2.852150109863281e+02, 2.853445739746094e+02, 2.85271533203125e+02, 2.857675048828125e+02, 2.858842834472656e+02, 2.858754366787997e+02, 2.857959594726562e+02, 2.857545654296875e+02, 2.858227844238281e+02, 2.858330993652344e+02, 2.855988464355469e+02, 2.857012939453125e+02, 2.859817199707031e+02, 2.857966003417969e+02, 2.85722900390625e+02, 2.855648620605469e+02, 2.85502685546875e+02, 2.855803588867187e+02, 2.857083862304688e+02, 2.859325622558594e+02, 2.858674871271307e+02, 2.858035278320312e+02, 2.858040161132812e+02, 2.8570458984375e+02, 2.857097534179687e+02, 2.855368591308594e+02, 2.854500427246094e+02, 2.854439819335938e+02, 2.8542138671875e+02, 2.854100524902344e+02, 2.854067138671875e+02, 2.853809204101562e+02, 2.852601684570312e+02, 2.85319091796875e+02, 2.85371435546875e+02, 2.852843627929688e+02, 2.852012634277344e+02, 2.851678283691406e+02, 2.849700317382812e+02, 2.848184814453125e+02, 2.844486572265625e+02, 2.844727783203125e+02, 2.847361511230469e+02, 2.846539978027344e+02, 2.845830749511719e+02, 2.845577880859375e+02, 2.845495300292969e+02, 2.842690185546875e+02, 2.840953430175781e+02, 2.842004333496094e+02, 2.839969421386719e+02, 2.837822875976562e+02, 2.840432250976563e+02, 2.8410849609375e+02, 2.83775390625e+02, 2.835975280761719e+02, 2.837703552246094e+02]
proOff.volMix_a.T=[2.931499938964844e+02, 2.850229919433594e+02, 2.844709106445313e+02, 2.841908020019531e+02, 2.839865478515625e+02, 2.83998779296875e+02, 2.843111328125e+02, 2.841226196289062e+02, 2.842126525878906e+02, 2.844305419921875e+02, 2.841849060058594e+02, 2.841057678222656e+02, 2.840831970214844e+02, 2.841313415527344e+02, 2.841706665039063e+02, 2.845694885253906e+02, 2.844173706054688e+02, 2.845693969726562e+02, 2.844619323730469e+02, 2.842814331054688e+02, 2.845050048828125e+02, 2.845091857910156e+02, 2.847779541015625e+02, 2.848739233398438e+02, 2.849731689453125e+02, 2.849909057617188e+02, 2.851206665039062e+02, 2.851166198730469e+02, 2.853783874511719e+02, 2.862539672851562e+02, 2.855392456054688e+02, 2.854825134277344e+02, 2.851767883300781e+02, 2.851757568359375e+02, 2.851748046875e+02, 2.8517724609375e+02, 2.852805786132812e+02, 2.868761291503906e+02, 2.894436828613281e+02, 2.895628735351563e+02, 2.895411376953125e+02, 2.896995544433594e+02, 2.895900268554688e+02, 2.895710144042969e+02, 2.895540161132812e+02, 2.896395263671875e+02, 2.896339416503906e+02, 2.901033630371094e+02, 2.901372436523437e+02, 2.901037292480469e+02, 2.901087951660156e+02, 2.901449890136719e+02, 2.899739196777344e+02, 2.90196826171875e+02, 2.899032287597656e+02, 2.8992578125e+02, 2.90293212890625e+02, 2.90037109375e+02, 2.900145530007102e+02, 2.899029235839844e+02, 2.898527526855469e+02, 2.898202819824219e+02, 2.899063903808594e+02, 2.899803955078125e+02, 2.902169405850497e+02, 2.899755554199219e+02, 2.900956726074219e+02, 2.899933410644531e+02, 2.899637451171875e+02, 2.898994750976562e+02, 2.892015380859375e+02, 2.890311889648438e+02, 2.888707580566406e+02, 2.88346533203125e+02, 2.873902587890625e+02, 2.866624450683594e+02, 2.857191345214844e+02, 2.856274719238281e+02, 2.856215393066406e+02, 2.856200073242188e+02, 2.85617431640625e+02, 2.855355163574219e+02, 2.854091552734375e+02, 2.851618957519531e+02, 2.8480908203125e+02, 2.847561645507812e+02, 2.848589477539062e+02, 2.850295654296875e+02, 2.849067504882813e+02, 2.849558715820312e+02, 2.849048767089844e+02, 2.846815124511719e+02, 2.844723327636719e+02, 2.845823303222656e+02, 2.843860778808594e+02, 2.84201171875e+02, 2.844201416015625e+02, 2.845093444824219e+02, 2.842373291015625e+02, 2.839869262695312e+02, 2.842433776855469e+02]
proHos.volMix_b.T=[2.931499938964844e+02, 2.797466674804688e+02, 2.780280151367188e+02, 2.781870910644531e+02, 2.771610290527344e+02, 2.788222351074219e+02, 2.787358337402344e+02, 2.787776428222656e+02, 2.790511352539062e+02, 2.789370239257813e+02, 2.785916442871094e+02, 2.787016174316406e+02, 2.788123046875e+02, 2.791368103027344e+02, 2.790795227050781e+02, 2.797076721191406e+02, 2.792558471679687e+02, 2.790494873046875e+02, 2.794578796386719e+02, 2.784272094726563e+02, 2.790909423828125e+02, 2.801630126953125e+02, 2.800891662597656e+02, 2.805177612304688e+02, 2.802559020996094e+02, 2.809037170410156e+02, 2.807970886230469e+02, 2.811347045898438e+02, 2.812276916503906e+02, 2.809991333007812e+02, 2.804508666992188e+02, 2.808744506835938e+02, 2.806150634765625e+02, 2.804697265625e+02, 2.811515197753906e+02, 2.813040161132812e+02, 2.812132690429688e+02, 2.84311279296875e+02, 2.851557744806463e+02, 2.854804479980469e+02, 2.855176391601562e+02, 2.841287353515625e+02, 2.85370068359375e+02, 2.816416320800781e+02, 2.820944787597657e+02, 2.860387573242188e+02, 2.854560791015625e+02, 2.875300598144531e+02, 2.883394470214844e+02, 2.878076160777699e+02, 2.866774291992188e+02, 2.867343139648438e+02, 2.878734558105469e+02, 2.864370300292969e+02, 2.847966613769531e+02, 2.864136047363281e+02, 2.870897705078125e+02, 2.871840209960938e+02, 2.863087635387074e+02, 2.821596801757813e+02, 2.856364135742188e+02, 2.861811340332031e+02, 2.875814819335938e+02, 2.882270812988281e+02, 2.860982027920809e+02, 2.878526916503906e+02, 2.8649482421875e+02, 2.8484365234375e+02, 2.864716186523438e+02, 2.818096923828125e+02, 2.815165710449219e+02, 2.816817016601562e+02, 2.816394348144531e+02, 2.816236511230469e+02, 2.8164990234375e+02, 2.81563232421875e+02, 2.809095642089844e+02, 2.813705139160156e+02, 2.824035461425781e+02, 2.808627075195312e+02, 2.812055969238281e+02, 2.810481079101563e+02, 2.801263427734375e+02, 2.800369201660156e+02, 2.78889306640625e+02, 2.797689819335938e+02, 2.804705932617188e+02, 2.798328857421875e+02, 2.798755676269531e+02, 2.796992370605469e+02, 2.80076416015625e+02, 2.7934130859375e+02, 2.784612487792969e+02, 2.792107971191406e+02, 2.789469299316406e+02, 2.779933166503906e+02, 2.78889697265625e+02, 2.790341003417969e+02, 2.784402282714844e+02, 2.772680053710938e+02, 2.780523681640625e+02]
proApa.volMix_a.T=[2.931499938964844e+02, 2.848782775878906e+02, 2.842145568847656e+02, 2.841188903808594e+02, 2.836260559082031e+02, 2.839539489746094e+02, 2.843053955078125e+02, 2.840213806152344e+02, 2.841104797363281e+02, 2.844234008789062e+02, 2.838882751464844e+02, 2.840041198730469e+02, 2.840531127929688e+02, 2.840918823242188e+02, 2.841940979003906e+02, 2.844716796875e+02, 2.843174072265625e+02, 2.844362976074219e+02, 2.842811584472656e+02, 2.842075378417969e+02, 2.845080871582031e+02, 2.846809143066406e+02, 2.847921264648438e+02, 2.849584045410156e+02, 2.849760437011719e+02, 2.851332092285156e+02, 2.850797729492188e+02, 2.852207458496094e+02, 2.852775268554688e+02, 2.853028442382812e+02, 2.851658020019531e+02, 2.851602111816406e+02, 2.851537414550781e+02, 2.851282348632812e+02, 2.852789916992188e+02, 2.853402404785156e+02, 2.853630065917969e+02, 2.853936462402344e+02, 2.856057284268466e+02, 2.893528137207031e+02, 2.88517333984375e+02, 2.887930297851562e+02, 2.891097534179688e+02, 2.857157592773438e+02, 2.8554638671875e+02, 2.8974658203125e+02, 2.878791198730469e+02, 2.903778198242188e+02, 2.902581787109375e+02, 2.901340498490767e+02, 2.901915283203125e+02, 2.902332153320312e+02, 2.903160095214844e+02, 2.901912536621094e+02, 2.872108764648438e+02, 2.900715637207031e+02, 2.903875427246094e+02, 2.900552062988281e+02, 2.898700772372159e+02, 2.861476745605469e+02, 2.861292419433594e+02, 2.898702697753906e+02, 2.899417663574219e+02, 2.900748291015625e+02, 2.902593078613281e+02, 2.900696411132812e+02, 2.901096252441406e+02, 2.899051208496094e+02, 2.901673889160156e+02, 2.858918579101563e+02, 2.857476501464844e+02, 2.857383728027344e+02, 2.857145202636719e+02, 2.857055358886719e+02, 2.85704833984375e+02, 2.8569140625e+02, 2.855461181640625e+02, 2.855967712402344e+02, 2.856409545898438e+02, 2.855929138183594e+02, 2.855169067382812e+02, 2.854825134277344e+02, 2.852491271972656e+02, 2.851686706542969e+02, 2.847733032226562e+02, 2.846814270019531e+02, 2.850355834960938e+02, 2.848818359375e+02, 2.848254516601563e+02, 2.84926318359375e+02, 2.848714599609375e+02, 2.845583312988281e+02, 2.843861267089844e+02, 2.84245751953125e+02, 2.842582275390625e+02, 2.840760192871094e+02, 2.841305786132813e+02, 2.844677307128906e+02, 2.839170593261719e+02, 2.836690856933594e+02, 2.841388854980469e+02]
proApa.volMix_b.T=[2.931499938964844e+02, 2.808965881347656e+02, 2.802418029785156e+02, 2.801216918945312e+02, 2.796458190917969e+02, 2.799538269042969e+02, 2.803063659667969e+02, 2.79988037109375e+02, 2.801135009765625e+02, 2.804204467773437e+02, 2.798634033203125e+02, 2.800065673828125e+02, 2.800286010742187e+02, 2.800840209960937e+02, 2.80190625e+02, 2.804757690429688e+02, 2.80335595703125e+02, 2.804454467773438e+02, 2.8027734375e+02, 2.801985473632812e+02, 2.805107421875e+02, 2.806769653320313e+02, 2.807990661621094e+02, 2.8095623046875e+02, 2.809774169921875e+02, 2.811273803710938e+02, 2.810679321289062e+02, 2.812096801757813e+02, 2.81267822265625e+02, 2.81303125e+02, 2.811726379394531e+02, 2.811593933105469e+02, 2.81153955078125e+02, 2.811279296875e+02, 2.812673645019531e+02, 2.813292846679688e+02, 2.813588562011719e+02, 2.813766479492188e+02, 2.818072176846591e+02, 2.856013488769531e+02, 2.848053588867188e+02, 2.855335998535156e+02, 2.854776611328125e+02, 2.820185241699219e+02, 2.815657348632812e+02, 2.857479248046875e+02, 2.84349560546875e+02, 2.863869934082031e+02, 2.862527465820312e+02, 2.861140480735085e+02, 2.862944030761719e+02, 2.862671508789062e+02, 2.862525390625e+02, 2.8619130859375e+02, 2.841947937011719e+02, 2.860806274414062e+02, 2.864758178710937e+02, 2.860367736816406e+02, 2.860779657537287e+02, 2.827422790527344e+02, 2.8248193359375e+02, 2.858628234863281e+02, 2.859449340820312e+02, 2.860776245117187e+02, 2.863549194335938e+02, 2.860674133300781e+02, 2.862698059082031e+02, 2.860244018554687e+02, 2.861288146972656e+02, 2.820498840332031e+02, 2.817525024414062e+02, 2.817390747070312e+02, 2.817135131835938e+02, 2.817077026367188e+02, 2.817055053710938e+02, 2.816932983398438e+02, 2.815535949707031e+02, 2.815976867675781e+02, 2.816303771972656e+02, 2.815958740234375e+02, 2.815190124511719e+02, 2.814605529785156e+02, 2.812552185058594e+02, 2.811696655273437e+02, 2.807717407226563e+02, 2.806846923828125e+02, 2.810276672363281e+02, 2.808631652832031e+02, 2.808302185058594e+02, 2.809238037109375e+02, 2.80855224609375e+02, 2.805650573730469e+02, 2.803833190917969e+02, 2.802525512695312e+02, 2.802614807128906e+02, 2.800470581054688e+02, 2.801550476074219e+02, 2.804750610351563e+02, 2.79901220703125e+02, 2.796883605957031e+02, 2.801430358886719e+02]
EHeaPum.y=[0e+00, 1.26919386908412e-02, 3.71975988149643e-02, 6.696152836084365e-02, 1.01882192492485e-01, 1.313180923461914e-01, 1.507586002349854e-01, 1.748611629009247e-01, 1.94061204791069e-01, 2.110299050807953e-01, 2.340502291917801e-01, 2.570227563381195e-01, 2.809225380420685e-01, 3.027824699878693e-01, 3.219481587409973e-01, 3.33215206861496e-01, 3.483858466148376e-01, 3.604429721832275e-01, 3.776467621326446e-01, 3.974479794502258e-01, 4.104108214378357e-01, 4.207948267459869e-01, 4.281579852104187e-01, 4.332307732105255e-01, 4.386043787002564e-01, 4.416070282459259e-01, 4.467201590538025e-01, 4.488816201686859e-01, 4.509953856468201e-01, 4.537073612213135e-01, 4.58798348903656e-01, 4.642149269580841e-01, 4.700890243053436e-01, 4.75148469209671e-01, 4.778957068920135e-01, 4.800508618354797e-01, 4.825114965438843e-01, 4.852480292320251e-01, 4.872412546114488e-01, 4.891788864135742e-01, 4.912952184677124e-01, 4.931661665439606e-01, 4.951159834861755e-01, 4.972768723964691e-01, 4.992858695983887e-01, 5.012157559394836e-01, 5.033948063850403e-01, 5.052102923393249e-01, 5.070559978485107e-01, 5.090849724682894e-01, 5.108665823936462e-01, 5.127823352813721e-01, 5.147763729095459e-01, 5.165994167327881e-01, 5.185900926589966e-01, 5.205769538879395e-01, 5.22411334514618e-01, 5.24402916431427e-01, 5.262600725347345e-01, 5.282311797142029e-01, 5.303710699081421e-01, 5.322526454925537e-01, 5.341477036476135e-01, 5.361869335174561e-01, 5.379852045666088e-01, 5.398924350738525e-01, 5.419514656066895e-01, 5.437574625015259e-01, 5.456662178039551e-01, 5.478475570678711e-01, 5.503467917442322e-01, 5.524539947509766e-01, 5.549315214157104e-01, 5.57006323337555e-01, 5.591683387756348e-01, 5.615307092666626e-01, 5.664262056350708e-01, 5.693857073783875e-01, 5.716206908226014e-01, 5.748941779136658e-01, 5.798563361167908e-01, 5.844771385192871e-01, 5.930676221847534e-01, 6.053205370903015e-01, 6.236604690551758e-01, 6.4108806848526e-01, 6.513565421104431e-01, 6.60732913017273e-01, 6.740532398223877e-01, 6.866324186325073e-01, 6.98701798915863e-01, 7.168587803840637e-01, 7.418080806732178e-01, 7.5817711353302e-01, 7.817636966705322e-01, 8.10430645942688e-01, 8.293908953666687e-01, 8.457890152931213e-01, 8.712041258811951e-01, 9.035160422325135e-01, 9.250755310058594e-01]
EEleTot.y=[0e+00, 1.81660920381546e-02, 4.827739298343658e-02, 8.373150825500489e-02, 1.244469627737999e-01, 1.595692485570908e-01, 1.845393389463425e-01, 2.142378211021423e-01, 2.389702707529068e-01, 2.614451467990875e-01, 2.900462448596954e-01, 3.18596625328064e-01, 3.480802476406097e-01, 3.755071938037872e-01, 4.002003908157349e-01, 4.169314503669739e-01, 4.375951826572418e-01, 4.551207900047302e-01, 4.778384387493134e-01, 5.031775951385498e-01, 5.216116905212402e-01, 5.374518156051635e-01, 5.502579927444458e-01, 5.607656407356262e-01, 5.715750694274903e-01, 5.80007791519165e-01, 5.90557086467743e-01, 5.981465458869935e-01, 6.056892037391662e-01, 6.138314127922058e-01, 6.243589520454407e-01, 6.352108001708985e-01, 6.46521782875061e-01, 6.570166349411011e-01, 6.651934862136841e-01, 6.727775931358337e-01, 6.806670784950256e-01, 6.888340353965759e-01, 6.962587118148804e-01, 7.036357879638672e-01, 7.111861705780029e-01, 7.185058355331421e-01, 7.258883595466614e-01, 7.334807872772217e-01, 7.409184956550598e-01, 7.482874393463135e-01, 7.558994174003602e-01, 7.63282585144043e-01, 7.706622838973999e-01, 7.782329656861046e-01, 7.854937314987183e-01, 7.929059386253356e-01, 8.003715515136719e-01, 8.077069163322449e-01, 8.151416301727294e-01, 8.225841522216797e-01, 8.299822688102723e-01, 8.374743700027466e-01, 8.448032877661965e-01, 8.522055745124817e-01, 8.597768545150757e-01, 8.670973658561707e-01, 8.744538784027099e-01, 8.819981575012207e-01, 8.89367832920768e-01, 8.967322707176208e-01, 9.042550206184388e-01, 9.115269541740417e-01, 9.188856840133667e-01, 9.264976024627686e-01, 9.34425950050354e-01, 9.419622302055359e-01, 9.498696684837341e-01, 9.573728680610657e-01, 9.649645566940308e-01, 9.727560877799988e-01, 9.830856800079346e-01, 9.914758443832398e-01, 9.991407990455627e-01, 1.007844495773315e+00, 1.018241405487061e+00, 1.028295588493347e+00, 1.04233660697937e+00, 1.060059285163879e+00, 1.083928990364075e+00, 1.106868028640747e+00, 1.122596049308777e+00, 1.13742561340332e+00, 1.156220769882202e+00, 1.174268913269043e+00, 1.191805601119995e+00, 1.215484714508057e+00, 1.246047973632812e+00, 1.267917633056641e+00, 1.29708993434906e+00, 1.331426978111267e+00, 1.355919742584228e+00, 1.377815198898315e+00, 1.408850955963135e+00, 1.44689769744873e+00, 1.474014639854431e+00]
EPumPro.y=[0e+00, 5.867319996468723e-05, 2.488323603756726e-04, 5.235379096120596e-04, 9.028465952724219e-04, 1.173759694211185e-03, 1.287845661863685e-03, 1.46829925943166e-03, 1.585216214880347e-03, 1.67591895442456e-03, 1.841202960349619e-03, 2.003583591431379e-03, 2.171958889812231e-03, 2.323455270379782e-03, 2.435494912788272e-03, 2.484024967998266e-03, 2.561640180647373e-03, 2.61463806964457e-03, 2.713014092296362e-03, 2.835458889603615e-03, 2.891255775466561e-03, 2.931899623945355e-03, 2.959412010386586e-03, 2.978818491101265e-03, 2.999169658869505e-03, 3.013761714100838e-03, 3.034401033073664e-03, 3.046937799081206e-03, 3.060327610000968e-03, 3.075095918029547e-03, 3.096205182373524e-03, 3.115945402532816e-03, 3.137351851910353e-03, 3.157304367050529e-03, 3.17145767621696e-03, 3.184892935678363e-03, 3.198278183117509e-03, 3.213211428374052e-03, 3.229191514070738e-03, 3.253168743103742e-03, 3.271707333624363e-03, 3.304975060746074e-03, 3.322183899581432e-03, 3.338263835757971e-03, 3.351452024653554e-03, 3.375057131052017e-03, 3.392511792480945e-03, 3.544665360823274e-03, 3.663187846541405e-03, 3.789392630146308e-03, 3.853158792480826e-03, 3.934076987206936e-03, 3.990157227963209e-03, 4.087004717439413e-03, 4.115594085305929e-03, 4.155803471803665e-03, 4.304019827395677e-03, 4.389028064906597e-03, 4.445315567268566e-03, 4.46102786809206e-03, 4.476931411772966e-03, 4.500390775501728e-03, 4.546374268829823e-03, 4.635940305888653e-03, 4.791876843029803e-03, 4.833566024899483e-03, 4.881791677325964e-03, 4.932296462357044e-03, 4.96678939089179e-03, 4.981880635023117e-03, 4.995473194867373e-03, 5.009097047150135e-03, 5.023537948727608e-03, 5.036464612931013e-03, 5.050673149526119e-03, 5.064296536147594e-03, 5.082931462675333e-03, 5.098141729831696e-03, 5.11261923238635e-03, 5.127339623868465e-03, 5.146602168679237e-03, 5.164453946053982e-03, 5.199545156210661e-03, 5.253810714930296e-03, 5.368093401193619e-03, 5.464049056172371e-03, 5.508147832006216e-03, 5.545840505510569e-03, 5.605198349803686e-03, 5.658751539885998e-03, 5.710497964173555e-03, 5.817202292382717e-03, 6.015676911920309e-03, 6.100797187536955e-03, 6.271047797054052e-03, 6.525700446218252e-03, 6.642670277506113e-03, 6.724572367966175e-03, 6.929725594818592e-03, 7.249091658741236e-03, 7.391012273728848e-03]
EPumPla.y=[0e+00, 2.711668668780476e-04, 5.423337570391595e-04, 8.135006064549088e-04, 1.084667514078319e-03, 1.355834305286407e-03, 1.627001212909818e-03, 1.898168120533228e-03, 2.169335028156638e-03, 2.440501935780048e-03, 2.711668610572815e-03, 2.982835518196225e-03, 3.254002425819635e-03, 3.525169333443046e-03, 3.796336241066456e-03, 4.067502915859222e-03, 4.338669963181019e-03, 4.609836917370558e-03, 4.881003685295582e-03, 5.15217063948512e-03, 5.42333722114563e-03, 5.694504268467427e-03, 5.965671222656965e-03, 6.236838009208441e-03, 6.508004944771528e-03, 6.779171992093325e-03, 7.050338573753834e-03, 7.32150562107563e-03, 7.592672295868397e-03, 7.863839343190192e-03, 8.135005831718445e-03, 8.406172879040242e-03, 8.677339926362038e-03, 8.948506973683833e-03, 9.2196736484766e-03, 9.490840137004852e-03, 9.762007184326649e-03, 1.003317423164845e-02, 1.030434127897024e-02, 1.057550832629204e-02, 1.084667444229126e-02, 1.111784148961306e-02, 1.138900853693485e-02, 1.166017558425665e-02, 1.193134263157845e-02, 1.220250967890024e-02, 1.247367579489946e-02, 1.274484284222126e-02, 1.301600988954306e-02, 1.328717693686485e-02, 1.355834398418665e-02, 1.38295104727149e-02, 1.410067714750767e-02, 1.437184419482946e-02, 1.464301124215126e-02, 1.491417828947306e-02, 1.518534477800131e-02, 1.545651145279408e-02, 1.572767922824079e-02, 1.599884554743767e-02, 1.627001166343689e-02, 1.654117964208126e-02, 1.681234575808048e-02, 1.708351373672485e-02, 1.735468046231703e-02, 1.76258459687233e-02, 1.789701394736767e-02, 1.816818006336689e-02, 1.843934804201126e-02, 1.871051415801048e-02, 1.89816802740097e-02, 1.925284825265407e-02, 1.95240143686533e-02, 1.979518234729767e-02, 2.006634846329689e-02, 2.033751457929611e-02, 2.060868255794048e-02, 2.087984867393971e-02, 2.115101665258408e-02, 2.14221827685833e-02, 2.169334888458252e-02, 2.196451686322689e-02, 2.223568297922611e-02, 2.250685095787048e-02, 2.277801707386971e-02, 2.304918505251408e-02, 2.33203511685133e-02, 2.359151728451252e-02, 2.386268526315689e-02, 2.413385137915611e-02, 2.440501935780048e-02, 2.46761854737997e-02, 2.494735158979893e-02, 2.52185195684433e-02, 2.548968568444252e-02, 2.576085366308689e-02, 2.603201977908611e-02, 2.630318589508534e-02, 2.657435387372971e-02, 2.684551998972893e-02, 2.71166879683733e-02]
EPumDis.y=[0e+00, 5.144313722848892e-03, 1.028862781822681e-02, 1.543294172734022e-02, 2.057725600898266e-02, 2.572157047688961e-02, 3.086588308215141e-02, 3.601019755005837e-02, 4.115451201796531e-02, 4.629882648587227e-02, 5.144314095377922e-02, 5.658745169639588e-02, 6.173176616430283e-02, 6.687608063220978e-02, 7.202039510011674e-02, 7.716470956802368e-02, 8.230902403593063e-02, 8.745333850383759e-02, 9.259765297174453e-02, 9.774196743965149e-02, 1.028862819075584e-01, 1.08030591905117e-01, 1.131749033927918e-01, 1.183192184567451e-01, 1.234635323286057e-01, 1.286078542470932e-01, 1.337521612644196e-01, 1.388964831829071e-01, 1.440407902002335e-01, 1.491850972175598e-01, 1.543294191360474e-01, 1.594737261533737e-01, 1.646180480718613e-01, 1.697623550891876e-01, 1.749066770076752e-01, 1.800509840250015e-01, 1.851953059434891e-01, 1.903396129608154e-01, 1.95483933524652e-01, 2.006282436847687e-01, 2.057725638151169e-01, 2.109168708324432e-01, 2.160611897706985e-01, 2.212054997682572e-01, 2.263498085737228e-01, 2.31494128704071e-01, 2.366384357213974e-01, 2.417827576398849e-01, 2.469270646572113e-01, 2.520713773640719e-01, 2.572157084941864e-01, 2.62360006570816e-01, 2.675043344497681e-01, 2.726486325263977e-01, 2.777929604053497e-01, 2.829372584819794e-01, 2.880815863609314e-01, 2.932258903980255e-01, 2.983702112327922e-01, 3.035145223140717e-01, 3.086588382720947e-01, 3.138031542301178e-01, 3.189474642276764e-01, 3.24091786146164e-01, 3.292360869320956e-01, 3.343804180622101e-01, 3.395247161388397e-01, 3.446690440177917e-01, 3.498133420944214e-01, 3.549576699733734e-01, 3.601019680500031e-01, 3.652462840080261e-01, 3.703905999660492e-01, 3.755349159240723e-01, 3.806792318820953e-01, 3.858235478401184e-01, 3.909678637981415e-01, 3.961121737957001e-01, 4.012564957141876e-01, 4.064007997512817e-01, 4.115451276302338e-01, 4.166894257068634e-01, 4.218337535858154e-01, 4.269780516624451e-01, 4.321223795413971e-01, 4.372666776180267e-01, 4.424109935760498e-01, 4.475553095340729e-01, 4.52699625492096e-01, 4.57843941450119e-01, 4.629882574081421e-01, 4.681325733661652e-01, 4.732768833637238e-01, 4.784212052822113e-01, 4.835655093193054e-01, 4.887098371982574e-01, 4.938541352748871e-01, 4.989984631538391e-01, 5.041427612304688e-01, 5.092870593070984e-01, 5.144314169883728e-01]
proOff.mCooCon_flow_nominal=[1.845721817016602e+01, 1.845721817016602e+01]
proApa.mCooCon_flow_nominal=[8.781070709228516e+01, 8.781070709228516e+01]
proHos.mCooCon_flow_nominal=[3.179971313476562e+01, 3.179971313476562e+01]
datDes.mDisPip_flow_nominal=[9.5e+01, 9.5e+01]
proOff.mHeaEva_flow_nominal=[1.563695049285889e+01, 1.563695049285889e+01]
proHos.mHeaEva_flow_nominal=[3.629302215576172e+01, 3.629302215576172e+01]
proApa.mHeaEva_flow_nominal=[1.001971817016602e+02, 1.001971817016602e+02]
proApa.mHotWatEva_flow_nominal=[4.675549566745758e-01, 4.675549566745758e-01]
proHos.mHotWatEva_flow_nominal=[2.161010205745697e-01, 2.161010205745697e-01]
proOff.mHotWatEva_flow_nominal=[1.742750220000744e-02, 1.742750220000744e-02]
proOff.heaPumHotWat.COP=[3.908720970153809e+00, 2.930246353149414e+00, 2.969687604904175e+00, 3.234749889373779e+00, 2.841518592834473e+00, 3.22283935546875e+00, 3.242258358001709e+00, 2.885763454437256e+00, 3.236111211776733e+00, 3.249743509292602e+00, 2.934276103973389e+00, 3.229465198516846e+00, 3.228064966201782e+00, 3.231051921844482e+00, 3.233496475219726e+00, 3.258498907089233e+00, 2.849480628967285e+00, 3.258492851257324e+00, 2.969217491149903e+00, 3.240402221679688e+00, 3.25442910194397e+00, 3.254693508148193e+00, 2.985792684555054e+00, 3.27784481048584e+00, 2.888811731338501e+00, 3.28533935546875e+00, 3.293694019317627e+00, 2.935170745849609e+00, 3.310413599014282e+00, 3.368504047393799e+00, 3.00473952293396e+00, 3.317215204238892e+00, 3.297321081161499e+00, 2.911599922180176e+00, 3.297192096710205e+00, 3.297348976135254e+00, 3.304048299789429e+00, 3.411037683486938e+00, 3.598550020564686e+00, 3.16129958152771e+00, 3.606074810028076e+00, 3.186465406417847e+00, 3.609860897064209e+00, 3.608386754989624e+00, 3.607070207595825e+00, 3.613702774047852e+00, 3.613268375396729e+00, 3.210977411270142e+00, 3.652791595458984e+00, 3.650132179260254e+00, 3.269653797149658e+00, 3.653407096862793e+00, 3.639871597290039e+00, 3.183821392059326e+00, 3.634306669235229e+00, 3.636080026626587e+00, 3.157676267623901e+00, 3.644859313964844e+00, 3.289720036766746e+00, 3.634283781051636e+00, 3.630344867706299e+00, 3.627800941467285e+00, 3.283244371414185e+00, 3.640382623672485e+00, 3.167302495783026e+00, 3.640000104904175e+00, 3.649495124816895e+00, 3.641403579711914e+00, 3.6390700340271e+00, 3.634013652801514e+00, 3.213403463363647e+00, 3.567045927047729e+00, 3.554943561553955e+00, 3.077769947052002e+00, 3.447004318237305e+00, 3.396308898925781e+00, 2.912456941604614e+00, 3.326734066009521e+00, 3.030961847305298e+00, 2.947523498535156e+00, 3.326072692871094e+00, 2.956298637390137e+00, 3.312419891357422e+00, 3.296356439590454e+00, 3.27370491027832e+00, 3.270334720611572e+00, 3.276888132095337e+00, 2.930777215957642e+00, 3.279943752288818e+00, 3.283090829849243e+00, 3.279824018478394e+00, 3.265590381622315e+00, 3.252372264862061e+00, 2.882472276687622e+00, 3.246952629089356e+00, 3.235396146774292e+00, 2.849611902236938e+00, 3.254702377319336e+00, 2.957544994354248e+00, 2.866673564910889e+00, 3.238025426864624e+00]
proOff.heaPum.COP=[1.882187461853027e+01, 6.387853813171387e+00, 5.259432792663574e+00, 6.52329044342041e+00, 4.860522747039795e+00, 6.432673931121826e+00, 7.177421379089355e+00, 6.656655025482178e+00, 6.535830593109131e+00, 7.256302738189698e+00, 5.708211421966553e+00, 6.453461170196533e+00, 7.045615673065186e+00, 6.471176147460938e+00, 6.956061840057373e+00, 7.26613712310791e+00, 6.179169940948486e+00, 6.702710151672363e+00, 6.319754028320313e+00, 6.703119659423828e+00, 9.046259880065918e+00, 9.048539161682129e+00, 6.602305507659912e+00, 7.319993076324462e+00, 9.308072471618653e+00, 9.318279266357422e+00, 9.393718719482422e+00, 9.3913423538208e+00, 9.547224044799805e+00, 1.010839366912842e+01, 9.645602226257324e+00, 9.610658645629883e+00, 9.426727294921875e+00, 9.426117897033691e+00, 9.425552368164062e+00, 9.426982879638672e+00, 9.488377571105957e+00, 1.054900169372559e+01, 1.28627179926092e+01, 1.299501888275146e+01, 1.29707088470459e+01, 1.315015163421631e+01, 1.302555656433105e+01, 1.300415897369385e+01, 1.298509311676025e+01, 1.308157348632812e+01, 1.307522010803223e+01, 1.363082866668701e+01, 1.367278499603271e+01, 1.363128852844238e+01, 1.363753890991211e+01, 1.368241500854492e+01, 1.347297115325928e+01, 1.374717292785644e+01, 1.338827228546143e+01, 1.34151725769043e+01, 1.386921577453613e+01, 1.354957866668701e+01, 1.352214464707808e+01, 1.338792419433594e+01, 1.332845783233643e+01, 1.329026699066162e+01, 1.339203777313232e+01, 1.348079032897949e+01, 1.377246000116522e+01, 1.347493839263916e+01, 1.362137889862061e+01, 1.349643058776855e+01, 1.346072006225586e+01, 1.338383483886719e+01, 1.260202693939209e+01, 1.242488956451416e+01, 1.226257610321045e+01, 1.176049537658691e+01, 1.094316482543945e+01, 1.039340877532959e+01, 7.516095638275146e+00, 9.700419425964355e+00, 9.696708488464356e+00, 8.895801353454591e+00, 9.694146156311035e+00, 9.643290710449218e+00, 7.354358196258545e+00, 9.417933464050293e+00, 7.179317951202393e+00, 6.508224010467529e+00, 9.24281120300293e+00, 6.586880302429199e+00, 6.763333415985107e+00, 9.298117637634277e+00, 7.241274833679199e+00, 6.871266841888428e+00, 6.696771049499512e+00, 5.618072986602783e+00, 6.456075286865234e+00, 6.831662178039551e+00, 5.199398422241211e+00, 7.036491012573242e+00, 5.696164894104004e+00, 5.025759506225586e+00, 8.906268119812012e+00]
proApa.heaPumHotWat.COP=[3.908720970153809e+00, 3.27812328338623e+00, 2.995665264129639e+00, 3.23027868270874e+00, 3.199970531463623e+00, 2.890070676803589e+00, 3.082806539535523e+00, 2.985621500015259e+00, 3.229757213592529e+00, 2.868539047241211e+00, 2.855288505554199e+00, 3.223169040679932e+00, 2.863175201416015e+00, 3.228603267669678e+00, 3.234955167770386e+00, 2.883401393890381e+00, 3.242651510238647e+00, 3.250105905532837e+00, 2.999367094039917e+00, 3.235792016983032e+00, 3.254623174667358e+00, 3.265552425384521e+00, 3.026776742935181e+00, 3.283253192901611e+00, 3.284385681152344e+00, 2.949141025543213e+00, 3.127114868164063e+00, 3.050266599655151e+00, 3.303849458694458e+00, 2.911461400985718e+00, 2.917579412460327e+00, 3.296247816085816e+00, 2.916978788375855e+00, 3.294183015823364e+00, 3.303945541381836e+00, 2.926297187805176e+00, 3.30941104888916e+00, 3.311408042907715e+00, 3.023946176875721e+00, 3.59156322479248e+00, 3.528566837310791e+00, 3.549107551574707e+00, 3.280635929107666e+00, 3.332558393478394e+00, 3.321402311325073e+00, 3.205446004867554e+00, 3.2983895778656e+00, 3.363722658157349e+00, 3.662416458129883e+00, 3.173869523135099e+00, 3.191484451293945e+00, 3.660426616668701e+00, 3.198925304412842e+00, 3.657083511352539e+00, 3.434369087219238e+00, 3.184348344802856e+00, 3.672769737243653e+00, 3.646290063858032e+00, 3.273471988331188e+00, 3.361344575881958e+00, 3.360105991363525e+00, 3.631720542907715e+00, 3.334717273712158e+00, 3.647843980789184e+00, 3.662508487701416e+00, 3.225074768066406e+00, 3.448584890365601e+00, 3.332326889038086e+00, 3.655185699462891e+00, 2.940938091278076e+00, 2.946860551834106e+00, 3.334052562713623e+00, 2.945176887512207e+00, 3.331882953643799e+00, 3.331835031509399e+00, 2.944003582000732e+00, 3.321386337280273e+00, 3.324712753295898e+00, 3.073597145080567e+00, 3.324460363388062e+00, 3.319469928741455e+00, 3.317216491699219e+00, 3.051819896697998e+00, 3.296795320510864e+00, 3.271425199508667e+00, 2.926227331161499e+00, 3.124557733535767e+00, 3.03173565864563e+00, 3.274749612808228e+00, 2.892928266525268e+00, 2.902987718582153e+00, 3.257794189453125e+00, 2.879244375228882e+00, 3.238174629211426e+00, 3.238952589035034e+00, 2.864274978637695e+00, 3.231004953384399e+00, 3.252082252502441e+00, 2.979982900619507e+00, 3.202593231201172e+00, 3.231520175933838e+00]
proApa.heaPum.COP=[1.116155052185059e+01, 6.472144031524659e+00, 5.097031021118164e+00, 6.014880847930908e+00, 5.631664752960205e+00, 5.015870571136475e+00, 6.198946189880371e+00, 6.004473400115967e+00, 5.975493240356445e+00, 5.743069076538086e+00, 5.139112949371338e+00, 5.726784229278564e+00, 5.697709655761718e+00, 6.252502250671387e+00, 6.472277641296387e+00, 5.836643218994141e+00, 6.771822071075439e+00, 6.174381828308105e+00, 6.245507049560547e+00, 6.302175521850586e+00, 6.628935813903809e+00, 7.33391227722168e+00, 6.360842514038086e+00, 7.455054931640625e+00, 9.309721946716309e+00, 6.248783588409424e+00, 9.369811439514161e+00, 9.452731323242187e+00, 9.486547470092773e+00, 7.55570650100708e+00, 6.394882202148438e+00, 7.176226711273193e+00, 9.036489868164063e+00, 9.398158073425293e+00, 9.487432479858398e+00, 9.524188041687012e+00, 9.537920951843262e+00, 9.556463241577148e+00, 9.686852385781028e+00, 1.276365280151367e+01, 1.191950702667236e+01, 1.218542385101318e+01, 1.250603446960449e+01, 9.755914688110352e+00, 9.65000057220459e+00, 1.32043571472168e+01, 1.134627780914307e+01, 1.397812881469727e+01, 1.382458209991455e+01, 1.366883307370273e+01, 1.374050903320312e+01, 1.379298782348633e+01, 1.389861602783203e+01, 1.374015827178955e+01, 1.080233097076416e+01, 1.359171295166016e+01, 1.399075660705566e+01, 1.357167530059814e+01, 1.334924944097346e+01, 1.003678703308105e+01, 1.002447128295898e+01, 1.334918212890625e+01, 1.343431701660156e+01, 1.359573726654053e+01, 1.38260440826416e+01, 1.358936786651611e+01, 1.363893146514893e+01, 1.339054908752441e+01, 1.371030235290527e+01, 9.868510246276855e+00, 7.753649234771729e+00, 9.770223617553711e+00, 9.755121040344239e+00, 9.749456405639648e+00, 9.74899959564209e+00, 7.43014669418335e+00, 7.621819400787354e+00, 9.681262016296387e+00, 9.708853912353515e+00, 7.54884557723999e+00, 9.631816864013672e+00, 7.632867813110352e+00, 5.983346462249756e+00, 7.075828647613525e+00, 6.51108751296997e+00, 5.390793800354004e+00, 8.382040214538574e+00, 6.144789123535157e+00, 6.458135032653809e+00, 5.988399028778076e+00, 5.752406597137451e+00, 5.935350131988526e+00, 5.456618881225586e+00, 6.06951675415039e+00, 5.916108894348144e+00, 4.958924293518066e+00, 6.090817737579346e+00, 6.143582153320312e+00, 5.002208995819092e+00, 5.468152332305908e+00, 6.724716663360596e+00]
proHos.heaPum.COP=[1.195434665679932e+01, 5.631266021728516e+00, 4.546644020080566e+00, 5.983870506286621e+00, 4.703440380096436e+00, 5.118204593658447e+00, 6.182466411590577e+00, 6.466776847839355e+00, 5.901075935363769e+00, 5.923876857757568e+00, 5.38446044921875e+00, 5.671155261993408e+00, 6.047555828094483e+00, 5.577067279815674e+00, 6.437379741668702e+00, 6.198467254638672e+00, 5.967158222198487e+00, 6.026479530334472e+00, 6.696376419067382e+00, 5.438503265380859e+00, 6.453479766845703e+00, 6.950896072387695e+00, 5.969726181030273e+00, 9.084266662597656e+00, 9.007294082641602e+00, 6.580901145935059e+00, 9.24981517791748e+00, 9.406571388244629e+00, 9.458733558654785e+00, 9.361319160461425e+00, 7.201995372772217e+00, 7.338829708099365e+00, 9.194706344604493e+00, 7.150210380554199e+00, 9.424150466918945e+00, 9.50008487701416e+00, 7.393531322479248e+00, 1.112130832672119e+01, 1.228629087968306e+01, 1.225732292175293e+01, 1.293171501159668e+01, 1.113904514312744e+01, 1.21516622543335e+01, 9.714298248291016e+00, 9.786482009887695e+00, 1.325230407714844e+01, 1.282522106170654e+01, 1.529842758178711e+01, 1.731838607788086e+01, 1.610060750787908e+01, 1.434542751312256e+01, 1.390539455413818e+01, 1.600047264099121e+01, 1.416210689544678e+01, 1.146415138244629e+01, 1.389634418487549e+01, 1.521354827880859e+01, 1.511298084259033e+01, 1.387617607116699e+01, 9.940140914916991e+00, 1.264033985137939e+01, 1.380285549163818e+01, 1.567364273071289e+01, 1.708913459777832e+01, 1.332900407964533e+01, 1.630013275146484e+01, 1.351287937164307e+01, 1.158049297332764e+01, 1.384438896179199e+01, 9.810658836364746e+00, 9.616971015930176e+00, 9.73511791229248e+00, 9.713962554931641e+00, 9.692770957946777e+00, 9.715522766113281e+00, 9.670575141906738e+00, 6.82505350112915e+00, 9.56916618347168e+00, 9.918036651611327e+00, 6.460303211212159e+00, 9.426490783691406e+00, 7.167061519622803e+00, 5.675130367279053e+00, 6.944802761077881e+00, 5.618584632873535e+00, 5.474373817443848e+00, 9.092992782592773e+00, 5.994923877716064e+00, 6.369836521148682e+00, 6.240662574768066e+00, 6.177600383758545e+00, 5.83123254776001e+00, 5.501996421813965e+00, 5.128537368774414e+00, 5.772030448913574e+00, 5.079749584197998e+00, 5.126061058044433e+00, 6.01807918548584e+00, 4.900347328186035e+00, 4.401792907714844e+00, 6.393970012664795e+00]
proHos.heaPumHotWat.COP=[3.908720970153809e+00, 2.824458312988281e+00, 2.73553786277771e+00, 3.11490912437439e+00, 2.710768413543701e+00, 2.774901628494263e+00, 2.995156908035278e+00, 2.775406932830811e+00, 3.166254186630249e+00, 2.779861545562744e+00, 2.765717744827271e+00, 3.145735549926758e+00, 2.771003866195679e+00, 2.794351291656494e+00, 3.165702438354492e+00, 2.816097021102905e+00, 2.802961635589599e+00, 3.174097442626953e+00, 2.807058429718018e+00, 2.762034511566162e+00, 3.167847394943237e+00, 2.839109086990356e+00, 2.828220415115356e+00, 3.258823394775391e+00, 2.850360727310181e+00, 2.875981569290161e+00, 3.115819072723389e+00, 2.884808158874512e+00, 3.30082106590271e+00, 2.882297134399414e+00, 2.85992169380188e+00, 3.278061771392822e+00, 2.868247222900391e+00, 2.857883739471435e+00, 3.297038555145264e+00, 2.893723249435425e+00, 2.888005399703979e+00, 3.462656259536743e+00, 3.080441102114591e+00, 3.077264003753662e+00, 3.603368759155273e+00, 3.010771512985229e+00, 3.073041391372681e+00, 3.328194856643677e+00, 2.916513929367065e+00, 3.130782604217529e+00, 3.401155376434326e+00, 3.218180656433105e+00, 3.846592426300049e+00, 3.250036126917059e+00, 3.180140972137451e+00, 3.66747522354126e+00, 3.246416807174683e+00, 3.171078634262085e+00, 3.491783857345581e+00, 3.161170482635498e+00, 3.214057540893555e+00, 3.738049507141113e+00, 3.159615603360263e+00, 2.928392648696899e+00, 3.582752227783203e+00, 3.156887769699097e+00, 3.233752870559692e+00, 3.836351585388184e+00, 3.132439318570224e+00, 3.257102012634277e+00, 3.441804695129394e+00, 3.039761447906494e+00, 3.663660526275635e+00, 2.91843056678772e+00, 2.902418375015259e+00, 3.330380916595459e+00, 2.910862874984741e+00, 2.907625865936279e+00, 3.328323602676392e+00, 2.907431125640869e+00, 2.875600862503052e+00, 3.312773466110229e+00, 2.926174831390381e+00, 2.867894220352173e+00, 3.297295093536377e+00, 2.880588006973267e+00, 2.830488538742066e+00, 3.221423244476318e+00, 2.783868265151978e+00, 2.820282459259033e+00, 3.099724006652832e+00, 2.815363693237305e+00, 3.221139907836914e+00, 2.813015270233154e+00, 2.837344884872437e+00, 3.183375406265259e+00, 2.757100629806518e+00, 2.794105625152588e+00, 3.162912511825561e+00, 2.731959342956543e+00, 2.783005094528198e+00, 3.1730881690979e+00, 2.757462787628174e+00, 2.712938594818115e+00, 3.114755630493164e+00]
