last-generated=2026-07-06
statistics-initialization=
{
  "nonlinear": "0, 1, 1, 1, 3, 1, 2, 1, 1, 4, 1, 1, 1, 1, 1",
  "numerical Jacobians": "0"
}
statistics-simulation=
{
  "linear": "0, 2",
  "nonlinear": "1, 1, 0, 3, 1, 1, 1, 1, 1, 1, 1, 1, 1",
  "number of continuous time states": "47",
  "numerical Jacobians": "0"
}
time=[0e+00, 8.64e+04]
cooModCon.y=[1e+00, 1e+00, 2e+00, 1e+00, 1e+00, 1e+00, 1e+00, 1e+00, 1e+00, 1e+00, 1e+00, 1e+00, 1e+00, 1e+00, 1e+00, 1e+00, 1e+00, 1e+00, 1e+00, 1e+00, 1e+00, 1e+00, 1e+00, 1e+00, 1e+00, 1e+00, 1e+00, 1e+00, 1e+00, 1e+00, 1e+00, 1e+00, 1e+00, 1e+00, 1e+00, 1e+00, 1e+00, 1e+00, 1e+00, 1e+00, 1e+00, 2e+00, 2e+00, 2e+00, 2e+00, 2e+00, 2e+00, 2e+00, 2e+00, 2e+00, 2e+00, 2e+00, 2e+00, 2e+00, 2e+00, 2e+00, 2e+00, 2e+00, 2e+00, 2e+00, 2e+00, 2e+00, 2e+00, 2e+00, 2e+00, 2e+00, 2e+00, 2e+00, 2e+00, 2e+00, 2e+00, 2e+00, 2e+00, 2e+00, 2e+00, 2e+00, 2e+00, 2e+00, 1e+00, 1e+00, 1e+00, 1e+00, 1e+00, 1e+00, 1e+00, 1e+00, 1e+00, 1e+00, 1e+00, 1e+00, 1e+00, 1e+00, 1e+00, 1e+00, 1e+00, 1e+00, 1e+00, 1e+00, 1e+00, 1e+00, 1e+00]
chiOn[1].u=[0e+00, 0e+00, 1e+00, 0e+00, 0e+00, 0e+00, 0e+00, 0e+00, 0e+00, 0e+00, 0e+00, 0e+00, 0e+00, 0e+00, 0e+00, 0e+00, 0e+00, 0e+00, 0e+00, 0e+00, 0e+00, 0e+00, 0e+00, 0e+00, 0e+00, 0e+00, 0e+00, 0e+00, 0e+00, 0e+00, 0e+00, 0e+00, 0e+00, 0e+00, 0e+00, 0e+00, 0e+00, 0e+00, 0e+00, 0e+00, 0e+00, 1e+00, 1e+00, 1e+00, 1e+00, 1e+00, 1e+00, 1e+00, 1e+00, 1e+00, 1e+00, 1e+00, 1e+00, 1e+00, 1e+00, 1e+00, 1e+00, 1e+00, 1e+00, 1e+00, 1e+00, 1e+00, 1e+00, 1e+00, 1e+00, 1e+00, 1e+00, 1e+00, 1e+00, 1e+00, 1e+00, 1e+00, 1e+00, 1e+00, 1e+00, 1e+00, 1e+00, 1e+00, 0e+00, 0e+00, 0e+00, 0e+00, 0e+00, 0e+00, 0e+00, 0e+00, 0e+00, 0e+00, 0e+00, 0e+00, 0e+00, 0e+00, 0e+00, 0e+00, 0e+00, 0e+00, 0e+00, 0e+00, 0e+00, 0e+00, 0e+00]
chiOn[2].u=[0e+00, 0e+00, 0e+00, 0e+00, 0e+00, 0e+00, 0e+00, 0e+00, 0e+00, 0e+00, 0e+00, 0e+00, 0e+00, 0e+00, 0e+00, 0e+00, 0e+00, 0e+00, 0e+00, 0e+00, 0e+00, 0e+00, 0e+00, 0e+00, 0e+00, 0e+00, 0e+00, 0e+00, 0e+00, 0e+00, 0e+00, 0e+00, 0e+00, 0e+00, 0e+00, 0e+00, 0e+00, 0e+00, 0e+00, 0e+00, 0e+00, 0e+00, 0e+00, 0e+00, 0e+00, 0e+00, 0e+00, 0e+00, 0e+00, 0e+00, 0e+00, 0e+00, 0e+00, 0e+00, 0e+00, 0e+00, 0e+00, 0e+00, 0e+00, 0e+00, 0e+00, 0e+00, 0e+00, 0e+00, 0e+00, 0e+00, 0e+00, 0e+00, 0e+00, 0e+00, 0e+00, 0e+00, 0e+00, 0e+00, 0e+00, 0e+00, 0e+00, 0e+00, 0e+00, 0e+00, 0e+00, 0e+00, 0e+00, 0e+00, 0e+00, 0e+00, 0e+00, 0e+00, 0e+00, 0e+00, 0e+00, 0e+00, 0e+00, 0e+00, 0e+00, 0e+00, 0e+00, 0e+00, 0e+00, 0e+00, 0e+00]
wseOn.y=[1e+00, 1e+00, 1e+00, 1e+00, 1e+00, 1e+00, 1e+00, 1e+00, 1e+00, 1e+00, 1e+00, 1e+00, 1e+00, 1e+00, 1e+00, 1e+00, 1e+00, 1e+00, 1e+00, 1e+00, 1e+00, 1e+00, 1e+00, 1e+00, 1e+00, 1e+00, 1e+00, 1e+00, 1e+00, 1e+00, 1e+00, 1e+00, 1e+00, 1e+00, 1e+00, 1e+00, 1e+00, 1e+00, 1e+00, 1e+00, 1e+00, 1e+00, 1e+00, 1e+00, 1e+00, 1e+00, 1e+00, 1e+00, 1e+00, 1e+00, 1e+00, 1e+00, 1e+00, 1e+00, 1e+00, 1e+00, 1e+00, 1e+00, 1e+00, 1e+00, 1e+00, 1e+00, 1e+00, 1e+00, 1e+00, 1e+00, 1e+00, 1e+00, 1e+00, 1e+00, 1e+00, 1e+00, 1e+00, 1e+00, 1e+00, 1e+00, 1e+00, 1e+00, 1e+00, 1e+00, 1e+00, 1e+00, 1e+00, 1e+00, 1e+00, 1e+00, 1e+00, 1e+00, 1e+00, 1e+00, 1e+00, 1e+00, 1e+00, 1e+00, 1e+00, 1e+00, 1e+00, 1e+00, 1e+00, 1e+00, 1e+00]
TCWSup.T=[2.931499938964844e+02, 2.731105651855469e+02, 2.745751342773438e+02, 2.761372375488281e+02, 2.759210205078125e+02, 2.759166564941406e+02, 2.7606298828125e+02, 2.762967529296875e+02, 2.765746765136719e+02, 2.768678894042969e+02, 2.771600952148438e+02, 2.774529724121094e+02, 2.777554321289062e+02, 2.78078125e+02, 2.784107666015625e+02, 2.787468566894531e+02, 2.79084716796875e+02, 2.794234008789062e+02, 2.790997619628906e+02, 2.789063110351562e+02, 2.787963256835938e+02, 2.786871948242188e+02, 2.785741577148438e+02, 2.78464111328125e+02, 2.783568115234375e+02, 2.78252197265625e+02, 2.781712951660156e+02, 2.7808740234375e+02, 2.779941711425781e+02, 2.7786865234375e+02, 2.777230224609375e+02, 2.775979919433594e+02, 2.774861450195312e+02, 2.774029846191406e+02, 2.773246459960938e+02, 2.772695617675781e+02, 2.774779968261719e+02, 2.776921691894531e+02, 2.780686340332031e+02, 2.784811096191406e+02, 2.788224792480469e+02, 2.791134643554688e+02, 2.791527709960938e+02, 2.791072387695312e+02, 2.790558471679688e+02, 2.790539245605469e+02, 2.791564636230469e+02, 2.793434448242188e+02, 2.795545654296875e+02, 2.797565002441406e+02, 2.799148559570312e+02, 2.800089416503906e+02, 2.800591735839844e+02, 2.800888671875e+02, 2.801213073730469e+02, 2.801930541992188e+02, 2.803085327148438e+02, 2.804027404785156e+02, 2.804171447753906e+02, 2.803335876464844e+02, 2.802586364746094e+02, 2.80202392578125e+02, 2.80160888671875e+02, 2.801319580078125e+02, 2.801197204589844e+02, 2.801102294921875e+02, 2.800865783691406e+02, 2.800216064453125e+02, 2.797496643066406e+02, 2.79321533203125e+02, 2.788779296875e+02, 2.785597534179688e+02, 2.783957824707031e+02, 2.782984619140625e+02, 2.78198974609375e+02, 2.780276794433594e+02, 2.777549743652344e+02, 2.774366760253906e+02, 2.772256164550781e+02, 2.770993957519531e+02, 2.771067199707031e+02, 2.771051940917969e+02, 2.771037902832031e+02, 2.771025390625e+02, 2.77100341796875e+02, 2.770986938476562e+02, 2.770993347167969e+02, 2.77101806640625e+02, 2.771033935546875e+02, 2.771016540527344e+02, 2.77101806640625e+02, 2.771036987304688e+02, 2.771085815429688e+02, 2.7711767578125e+02, 2.771219482421875e+02, 2.7712109375e+02, 2.7711328125e+02, 2.770851745605469e+02, 2.77072998046875e+02, 2.770804138183594e+02, 2.771022338867188e+02]
TCWRet.T=[2.931499938964844e+02, 2.73110595703125e+02, 2.753524475097656e+02, 2.764693298339844e+02, 2.762158813476562e+02, 2.762088012695312e+02, 2.763692932128906e+02, 2.766279602050781e+02, 2.769374084472656e+02, 2.77266357421875e+02, 2.775968627929688e+02, 2.779288940429688e+02, 2.782702941894531e+02, 2.786311340332031e+02, 2.790021362304688e+02, 2.793769226074219e+02, 2.79753662109375e+02, 2.801313171386719e+02, 2.799129638671875e+02, 2.797730102539062e+02, 2.797053833007812e+02, 2.7963818359375e+02, 2.795671081542969e+02, 2.794985961914062e+02, 2.794327087402344e+02, 2.79369384765625e+02, 2.793290100097656e+02, 2.792864074707031e+02, 2.792347717285156e+02, 2.791518249511719e+02, 2.790477905273438e+02, 2.789647521972656e+02, 2.788943481445312e+02, 2.788497314453125e+02, 2.788094482421875e+02, 2.787881469726562e+02, 2.790115051269531e+02, 2.792117614746094e+02, 2.796378173828125e+02, 2.800935974121094e+02, 2.8047607421875e+02, 2.808652038574219e+02, 2.809146423339844e+02, 2.808680114746094e+02, 2.808154907226562e+02, 2.808118286132812e+02, 2.809127197265625e+02, 2.811007995605469e+02, 2.813140258789062e+02, 2.815187377929688e+02, 2.8168017578125e+02, 2.817766418457031e+02, 2.81828125e+02, 2.818583679199219e+02, 2.818908996582031e+02, 2.819620361328125e+02, 2.820785522460938e+02, 2.821749267578125e+02, 2.821918334960938e+02, 2.821083984375e+02, 2.820321350097656e+02, 2.81974853515625e+02, 2.819326171875e+02, 2.819029846191406e+02, 2.81890380859375e+02, 2.818808898925781e+02, 2.818574523925781e+02, 2.817940063476562e+02, 2.81524169921875e+02, 2.810933837890625e+02, 2.806438598632812e+02, 2.803182678222656e+02, 2.801502685546875e+02, 2.800511779785156e+02, 2.799510192871094e+02, 2.797787475585938e+02, 2.795026550292969e+02, 2.79178955078125e+02, 2.790167236328125e+02, 2.788984985351562e+02, 2.789054260253906e+02, 2.789040222167969e+02, 2.789027404785156e+02, 2.789015808105469e+02, 2.788995971679688e+02, 2.788981018066406e+02, 2.78898681640625e+02, 2.789009094238281e+02, 2.789023742675781e+02, 2.789007568359375e+02, 2.789009094238281e+02, 2.789026489257812e+02, 2.789070739746094e+02, 2.789154052734375e+02, 2.789193115234375e+02, 2.789185485839844e+02, 2.789114074707031e+02, 2.788857116699219e+02, 2.7887451171875e+02, 2.788812866210938e+02, 2.789012145996094e+02]
TCWSupSet.y=[2.887099914550781e+02, 2.887099914550781e+02, 2.887099914550781e+02, 2.887099914550781e+02, 2.887099914550781e+02, 2.887099914550781e+02, 2.887099914550781e+02, 2.887099914550781e+02, 2.887099914550781e+02, 2.887099914550781e+02, 2.887099914550781e+02, 2.887099914550781e+02, 2.887099914550781e+02, 2.887099914550781e+02, 2.887099914550781e+02, 2.887099914550781e+02, 2.887099914550781e+02, 2.887099914550781e+02, 2.887099914550781e+02, 2.887099914550781e+02, 2.887099914550781e+02, 2.887099914550781e+02, 2.887099914550781e+02, 2.887099914550781e+02, 2.887099914550781e+02, 2.887099914550781e+02, 2.887099914550781e+02, 2.887099914550781e+02, 2.887099914550781e+02, 2.887099914550781e+02, 2.887099914550781e+02, 2.887099914550781e+02, 2.887099914550781e+02, 2.887099914550781e+02, 2.887099914550781e+02, 2.887099914550781e+02, 2.887099914550781e+02, 2.887099914550781e+02, 2.887099914550781e+02, 2.887099914550781e+02, 2.887099914550781e+02, 2.887099914550781e+02, 2.887099914550781e+02, 2.887099914550781e+02, 2.887099914550781e+02, 2.887099914550781e+02, 2.887099914550781e+02, 2.887099914550781e+02, 2.887099914550781e+02, 2.887099914550781e+02, 2.887099914550781e+02, 2.887099914550781e+02, 2.887099914550781e+02, 2.887099914550781e+02, 2.887099914550781e+02, 2.887099914550781e+02, 2.887099914550781e+02, 2.887099914550781e+02, 2.887099914550781e+02, 2.887099914550781e+02, 2.887099914550781e+02, 2.887099914550781e+02, 2.887099914550781e+02, 2.887099914550781e+02, 2.887099914550781e+02, 2.887099914550781e+02, 2.887099914550781e+02, 2.887099914550781e+02, 2.887099914550781e+02, 2.887099914550781e+02, 2.887099914550781e+02, 2.887099914550781e+02, 2.887099914550781e+02, 2.887099914550781e+02, 2.887099914550781e+02, 2.887099914550781e+02, 2.887099914550781e+02, 2.887099914550781e+02, 2.887099914550781e+02, 2.887099914550781e+02, 2.887099914550781e+02, 2.887099914550781e+02, 2.887099914550781e+02, 2.887099914550781e+02, 2.887099914550781e+02, 2.887099914550781e+02, 2.887099914550781e+02, 2.887099914550781e+02, 2.887099914550781e+02, 2.887099914550781e+02, 2.887099914550781e+02, 2.887099914550781e+02, 2.887099914550781e+02, 2.887099914550781e+02, 2.887099914550781e+02, 2.887099914550781e+02, 2.887099914550781e+02, 2.887099914550781e+02, 2.887099914550781e+02, 2.887099914550781e+02, 2.887099914550781e+02]
TCHWSup.T=[2.931499938964844e+02, 2.931499938964844e+02, 2.769234924316406e+02, 2.770025939941406e+02, 2.766885070800781e+02, 2.766761474609375e+02, 2.768587646484375e+02, 2.771569213867188e+02, 2.775166931152344e+02, 2.7790283203125e+02, 2.782946166992188e+02, 2.786893310546875e+02, 2.79093017578125e+02, 2.795149230957031e+02, 2.799473266601562e+02, 2.803840637207031e+02, 2.808230895996094e+02, 2.812631225585938e+02, 2.812158508300781e+02, 2.811605224609375e+02, 2.811606140136719e+02, 2.8116064453125e+02, 2.811566772460938e+02, 2.811547241210938e+02, 2.811551208496094e+02, 2.81157958984375e+02, 2.811823120117188e+02, 2.812058410644531e+02, 2.812208862304688e+02, 2.812062072753906e+02, 2.811687622070312e+02, 2.811528930664062e+02, 2.811488342285156e+02, 2.811658325195312e+02, 2.811865844726562e+02, 2.812187805175781e+02, 2.814654541015625e+02, 2.816381225585938e+02, 2.819322509765625e+02, 2.822546997070312e+02, 2.825197143554688e+02, 2.811500244140625e+02, 2.811500244140625e+02, 2.811500244140625e+02, 2.811500244140625e+02, 2.811500244140625e+02, 2.811500244140625e+02, 2.811500244140625e+02, 2.811500244140625e+02, 2.811500244140625e+02, 2.811500244140625e+02, 2.811500244140625e+02, 2.811500244140625e+02, 2.811500244140625e+02, 2.811500244140625e+02, 2.811500244140625e+02, 2.811500244140625e+02, 2.811500244140625e+02, 2.811500244140625e+02, 2.811500244140625e+02, 2.811500244140625e+02, 2.811500244140625e+02, 2.811500244140625e+02, 2.811500244140625e+02, 2.811500244140625e+02, 2.811500244140625e+02, 2.811500244140625e+02, 2.811500244140625e+02, 2.811500244140625e+02, 2.811500244140625e+02, 2.811500244140625e+02, 2.811500244140625e+02, 2.811500244140625e+02, 2.811500244140625e+02, 2.811500244140625e+02, 2.811500244140625e+02, 2.811500244140625e+02, 2.811500244140625e+02, 2.812452697753906e+02, 2.811361694335938e+02, 2.81142578125e+02, 2.811413879394531e+02, 2.811402282714844e+02, 2.811392211914062e+02, 2.81137451171875e+02, 2.811361083984375e+02, 2.811366271972656e+02, 2.811386108398438e+02, 2.81139892578125e+02, 2.811384887695312e+02, 2.811385803222656e+02, 2.811401062011719e+02, 2.811440124511719e+02, 2.811513671875e+02, 2.811548461914062e+02, 2.811541748046875e+02, 2.8114794921875e+02, 2.811252136230469e+02, 2.81115234375e+02, 2.811211242675781e+02, 2.811387023925781e+02]
TCHWRet.T=[2.931499938964844e+02, 2.931499938964844e+02, 2.839621276855469e+02, 2.804662780761719e+02, 2.797556457519531e+02, 2.797162780761719e+02, 2.800469055175781e+02, 2.806041259765625e+02, 2.812920837402344e+02, 2.820501098632812e+02, 2.828401184082031e+02, 2.836422729492188e+02, 2.844512939453125e+02, 2.852705078125e+02, 2.8610205078125e+02, 2.869414978027344e+02, 2.877850952148438e+02, 2.886305847167969e+02, 2.89661865234375e+02, 2.90174560546875e+02, 2.90614990234375e+02, 2.910515747070312e+02, 2.914839172363281e+02, 2.919143981933594e+02, 2.92345703125e+02, 2.927783508300781e+02, 2.932242736816406e+02, 2.93677490234375e+02, 2.941250610351562e+02, 2.94552490234375e+02, 2.949482727050781e+02, 2.953691711425781e+02, 2.957970275878906e+02, 2.962153930664062e+02, 2.966321105957031e+02, 2.97020263671875e+02, 2.974202270507812e+02, 2.974289855957031e+02, 2.973954467773438e+02, 2.9735791015625e+02, 2.973147277832031e+02, 2.973522033691406e+02, 2.973984985351562e+02, 2.973851928710938e+02, 2.973837890625e+02, 2.973836669921875e+02, 2.973836669921875e+02, 2.973836364746094e+02, 2.973836364746094e+02, 2.973836364746094e+02, 2.973836364746094e+02, 2.973836364746094e+02, 2.973836364746094e+02, 2.973836364746094e+02, 2.973836364746094e+02, 2.973836059570312e+02, 2.973836059570312e+02, 2.973836059570312e+02, 2.973836059570312e+02, 2.973836059570312e+02, 2.973836059570312e+02, 2.973836059570312e+02, 2.973836059570312e+02, 2.973835754394531e+02, 2.973835754394531e+02, 2.973835754394531e+02, 2.973835754394531e+02, 2.973835754394531e+02, 2.973835754394531e+02, 2.973835754394531e+02, 2.973835754394531e+02, 2.97383544921875e+02, 2.97383544921875e+02, 2.97383544921875e+02, 2.97383544921875e+02, 2.97383544921875e+02, 2.97383544921875e+02, 2.97383544921875e+02, 2.973179016113281e+02, 2.972833862304688e+02, 2.972859191894531e+02, 2.972860717773438e+02, 2.972860107421875e+02, 2.972859191894531e+02, 2.972858276367188e+02, 2.972857055664062e+02, 2.972857055664062e+02, 2.972857666015625e+02, 2.972858581542969e+02, 2.972857360839844e+02, 2.972857055664062e+02, 2.972857360839844e+02, 2.972858581542969e+02, 2.972862243652344e+02, 2.972864074707031e+02, 2.97286376953125e+02, 2.972860717773438e+02, 2.972848815917969e+02, 2.972841186523438e+02, 2.972842407226562e+02, 2.972850646972656e+02]
TCHWSupSet.y=[2.811499938964844e+02, 2.811499938964844e+02]
chiWSE.TCHWSupWSE=[2.931499938964844e+02, 2.931499938964844e+02, 2.764620971679688e+02, 2.770025024414062e+02, 2.766884765625e+02, 2.766761779785156e+02, 2.768588256835938e+02, 2.77156982421875e+02, 2.775167846679688e+02, 2.779029235839844e+02, 2.782947082519531e+02, 2.786894226074219e+02, 2.790931091308594e+02, 2.795150146484375e+02, 2.799474182128906e+02, 2.803841552734375e+02, 2.808231811523438e+02, 2.812632141113281e+02, 2.812157287597656e+02, 2.811605224609375e+02, 2.811606140136719e+02, 2.8116064453125e+02, 2.811566772460938e+02, 2.811547241210938e+02, 2.811551208496094e+02, 2.81157958984375e+02, 2.811823120117188e+02, 2.812058715820312e+02, 2.812208862304688e+02, 2.812061767578125e+02, 2.811687622070312e+02, 2.811528625488281e+02, 2.811488037109375e+02, 2.811658325195312e+02, 2.811865844726562e+02, 2.812188110351562e+02, 2.814654846191406e+02, 2.8163818359375e+02, 2.819322814941406e+02, 2.822547607421875e+02, 2.825197448730469e+02, 2.82760498046875e+02, 2.828020324707031e+02, 2.827630920410156e+02, 2.827215881347656e+02, 2.827196960449219e+02, 2.828011779785156e+02, 2.829505920410156e+02, 2.831194458007812e+02, 2.832810974121094e+02, 2.834080505371094e+02, 2.834835815429688e+02, 2.835238952636719e+02, 2.835476989746094e+02, 2.835736083984375e+02, 2.836307067871094e+02, 2.837230529785156e+02, 2.837986145019531e+02, 2.838106384277344e+02, 2.837439880371094e+02, 2.836839294433594e+02, 2.836388549804688e+02, 2.836055908203125e+02, 2.835823669433594e+02, 2.835725402832031e+02, 2.835649719238281e+02, 2.83546142578125e+02, 2.8349462890625e+02, 2.832781066894531e+02, 2.829359741210938e+02, 2.825808410644531e+02, 2.823255004882812e+02, 2.8219384765625e+02, 2.821158752441406e+02, 2.820364379882812e+02, 2.818998718261719e+02, 2.816820373535156e+02, 2.814274597167969e+02, 2.812452087402344e+02, 2.811361694335938e+02, 2.81142578125e+02, 2.811413879394531e+02, 2.811402282714844e+02, 2.811392211914062e+02, 2.81137451171875e+02, 2.811361083984375e+02, 2.811365966796875e+02, 2.811385803222656e+02, 2.81139892578125e+02, 2.811384582519531e+02, 2.811385803222656e+02, 2.811401062011719e+02, 2.811439819335938e+02, 2.811513366699219e+02, 2.811548156738281e+02, 2.811541748046875e+02, 2.8114794921875e+02, 2.811252136230469e+02, 2.81115234375e+02, 2.811211242675781e+02, 2.811387023925781e+02]
TAirSup.T=[2.931499938964844e+02, 2.935304260253906e+02, 2.822103576660156e+02, 2.795616149902344e+02, 2.788486022949219e+02, 2.787820129394531e+02, 2.790221862792969e+02, 2.794479064941406e+02, 2.799815063476562e+02, 2.805730895996094e+02, 2.811910095214844e+02, 2.818200073242188e+02, 2.824572143554688e+02, 2.831069030761719e+02, 2.837711181640625e+02, 2.844455261230469e+02, 2.851271667480469e+02, 2.858141174316406e+02, 2.86802001953125e+02, 2.869541015625e+02, 2.870905151367188e+02, 2.872101745605469e+02, 2.873160705566406e+02, 2.87414306640625e+02, 2.875088195800781e+02, 2.876019897460938e+02, 2.877019958496094e+02, 2.878060302734375e+02, 2.879105224609375e+02, 2.880081176757812e+02, 2.880938415527344e+02, 2.882077026367188e+02, 2.88544921875e+02, 2.88980712890625e+02, 2.895474853515625e+02, 2.902846984863281e+02, 2.911499938964844e+02, 2.911698608398438e+02, 2.911927185058594e+02, 2.912091979980469e+02, 2.912057800292969e+02, 2.911499938964844e+02, 2.911499938964844e+02, 2.911499938964844e+02, 2.911499938964844e+02, 2.911499938964844e+02, 2.911499938964844e+02, 2.911499938964844e+02, 2.911499938964844e+02, 2.911499938964844e+02, 2.911499938964844e+02, 2.911499938964844e+02, 2.911499938964844e+02, 2.911499938964844e+02, 2.911499938964844e+02, 2.911499938964844e+02, 2.911499938964844e+02, 2.911499938964844e+02, 2.911499938964844e+02, 2.911499938964844e+02, 2.911499938964844e+02, 2.911499938964844e+02, 2.911499938964844e+02, 2.911499938964844e+02, 2.911499938964844e+02, 2.911499938964844e+02, 2.911499938964844e+02, 2.911499938964844e+02, 2.911499938964844e+02, 2.911499938964844e+02, 2.911499938964844e+02, 2.911499938964844e+02, 2.911499938964844e+02, 2.911499938964844e+02, 2.911499938964844e+02, 2.911499938964844e+02, 2.911499938964844e+02, 2.911499938964844e+02, 2.911499938964844e+02, 2.911499938964844e+02, 2.911499938964844e+02, 2.911499938964844e+02, 2.911499938964844e+02, 2.911499938964844e+02, 2.911499938964844e+02, 2.911499938964844e+02, 2.911499938964844e+02, 2.911499938964844e+02, 2.911499938964844e+02, 2.911499938964844e+02, 2.911499938964844e+02, 2.911499938964844e+02, 2.911499938964844e+02, 2.911499938964844e+02, 2.911499938964844e+02, 2.911499938964844e+02, 2.911499938964844e+02, 2.911499938964844e+02, 2.911499938964844e+02, 2.911499938964844e+02, 2.911499938964844e+02]
TAirSupSet.y=[2.911499938964844e+02, 2.911499938964844e+02]
chiWSE.chiPar.chi[1].P=[0e+00, 0e+00, 2.346996770938858e-04, 0e+00, 0e+00, 0e+00, 0e+00, 0e+00, 0e+00, 0e+00, 0e+00, 0e+00, 0e+00, 0e+00, 0e+00, 0e+00, 0e+00, 0e+00, 0e+00, 0e+00, 0e+00, 0e+00, 0e+00, 0e+00, 0e+00, 0e+00, 0e+00, 0e+00, 0e+00, 0e+00, 0e+00, 0e+00, 0e+00, 0e+00, 0e+00, 0e+00, 0e+00, 0e+00, 0e+00, 0e+00, 0e+00, 8.8459248046875e+03, 8.9771845703125e+03, 8.8323369140625e+03, 8.6716474609375e+03, 8.66550390625e+03, 8.98594140625e+03, 9.574212890625e+03, 1.02443408203125e+04, 1.0891013671875e+04, 1.14020263671875e+04, 1.170726171875e+04, 1.18705986328125e+04, 1.19673125e+04, 1.207319140625e+04, 1.230754296875e+04, 1.2686361328125e+04, 1.29966259765625e+04, 1.30443193359375e+04, 1.27689580078125e+04, 1.25226552734375e+04, 1.23382607421875e+04, 1.2202486328125e+04, 1.2107958984375e+04, 1.20680556640625e+04, 1.20370625e+04, 1.19599443359375e+04, 1.17485390625e+04, 1.086959082031249e+04, 9.505558593750013e+03, 8.119400878906261e+03, 7.143314453125e+03, 6.6465654296875e+03, 6.35390771484375e+03, 5.920740234375e+03, 4.968212890625e+03, 3.47962255859375e+03, 1.785744018554688e+03, 0e+00, 0e+00, 0e+00, 0e+00, 0e+00, 0e+00, 0e+00, 0e+00, 0e+00, 0e+00, 0e+00, 0e+00, 0e+00, 0e+00, 0e+00, 0e+00, 0e+00, 0e+00, 0e+00, 0e+00, 0e+00, 0e+00, 0e+00]
chiWSE.chiPar.chi[2].P=[0e+00, 0e+00, 0e+00, 0e+00, 0e+00, 0e+00, 0e+00, 0e+00, 0e+00, 0e+00, 0e+00, 0e+00, 0e+00, 0e+00, 0e+00, 0e+00, 0e+00, 0e+00, 0e+00, 0e+00, 0e+00, 0e+00, 0e+00, 0e+00, 0e+00, 0e+00, 0e+00, 0e+00, 0e+00, 0e+00, 0e+00, 0e+00, 0e+00, 0e+00, 0e+00, 0e+00, 0e+00, 0e+00, 0e+00, 0e+00, 0e+00, 0e+00, 0e+00, 0e+00, 0e+00, 0e+00, 0e+00, 0e+00, 0e+00, 0e+00, 0e+00, 0e+00, 0e+00, 0e+00, 0e+00, 0e+00, 0e+00, 0e+00, 0e+00, 0e+00, 0e+00, 0e+00, 0e+00, 0e+00, 0e+00, 0e+00, 0e+00, 0e+00, 0e+00, 0e+00, 0e+00, 0e+00, 0e+00, 0e+00, 0e+00, 0e+00, 0e+00, 0e+00, 0e+00, 0e+00, 0e+00, 0e+00, 0e+00, 0e+00, 0e+00, 0e+00, 0e+00, 0e+00, 0e+00, 0e+00, 0e+00, 0e+00, 0e+00, 0e+00, 0e+00, 0e+00, 0e+00, 0e+00, 0e+00, 0e+00, 0e+00]
chiWSE.chiPar.chi[1].COP=[0e+00, 0e+00, 8.180199265480042e-01, 0e+00, 0e+00, 0e+00, 0e+00, 0e+00, 0e+00, 0e+00, 0e+00, 0e+00, 0e+00, 0e+00, 0e+00, 0e+00, 0e+00, 0e+00, 0e+00, 0e+00, 0e+00, 0e+00, 0e+00, 0e+00, 0e+00, 0e+00, 0e+00, 0e+00, 0e+00, 0e+00, 0e+00, 0e+00, 0e+00, 0e+00, 0e+00, 0e+00, 0e+00, 0e+00, 0e+00, 0e+00, 0e+00, 5.633081436157227e+00, 5.690784454345703e+00, 5.647397041320801e+00, 5.604387760162354e+00, 5.602475643157959e+00, 5.684645652770996e+00, 5.818398475646973e+00, 5.947603702545166e+00, 6.053200244903564e+00, 6.125667572021484e+00, 6.164951801300049e+00, 6.184844493865967e+00, 6.196250438690186e+00, 6.208403587341309e+00, 6.234212398529053e+00, 6.273253917694092e+00, 6.302916526794434e+00, 6.307456493377686e+00, 6.281668663024902e+00, 6.257093906402588e+00, 6.237767696380615e+00, 6.223003387451172e+00, 6.212434768676758e+00, 6.207894325256348e+00, 6.204364776611328e+00, 6.195487976074219e+00, 6.170411586761475e+00, 6.051061153411863e+00, 5.805339813232425e+00, 5.444560050964359e+00, 5.085855007171631e+00, 4.855161190032959e+00, 4.699728012084961e+00, 4.628114700317383e+00, 4.662991523742676e+00, 4.719459533691406e+00, 4.786873817443848e+00, 0e+00, 0e+00, 0e+00, 0e+00, 0e+00, 0e+00, 0e+00, 0e+00, 0e+00, 0e+00, 0e+00, 0e+00, 0e+00, 0e+00, 0e+00, 0e+00, 0e+00, 0e+00, 0e+00, 0e+00, 0e+00, 0e+00, 0e+00]
chiWSE.chiPar.chi[2].COP=[0e+00, 0e+00, 0e+00, 0e+00, 0e+00, 0e+00, 0e+00, 0e+00, 0e+00, 0e+00, 0e+00, 0e+00, 0e+00, 0e+00, 0e+00, 0e+00, 0e+00, 0e+00, 0e+00, 0e+00, 0e+00, 0e+00, 0e+00, 0e+00, 0e+00, 0e+00, 0e+00, 0e+00, 0e+00, 0e+00, 0e+00, 0e+00, 0e+00, 0e+00, 0e+00, 0e+00, 0e+00, 0e+00, 0e+00, 0e+00, 0e+00, 0e+00, 0e+00, 0e+00, 0e+00, 0e+00, 0e+00, 0e+00, 0e+00, 0e+00, 0e+00, 0e+00, 0e+00, 0e+00, 0e+00, 0e+00, 0e+00, 0e+00, 0e+00, 0e+00, 0e+00, 0e+00, 0e+00, 0e+00, 0e+00, 0e+00, 0e+00, 0e+00, 0e+00, 0e+00, 0e+00, 0e+00, 0e+00, 0e+00, 0e+00, 0e+00, 0e+00, 0e+00, 0e+00, 0e+00, 0e+00, 0e+00, 0e+00, 0e+00, 0e+00, 0e+00, 0e+00, 0e+00, 0e+00, 0e+00, 0e+00, 0e+00, 0e+00, 0e+00, 0e+00, 0e+00, 0e+00, 0e+00, 0e+00, 0e+00, 0e+00]
chiWSE.chiPar.chi[1].QEva_flow=[0e+00, 0e+00, -1.055000000633299e-03, 0e+00, 0e+00, 0e+00, 0e+00, 0e+00, 0e+00, 0e+00, 0e+00, 0e+00, 0e+00, 0e+00, 0e+00, 0e+00, 0e+00, 0e+00, 0e+00, 0e+00, 0e+00, 0e+00, 0e+00, 0e+00, 0e+00, 0e+00, 0e+00, 0e+00, 0e+00, 0e+00, 0e+00, 0e+00, 0e+00, 0e+00, 0e+00, 0e+00, 0e+00, 0e+00, 0e+00, 0e+00, 0e+00, -4.98298203125e+04, -5.10872265625e+04, -4.987971875e+04, -4.859927734375e+04, -4.854828125e+04, -5.10818984375e+04, -5.570658984375e+04, -6.092928125e+04, -6.59254921875e+04, -6.984503125e+04, -7.217471875e+04, -7.34178125e+04, -7.41524765625e+04, -7.49552578125e+04, -7.672784375000003e+04, -7.958476562500003e+04, -8.191664843749999e+04, -8.2276484375e+04, -8.02103671875e+04, -7.83554375e+04, -7.69632109375e+04, -7.59361171875e+04, -7.521990625e+04, -7.491721875e+04, -7.46823359375e+04, -7.40976953125e+04, -7.2493328125e+04, -6.577256249999991e+04, -5.518300390625009e+04, -4.420657031250009e+04, -3.63298671875e+04, -3.227015234375e+04, -2.9861642578125e+04, -2.740187109375e+04, -2.316673828125e+04, -1.6421943359375e+04, -8.54813671875e+03, 0e+00, 0e+00, 0e+00, 0e+00, 0e+00, 0e+00, 0e+00, 0e+00, 0e+00, 0e+00, 0e+00, 0e+00, 0e+00, 0e+00, 0e+00, 0e+00, 0e+00, 0e+00, 0e+00, 0e+00, 0e+00, 0e+00, 0e+00]
chiWSE.chiPar.chi[2].QEva_flow=[0e+00, 0e+00, 0e+00, 0e+00, 0e+00, 0e+00, 0e+00, 0e+00, 0e+00, 0e+00, 0e+00, 0e+00, 0e+00, 0e+00, 0e+00, 0e+00, 0e+00, 0e+00, 0e+00, 0e+00, 0e+00, 0e+00, 0e+00, 0e+00, 0e+00, 0e+00, 0e+00, 0e+00, 0e+00, 0e+00, 0e+00, 0e+00, 0e+00, 0e+00, 0e+00, 0e+00, 0e+00, 0e+00, 0e+00, 0e+00, 0e+00, 0e+00, 0e+00, 0e+00, 0e+00, 0e+00, 0e+00, 0e+00, 0e+00, 0e+00, 0e+00, 0e+00, 0e+00, 0e+00, 0e+00, 0e+00, 0e+00, 0e+00, 0e+00, 0e+00, 0e+00, 0e+00, 0e+00, 0e+00, 0e+00, 0e+00, 0e+00, 0e+00, 0e+00, 0e+00, 0e+00, 0e+00, 0e+00, 0e+00, 0e+00, 0e+00, 0e+00, 0e+00, 0e+00, 0e+00, 0e+00, 0e+00, 0e+00, 0e+00, 0e+00, 0e+00, 0e+00, 0e+00, 0e+00, 0e+00, 0e+00, 0e+00, 0e+00, 0e+00, 0e+00, 0e+00, 0e+00, 0e+00, 0e+00, 0e+00, 0e+00]
chiWSE.wse.heaExc.hex.Q2_flow=[-0e+00, -0e+00, -2.08918015625e+05, -9.63895078125e+04, -8.55730078125e+04, -8.48562109375e+04, -8.90127734375e+04, -9.625820312500001e+04, -1.054260234375e+05, -1.158109453125e+05, -1.269278125e+05, -1.38299171875e+05, -1.4961e+05, -1.60697734375e+05, -1.71837234375e+05, -1.8307609375e+05, -1.9436753125e+05, -2.05683390625e+05, -2.35925e+05, -2.5164240625e+05, -2.6393025e+05, -2.761143125e+05, -2.8828971875e+05, -3.003574375e+05, -3.1238271875e+05, -3.24378875e+05, -3.3614328125e+05, -3.481351875e+05, -3.602077812500001e+05, -3.7254765625e+05, -3.8463359375e+05, -3.968365e+05, -4.088749375e+05, -4.20073e+05, -4.311241250000001e+05, -4.4101746875e+05, -4.4534228125e+05, -4.41334125e+05, -4.55770875e+05, -4.6836203125e+05, -4.8025703125e+05, -4.5125309375e+05, -4.5138890625e+05, -4.5218940625e+05, -4.534263125e+05, -4.5347159375e+05, -4.50934125e+05, -4.46308125e+05, -4.4108509375e+05, -4.360895e+05, -4.321715625e+05, -4.2984340625e+05, -4.2860109375e+05, -4.278665625e+05, -4.2706328125e+05, -4.2528875e+05, -4.2243140625e+05, -4.20100875e+05, -4.1974396875e+05, -4.2181121875e+05, -4.236654375e+05, -4.250570625e+05, -4.260836875e+05, -4.267993125e+05, -4.271015625e+05, -4.273365e+05, -4.279216875e+05, -4.29529125e+05, -4.362562500000001e+05, -4.468481874999999e+05, -4.578229687499999e+05, -4.6569434375e+05, -4.6975103125e+05, -4.721585e+05, -4.7461925e+05, -4.7885728125e+05, -4.85604125e+05, -4.934783125e+05, -5.1998509375e+05, -5.2239921875e+05, -5.222746875e+05, -5.223178125e+05, -5.223528125e+05, -5.223835e+05, -5.224375625e+05, -5.22477e+05, -5.22460125e+05, -5.223980625e+05, -5.2235903125e+05, -5.224013125e+05, -5.2239609375e+05, -5.22348e+05, -5.222251875e+05, -5.21999375e+05, -5.2189334375e+05, -5.2191428125e+05, -5.221090625e+05, -5.228049375e+05, -5.231013125e+05, -5.2291278125e+05, -5.22368625e+05]
ahu.cooCoi.Q2_flow=[-0e+00, -0e+00, -1.71140828125e+05, -8.67379921875e+04, -8.4007890625e+04, -8.57461875e+04, -9.145759375e+04, -9.962421875000001e+04, -1.093066796875e+05, -1.199502578125e+05, -1.31171296875e+05, -1.425864375e+05, -1.5394171875e+05, -1.651029375e+05, -1.76300890625e+05, -1.87572203125e+05, -1.98881984375e+05, -2.10206125e+05, -2.3999765625e+05, -2.53979921875e+05, -2.66229625e+05, -2.784108125e+05, -2.90559625e+05, -3.026295625e+05, -3.14662375e+05, -3.2666765625e+05, -3.3854234375e+05, -3.505235e+05, -3.625388750000001e+05, -3.7470071875e+05, -3.86722e+05, -3.9941328125e+05, -4.1106690625e+05, -4.223035e+05, -4.332552500000001e+05, -4.430962187499999e+05, -4.456504375e+05, -4.41623125e+05, -4.5552115625e+05, -4.6805503125e+05, -4.80021875e+05, -5.0222675e+05, -5.02338875e+05, -5.0203609375e+05, -5.02011875e+05, -5.0201015625e+05, -5.0201021875e+05, -5.02010375e+05, -5.0201053125e+05, -5.020106875e+05, -5.020108125e+05, -5.020109375e+05, -5.020110625e+05, -5.020111875e+05, -5.0201128125e+05, -5.0201140625e+05, -5.0201146875e+05, -5.020115625e+05, -5.0201165625e+05, -5.0201171875e+05, -5.0201178125e+05, -5.0201184375e+05, -5.02011875e+05, -5.020119375e+05, -5.0201196875e+05, -5.02012e+05, -5.0201203125e+05, -5.020120625e+05, -5.0201209375e+05, -5.0201209375e+05, -5.02012125e+05, -5.02012125e+05, -5.02012125e+05, -5.02012125e+05, -5.02012125e+05, -5.02012125e+05, -5.0201209375e+05, -5.020120625e+05, -5.1851665625e+05, -5.2242440625e+05, -5.22275125e+05, -5.2231521875e+05, -5.2235009375e+05, -5.22380875e+05, -5.2243446875e+05, -5.224746875e+05, -5.2245853125e+05, -5.2239703125e+05, -5.2235659375e+05, -5.2239915625e+05, -5.223945e+05, -5.22347e+05, -5.2222628125e+05, -5.2200003125e+05, -5.2189253125e+05, -5.219118125e+05, -5.2210215625e+05, -5.2279559375e+05, -5.2309825e+05, -5.2291553125e+05, -5.2237546875e+05]
