last-generated=2023-11-10
statistics-simulation=
{
  "linear": "4, 4",
  "nonlinear": "0, 0, 0, 0",
  "number of continuous time states": "8",
  "numerical Jacobians": "0"
}
time=[0e+00, 3.6e+02]
whe.hex.sta_b1.T=[3.0169677734375e+02, 3.020980224542517e+02, 3.015710448876942e+02, 3.025562740145317e+02, 3.023825073058025e+02, 3.02208740234375e+02, 3.020349731629313e+02, 3.018611755739418e+02, 3.016874084104332e+02, 3.015544128417969e+02, 3.015544128417969e+02, 3.015544128417969e+02, 3.015544128417969e+02, 3.015544128417969e+02, 3.015544128417969e+02, 3.015544128417969e+02, 3.015544128417969e+02, 3.017225035552338e+02, 3.022267451780959e+02, 3.027310178526552e+02, 3.032352905273438e+02, 3.037395632019677e+02, 3.042438053591428e+02, 3.047480769650759e+02, 3.052523496397645e+02, 3.057566223144531e+02, 3.062608644715636e+02, 3.067651371462522e+02, 3.072694087521853e+02, 3.077736509093605e+02, 3.082779235839844e+02, 3.08782196258673e+02, 3.092864689332322e+02, 3.097907100218459e+02, 3.099588012695312e+02, 3.099588012695312e+02, 3.099588012695312e+02, 3.099588012695312e+02, 3.099588012695312e+02, 3.099588012695312e+02, 3.099588012695312e+02, 3.099588012695312e+02, 3.099588012695312e+02, 3.099588012695312e+02, 3.099588012695312e+02, 3.099588012695312e+02, 3.099588012695312e+02, 3.099588012695312e+02, 3.099588012695312e+02, 3.099588012695312e+02, 3.099588012695312e+02, 3.099588012695312e+02, 3.099588012695312e+02, 3.099588012695312e+02, 3.099588012695312e+02, 3.099588012695312e+02, 3.099588012695312e+02, 3.099588012695312e+02, 3.099588012695312e+02, 3.099588012695312e+02, 3.099588012695312e+02, 3.099588012695312e+02, 3.099588012695312e+02, 3.099588012695312e+02, 3.099588012695312e+02, 3.099588012695312e+02, 3.099588012695312e+02, 3.100744936963952e+02, 3.10406768523571e+02, 3.107200017324122e+02, 3.110142517089844e+02, 3.112895198099116e+02, 3.115458060419201e+02, 3.117831123385358e+02, 3.120014346769694e+02, 3.122007751464844e+02, 3.123811337403544e+02, 3.125425104647884e+02, 3.126848759327283e+02, 3.128082887641048e+02, 3.129126892089844e+02, 3.129981382955385e+02, 3.130645749955959e+02, 3.131120301514034e+02, 3.131236267089844e+02, 3.131236267089844e+02, 3.131236267089844e+02, 3.131236267089844e+02, 3.131236267089844e+02, 3.131236267089844e+02, 3.131236267089844e+02, 3.131236267089844e+02, 3.131236267089844e+02, 3.131236267089844e+02, 3.131236267089844e+02, 3.131236267089844e+02, 3.131236267089844e+02, 3.131236267089844e+02, 3.131236267089844e+02, 3.131236267089844e+02, 3.131236267089844e+02]
TSup.y=[3.031499938964844e+02, 3.031499938964844e+02, 3.031499938964844e+02, 3.031499938964844e+02, 3.031499938964844e+02, 3.031499938964844e+02, 3.031499938964844e+02, 3.031499938964844e+02, 3.031499938964844e+02, 3.031499938964844e+02, 3.031499938964844e+02, 3.031499938964844e+02, 3.031499938964844e+02, 3.031499938964844e+02, 3.031499938964844e+02, 3.031499938964844e+02, 3.031499938964844e+02, 3.033500059763645e+02, 3.039500116982971e+02, 3.045499875386664e+02, 3.051499938964844e+02, 3.057500002543024e+02, 3.063500066121204e+02, 3.069500116982971e+02, 3.075499875386664e+02, 3.081499938964844e+02, 3.087500002543024e+02, 3.093500066121204e+02, 3.099500116982971e+02, 3.105499875386664e+02, 3.111499938964844e+02, 3.117500002543024e+02, 3.123500066121204e+02, 3.129500116982971e+02, 3.131499938964844e+02, 3.131499938964844e+02, 3.131499938964844e+02, 3.131499938964844e+02, 3.131499938964844e+02, 3.131499938964844e+02, 3.131499938964844e+02, 3.131499938964844e+02, 3.131499938964844e+02, 3.131499938964844e+02, 3.131499938964844e+02, 3.131499938964844e+02, 3.131499938964844e+02, 3.131499938964844e+02, 3.131499938964844e+02, 3.131499938964844e+02, 3.131499938964844e+02, 3.131499938964844e+02, 3.131499938964844e+02, 3.131499938964844e+02, 3.131499938964844e+02, 3.131499938964844e+02, 3.131499938964844e+02, 3.131499938964844e+02, 3.131499938964844e+02, 3.131499938964844e+02, 3.131499938964844e+02, 3.131499938964844e+02, 3.131499938964844e+02, 3.131499938964844e+02, 3.131499938964844e+02, 3.131499938964844e+02, 3.131499938964844e+02, 3.131499938964844e+02, 3.131499938964844e+02, 3.131499938964844e+02, 3.131499938964844e+02, 3.131499938964844e+02, 3.131499938964844e+02, 3.131499938964844e+02, 3.131499938964844e+02, 3.131499938964844e+02, 3.131499938964844e+02, 3.131499938964844e+02, 3.131499938964844e+02, 3.131499938964844e+02, 3.131499938964844e+02, 3.131499938964844e+02, 3.131499938964844e+02, 3.131499938964844e+02, 3.131499938964844e+02, 3.131499938964844e+02, 3.131499938964844e+02, 3.131499938964844e+02, 3.131499938964844e+02, 3.131499938964844e+02, 3.131499938964844e+02, 3.131499938964844e+02, 3.131499938964844e+02, 3.131499938964844e+02, 3.131499938964844e+02, 3.131499938964844e+02, 3.131499938964844e+02, 3.131499938964844e+02, 3.131499938964844e+02, 3.131499938964844e+02, 3.131499938964844e+02]
whe.port_a1.m_flow=[1.048808860778809e+01, 3.534681217430925e+00, 1.311995086062455e+00, 4.445311707869884e-01, 1.700972625798763e-01, 7.864898443222046e-02, 4.26406365415155e-02, 2.625041338992495e-02, 1.704261399814941e-02, 6.731700451167446e-03, 1.929930760525167e-03, 5.19898878226877e-04, 1.50407721983734e-04, 4.973555893295392e-05, 1.922406472004051e-05, 8.699256795807742e-06, 4.566546403260437e-06, 2.743842563332655e-06, 2.053543813035159e-06, 2.283415546398604e-06, 4.24367499363143e-06, 1.371862337495451e-05, 6.891370288247582e-05, 4.27686573716586e-04, 2.482284469290782e-03, 9.976674802601337e-03, 2.051334780802471e-02, 2.980265306244997e-02, 4.459714132813853e-02, 6.846057897213285e-02, 1.0739815980196e-01, 1.71518853929773e-01, 2.775896202270899e-01, 4.519356499621749e-01, 7.275548406896168e-01, 1.10225474834442e+00, 1.467626250284854e+00, 1.800988965583616e+00, 2.148009957911702e+00, 2.495302780440627e+00, 2.831396102905273e+00, 3.147628502578373e+00, 3.438325160418683e+00, 3.700459506467932e+00, 3.933123476500328e+00, 4.136947631835938e+00, 4.313588814154752e+00, 4.465305922078191e+00, 4.594641106065937e+00, 4.704206157394582e+00, 4.796529293060303e+00, 4.873968479128361e+00, 4.938669253810398e+00, 4.992544131838229e+00, 5.037272997795386e+00, 5.074312686920166e+00, 5.104913186737961e+00, 5.130142230916406e+00, 5.150904639208953e+00, 5.167963530443009e+00, 5.18195915222168e+00, 5.193428021631745e+00, 5.202813632375171e+00, 5.210485929222674e+00, 5.216750631181624e+00, 5.221861362457275e+00, 5.226027005371494e+00, 5.181640981957875e+00, 5.038303021568525e+00, 4.889984827781753e+00, 4.736373901367188e+00, 4.577079093384015e+00, 4.411602113407898e+00, 4.239317294832093e+00, 4.059444590948388e+00, 3.870996713638306e+00, 3.672709808493914e+00, 3.462938798793179e+00, 3.23948924251345e+00, 2.999340822341678e+00, 2.738126993179321e+00, 2.449139392350175e+00, 2.121075855689745e+00, 1.731887264366506e+00, 1.581018567126699e+00, 1.58104145526886e+00, 1.581060409516593e+00, 1.581076621956729e+00, 1.581089735069529e+00, 1.581099867836909e+00, 1.581108689308167e+00, 1.581115484227565e+00, 1.581120610220953e+00, 1.581125140202251e+00, 1.581128358844984e+00, 1.581130862236023e+00, 1.581133008000203e+00, 1.581134438510667e+00, 1.581135630611647e+00, 1.581136584282932e+00, 1.58113706111908e+00]
whe.port_a2.m_flow=[2.079205513000488e+00, 1.056121564193484e+00, 4.149843560682353e-01, 1.683278609693609e-01, 8.212056244744809e-02, 4.649123549461365e-02, 2.985093501270831e-02, 2.12394255369423e-02, 1.564828307994401e-02, 6.91529038146556e-03, 2.193103078752756e-03, 6.475104592431872e-04, 2.03734099267616e-04, 7.279477127678111e-05, 3.023421095748844e-05, 1.463056742068147e-05, 8.178270202064418e-06, 5.113524880471423e-06, 3.827059172334221e-06, 4.255456069863195e-06, 7.908666702860501e-06, 2.556652575265841e-05, 1.28430081983204e-04, 7.970522324965759e-04, 4.626069241358784e-03, 1.859248243272305e-02, 3.822584311045873e-02, 5.55303400357215e-02, 8.307610637077005e-02, 1.27452678723627e-01, 1.996379047632217e-01, 3.175587125447499e-01, 5.084723560452256e-01, 8.041527942357976e-01, 1.199883762297198e+00, 1.586803197860716e+00, 2.00367376941281e+00, 2.458621422916956e+00, 2.932357384009244e+00, 3.406464415001182e+00, 3.865282297134399e+00, 4.296987300500597e+00, 4.693832237521511e+00, 5.05168504351775e+00, 5.36930610863456e+00, 5.647556781768799e+00, 5.88869914669405e+00, 6.09581534128153e+00, 6.272377350955578e+00, 6.421950569010547e+00, 6.547985076904297e+00, 6.65370161554274e+00, 6.742027826579627e+00, 6.81557506501172e+00, 6.876637074312026e+00, 6.927201271057129e+00, 6.96897547848828e+00, 7.00341704101847e+00, 7.031761147252066e+00, 7.055049454420584e+00, 7.074155330657959e+00, 7.089811777447055e+00, 7.102624902798787e+00, 7.113098136355917e+00, 7.12165070861453e+00, 7.128627777099609e+00, 7.134314051342613e+00, 7.138917449568296e+00, 7.142679211530782e+00, 7.145767216534288e+00, 7.148281574249268e+00, 7.150323387775447e+00, 7.151974196101147e+00, 7.153303627152726e+00, 7.154373647379137e+00, 7.155238628387451e+00, 7.155939101085502e+00, 7.156506536620634e+00, 7.156966210785966e+00, 7.15733861979e+00, 7.157640933990479e+00, 7.157885074235512e+00, 7.158081530918329e+00, 7.158241272441551e+00, 7.158366203498089e+00, 7.158470153808594e+00, 7.158555984363678e+00, 7.158628940355912e+00, 7.158688545396823e+00, 7.158734321666998e+00, 7.158774375915527e+00, 7.158805370286347e+00, 7.158828735270719e+00, 7.158848762568797e+00, 7.158863544484323e+00, 7.158874988555908e+00, 7.158884525282904e+00, 7.158890724165961e+00, 7.158896446244196e+00, 7.158900260933377e+00, 7.158903121948242e+00]
TExh.y=[2.931499938964844e+02, 2.931499938964844e+02]
whe.hex.sta_b2.T=[3.004939270019531e+02, 2.993744201517669e+02, 2.991494140611499e+02, 2.933716140795759e+02, 2.935203247252049e+02, 2.937070007324219e+02, 2.939316405995989e+02, 2.941942748434571e+02, 2.944948731153983e+02, 2.947939452346959e+02, 2.950138854980469e+02, 2.953097230427405e+02, 2.956602782438666e+02, 2.960101013860418e+02, 2.962911986295757e+02, 2.9644482421875e+02, 2.964433593371004e+02, 2.964300536700629e+02, 2.966230161937939e+02, 2.968159484045788e+02, 2.970088806152344e+02, 2.972018433434681e+02, 2.973947755542529e+02, 2.975877378734814e+02, 2.977806700842663e+02, 2.979736328125e+02, 2.981665650231556e+02, 2.983594972339404e+02, 2.985524595531689e+02, 2.987453917639538e+02, 2.989383544921875e+02, 2.991312867029077e+02, 2.993242189136279e+02, 2.995171812328564e+02, 2.995814819335938e+02, 2.995814819335938e+02, 2.995814819335938e+02, 2.995814819335938e+02, 2.995814819335938e+02, 2.995814819335938e+02, 2.995814819335938e+02, 2.995814819335938e+02, 2.995814819335938e+02, 2.995814819335938e+02, 2.995814819335938e+02, 2.995814819335938e+02, 2.995814819335938e+02, 2.995814819335938e+02, 2.995814819335938e+02, 2.995814819335938e+02, 2.995814819335938e+02, 2.995814819335938e+02, 2.995814819335938e+02, 2.995814819335938e+02, 2.995814819335938e+02, 2.995814819335938e+02, 2.995814819335938e+02, 2.995814819335938e+02, 2.995814819335938e+02, 2.995814819335938e+02, 2.995814819335938e+02, 2.995814819335938e+02, 2.995814819335938e+02, 2.995814819335938e+02, 2.995814819335938e+02, 2.995814819335938e+02, 2.995814819335938e+02, 2.994645687944209e+02, 2.991137393110478e+02, 2.98762938858373e+02, 2.984121398925781e+02, 2.980613104092051e+02, 2.977105114434101e+02, 2.973597095038555e+02, 2.970088800204824e+02, 2.966580810546875e+02, 2.963072820888926e+02, 2.959564831230976e+02, 2.956056506659649e+02, 2.952548517001699e+02, 2.94904052734375e+02, 2.94553223251002e+02, 2.94202424285207e+02, 2.938516223456524e+02, 2.937346801757812e+02, 2.937346801757812e+02, 2.937346801757812e+02, 2.937346801757812e+02, 2.937346801757812e+02, 2.937346801757812e+02, 2.937346801757812e+02, 2.937346801757812e+02, 2.937346801757812e+02, 2.937346801757812e+02, 2.937346801757812e+02, 2.937346801757812e+02, 2.937346801757812e+02, 2.937346801757812e+02, 2.937346801757812e+02, 2.937346801757812e+02, 2.937346801757812e+02]
whe.bypDamPos=[0e+00, 0e+00, 0e+00, 0e+00, 0e+00, 0e+00, 0e+00, 0e+00, 0e+00, 0e+00, 0e+00, 0e+00, 0e+00, 0e+00, 0e+00, 0e+00, 0e+00, 1.999998683733009e-02, 7.999994734933988e-02, 1.399999751647862e-01, 2.000000029802322e-01, 2.600000158945803e-01, 3.200000437099634e-01, 3.799999443691076e-01, 4.399999721845537e-01, 5e-01, 5.600000278155095e-01, 6.200000556310187e-01, 6.799999562899105e-01, 7.399999841054195e-01, 8.00000011920929e-01, 8.600000397363119e-01, 9.200000675516949e-01, 9.799999682108395e-01, 1e+00, 1e+00, 1e+00, 1e+00, 1e+00, 1e+00, 1e+00, 1e+00, 1e+00, 1e+00, 1e+00, 1e+00, 1e+00, 1e+00, 1e+00, 1e+00, 1e+00, 1e+00, 1e+00, 1e+00, 1e+00, 1e+00, 1e+00, 1e+00, 1e+00, 1e+00, 1e+00, 1e+00, 1e+00, 1e+00, 1e+00, 1e+00, 1e+00, 1e+00, 1e+00, 1e+00, 1e+00, 1e+00, 1e+00, 1e+00, 1e+00, 1e+00, 1e+00, 1e+00, 1e+00, 1e+00, 1e+00, 1e+00, 1e+00, 1e+00, 1e+00, 1e+00, 1e+00, 1e+00, 1e+00, 1e+00, 1e+00, 1e+00, 1e+00, 1e+00, 1e+00, 1e+00, 1e+00, 1e+00, 1e+00, 1e+00, 1e+00]
whe.effCal.epsSen=[7.370360493659973e-01, 6.239786729734462e-01, 6.01264893872165e-01, 6.000000238420474e-01, 6.000000238418579e-01, 6.000000238418579e-01, 6.000000238418579e-01, 6.000000238418579e-01, 6.000000238418579e-01, 6.000000238418579e-01, 6.000000238418579e-01, 6.000000238418579e-01, 6.000000238418579e-01, 6.000000238418579e-01, 6.000000238418579e-01, 6.000000238418579e-01, 6.000000238418579e-01, 6.000000238418579e-01, 6.000000238418579e-01, 6.000000238418579e-01, 6.000000238418579e-01, 6.000000238418579e-01, 6.000000238418579e-01, 6.000000238418579e-01, 6.000000238418579e-01, 6.000000238418579e-01, 6.000000238418579e-01, 6.000000238418579e-01, 6.000000238418579e-01, 6.000000238418579e-01, 6.000000238418579e-01, 6.000000238418579e-01, 6.000000238418579e-01, 6.000000238418579e-01, 6.000000238418579e-01, 6.000000238418579e-01, 6.000000238418579e-01, 6.000000238418579e-01, 6.000000238418579e-01, 6.000000238418579e-01, 6.000000238418579e-01, 6.000000238418579e-01, 6.000000238418579e-01, 6.000000238418579e-01, 6.000000238418579e-01, 6.000000238418579e-01, 6.000000238418579e-01, 6.000000238418579e-01, 6.000000238418579e-01, 6.000000238418579e-01, 6.000000238418579e-01, 6.000000238418579e-01, 6.000000238418579e-01, 6.000000238418579e-01, 6.000000238418579e-01, 6.000000238418579e-01, 6.000000238418579e-01, 6.000000238418579e-01, 6.000000238418579e-01, 6.000000238418579e-01, 6.000000238418579e-01, 6.000000238418579e-01, 6.000000238418579e-01, 6.000000238418579e-01, 6.000000238418579e-01, 6.000000238418579e-01, 6.000000238418579e-01, 6.000000238418579e-01, 6.000000238418579e-01, 6.000000238418579e-01, 6.000000238418579e-01, 6.000000238418579e-01, 6.000000238418579e-01, 6.000000238418579e-01, 6.000000238418579e-01, 6.000000238418579e-01, 6.000000238418579e-01, 6.000000238418579e-01, 6.000000238418579e-01, 6.000000238418579e-01, 6.000000238418579e-01, 6.000000238418579e-01, 6.000000238418579e-01, 6.000000238418579e-01, 6.000000238418579e-01, 6.000000238418579e-01, 6.000000238418579e-01, 6.000000238418579e-01, 6.000000238418579e-01, 6.000000238418579e-01, 6.000000238418579e-01, 6.000000238418579e-01, 6.000000238418579e-01, 6.000000238418579e-01, 6.000000238418579e-01, 6.000000238418579e-01, 6.000000238418579e-01, 6.000000238418579e-01, 6.000000238418579e-01, 6.000000238418579e-01, 6.000000238418579e-01]
whe.effCal.epsLat=[5.740721225738525e-01, 3.479573101841096e-01, 3.02529751981543e-01, 3.000000119213237e-01, 3.00000011920929e-01, 3.00000011920929e-01, 3.00000011920929e-01, 3.00000011920929e-01, 3.00000011920929e-01, 3.00000011920929e-01, 3.00000011920929e-01, 3.00000011920929e-01, 3.00000011920929e-01, 3.000000417232513e-01, 3.000000417232513e-01, 3.000000417232513e-01, 3.000000417232513e-01, 3.000000417232513e-01, 3.000000417232513e-01, 3.000000417232513e-01, 3.000000417232513e-01, 3.000000417232513e-01, 3.000000417232513e-01, 3.000000417232513e-01, 3.000000417232513e-01, 3.000000417232513e-01, 3.000000417232513e-01, 3.000000417232513e-01, 3.000000417232513e-01, 3.000000417232513e-01, 3.000000417232513e-01, 3.000000417232513e-01, 3.000000417232513e-01, 3.000000417232513e-01, 3.000000417232513e-01, 3.000000417232513e-01, 3.000000417232513e-01, 3.000000417232513e-01, 3.000000417232513e-01, 3.000000417232513e-01, 3.000000417232513e-01, 3.000000417232513e-01, 3.000000417232513e-01, 3.000000417232513e-01, 3.000000417232513e-01, 3.000000417232513e-01, 3.000000417232513e-01, 3.000000417232513e-01, 3.000000417232513e-01, 3.000000417232513e-01, 3.000000417232513e-01, 3.000000417232513e-01, 3.000000417232513e-01, 3.000000417232513e-01, 3.000000417232513e-01, 3.000000417232513e-01, 3.000000417232513e-01, 3.000000417232513e-01, 3.000000417232513e-01, 3.000000417232513e-01, 3.000000417232513e-01, 3.000000417232513e-01, 3.000000417232513e-01, 3.000000417232513e-01, 3.000000417232513e-01, 3.000000417232513e-01, 3.000000417232513e-01, 3.000000417232513e-01, 3.000000417232513e-01, 3.000000417232513e-01, 3.000000417232513e-01, 3.000000417232513e-01, 3.000000417232513e-01, 3.000000417232513e-01, 3.000000417232513e-01, 3.000000417232513e-01, 3.00000011920929e-01, 3.00000011920929e-01, 3.00000011920929e-01, 3.00000011920929e-01, 3.00000011920929e-01, 3.00000011920929e-01, 3.00000011920929e-01, 3.00000011920929e-01, 3.00000011920929e-01, 3.00000011920929e-01, 3.00000011920929e-01, 3.00000011920929e-01, 3.00000011920929e-01, 3.00000011920929e-01, 3.00000011920929e-01, 3.00000011920929e-01, 3.00000011920929e-01, 3.00000011920929e-01, 3.00000011920929e-01, 3.00000011920929e-01, 3.00000011920929e-01, 3.00000011920929e-01, 3.00000011920929e-01, 3.00000011920929e-01, 3.00000011920929e-01]
