last-generated=2020-05-12
statistics-initialization=
{
  "linear": "6"
}
statistics-simulation=
{
  "linear": " ",
  "nonlinear": "1",
  "number of continuous time states": "16",
  "numerical Jacobians": "0"
}
roo.yCFD[1]=[2.952604370117188e+02, 2.952604370117188e+02, 2.952604370117188e+02, 2.952604370117188e+02, 2.952604370117188e+02, 2.952604370117188e+02, 2.952604370117188e+02, 2.952604370117188e+02, 2.952604370117188e+02, 2.952604370117188e+02, 2.952604370117188e+02, 2.952604370117188e+02, 2.952604370117188e+02, 2.952604370117188e+02, 2.952604370117188e+02, 2.952604370117188e+02, 2.952604370117188e+02, 2.952604370117188e+02, 2.952604370117188e+02, 2.952604370117188e+02, 2.952604370117188e+02, 2.952604370117188e+02, 2.952604370117188e+02, 2.952604370117188e+02, 2.952604370117188e+02, 2.952604370117188e+02, 2.952604370117188e+02, 2.952604370117188e+02, 2.952604370117188e+02, 2.952604370117188e+02, 2.952604370117188e+02, 2.952604370117188e+02, 2.952604370117188e+02, 2.952604370117188e+02, 2.952604370117188e+02, 2.952604370117188e+02, 2.952604370117188e+02, 2.952604370117188e+02, 2.952604370117188e+02, 2.952604370117188e+02, 2.952604370117188e+02, 2.952604370117188e+02, 2.952604370117188e+02, 2.952604370117188e+02, 2.952604370117188e+02, 2.952604370117188e+02, 2.952604370117188e+02, 2.952604370117188e+02, 2.952604370117188e+02, 2.952604370117188e+02, 2.952604370117188e+02, 2.952604370117188e+02, 2.952604370117188e+02, 2.952604370117188e+02, 2.952604370117188e+02, 2.952604370117188e+02, 2.952604370117188e+02, 2.952604370117188e+02, 2.952604370117188e+02, 2.952604370117188e+02, 2.952604370117188e+02, 2.952604370117188e+02, 2.952604370117188e+02, 2.952604370117188e+02, 2.952604370117188e+02, 2.952604370117188e+02, 2.952604370117188e+02, 2.952604370117188e+02, 2.952604370117188e+02, 2.952604370117188e+02, 2.952604370117188e+02, 2.952604370117188e+02, 2.952604370117188e+02, 2.952604370117188e+02, 2.952604370117188e+02, 2.952604370117188e+02, 2.952604370117188e+02, 2.952604370117188e+02, 2.952604370117188e+02, 2.952604370117188e+02, 2.952604370117188e+02, 2.952604370117188e+02, 2.952604370117188e+02, 2.952604370117188e+02, 2.952604370117188e+02, 2.952604370117188e+02, 2.952604370117188e+02, 2.952604370117188e+02, 2.952604370117188e+02, 2.952604370117188e+02, 2.952604370117188e+02, 2.952604370117188e+02, 2.952604370117188e+02, 2.952604370117188e+02, 2.952604370117188e+02, 2.952604370117188e+02, 2.952604370117188e+02, 2.952604370117188e+02, 2.952604370117188e+02, 2.952604370117188e+02, 2.952604370117188e+02]
time=[0e+00, 1.2e+02]
roo.yCFD[2]=[2.933590087890625e+02, 2.933590087890625e+02, 2.933590087890625e+02, 2.933590087890625e+02, 2.933590087890625e+02, 2.933590087890625e+02, 2.933590087890625e+02, 2.933590087890625e+02, 2.933590087890625e+02, 2.933590087890625e+02, 2.933590087890625e+02, 2.933590087890625e+02, 2.933590087890625e+02, 2.933590087890625e+02, 2.933590087890625e+02, 2.933590087890625e+02, 2.933590087890625e+02, 2.933590087890625e+02, 2.933590087890625e+02, 2.933590087890625e+02, 2.933590087890625e+02, 2.933590087890625e+02, 2.933590087890625e+02, 2.933590087890625e+02, 2.933590087890625e+02, 2.933590087890625e+02, 2.933590087890625e+02, 2.933590087890625e+02, 2.933590087890625e+02, 2.933590087890625e+02, 2.933590087890625e+02, 2.933590087890625e+02, 2.933590087890625e+02, 2.933590087890625e+02, 2.933590087890625e+02, 2.933590087890625e+02, 2.933590087890625e+02, 2.933590087890625e+02, 2.933590087890625e+02, 2.933590087890625e+02, 2.933590087890625e+02, 2.933590087890625e+02, 2.933590087890625e+02, 2.933590087890625e+02, 2.933590087890625e+02, 2.933590087890625e+02, 2.933590087890625e+02, 2.933590087890625e+02, 2.933590087890625e+02, 2.933590087890625e+02, 2.933590087890625e+02, 2.933590087890625e+02, 2.933590087890625e+02, 2.933590087890625e+02, 2.933590087890625e+02, 2.933590087890625e+02, 2.933590087890625e+02, 2.933590087890625e+02, 2.933590087890625e+02, 2.933590087890625e+02, 2.933590087890625e+02, 2.933590087890625e+02, 2.933590087890625e+02, 2.933590087890625e+02, 2.933590087890625e+02, 2.933590087890625e+02, 2.933590087890625e+02, 2.933590087890625e+02, 2.933590087890625e+02, 2.933590087890625e+02, 2.933590087890625e+02, 2.933590087890625e+02, 2.933590087890625e+02, 2.933590087890625e+02, 2.933590087890625e+02, 2.933590087890625e+02, 2.933590087890625e+02, 2.933590087890625e+02, 2.933590087890625e+02, 2.933590087890625e+02, 2.933590087890625e+02, 2.933590087890625e+02, 2.933590087890625e+02, 2.933590087890625e+02, 2.933590087890625e+02, 2.933590087890625e+02, 2.933590087890625e+02, 2.933590087890625e+02, 2.933590087890625e+02, 2.933590087890625e+02, 2.933590087890625e+02, 2.933590087890625e+02, 2.933590087890625e+02, 2.933590087890625e+02, 2.933590087890625e+02, 2.933590087890625e+02, 2.933590087890625e+02, 2.933590087890625e+02, 2.933590087890625e+02, 2.933590087890625e+02, 2.933590087890625e+02]
