last-generated=2017-04-05
statistics-simulation=
{
  "numerical Jacobians": "0", 
  "nonlinear": " ", 
  "number of continuous time states": "8", 
  "linear": " "
}
con.T[8]=[2.931499938964844e+02, 2.931499938964844e+02, 2.931499938964844e+02, 2.931499938964844e+02, 2.931499938964844e+02, 2.931499938964844e+02, 2.931499938964844e+02, 2.931499938964844e+02, 2.931499938964844e+02, 2.931499938964844e+02, 2.931499938964844e+02, 2.931499938964844e+02, 2.931499938964844e+02, 2.931499938964844e+02, 2.931499938964844e+02, 2.931499938964844e+02, 2.931499938964844e+02, 2.931499938964844e+02, 2.931499938964844e+02, 2.931499938964844e+02, 2.931499938964844e+02, 2.931499938964844e+02, 2.931499938964844e+02, 2.931499938964844e+02, 2.931499938964844e+02, 2.931499938964844e+02, 2.931499938964844e+02, 2.931499938964844e+02, 2.931499938964844e+02, 2.931499938964844e+02, 2.931499938964844e+02, 2.931499938964844e+02, 2.931499938964844e+02, 2.931499938964844e+02, 2.931499938964844e+02, 2.931499938964844e+02, 2.931499938964844e+02, 2.931499938964844e+02, 2.931499938964844e+02, 2.931499938964844e+02, 2.931499938964844e+02, 2.931499938964844e+02, 2.931499938964844e+02, 2.931499938964844e+02, 2.931499938964844e+02, 2.931499938964844e+02, 2.931499938964844e+02, 2.931499938964844e+02, 2.931499938964844e+02, 2.931499938964844e+02, 2.931499938964844e+02, 2.931499938964844e+02, 2.931499938964844e+02, 2.931499938964844e+02, 2.931499938964844e+02, 2.931499938964844e+02, 2.931499938964844e+02, 2.931499938964844e+02, 2.931499938964844e+02, 2.931499938964844e+02, 2.931499938964844e+02, 2.931499938964844e+02, 2.931499938964844e+02, 2.931499938964844e+02, 2.931499938964844e+02, 2.931499938964844e+02, 2.931499938964844e+02, 2.931499938964844e+02, 2.931499938964844e+02, 2.931499938964844e+02, 2.931499938964844e+02, 2.931499938964844e+02, 2.931499938964844e+02, 2.931499938964844e+02, 2.931499938964844e+02, 2.931499938964844e+02, 2.931499938964844e+02, 2.931499938964844e+02, 2.931499938964844e+02, 2.931499938964844e+02, 2.931499938964844e+02, 2.931499938964844e+02, 2.931499938964844e+02, 2.931499938964844e+02, 2.931499938964844e+02, 2.931499938964844e+02, 2.931499938964844e+02, 2.931499938964844e+02, 2.931499938964844e+02, 2.931499938964844e+02, 2.931499938964844e+02, 2.931499938964844e+02, 2.931499938964844e+02, 2.931499938964844e+02, 2.931499938964844e+02, 2.931499938964844e+02, 2.931499938964844e+02, 2.931499938964844e+02, 2.931499938964844e+02, 2.931499938964844e+02, 2.931499938964844e+02]
con.T[5]=[2.931499938964844e+02, 2.931499938964844e+02, 2.931499938964844e+02, 2.931499938964844e+02, 2.931499938964844e+02, 2.931499938964844e+02, 2.931499938964844e+02, 2.931499938964844e+02, 2.931499938964844e+02, 2.931499938964844e+02, 2.931499938964844e+02, 2.931499938964844e+02, 2.931499938964844e+02, 2.931500244140625e+02, 2.931501159667969e+02, 2.931502075195312e+02, 2.931503601074219e+02, 2.931506042480469e+02, 2.9315087890625e+02, 2.931512145996094e+02, 2.93151611328125e+02, 2.931520690917969e+02, 2.93152587890625e+02, 2.931531372070312e+02, 2.931537475585938e+02, 2.931544189453125e+02, 2.931551208496094e+02, 2.931558532714844e+02, 2.931566467285156e+02, 2.93157470703125e+02, 2.931583251953125e+02, 2.931592102050781e+02, 2.931600952148438e+02, 2.931610412597656e+02, 2.931619873046875e+02, 2.931629943847656e+02, 2.931639709472656e+02, 2.931650085449219e+02, 2.93166015625e+02, 2.931670837402344e+02, 2.931681213378906e+02, 2.93169189453125e+02, 2.931702880859375e+02, 2.931713562011719e+02, 2.931724548339844e+02, 2.931735534667969e+02, 2.931746520996094e+02, 2.931757507324219e+02, 2.931768493652344e+02, 2.931779479980469e+02, 2.931790771484375e+02, 2.9318017578125e+02, 2.931812744140625e+02, 2.931824035644531e+02, 2.931835021972656e+02, 2.931846008300781e+02, 2.931856994628906e+02, 2.931867980957031e+02, 2.931878967285156e+02, 2.931889953613281e+02, 2.931900939941406e+02, 2.93191162109375e+02, 2.931922607421875e+02, 2.931933288574219e+02, 2.931944274902344e+02, 2.931954956054688e+02, 2.931965637207031e+02, 2.931976318359375e+02, 2.931986694335938e+02, 2.931997375488281e+02, 2.932007751464844e+02, 2.932018127441406e+02, 2.932028503417969e+02, 2.932038879394531e+02, 2.932048950195312e+02, 2.932059326171875e+02, 2.932069396972656e+02, 2.932079467773438e+02, 2.932089233398438e+02, 2.932099304199219e+02, 2.932109069824219e+02, 2.932118835449219e+02, 2.932128601074219e+02, 2.932138061523438e+02, 2.932147827148438e+02, 2.932157287597656e+02, 2.932166748046875e+02, 2.932176208496094e+02, 2.932185668945312e+02, 2.93219482421875e+02, 2.932203979492188e+02, 2.932213134765625e+02, 2.932222290039062e+02, 2.9322314453125e+02, 2.932240295410156e+02, 2.932249145507812e+02, 2.932257995605469e+02, 2.932266845703125e+02, 2.932275695800781e+02, 2.932284240722656e+02, 2.932293090820312e+02]
con.T[7]=[2.931499938964844e+02, 2.931499938964844e+02, 2.931499938964844e+02, 2.931499938964844e+02, 2.931499938964844e+02, 2.931499938964844e+02, 2.931499938964844e+02, 2.931499938964844e+02, 2.931499938964844e+02, 2.931499938964844e+02, 2.931499938964844e+02, 2.931499938964844e+02, 2.931499938964844e+02, 2.931499938964844e+02, 2.931499938964844e+02, 2.931499938964844e+02, 2.931499938964844e+02, 2.931499938964844e+02, 2.931499938964844e+02, 2.931499938964844e+02, 2.931499938964844e+02, 2.931499938964844e+02, 2.931499938964844e+02, 2.931499938964844e+02, 2.931499938964844e+02, 2.931499938964844e+02, 2.931499938964844e+02, 2.931499938964844e+02, 2.931499938964844e+02, 2.931499938964844e+02, 2.931499938964844e+02, 2.931499938964844e+02, 2.931499938964844e+02, 2.931499938964844e+02, 2.931499938964844e+02, 2.931499938964844e+02, 2.931499938964844e+02, 2.931499938964844e+02, 2.931499938964844e+02, 2.931499938964844e+02, 2.931499938964844e+02, 2.931499938964844e+02, 2.931500244140625e+02, 2.931500244140625e+02, 2.931500244140625e+02, 2.931500244140625e+02, 2.931500244140625e+02, 2.931500244140625e+02, 2.931500244140625e+02, 2.931500244140625e+02, 2.931500244140625e+02, 2.931500244140625e+02, 2.931500244140625e+02, 2.931500244140625e+02, 2.931500244140625e+02, 2.931500244140625e+02, 2.931500549316406e+02, 2.931500549316406e+02, 2.931500549316406e+02, 2.931500549316406e+02, 2.931500549316406e+02, 2.931500549316406e+02, 2.931500549316406e+02, 2.931500549316406e+02, 2.931500854492188e+02, 2.931500854492188e+02, 2.931500854492188e+02, 2.931500854492188e+02, 2.931500854492188e+02, 2.931501159667969e+02, 2.931501159667969e+02, 2.931501159667969e+02, 2.931501159667969e+02, 2.931501159667969e+02, 2.93150146484375e+02, 2.93150146484375e+02, 2.93150146484375e+02, 2.93150146484375e+02, 2.931501770019531e+02, 2.931501770019531e+02, 2.931501770019531e+02, 2.931502075195312e+02, 2.931502075195312e+02, 2.931502075195312e+02, 2.931502380371094e+02, 2.931502380371094e+02, 2.931502380371094e+02, 2.931502685546875e+02, 2.931502685546875e+02, 2.931502685546875e+02, 2.931502990722656e+02, 2.931502990722656e+02, 2.931502990722656e+02, 2.931503295898438e+02, 2.931503295898438e+02, 2.931503601074219e+02, 2.931503601074219e+02, 2.93150390625e+02, 2.93150390625e+02, 2.931504211425781e+02, 2.931504211425781e+02]
con.T[6]=[2.931499938964844e+02, 2.931499938964844e+02, 2.931499938964844e+02, 2.931499938964844e+02, 2.931499938964844e+02, 2.931499938964844e+02, 2.931499938964844e+02, 2.931499938964844e+02, 2.931499938964844e+02, 2.931499938964844e+02, 2.931499938964844e+02, 2.931499938964844e+02, 2.931499938964844e+02, 2.931499938964844e+02, 2.931499938964844e+02, 2.931499938964844e+02, 2.931499938964844e+02, 2.931499938964844e+02, 2.931499938964844e+02, 2.931500244140625e+02, 2.931500244140625e+02, 2.931500244140625e+02, 2.931500549316406e+02, 2.931500549316406e+02, 2.931500854492188e+02, 2.931500854492188e+02, 2.931501159667969e+02, 2.93150146484375e+02, 2.931501770019531e+02, 2.931502075195312e+02, 2.931502380371094e+02, 2.931502990722656e+02, 2.931503295898438e+02, 2.93150390625e+02, 2.931504516601562e+02, 2.931505126953125e+02, 2.931505737304688e+02, 2.93150634765625e+02, 2.931506958007812e+02, 2.931507873535156e+02, 2.931508483886719e+02, 2.931509399414062e+02, 2.931510314941406e+02, 2.93151123046875e+02, 2.931512451171875e+02, 2.931513366699219e+02, 2.931514587402344e+02, 2.931515502929688e+02, 2.931516723632812e+02, 2.931517944335938e+02, 2.931519165039062e+02, 2.931520690917969e+02, 2.931521911621094e+02, 2.9315234375e+02, 2.931524963378906e+02, 2.931526184082031e+02, 2.931528015136719e+02, 2.931529541015625e+02, 2.931531066894531e+02, 2.931532592773438e+02, 2.931534423828125e+02, 2.931536254882812e+02, 2.931537780761719e+02, 2.931539611816406e+02, 2.931541442871094e+02, 2.931543579101562e+02, 2.93154541015625e+02, 2.931547241210938e+02, 2.931549377441406e+02, 2.931551513671875e+02, 2.931553344726562e+02, 2.931555480957031e+02, 2.9315576171875e+02, 2.931559753417969e+02, 2.931561889648438e+02, 2.931564331054688e+02, 2.931566467285156e+02, 2.931568908691406e+02, 2.931571044921875e+02, 2.931573486328125e+02, 2.931575927734375e+02, 2.931578063964844e+02, 2.931580505371094e+02, 2.931582946777344e+02, 2.931585693359375e+02, 2.931588134765625e+02, 2.931590576171875e+02, 2.931593017578125e+02, 2.931595764160156e+02, 2.931598205566406e+02, 2.931600952148438e+02, 2.931603698730469e+02, 2.931606140136719e+02, 2.93160888671875e+02, 2.931611633300781e+02, 2.931614379882812e+02, 2.931617126464844e+02, 2.931619873046875e+02, 2.931622619628906e+02, 2.931625366210938e+02, 2.931628112792969e+02]
con.T[3]=[2.931499938964844e+02, 2.931499938964844e+02, 2.931499938964844e+02, 2.931499938964844e+02, 2.931499938964844e+02, 2.931499938964844e+02, 2.931499938964844e+02, 2.931499938964844e+02, 2.931499938964844e+02, 2.931499938964844e+02, 2.931499938964844e+02, 2.9315380859375e+02, 2.931630554199219e+02, 2.931734008789062e+02, 2.931832580566406e+02, 2.931922912597656e+02, 2.932005310058594e+02, 2.932081604003906e+02, 2.932152099609375e+02, 2.932217712402344e+02, 2.932279357910156e+02, 2.932337036132812e+02, 2.932391662597656e+02, 2.932443542480469e+02, 2.932492980957031e+02, 2.932540283203125e+02, 2.932585754394531e+02, 2.932629089355469e+02, 2.932670593261719e+02, 2.932710876464844e+02, 2.932749328613281e+02, 2.932786865234375e+02, 2.932822875976562e+02, 2.932857666015625e+02, 2.932891540527344e+02, 2.932924194335938e+02, 2.932955932617188e+02, 2.932986755371094e+02, 2.933016967773438e+02, 2.933045959472656e+02, 2.933074645996094e+02, 2.933102416992188e+02, 2.933129577636719e+02, 2.933156127929688e+02, 2.933182067871094e+02, 2.933207397460938e+02, 2.933232421875e+02, 2.933256530761719e+02, 2.933280334472656e+02, 2.933303833007812e+02, 2.933326416015625e+02, 2.933348693847656e+02, 2.933370666503906e+02, 2.933392028808594e+02, 2.933413391113281e+02, 2.933433837890625e+02, 2.933454284667969e+02, 2.93347412109375e+02, 2.93349365234375e+02, 2.93351318359375e+02, 2.933532104492188e+02, 2.933550720214844e+02, 2.933568725585938e+02, 2.933586730957031e+02, 2.933604431152344e+02, 2.933621826171875e+02, 2.933639221191406e+02, 2.933656005859375e+02, 2.933672790527344e+02, 2.933689270019531e+02, 2.933705444335938e+02, 2.933721313476562e+02, 2.933737182617188e+02, 2.933752746582031e+02, 2.933768005371094e+02, 2.933783264160156e+02, 2.933798217773438e+02, 2.933812866210938e+02, 2.933827514648438e+02, 2.933842163085938e+02, 2.933856506347656e+02, 2.933870544433594e+02, 2.933884582519531e+02, 2.933898315429688e+02, 2.933912048339844e+02, 2.933925476074219e+02, 2.933938903808594e+02, 2.933952331542969e+02, 2.933965454101562e+02, 2.933978271484375e+02, 2.933991088867188e+02, 2.93400390625e+02, 2.934016418457031e+02, 2.934028930664062e+02, 2.934041442871094e+02, 2.934053649902344e+02, 2.934065551757812e+02, 2.934077758789062e+02, 2.934089660644531e+02, 2.934101257324219e+02, 2.934113159179688e+02]
con.T[2]=[2.931499938964844e+02, 2.931499938964844e+02, 2.931499938964844e+02, 2.931499938964844e+02, 2.931499938964844e+02, 2.931499938964844e+02, 2.931499938964844e+02, 2.931499938964844e+02, 2.931499938964844e+02, 2.931499938964844e+02, 2.931499938964844e+02, 2.931763305664062e+02, 2.93197998046875e+02, 2.932142028808594e+02, 2.932275085449219e+02, 2.932390441894531e+02, 2.932492065429688e+02, 2.9325830078125e+02, 2.932664794921875e+02, 2.932739868164062e+02, 2.932809143066406e+02, 2.932873840332031e+02, 2.932934265136719e+02, 2.932991027832031e+02, 2.933045043945312e+02, 2.933096313476562e+02, 2.933145141601562e+02, 2.933191528320312e+02, 2.933236083984375e+02, 2.933278503417969e+02, 2.933319396972656e+02, 2.933358764648438e+02, 2.933396911621094e+02, 2.933433532714844e+02, 2.933468933105469e+02, 2.933503112792969e+02, 2.933536376953125e+02, 2.933568420410156e+02, 2.933599853515625e+02, 2.93363037109375e+02, 2.933659973144531e+02, 2.933688659667969e+02, 2.933717041015625e+02, 2.933744812011719e+02, 2.93377197265625e+02, 2.933798217773438e+02, 2.933823852539062e+02, 2.933849182128906e+02, 2.933873596191406e+02, 2.933898010253906e+02, 2.933921508789062e+02, 2.933944396972656e+02, 2.93396728515625e+02, 2.9339892578125e+02, 2.934010925292969e+02, 2.934032287597656e+02, 2.934053344726562e+02, 2.934073791503906e+02, 2.934093933105469e+02, 2.93411376953125e+02, 2.934132995605469e+02, 2.934152221679688e+02, 2.934170837402344e+02, 2.934189453125e+02, 2.934207458496094e+02, 2.934225158691406e+02, 2.934242858886719e+02, 2.93426025390625e+02, 2.934277038574219e+02, 2.934293823242188e+02, 2.934310607910156e+02, 2.934326782226562e+02, 2.934342956542969e+02, 2.934358825683594e+02, 2.934374389648438e+02, 2.934389953613281e+02, 2.934405212402344e+02, 2.934420166015625e+02, 2.934435119628906e+02, 2.934449768066406e+02, 2.934464416503906e+02, 2.934479064941406e+02, 2.934493103027344e+02, 2.934507141113281e+02, 2.934521179199219e+02, 2.934534912109375e+02, 2.93454833984375e+02, 2.934561767578125e+02, 2.9345751953125e+02, 2.934588317871094e+02, 2.934601440429688e+02, 2.934614562988281e+02, 2.934627380371094e+02, 2.934639892578125e+02, 2.934652404785156e+02, 2.934664916992188e+02, 2.934677124023438e+02, 2.934689331054688e+02, 2.934701538085938e+02, 2.934713439941406e+02, 2.934725341796875e+02]
con.T[4]=[2.931499938964844e+02, 2.931499938964844e+02, 2.931499938964844e+02, 2.931499938964844e+02, 2.931499938964844e+02, 2.931499938964844e+02, 2.931499938964844e+02, 2.931499938964844e+02, 2.931499938964844e+02, 2.931499938964844e+02, 2.931499938964844e+02, 2.931501159667969e+02, 2.931507873535156e+02, 2.931521911621094e+02, 2.931542358398438e+02, 2.931567687988281e+02, 2.9315966796875e+02, 2.931628112792969e+02, 2.931661376953125e+02, 2.931695556640625e+02, 2.931730346679688e+02, 2.93176513671875e+02, 2.931799621582031e+02, 2.931834106445312e+02, 2.931867980957031e+02, 2.931900939941406e+02, 2.93193359375e+02, 2.931965637207031e+02, 2.9319970703125e+02, 2.932027587890625e+02, 2.932057800292969e+02, 2.932087097167969e+02, 2.932115783691406e+02, 2.932143859863281e+02, 2.932171325683594e+02, 2.932197875976562e+02, 2.93222412109375e+02, 2.932249755859375e+02, 2.932274780273438e+02, 2.932299499511719e+02, 2.932323303222656e+02, 2.932346801757812e+02, 2.932369689941406e+02, 2.932392272949219e+02, 2.932414245605469e+02, 2.932435913085938e+02, 2.932456970214844e+02, 2.932477722167969e+02, 2.932498168945312e+02, 2.932518310546875e+02, 2.932538146972656e+02, 2.932557678222656e+02, 2.932576599121094e+02, 2.932595520019531e+02, 2.932614135742188e+02, 2.932632446289062e+02, 2.932650451660156e+02, 2.932668151855469e+02, 2.932685546875e+02, 2.932702941894531e+02, 2.9327197265625e+02, 2.932736511230469e+02, 2.932752990722656e+02, 2.932769165039062e+02, 2.932785339355469e+02, 2.932801208496094e+02, 2.932816772460938e+02, 2.93283203125e+02, 2.932847290039062e+02, 2.932862548828125e+02, 2.932877197265625e+02, 2.932891845703125e+02, 2.932906494140625e+02, 2.932920837402344e+02, 2.932934875488281e+02, 2.932948913574219e+02, 2.932962646484375e+02, 2.932976379394531e+02, 2.932990112304688e+02, 2.933003540039062e+02, 2.933016967773438e+02, 2.933030090332031e+02, 2.933042907714844e+02, 2.933055725097656e+02, 2.933068542480469e+02, 2.9330810546875e+02, 2.933093566894531e+02, 2.933106079101562e+02, 2.933118286132812e+02, 2.933130493164062e+02, 2.933142395019531e+02, 2.933154296875e+02, 2.933166198730469e+02, 2.933177795410156e+02, 2.933189392089844e+02, 2.933200988769531e+02, 2.933212280273438e+02, 2.933223571777344e+02, 2.933234558105469e+02, 2.933245849609375e+02, 2.9332568359375e+02]
time=[0e+00, 3.6e+04]
con.T[1]=[2.931499938964844e+02, 2.931499938964844e+02, 2.931499938964844e+02, 2.931499938964844e+02, 2.931499938964844e+02, 2.931499938964844e+02, 2.931499938964844e+02, 2.931499938964844e+02, 2.931499938964844e+02, 2.931499938964844e+02, 2.931499938964844e+02, 2.93206298828125e+02, 2.932309875488281e+02, 2.932483520507812e+02, 2.932623596191406e+02, 2.932743835449219e+02, 2.932849426269531e+02, 2.932942810058594e+02, 2.933027038574219e+02, 2.933103942871094e+02, 2.933174743652344e+02, 2.933240661621094e+02, 2.933302307128906e+02, 2.933359985351562e+02, 2.933414611816406e+02, 2.933466491699219e+02, 2.933516235351562e+02, 2.933563232421875e+02, 2.9336083984375e+02, 2.933651428222656e+02, 2.933692626953125e+02, 2.933732299804688e+02, 2.933770751953125e+02, 2.933807678222656e+02, 2.933843383789062e+02, 2.933877868652344e+02, 2.933911437988281e+02, 2.933943786621094e+02, 2.933975524902344e+02, 2.934006042480469e+02, 2.934035949707031e+02, 2.93406494140625e+02, 2.934093322753906e+02, 2.934121398925781e+02, 2.934148559570312e+02, 2.934175109863281e+02, 2.934201049804688e+02, 2.934226379394531e+02, 2.934251098632812e+02, 2.934275512695312e+02, 2.93429931640625e+02, 2.934322509765625e+02, 2.934345092773438e+02, 2.934367370605469e+02, 2.934389343261719e+02, 2.934410705566406e+02, 2.934431762695312e+02, 2.934452209472656e+02, 2.93447265625e+02, 2.934492492675781e+02, 2.934512023925781e+02, 2.93453125e+02, 2.934549865722656e+02, 2.934568481445312e+02, 2.934586486816406e+02, 2.9346044921875e+02, 2.934622192382812e+02, 2.934639587402344e+02, 2.934656677246094e+02, 2.934673461914062e+02, 2.934690246582031e+02, 2.934706420898438e+02, 2.934722595214844e+02, 2.934738464355469e+02, 2.934754333496094e+02, 2.934769592285156e+02, 2.93478515625e+02, 2.934800109863281e+02, 2.934815063476562e+02, 2.934830017089844e+02, 2.934844665527344e+02, 2.934859008789062e+02, 2.934873352050781e+02, 2.934887390136719e+02, 2.934901428222656e+02, 2.934915161132812e+02, 2.934928894042969e+02, 2.934942321777344e+02, 2.934955749511719e+02, 2.934968872070312e+02, 2.934981994628906e+02, 2.9349951171875e+02, 2.935007934570312e+02, 2.935020446777344e+02, 2.935033264160156e+02, 2.935045471191406e+02, 2.935057983398438e+02, 2.935070190429688e+02, 2.935082397460938e+02, 2.935094299316406e+02, 2.935106201171875e+02]
