last-generated=2016-12-09
statistics-simulation=
{
  "numerical Jacobians": "0", 
  "nonlinear": " ", 
  "number of continuous time states": "33", 
  "linear": "0, 0, 0, 0, 0, 0"
}
sla2.surf_a.T=[293.149993896484375, 293.35296630859375, 294.136688232421875, 295.026458740234375, 295.80108642578125, 296.421783447265625, 296.910247802734375, 297.288482666015625, 297.581878662109375, 297.81494140625, 297.996673583984375, 298.136016845703125, 298.241912841796875, 298.32330322265625, 298.38543701171875, 298.435089111328125, 298.47589111328125, 298.5087890625, 298.53472900390625, 298.554656982421875, 298.569549560546875, 298.580352783203125, 298.587982177734375, 298.593414306640625, 298.597564697265625, 298.6014404296875, 298.402008056640625, 297.621856689453125, 296.7322998046875, 295.961334228515625, 295.34149169921875, 294.855194091796875, 294.47796630859375, 294.180084228515625, 293.948822021484375, 293.771484375, 293.6353759765625, 293.532135009765625, 293.45068359375, 293.38385009765625, 293.330108642578125, 293.287811279296875, 293.255401611328125, 293.23126220703125, 293.21380615234375, 293.201446533203125, 293.19256591796875, 293.18560791015625, 293.179443359375, 293.1748046875, 293.17071533203125, 293.3699951171875, 294.14892578125, 295.038482666015625, 295.811065673828125, 296.42974853515625, 296.91754150390625, 297.2974853515625, 297.591583251953125, 297.815521240234375, 297.994659423828125, 298.13702392578125, 298.247802734375, 298.33233642578125, 298.395843505859375, 298.443634033203125, 298.48089599609375, 298.51068115234375, 298.53466796875, 298.55389404296875, 298.5689697265625, 298.58056640625, 298.58929443359375, 298.5958251953125, 298.60076904296875, 298.60479736328125, 298.4051513671875, 297.624176025390625, 296.73577880859375, 295.963470458984375, 295.344085693359375, 294.856536865234375, 294.480865478515625, 294.18475341796875, 293.95208740234375, 293.77239990234375, 293.635223388671875, 293.530120849609375, 293.450286865234375, 293.3876953125, 293.335906982421875, 293.2938232421875, 293.2603759765625, 293.234405517578125, 293.214874267578125, 293.20068359375, 293.190704345703125, 293.183868408203125, 293.179046630859375, 293.175201416015625, 293.171234130859375]
senTem1.T=[293.149993896484375, 309.34381103515625, 309.95123291015625, 310.30194091796875, 310.544830322265625, 310.72882080078125, 310.869049072265625, 310.97674560546875, 311.060546875, 311.1270751953125, 311.178924560546875, 311.2186279296875, 311.24884033203125, 311.272064208984375, 311.28985595703125, 311.3040771484375, 311.315765380859375, 311.325225830078125, 311.33270263671875, 311.33843994140625, 311.3427734375, 311.345916748046875, 311.34814453125, 311.349761962890625, 311.351043701171875, 311.352203369140625, 293.149993896484375, 293.149993896484375, 293.149993896484375, 293.149993896484375, 293.149993896484375, 293.149993896484375, 293.149993896484375, 293.149993896484375, 293.149993896484375, 293.149993896484375, 293.149993896484375, 293.149993896484375, 293.149993896484375, 293.149993896484375, 293.149993896484375, 293.149993896484375, 293.149993896484375, 293.149993896484375, 293.149993896484375, 293.149993896484375, 293.149993896484375, 293.149993896484375, 293.149993896484375, 293.149993896484375, 293.149993896484375, 309.351776123046875, 309.95745849609375, 310.306396484375, 310.549468994140625, 310.731414794921875, 310.8724365234375, 310.980865478515625, 311.064361572265625, 311.128265380859375, 311.17938232421875, 311.220001220703125, 311.2515869140625, 311.27569580078125, 311.2938232421875, 311.3074951171875, 311.318145751953125, 311.326690673828125, 311.333587646484375, 311.339141845703125, 311.343475341796875, 311.346832275390625, 311.349395751953125, 311.351287841796875, 311.352752685546875, 311.35394287109375, 293.149993896484375, 293.149993896484375, 293.149993896484375, 293.149993896484375, 293.149993896484375, 293.149993896484375, 293.149993896484375, 293.149993896484375, 293.149993896484375, 293.149993896484375, 293.149993896484375, 293.149993896484375, 293.149993896484375, 293.149993896484375, 293.149993896484375, 293.149993896484375, 293.149993896484375, 293.149993896484375, 293.149993896484375, 293.149993896484375, 293.149993896484375, 293.149993896484375, 293.149993896484375, 293.149993896484375, 293.149993896484375]
sla1.surf_a.T=[293.149993896484375, 293.35296630859375, 294.136688232421875, 295.026458740234375, 295.80108642578125, 296.421783447265625, 296.910247802734375, 297.288482666015625, 297.581878662109375, 297.81494140625, 297.996673583984375, 298.136016845703125, 298.241912841796875, 298.32330322265625, 298.38543701171875, 298.435089111328125, 298.47589111328125, 298.5087890625, 298.53472900390625, 298.554656982421875, 298.569549560546875, 298.580352783203125, 298.587982177734375, 298.593414306640625, 298.597564697265625, 298.6014404296875, 298.402008056640625, 297.621856689453125, 296.7322998046875, 295.961334228515625, 295.34149169921875, 294.855194091796875, 294.47796630859375, 294.180084228515625, 293.948822021484375, 293.771484375, 293.6353759765625, 293.532135009765625, 293.45068359375, 293.38385009765625, 293.330108642578125, 293.287811279296875, 293.255401611328125, 293.23126220703125, 293.21380615234375, 293.201446533203125, 293.19256591796875, 293.18560791015625, 293.179443359375, 293.1748046875, 293.17071533203125, 293.3699951171875, 294.14892578125, 295.038482666015625, 295.811065673828125, 296.42974853515625, 296.91754150390625, 297.2974853515625, 297.591583251953125, 297.815521240234375, 297.994659423828125, 298.13702392578125, 298.247802734375, 298.33233642578125, 298.395843505859375, 298.443634033203125, 298.48089599609375, 298.51068115234375, 298.53466796875, 298.55389404296875, 298.5689697265625, 298.58056640625, 298.58929443359375, 298.5958251953125, 298.60076904296875, 298.60479736328125, 298.4051513671875, 297.624176025390625, 296.73577880859375, 295.963470458984375, 295.344085693359375, 294.856536865234375, 294.480865478515625, 294.18475341796875, 293.95208740234375, 293.77239990234375, 293.635223388671875, 293.530120849609375, 293.450286865234375, 293.3876953125, 293.335906982421875, 293.2938232421875, 293.2603759765625, 293.234405517578125, 293.214874267578125, 293.20068359375, 293.190704345703125, 293.183868408203125, 293.179046630859375, 293.175201416015625, 293.171234130859375]
sla3.surf_a.T=[293.149993896484375, 293.35296630859375, 294.136688232421875, 295.026458740234375, 295.80108642578125, 296.421783447265625, 296.910247802734375, 297.288482666015625, 297.581878662109375, 297.81494140625, 297.996673583984375, 298.136016845703125, 298.241912841796875, 298.32330322265625, 298.38543701171875, 298.435089111328125, 298.47589111328125, 298.5087890625, 298.53472900390625, 298.554656982421875, 298.569549560546875, 298.580352783203125, 298.587982177734375, 298.593414306640625, 298.597564697265625, 298.6014404296875, 298.402008056640625, 297.621856689453125, 296.7322998046875, 295.961334228515625, 295.34149169921875, 294.855194091796875, 294.47796630859375, 294.180084228515625, 293.948822021484375, 293.771484375, 293.6353759765625, 293.532135009765625, 293.45068359375, 293.38385009765625, 293.330108642578125, 293.287811279296875, 293.255401611328125, 293.23126220703125, 293.21380615234375, 293.201446533203125, 293.19256591796875, 293.18560791015625, 293.179443359375, 293.1748046875, 293.17071533203125, 293.3699951171875, 294.14892578125, 295.038482666015625, 295.811065673828125, 296.42974853515625, 296.91754150390625, 297.2974853515625, 297.591583251953125, 297.815521240234375, 297.994659423828125, 298.13702392578125, 298.247802734375, 298.33233642578125, 298.395843505859375, 298.443634033203125, 298.48089599609375, 298.51068115234375, 298.53466796875, 298.55389404296875, 298.5689697265625, 298.58056640625, 298.58929443359375, 298.5958251953125, 298.60076904296875, 298.60479736328125, 298.4051513671875, 297.624176025390625, 296.73577880859375, 295.963470458984375, 295.344085693359375, 294.856536865234375, 294.480865478515625, 294.18475341796875, 293.95208740234375, 293.77239990234375, 293.635223388671875, 293.530120849609375, 293.450286865234375, 293.3876953125, 293.335906982421875, 293.2938232421875, 293.2603759765625, 293.234405517578125, 293.214874267578125, 293.20068359375, 293.190704345703125, 293.183868408203125, 293.179046630859375, 293.175201416015625, 293.171234130859375]
time=[0., 86400.]
senTem2.T=[293.149993896484375, 309.34381103515625, 309.95123291015625, 310.30194091796875, 310.544830322265625, 310.72882080078125, 310.869049072265625, 310.97674560546875, 311.060546875, 311.1270751953125, 311.178924560546875, 311.2186279296875, 311.24884033203125, 311.272064208984375, 311.28985595703125, 311.3040771484375, 311.315765380859375, 311.325225830078125, 311.33270263671875, 311.33843994140625, 311.3427734375, 311.345916748046875, 311.34814453125, 311.349761962890625, 311.351043701171875, 311.352203369140625, 293.149993896484375, 293.149993896484375, 293.149993896484375, 293.149993896484375, 293.149993896484375, 293.149993896484375, 293.149993896484375, 293.149993896484375, 293.149993896484375, 293.149993896484375, 293.149993896484375, 293.149993896484375, 293.149993896484375, 293.149993896484375, 293.149993896484375, 293.149993896484375, 293.149993896484375, 293.149993896484375, 293.149993896484375, 293.149993896484375, 293.149993896484375, 293.149993896484375, 293.149993896484375, 293.149993896484375, 293.149993896484375, 309.351776123046875, 309.95745849609375, 310.306396484375, 310.549468994140625, 310.731414794921875, 310.8724365234375, 310.980865478515625, 311.064361572265625, 311.128265380859375, 311.17938232421875, 311.220001220703125, 311.2515869140625, 311.27569580078125, 311.2938232421875, 311.3074951171875, 311.318145751953125, 311.326690673828125, 311.333587646484375, 311.339141845703125, 311.343475341796875, 311.346832275390625, 311.349395751953125, 311.351287841796875, 311.352752685546875, 311.35394287109375, 293.149993896484375, 293.149993896484375, 293.149993896484375, 293.149993896484375, 293.149993896484375, 293.149993896484375, 293.149993896484375, 293.149993896484375, 293.149993896484375, 293.149993896484375, 293.149993896484375, 293.149993896484375, 293.149993896484375, 293.149993896484375, 293.149993896484375, 293.149993896484375, 293.149993896484375, 293.149993896484375, 293.149993896484375, 293.149993896484375, 293.149993896484375, 293.149993896484375, 293.149993896484375, 293.149993896484375, 293.149993896484375]
senTem3.T=[293.149993896484375, 309.34326171875, 309.950958251953125, 310.301788330078125, 310.544677734375, 310.728729248046875, 310.86895751953125, 310.9766845703125, 311.060516357421875, 311.127044677734375, 311.17889404296875, 311.2186279296875, 311.248809814453125, 311.272064208984375, 311.28985595703125, 311.3040771484375, 311.315765380859375, 311.325225830078125, 311.332672119140625, 311.33843994140625, 311.3427734375, 311.345916748046875, 311.34814453125, 311.349761962890625, 311.351043701171875, 311.352203369140625, 293.149993896484375, 293.149993896484375, 293.149993896484375, 293.149993896484375, 293.149993896484375, 293.149993896484375, 293.149993896484375, 293.149993896484375, 293.149993896484375, 293.149993896484375, 293.149993896484375, 293.149993896484375, 293.149993896484375, 293.149993896484375, 293.149993896484375, 293.149993896484375, 293.149993896484375, 293.149993896484375, 293.149993896484375, 293.149993896484375, 293.149993896484375, 293.149993896484375, 293.149993896484375, 293.149993896484375, 293.149993896484375, 309.351226806640625, 309.957183837890625, 310.30621337890625, 310.54931640625, 310.7313232421875, 310.87237548828125, 310.980804443359375, 311.0643310546875, 311.12823486328125, 311.179351806640625, 311.219970703125, 311.2515869140625, 311.27569580078125, 311.2938232421875, 311.307464599609375, 311.318145751953125, 311.326690673828125, 311.333587646484375, 311.339111328125, 311.343475341796875, 311.346832275390625, 311.349395751953125, 311.351287841796875, 311.352752685546875, 311.35394287109375, 293.149993896484375, 293.149993896484375, 293.149993896484375, 293.149993896484375, 293.149993896484375, 293.149993896484375, 293.149993896484375, 293.149993896484375, 293.149993896484375, 293.149993896484375, 293.149993896484375, 293.149993896484375, 293.149993896484375, 293.149993896484375, 293.149993896484375, 293.149993896484375, 293.149993896484375, 293.149993896484375, 293.149993896484375, 293.149993896484375, 293.149993896484375, 293.149993896484375, 293.149993896484375, 293.149993896484375, 293.149993896484375]
