last-generated=2024-11-07
statistics-initialization=
{
  "linear": "18",
  "nonlinear": "1, 1",
  "numerical Jacobians": "0"
}
statistics-simulation=
{
  "linear": "0, 0, 0, 0, 0, 0, 0, 0, 0, 0, 0, 0, 0, 0, 0, 0, 0, 0, 0, 0, 0, 0, 0, 0, 0, 0, 0,   0, 0, 0, 0, 0",
  "nonlinear": "1, 1, 2",
  "number of continuous time states": "189",
  "numerical Jacobians": "0"
}
time=[0e+00, 1.728e+05]
livFlo.T=[2.931499938964844e+02, 2.93080078125e+02, 2.931699829101562e+02, 2.933815307617188e+02, 2.936407165527344e+02, 2.939133911132812e+02, 2.941876831054688e+02, 2.944576416015625e+02, 2.947188720703125e+02, 2.9497119140625e+02, 2.95217041015625e+02, 2.953980407714844e+02, 2.953477478027344e+02, 2.951865844726562e+02, 2.949799194335938e+02, 2.947894287109375e+02, 2.948392333984375e+02, 2.950523071289062e+02, 2.953445129394531e+02, 2.95584228515625e+02, 2.956387939453125e+02, 2.955828247070312e+02, 2.954842529296875e+02, 2.953721923828125e+02, 2.9525732421875e+02, 2.951388854980469e+02, 2.950146789550781e+02, 2.94888427734375e+02, 2.947624206542969e+02, 2.946377563476562e+02, 2.94560302734375e+02, 2.94597412109375e+02, 2.947405700683594e+02, 2.949357299804688e+02, 2.951012878417969e+02, 2.951810607910156e+02, 2.951971435546875e+02, 2.951837463378906e+02, 2.951568603515625e+02, 2.951451416015625e+02, 2.951855163574219e+02, 2.952617797851562e+02, 2.953074645996094e+02, 2.953070373535156e+02, 2.952862243652344e+02, 2.952552490234375e+02, 2.952191772460938e+02, 2.951851196289062e+02, 2.951871337890625e+02, 2.952382202148438e+02, 2.953067932128906e+02, 2.953436279296875e+02, 2.953303833007812e+02, 2.95293701171875e+02, 2.952521057128906e+02, 2.95216552734375e+02, 2.952128295898438e+02, 2.952481689453125e+02, 2.952902221679688e+02, 2.952999572753906e+02, 2.952825622558594e+02, 2.952388916015625e+02, 2.951224060058594e+02, 2.949717407226562e+02, 2.948060607910156e+02, 2.946647033691406e+02, 2.946457824707031e+02, 2.946496276855469e+02, 2.946327514648438e+02, 2.945833740234375e+02, 2.945274658203125e+02, 2.944706420898438e+02, 2.944149475097656e+02, 2.9436572265625e+02, 2.943247375488281e+02, 2.942894897460938e+02, 2.942565612792969e+02, 2.942255859375e+02, 2.941966247558594e+02, 2.941622924804688e+02, 2.941171264648438e+02, 2.940633850097656e+02, 2.939994201660156e+02, 2.93927978515625e+02, 2.938504943847656e+02, 2.938142395019531e+02, 2.939388732910156e+02, 2.941922302246094e+02, 2.945047302246094e+02, 2.948097229003906e+02, 2.951148071289062e+02, 2.952905578613281e+02, 2.95300537109375e+02, 2.952133483886719e+02, 2.950875854492188e+02, 2.949483337402344e+02, 2.948059997558594e+02, 2.94676025390625e+02, 2.946527099609375e+02, 2.947646789550781e+02, 2.949453735351562e+02]
TSetRooHea.y=[2.931499938964844e+02, 2.931499938964844e+02]
TOpe.y=[2.930040893554688e+02, 2.9126806640625e+02, 2.909935607910156e+02, 2.909300842285156e+02, 2.909892883300781e+02, 2.91133544921875e+02, 2.913178100585938e+02, 2.91505615234375e+02, 2.916896362304688e+02, 2.918872375488281e+02, 2.920925903320312e+02, 2.922875366210938e+02, 2.923947143554688e+02, 2.9235791015625e+02, 2.922409057617188e+02, 2.920887145996094e+02, 2.920923461914062e+02, 2.923985900878906e+02, 2.92775146484375e+02, 2.931181640625e+02, 2.933788757324219e+02, 2.934967651367188e+02, 2.935438842773438e+02, 2.935490112304688e+02, 2.935270385742188e+02, 2.934520568847656e+02, 2.933516540527344e+02, 2.932575073242188e+02, 2.931571350097656e+02, 2.93060302734375e+02, 2.929440612792969e+02, 2.928507385253906e+02, 2.928140258789062e+02, 2.928549499511719e+02, 2.929356689453125e+02, 2.9299365234375e+02, 2.930196228027344e+02, 2.930005798339844e+02, 2.929581604003906e+02, 2.928983459472656e+02, 2.92868896484375e+02, 2.9292138671875e+02, 2.92993408203125e+02, 2.930310974121094e+02, 2.930380249023438e+02, 2.930195007324219e+02, 2.929862060546875e+02, 2.929338989257812e+02, 2.928855895996094e+02, 2.928813781738281e+02, 2.9290966796875e+02, 2.930292663574219e+02, 2.929889221191406e+02, 2.929790649414062e+02, 2.929721984863281e+02, 2.929356994628906e+02, 2.928990783691406e+02, 2.929055786132812e+02, 2.929476623535156e+02, 2.930002136230469e+02, 2.930465698242188e+02, 2.930608215332031e+02, 2.930289001464844e+02, 2.929072875976562e+02, 2.928239135742188e+02, 2.930480651855469e+02, 2.930303955078125e+02, 2.933031616210938e+02, 2.934692687988281e+02, 2.935586242675781e+02, 2.936349487304688e+02, 2.936668395996094e+02, 2.937012329101562e+02, 2.937495727539062e+02, 2.937880249023438e+02, 2.938159790039062e+02, 2.937702026367188e+02, 2.93789794921875e+02, 2.9381689453125e+02, 2.936972961425781e+02, 2.935919189453125e+02, 2.934808044433594e+02, 2.933641662597656e+02, 2.932713928222656e+02, 2.930778198242188e+02, 2.929091796875e+02, 2.925571899414062e+02, 2.925843505859375e+02, 2.924524230957031e+02, 2.926740112304688e+02, 2.928924560546875e+02, 2.9311572265625e+02, 2.932528686523438e+02, 2.932842407226562e+02, 2.93251220703125e+02, 2.931905517578125e+02, 2.931111450195312e+02, 2.92978759765625e+02, 2.928494873046875e+02, 2.92813232421875e+02, 2.928576049804688e+02]
heaPum.y=[1e+00, 1e+00, 1e+00, 1e+00, 1e+00, 1e+00, 1e+00, 1e+00, 1e+00, 1e+00, 1e+00, 0e+00, 0e+00, 0e+00, 0e+00, 1e+00, 1e+00, 1e+00, 7.425735592842102e-01, 0e+00, 0e+00, 0e+00, 0e+00, 0e+00, 0e+00, 0e+00, 0e+00, 0e+00, 0e+00, 0e+00, 3.82556289434433e-01, 6.626031398773193e-01, 7.567053437232971e-01, 5.611304640769958e-01, 2.929200530052178e-01, 2.000000029802322e-01, 2.000000029802322e-01, 2.000000029802322e-01, 2.672346532344818e-01, 4.454536139965057e-01, 5.128880739212036e-01, 3.218548595905304e-01, 2.000000029802322e-01, 2.000000029802322e-01, 2.000000029802322e-01, 2.000000029802322e-01, 2.000000029802322e-01, 3.341757357120514e-01, 4.730786979198456e-01, 4.657936990261078e-01, 3.664468228816986e-01, 2.000000029802322e-01, 2.000000029802322e-01, 2.000000029802322e-01, 2.119559794664383e-01, 3.22840154170991e-01, 4.265863299369816e-01, 3.858185112476363e-01, 2.527850866317749e-01, 2.000000029802322e-01, 2.000000029802322e-01, 0e+00, 0e+00, 0e+00, 0e+00, 2.000000029802322e-01, 2.000000029802322e-01, 0e+00, 0e+00, 0e+00, 0e+00, 0e+00, 0e+00, 0e+00, 0e+00, 0e+00, 0e+00, 0e+00, 0e+00, 0e+00, 0e+00, 0e+00, 0e+00, 0e+00, 0e+00, 5.56216299533844e-01, 1e+00, 1e+00, 1e+00, 1e+00, 3.601576685905457e-01, 0e+00, 0e+00, 0e+00, 0e+00, 0e+00, 0e+00, 2.90156751871109e-01, 6.720530986785889e-01, 7.579322457313538e-01, 5.594658255577087e-01]
livFlo.q_flow=[-2.042502403259277e+00, -1.251909446716309e+01, -1.490428256988525e+01, -1.831078910827637e+01, -2.03708381652832e+01, -2.178113174438477e+01, -2.279328155517578e+01, -2.370493316650391e+01, -2.453876686096191e+01, -2.498000144958496e+01, -2.550836372375488e+01, -2.589010810852051e+01, -2.49425048828125e+01, -2.390091133117676e+01, -2.305440711975098e+01, -2.24813175201416e+01, -2.169431686401367e+01, -2.054353523254395e+01, -1.930836868286133e+01, -1.85799674987793e+01, -1.701834297180176e+01, -1.545867919921875e+01, -1.403473091125488e+01, -1.2830810546875e+01, -1.199882698059082e+01, -1.182492351531982e+01, -1.170092678070068e+01, -1.148078155517578e+01, -1.135574054718018e+01, -1.122367286682129e+01, -1.145395374298096e+01, -1.254359912872314e+01, -1.426070117950439e+01, -1.579034519195557e+01, -1.660056114196777e+01, -1.73448486328125e+01, -1.746771430969238e+01, -1.760655975341797e+01, -1.779489135742188e+01, -1.818582153320312e+01, -1.869733428955078e+01, -1.892755317687988e+01, -1.885747528076172e+01, -1.855359840393066e+01, -1.831188774108887e+01, -1.824876022338867e+01, -1.822666931152344e+01, -1.832976531982422e+01, -1.866455841064453e+01, -1.910673522949219e+01, -1.938106727600098e+01, -1.890137672424316e+01, -1.929779052734375e+01, -1.919311904907227e+01, -1.892254066467285e+01, -1.885527420043945e+01, -1.904632186889648e+01, -1.924190139770507e+01, -1.927287292480469e+01, -1.912356948852539e+01, -1.865844535827637e+01, -1.819675064086914e+01, -1.751278877258301e+01, -1.699856567382812e+01, -1.633377456665039e+01, -1.412999820709229e+01, -1.32733097076416e+01, -1.292364501953125e+01, -1.038487911224365e+01, -9.10407543182373e+00, -7.748207569122314e+00, -6.875946044921875e+00, -6.072554588317871e+00, -5.156912326812744e+00, -4.356846332550049e+00, -3.941376924514771e+00, -3.591444492340088e+00, -3.171322822570801e+00, -2.918991327285767e+00, -3.389391422271729e+00, -3.892526149749756e+00, -4.572806358337402e+00, -5.321290493011475e+00, -5.799781322479248e+00, -6.394527912139893e+00, -7.55904483795166e+00, -9.732707023620605e+00, -1.221698379516602e+01, -1.496358871459961e+01, -1.664587211608887e+01, -1.757046890258789e+01, -1.753961563110352e+01, -1.705374717712402e+01, -1.611529731750488e+01, -1.527122783660889e+01, -1.451224040985107e+01, -1.38956413269043e+01, -1.36598949432373e+01, -1.425876045227051e+01, -1.541084766387939e+01, -1.624842834472656e+01]
COP.y=[0e+00, 5.40839147567749e+00, 5.088934421539307e+00, 4.919425964355469e+00, 4.806673049926758e+00, 4.722689628601074e+00, 4.655896186828613e+00, 4.600428581237793e+00, 4.552923679351807e+00, 4.511292934417725e+00, 4.474160671234131e+00, 4.45960521697998e+00, 4.45960521697998e+00, 4.45960521697998e+00, 4.45960521697998e+00, 4.464947700500488e+00, 4.461251258850098e+00, 4.446980476379395e+00, 4.429688453674316e+00, 4.417652606964111e+00, 4.417652606964111e+00, 4.417652606964111e+00, 4.417652606964111e+00, 4.417652606964111e+00, 4.417652606964111e+00, 4.417652606964111e+00, 4.417652606964111e+00, 4.417652606964111e+00, 4.417652606964111e+00, 4.417652606964111e+00, 4.422675132751465e+00, 4.449560165405273e+00, 4.469079971313477e+00, 4.480498313903809e+00, 4.484837532043457e+00, 4.476468563079834e+00, 4.466541290283203e+00, 4.457540035247803e+00, 4.451010704040527e+00, 4.457912445068359e+00, 4.469906330108643e+00, 4.475845813751221e+00, 4.468833923339844e+00, 4.460179328918457e+00, 4.452251434326172e+00, 4.444824695587158e+00, 4.437798023223877e+00, 4.436596393585205e+00, 4.445152282714844e+00, 4.454061031341553e+00, 4.459178924560547e+00, 4.451208591461182e+00, 4.444013118743896e+00, 4.437360763549805e+00, 4.431233882904053e+00, 4.430420875549316e+00, 4.436414241790771e+00, 4.442595481872559e+00, 4.443490028381348e+00, 4.437456130981445e+00, 4.431398391723633e+00, 4.428932189941406e+00, 4.428932189941406e+00, 4.428932189941406e+00, 4.428932189941406e+00, 4.431637287139893e+00, 4.427741527557373e+00, 4.424812316894531e+00, 4.424812316894531e+00, 4.424812316894531e+00, 4.424812316894531e+00, 4.424812316894531e+00, 4.424812316894531e+00, 4.424812316894531e+00, 4.424812316894531e+00, 4.424812316894531e+00, 4.424812316894531e+00, 4.424812316894531e+00, 4.424812316894531e+00, 4.424812316894531e+00, 4.424812316894531e+00, 4.424812316894531e+00, 4.424812316894531e+00, 4.424812316894531e+00, 4.424812316894531e+00, 4.435351848602295e+00, 4.449239253997803e+00, 4.451479911804199e+00, 4.449350833892822e+00, 4.444513320922852e+00, 4.441610336303711e+00, 4.435745716094971e+00, 4.435745716094971e+00, 4.435745716094971e+00, 4.435745716094971e+00, 4.435745716094971e+00, 4.435745716094971e+00, 4.435107707977295e+00, 4.445259094238281e+00, 4.45328950881958e+00, 4.458209991455078e+00]
pum.P=[0e+00, 1.032388019561768e+01, 1.032388019561768e+01, 1.032388019561768e+01, 1.032388019561768e+01, 1.032388019561768e+01, 1.032388019561768e+01, 1.032388019561768e+01, 1.032388019561768e+01, 1.032388019561768e+01, 1.032388019561768e+01, -8.940100033766422e-32, -8.940100033766422e-32, -8.940100033766422e-32, -8.940100033766422e-32, 1.032388019561768e+01, 1.032388019561768e+01, 1.032388019561768e+01, 1.032388019561768e+01, -3.602703575542118e-32, -3.602703575542118e-32, -3.602703575542118e-32, -3.602703575542118e-32, -3.602703575542118e-32, -3.602703575542118e-32, -3.602703575542118e-32, -3.602703575542118e-32, -3.602703575542118e-32, -3.602703575542118e-32, -3.602703575542118e-32, 1.032388019561768e+01, 1.032388019561768e+01, 1.032388019561768e+01, 1.032388019561768e+01, 1.032388019561768e+01, 1.032388019561768e+01, 1.032388019561768e+01, 1.032388019561768e+01, 1.032388019561768e+01, 1.032388019561768e+01, 1.032388019561768e+01, 1.032388019561768e+01, 1.032388019561768e+01, 1.032388019561768e+01, 1.032388019561768e+01, 1.032388019561768e+01, 1.032388019561768e+01, 1.032388019561768e+01, 1.032388019561768e+01, 1.032388019561768e+01, 1.032388019561768e+01, 1.032388019561768e+01, 1.032388019561768e+01, 1.032388019561768e+01, 1.032388019561768e+01, 1.032388019561768e+01, 1.032388019561768e+01, 1.032388019561768e+01, 1.032388019561768e+01, 1.032388019561768e+01, 1.032388019561768e+01, -3.347069112942383e-32, -3.347069112942383e-32, -3.347069112942383e-32, -3.347069112942383e-32, 1.032388019561768e+01, 1.032388019561768e+01, -1.829137976299002e-32, -1.829137976299002e-32, -1.829137976299002e-32, -1.829137976299002e-32, -1.829137976299002e-32, -1.829137976299002e-32, -1.829137976299002e-32, -1.829137976299002e-32, -1.829137976299002e-32, -1.829137976299002e-32, -1.829137976299002e-32, -1.829137976299002e-32, -1.829137976299002e-32, -1.829137976299002e-32, -1.829137976299002e-32, -1.829137976299002e-32, -1.829137976299002e-32, -1.829137976299002e-32, 1.032388019561768e+01, 1.032388019561768e+01, 1.032388019561768e+01, 1.032388019561768e+01, 1.032388019561768e+01, 1.032388019561768e+01, -3.167030398170441e-32, -3.167030398170441e-32, -3.167030398170441e-32, -3.167030398170441e-32, -3.167030398170441e-32, -3.167030398170441e-32, 1.032388019561768e+01, 1.032388019561768e+01, 1.032388019561768e+01, 1.032388019561768e+01]
heaPum.P=[0e+00, 1.95297705078125e+03, 1.96899853515625e+03, 1.986594360351562e+03, 2.0016435546875e+03, 2.014967895507812e+03, 2.02730859375e+03, 2.0390888671875e+03, 2.050512939453125e+03, 2.06165625e+03, 2.072559326171875e+03, 0e+00, 0e+00, 0e+00, 0e+00, 2.014417236328125e+03, 2.0392548828125e+03, 2.056053955078125e+03, 1.558060791015625e+03, 0e+00, 0e+00, 0e+00, 0e+00, 0e+00, 0e+00, 0e+00, 0e+00, 0e+00, 0e+00, 0e+00, 8.297249755859375e+02, 1.317450439453125e+03, 1.516666381835938e+03, 1.164182006835938e+03, 7.197463378906239e+02, 5.822052001953125e+02, 5.81085693359375e+02, 5.804788208007812e+02, 6.731593627929688e+02, 9.516339721679688e+02, 1.07626708984375e+03, 7.66277587890625e+02, 5.834465942382812e+02, 5.8226953125e+02, 5.815779418945312e+02, 5.81077880859375e+02, 5.806690673828125e+02, 7.7368115234375e+02, 1.0021884765625e+03, 9.964849853515625e+02, 8.345675048828125e+02, 5.835910034179688e+02, 5.82500732421875e+02, 5.81804443359375e+02, 5.973644409179688e+02, 7.577666625976578e+02, 9.251308593750008e+02, 8.640786132812523e+02, 6.605104370117188e+02, 5.827747192382812e+02, 5.818810424804688e+02, 0e+00, 0e+00, 0e+00, 0e+00, 5.749212036132812e+02, 5.741282348632812e+02, 0e+00, 0e+00, 0e+00, 0e+00, 0e+00, 0e+00, 0e+00, 0e+00, 0e+00, 0e+00, 0e+00, 0e+00, 0e+00, 0e+00, 0e+00, 0e+00, 0e+00, 0e+00, 1.095165405273438e+03, 1.978592529296875e+03, 2.002044189453125e+03, 2.02143798828125e+03, 2.038547607421875e+03, 8.411707153320312e+02, 0e+00, 0e+00, 0e+00, 0e+00, 0e+00, 0e+00, 6.916321411132812e+02, 1.334042724609375e+03, 1.521225463867188e+03, 1.159441772460938e+03]
pumBor.P=[0e+00, 1.029953994750977e+02, 1.029953994750977e+02, 1.029953994750977e+02, 1.029953994750977e+02, 1.029953994750977e+02, 1.029953994750977e+02, 1.029953994750977e+02, 1.029953994750977e+02, 1.029953994750977e+02, 1.029953994750977e+02, 0e+00, 0e+00, 0e+00, 0e+00, 1.029953994750977e+02, 1.029953994750977e+02, 1.029953994750977e+02, 1.029953994750977e+02, 0e+00, 0e+00, 0e+00, 0e+00, 0e+00, 0e+00, 0e+00, 0e+00, 0e+00, 0e+00, 0e+00, 1.029953994750977e+02, 1.029953994750977e+02, 1.029953994750977e+02, 1.029953994750977e+02, 1.029953994750977e+02, 1.029953994750977e+02, 1.029953994750977e+02, 1.029953994750977e+02, 1.029953994750977e+02, 1.029953994750977e+02, 1.029953994750977e+02, 1.029953994750977e+02, 1.029953994750977e+02, 1.029953994750977e+02, 1.029953994750977e+02, 1.029953994750977e+02, 1.029953994750977e+02, 1.029953994750977e+02, 1.029953994750977e+02, 1.029953994750977e+02, 1.029953994750977e+02, 1.029953994750977e+02, 1.029953994750977e+02, 1.029953994750977e+02, 1.029953994750977e+02, 1.029953994750977e+02, 1.029953994750977e+02, 1.029953994750977e+02, 1.029953994750977e+02, 1.029953994750977e+02, 1.029953994750977e+02, 0e+00, 0e+00, 0e+00, 0e+00, 1.029953994750977e+02, 1.029953994750977e+02, 0e+00, 0e+00, 0e+00, 0e+00, 0e+00, 0e+00, 0e+00, 0e+00, 0e+00, 0e+00, 0e+00, 0e+00, 0e+00, 0e+00, 0e+00, 0e+00, 0e+00, 0e+00, 1.029953994750977e+02, 1.029953994750977e+02, 1.029953994750977e+02, 1.029953994750977e+02, 1.029953994750977e+02, 1.029953994750977e+02, 0e+00, 0e+00, 0e+00, 0e+00, 0e+00, 0e+00, 1.029953994750977e+02, 1.029953994750977e+02, 1.029953994750977e+02, 1.029953994750977e+02]
