last-generated=2024-03-31
statistics-initialization=
{
  "linear": "0",
  "nonlinear": "0, 0, 1",
  "numerical Jacobians": "0"
}
statistics-simulation=
{
  "linear": "0, 0",
  "nonlinear": "0, 0, 1",
  "number of continuous time states": "16",
  "numerical Jacobians": "0"
}
time=[0e+00, 1.2e+03]
uRot.y=[0e+00, 0e+00, 0e+00, 0e+00, 0e+00, 0e+00, 0e+00, 0e+00, 0e+00, 0e+00, 0e+00, 0e+00, 0e+00, 0e+00, 0e+00, 0e+00, 0e+00, 0e+00, 0e+00, 0e+00, 0e+00, 0e+00, 0e+00, 0e+00, 0e+00, 0e+00, 1e+00, 1e+00, 1e+00, 1e+00, 1e+00, 1e+00, 1e+00, 1e+00, 1e+00, 1e+00, 1e+00, 1e+00, 1e+00, 1e+00, 1e+00, 1e+00, 1e+00, 1e+00, 1e+00, 1e+00, 1e+00, 1e+00, 1e+00, 1e+00, 1e+00, 1e+00, 1e+00, 1e+00, 1e+00, 1e+00, 1e+00, 1e+00, 1e+00, 1e+00, 1e+00, 1e+00, 1e+00, 1e+00, 1e+00, 1e+00, 1e+00, 1e+00, 1e+00, 1e+00, 1e+00, 1e+00, 1e+00, 1e+00, 1e+00, 1e+00, 0e+00, 0e+00, 0e+00, 0e+00, 0e+00, 0e+00, 0e+00, 0e+00, 0e+00, 0e+00, 0e+00, 0e+00, 0e+00, 0e+00, 0e+00, 0e+00, 0e+00, 0e+00, 0e+00, 0e+00, 0e+00, 0e+00, 0e+00, 0e+00, 0e+00]
uBypDamPos.y=[0e+00, 0e+00, 0e+00, 0e+00, 0e+00, 0e+00, 0e+00, 0e+00, 0e+00, 0e+00, 0e+00, 0e+00, 0e+00, 0e+00, 0e+00, 0e+00, 0e+00, 0e+00, 0e+00, 0e+00, 0e+00, 0e+00, 0e+00, 0e+00, 0e+00, 0e+00, 0e+00, 0e+00, 0e+00, 0e+00, 0e+00, 0e+00, 0e+00, 0e+00, 0e+00, 0e+00, 0e+00, 0e+00, 0e+00, 0e+00, 0e+00, 0e+00, 0e+00, 0e+00, 0e+00, 0e+00, 0e+00, 0e+00, 0e+00, 0e+00, 0e+00, 5e-01, 5e-01, 5e-01, 5e-01, 5e-01, 5e-01, 5e-01, 5e-01, 5e-01, 5e-01, 5e-01, 5e-01, 5e-01, 5e-01, 5e-01, 5e-01, 5e-01, 5e-01, 5e-01, 5e-01, 5e-01, 5e-01, 5e-01, 5e-01, 5e-01, 5e-01, 5e-01, 5e-01, 5e-01, 5e-01, 5e-01, 5e-01, 5e-01, 5e-01, 5e-01, 5e-01, 5e-01, 5e-01, 5e-01, 5e-01, 5e-01, 5e-01, 5e-01, 5e-01, 5e-01, 5e-01, 5e-01, 5e-01, 5e-01, 5e-01]
senX_w_ProLea.X=[9.999999776482582e-03, 1.695675030350685e-02, 2.012161165475845e-02, 2.200570143759251e-02, 2.440203353762627e-02, 2.36340556293726e-02, 2.366256155073643e-02, 2.431556582450867e-02, 2.434663102030754e-02, 2.497603744268417e-02, 2.491542510688305e-02, 2.499424107372761e-02, 2.500543370842934e-02, 2.499476261436939e-02, 2.499369531869888e-02, 2.499472908675671e-02, 2.499765157699585e-02, 2.499828301370144e-02, 2.499998733401299e-02, 2.500013075768948e-02, 2.500027604401112e-02, 2.500043623149395e-02, 2.500061132013798e-02, 2.500054426491261e-02, 2.500046789646149e-02, 2.500039152801037e-02, 1.581353880465031e-02, 1.116717606782913e-02, 9.149964898824687e-03, 8.282696828246117e-03, 7.911372929811478e-03, 7.752117235213518e-03, 7.684178184717894e-03, 7.654198445379734e-03, 7.642275653779507e-03, 7.638148963451385e-03, 7.636470720171928e-03, 7.635442540049553e-03, 7.634955924004316e-03, 7.634975947439671e-03, 7.635203190147877e-03, 7.635429501533508e-03, 7.635604590177536e-03, 7.635648362338543e-03, 7.635623216629028e-03, 7.635544054210186e-03, 7.635484449565411e-03, 7.63543089851737e-03, 7.635423913598061e-03, 7.635431829839945e-03, 7.635447196662426e-03, 7.520725019276142e-03, 7.219395134598017e-03, 7.223067805171013e-03, 8.249096572399139e-03, 1.030216831713915e-02, 1.17559749633074e-02, 1.175752934068436e-02, 1.280221529304981e-02, 1.320736482739449e-02, 1.416365429759026e-02, 1.416550204157829e-02, 1.388467848300934e-02, 1.434815302491188e-02, 1.444668881595135e-02, 1.446073967963457e-02, 1.457330677658319e-02, 1.479326281696558e-02, 1.497810427099466e-02, 1.497143693268299e-02, 1.488062366843224e-02, 1.479077432304621e-02, 1.476515457034111e-02, 1.483353786170483e-02, 1.489743031561375e-02, 1.493552792817354e-02, 1.769312098622322e-02, 2.074839547276497e-02, 2.26336345076561e-02, 2.369706705212593e-02, 2.428475767374039e-02, 2.460769563913346e-02, 2.478480711579323e-02, 2.488197013735771e-02, 2.493525668978691e-02, 2.496448718011379e-02, 2.498051710426807e-02, 2.498931251466274e-02, 2.499415911734104e-02, 2.499682269990444e-02, 2.499826066195965e-02, 2.499900572001934e-02, 2.499926276504993e-02, 2.499946020543575e-02, 2.499946765601635e-02, 2.499958872795105e-02, 2.499964088201523e-02, 2.499974332749844e-02, 2.499974146485329e-02, 2.499975450336933e-02, 2.499978058040142e-02]
senX_w_ProEnt.X=[9.999999776482582e-03, 2.499450743198395e-02, 2.50199344009161e-02, 2.506954409182072e-02, 2.493766136467457e-02, 2.53328699618578e-02, 2.524032443761826e-02, 2.533537335693836e-02, 2.560937032103539e-02, 2.496444433927536e-02, 2.50585526227951e-02, 2.498394250869751e-02, 2.498334459960461e-02, 2.499863877892494e-02, 2.500226907432079e-02, 2.500311285257339e-02, 2.500147372484207e-02, 2.500166185200214e-02, 2.500020898878574e-02, 2.500054985284805e-02, 2.500065043568611e-02, 2.500048838555813e-02, 2.500006556510925e-02, 2.500003948807716e-02, 2.500003203749657e-02, 2.500002458691597e-02, 2.500000037252903e-02, 2.500000037252903e-02, 2.500000037252903e-02, 2.500000037252903e-02, 2.500000037252903e-02, 2.500000037252903e-02, 2.500000037252903e-02, 2.500000037252903e-02, 2.500000037252903e-02, 2.500000037252903e-02, 2.500000037252903e-02, 2.500000037252903e-02, 2.500000037252903e-02, 2.500000037252903e-02, 2.500000037252903e-02, 2.500000037252903e-02, 2.500000037252903e-02, 2.500000037252903e-02, 2.500000037252903e-02, 2.500000037252903e-02, 2.500000037252903e-02, 2.500000037252903e-02, 2.500000037252903e-02, 2.500000037252903e-02, 2.500000037252903e-02, 2.500000037252903e-02, 2.500000037252903e-02, 2.500000037252903e-02, 2.500000037252903e-02, 2.500000037252903e-02, 2.500000037252903e-02, 2.500000037252903e-02, 2.500000037252903e-02, 2.500000037252903e-02, 2.500000037252903e-02, 2.500000037252903e-02, 2.500000037252903e-02, 2.500000037252903e-02, 2.500000037252903e-02, 2.500000037252903e-02, 2.500000037252903e-02, 2.500000037252903e-02, 2.500000037252903e-02, 2.500000037252903e-02, 2.500000037252903e-02, 2.500000037252903e-02, 2.500000037252903e-02, 2.500000037252903e-02, 2.500000037252903e-02, 2.500000037252903e-02, 2.500000037252903e-02, 2.500000037252903e-02, 2.500000037252903e-02, 2.500000037252903e-02, 2.500000037252903e-02, 2.500000037252903e-02, 2.500000037252903e-02, 2.500000037252903e-02, 2.500000037252903e-02, 2.500000037252903e-02, 2.500000037252903e-02, 2.500000037252903e-02, 2.500000037252903e-02, 2.500000037252903e-02, 2.500000037252903e-02, 2.500000037252903e-02, 2.500000037252903e-02, 2.500000037252903e-02, 2.500000037252903e-02, 2.500000037252903e-02, 2.500000037252903e-02, 2.500000037252903e-02, 2.500000037252903e-02, 2.500000037252903e-02, 2.500000037252903e-02]
deh.P=[0e+00, 0e+00, 0e+00, 0e+00, 0e+00, 0e+00, 0e+00, 0e+00, 0e+00, 0e+00, 0e+00, 0e+00, 0e+00, 0e+00, 0e+00, 0e+00, 0e+00, 0e+00, 0e+00, 0e+00, 0e+00, 0e+00, 0e+00, 0e+00, 0e+00, 0e+00, 2.4327498046875e+04, 2.30988828125e+04, 2.2152943359375e+04, 2.1714037109375e+04, 2.1525697265625e+04, 2.144544921875e+04, 2.1411119140625e+04, 2.1396095703125e+04, 2.1390193359375e+04, 2.138809765625e+04, 2.1387216796875e+04, 2.1386693359375e+04, 2.138648046875e+04, 2.13865078125e+04, 2.1386615234375e+04, 2.1386712890625e+04, 2.1386787109375e+04, 2.1386806640625e+04, 2.1386798828125e+04, 2.138676953125e+04, 2.1386744140625e+04, 2.1386720703125e+04, 2.138671484375e+04, 2.138671875e+04, 2.1386724609375e+04, 1.47009521484375e+04, 6.839826171875e+03, 3.28977734375e+03, 1.607995239257812e+03, 9.574794311523438e+02, 8.109692382812503e+02, 8.40588195800781e+02, 8.629204711914062e+02, 8.743788452148438e+02, 8.7749755859375e+02, 8.75682861328125e+02, 8.71331298828125e+02, 8.658282470703125e+02, 8.599192504882812e+02, 8.539918212890625e+02, 8.482340087890625e+02, 8.427504272460938e+02, 8.37567626953125e+02, 8.3268603515625e+02, 8.280914916992188e+02, 8.237632446289062e+02, 8.19679443359375e+02, 8.158156127929688e+02, 8.12153564453125e+02, 8.086771240234375e+02, 1.12000373840332e+02, 1.574497669935226e-01, 2.936035743914545e-04, 4.390326921566157e-06, 3.48580397258047e-06, 1.001944083256835e-09, 6.406932762104806e-09, 4.769017958317079e-10, 5.465698726947466e-11, 2.463310805334018e-12, 1.541063148402175e-13, 9.930172969443898e-15, 3.099128158962072e-12, 3.948524992213043e-13, 2.116453578148922e-13, 4.763901404435111e-13, 3.052746423704011e-12, 8.267751175523863e-13, 8.06035576825237e-13, 9.932352385217183e-14, 3.059157321314314e-15, 1.308542660214069e-15, 6.907582145165847e-14, 1.50790146970399e-13, 1.702854843894583e-13]
TProEnt.y=[3.031499938964844e+02, 3.031499938964844e+02, 3.031499938964844e+02, 3.031499938964844e+02, 3.031499938964844e+02, 3.031499938964844e+02, 3.031499938964844e+02, 3.031499938964844e+02, 3.031499938964844e+02, 3.031499938964844e+02, 3.031499938964844e+02, 3.031499938964844e+02, 3.031499938964844e+02, 3.031499938964844e+02, 3.031499938964844e+02, 3.031499938964844e+02, 3.031499938964844e+02, 3.031499938964844e+02, 3.031499938964844e+02, 3.031499938964844e+02, 3.031499938964844e+02, 3.031499938964844e+02, 3.031499938964844e+02, 3.031499938964844e+02, 3.031499938964844e+02, 3.031499938964844e+02, 3.031499938964844e+02, 3.031499938964844e+02, 3.031499938964844e+02, 3.031499938964844e+02, 3.031499938964844e+02, 3.031499938964844e+02, 3.031499938964844e+02, 3.031499938964844e+02, 3.031499938964844e+02, 3.031499938964844e+02, 3.031499938964844e+02, 3.031499938964844e+02, 3.031499938964844e+02, 3.031499938964844e+02, 3.031499938964844e+02, 3.031499938964844e+02, 3.031499938964844e+02, 3.031499938964844e+02, 3.031499938964844e+02, 3.031499938964844e+02, 3.031499938964844e+02, 3.031499938964844e+02, 3.031499938964844e+02, 3.031499938964844e+02, 3.031499938964844e+02, 3.033500061035156e+02, 3.035499877929688e+02, 3.0375e+02, 3.039500122070312e+02, 3.041499938964844e+02, 3.043500061035156e+02, 3.045499877929688e+02, 3.0475e+02, 3.049500122070312e+02, 3.051499938964844e+02, 3.053500061035156e+02, 3.055499877929688e+02, 3.0575e+02, 3.059500122070312e+02, 3.061499938964844e+02, 3.063500061035156e+02, 3.065499877929688e+02, 3.0675e+02, 3.069500122070312e+02, 3.071499938964844e+02, 3.073500061035156e+02, 3.075499877929688e+02, 3.0775e+02, 3.079500122070312e+02, 3.081499938964844e+02, 3.083500061035156e+02, 3.085499877929688e+02, 3.0875e+02, 3.089500122070312e+02, 3.091499938964844e+02, 3.093500061035156e+02, 3.095499877929688e+02, 3.0975e+02, 3.099500122070312e+02, 3.101499938964844e+02, 3.103500061035156e+02, 3.105499877929688e+02, 3.1075e+02, 3.109500122070312e+02, 3.111499938964844e+02, 3.113500061035156e+02, 3.115499877929688e+02, 3.1175e+02, 3.119500122070312e+02, 3.121499938964844e+02, 3.123500061035156e+02, 3.125499877929688e+02, 3.1275e+02, 3.129500122070312e+02, 3.131499938964844e+02]
