last-generated=2022-09-29
statistics-initialization=
{
  "nonlinear": "42, 42",
  "numerical Jacobians": "0"
}
statistics-simulation=
{
  "linear": "30, 0, 0, 0, 0, 0, 0, 0, 0, 0, 0, 0, 0, 0, 0, 0, 0, 30, 0, 0, 0, 0, 0, 0, 0, 0,   0, 0, 0, 0, 0, 0, 0, 0",
  "nonlinear": "0, 0, 0, 0, 0, 0, 0, 0",
  "number of continuous time states": "122",
  "numerical Jacobians": "0"
}
time=[6.3936e+06, 7.1712e+06]
zonAHUG36Con.con.TZonHeaSet=[2.881499938964844e+02, 2.881499938964844e+02, 2.881499938964844e+02, 2.881499938964844e+02, 2.931499938964844e+02, 2.931499938964844e+02, 2.931499938964844e+02, 2.931499938964844e+02, 2.931499938964844e+02, 2.881499938964844e+02, 2.881499938964844e+02, 2.881499938964844e+02, 2.881499938964844e+02, 2.881499938964844e+02, 2.881499938964844e+02, 2.931499938964844e+02, 2.931499938964844e+02, 2.931499938964844e+02, 2.931499938964844e+02, 2.931499938964844e+02, 2.881499938964844e+02, 2.881499938964844e+02, 2.881499938964844e+02, 2.881499938964844e+02, 2.881499938964844e+02, 2.881499938964844e+02, 2.931499938964844e+02, 2.931499938964844e+02, 2.931499938964844e+02, 2.931499938964844e+02, 2.931499938964844e+02, 2.881499938964844e+02, 2.881499938964844e+02, 2.881499938964844e+02, 2.881499938964844e+02, 2.881499938964844e+02, 2.881499938964844e+02, 2.881499938964844e+02, 2.931499938964844e+02, 2.931499938964844e+02, 2.931499938964844e+02, 2.931499938964844e+02, 2.881499938964844e+02, 2.881499938964844e+02, 2.881499938964844e+02, 2.881499938964844e+02, 2.881499938964844e+02, 2.881499938964844e+02, 2.881499938964844e+02, 2.931499938964844e+02, 2.931499938964844e+02, 2.931499938964844e+02, 2.931499938964844e+02, 2.881499938964844e+02, 2.881499938964844e+02, 2.881499938964844e+02, 2.881499938964844e+02, 2.881499938964844e+02, 2.881499938964844e+02, 2.881499938964844e+02, 2.931499938964844e+02, 2.931499938964844e+02, 2.931499938964844e+02, 2.931499938964844e+02, 2.881499938964844e+02, 2.881499938964844e+02, 2.881499938964844e+02, 2.881499938964844e+02, 2.881499938964844e+02, 2.881499938964844e+02, 2.881499938964844e+02, 2.931499938964844e+02, 2.931499938964844e+02, 2.931499938964844e+02, 2.931499938964844e+02, 2.931499938964844e+02, 2.881499938964844e+02, 2.881499938964844e+02, 2.881499938964844e+02, 2.881499938964844e+02, 2.881499938964844e+02, 2.881499938964844e+02, 2.931499938964844e+02, 2.931499938964844e+02, 2.931499938964844e+02, 2.931499938964844e+02, 2.931499938964844e+02, 2.881499938964844e+02, 2.881499938964844e+02, 2.881499938964844e+02, 2.881499938964844e+02, 2.881499938964844e+02, 2.881499938964844e+02, 2.931499938964844e+02, 2.931499938964844e+02, 2.931499938964844e+02, 2.931499938964844e+02, 2.931499938964844e+02, 2.881499938964844e+02, 2.881499938964844e+02, 2.881499938964844e+02]
zonAHUG36Con.con.TZonCooSet=[3.031499938964844e+02, 3.031499938964844e+02, 3.031499938964844e+02, 3.031499938964844e+02, 2.971499938964844e+02, 2.971499938964844e+02, 2.971499938964844e+02, 2.971499938964844e+02, 2.971499938964844e+02, 3.031499938964844e+02, 3.031499938964844e+02, 3.031499938964844e+02, 3.031499938964844e+02, 3.031499938964844e+02, 3.031499938964844e+02, 2.971499938964844e+02, 2.971499938964844e+02, 2.971499938964844e+02, 2.971499938964844e+02, 2.971499938964844e+02, 3.031499938964844e+02, 3.031499938964844e+02, 3.031499938964844e+02, 3.031499938964844e+02, 3.031499938964844e+02, 3.031499938964844e+02, 2.971499938964844e+02, 2.971499938964844e+02, 2.971499938964844e+02, 2.971499938964844e+02, 2.971499938964844e+02, 3.031499938964844e+02, 3.031499938964844e+02, 3.031499938964844e+02, 3.031499938964844e+02, 3.031499938964844e+02, 3.031499938964844e+02, 3.031499938964844e+02, 2.971499938964844e+02, 2.971499938964844e+02, 2.971499938964844e+02, 2.971499938964844e+02, 3.031499938964844e+02, 3.031499938964844e+02, 3.031499938964844e+02, 3.031499938964844e+02, 3.031499938964844e+02, 3.031499938964844e+02, 3.031499938964844e+02, 2.971499938964844e+02, 2.971499938964844e+02, 2.971499938964844e+02, 2.971499938964844e+02, 3.031499938964844e+02, 3.031499938964844e+02, 3.031499938964844e+02, 3.031499938964844e+02, 3.031499938964844e+02, 3.031499938964844e+02, 3.031499938964844e+02, 2.971499938964844e+02, 2.971499938964844e+02, 2.971499938964844e+02, 2.971499938964844e+02, 3.031499938964844e+02, 3.031499938964844e+02, 3.031499938964844e+02, 3.031499938964844e+02, 3.031499938964844e+02, 3.031499938964844e+02, 3.031499938964844e+02, 2.971499938964844e+02, 2.971499938964844e+02, 2.971499938964844e+02, 2.971499938964844e+02, 2.971499938964844e+02, 3.031499938964844e+02, 3.031499938964844e+02, 3.031499938964844e+02, 3.031499938964844e+02, 3.031499938964844e+02, 3.031499938964844e+02, 2.971499938964844e+02, 2.971499938964844e+02, 2.971499938964844e+02, 2.971499938964844e+02, 2.971499938964844e+02, 3.031499938964844e+02, 3.031499938964844e+02, 3.031499938964844e+02, 3.031499938964844e+02, 3.031499938964844e+02, 3.031499938964844e+02, 2.971499938964844e+02, 2.971499938964844e+02, 2.971499938964844e+02, 2.971499938964844e+02, 2.971499938964844e+02, 3.031499938964844e+02, 3.031499938964844e+02, 3.031499938964844e+02]
zonAHUG36Opt.TZon=[2.931499938964844e+02, 2.926549377441406e+02, 2.9247509765625e+02, 2.923152160644531e+02, 2.931543579101562e+02, 2.937151489257812e+02, 2.939844360351562e+02, 2.942341918945312e+02, 2.943004150390625e+02, 2.935799865722656e+02, 2.93408935546875e+02, 2.932230529785156e+02, 2.930906982421875e+02, 2.929444580078125e+02, 2.927162170410156e+02, 2.931365051269531e+02, 2.937825622558594e+02, 2.939182739257812e+02, 2.943141784667969e+02, 2.944253540039062e+02, 2.9362109375e+02, 2.935154418945312e+02, 2.933832092285156e+02, 2.93224609375e+02, 2.930423583984375e+02, 2.928575134277344e+02, 2.930324401855469e+02, 2.94148681640625e+02, 2.944928588867188e+02, 2.950550842285156e+02, 2.95263671875e+02, 2.945098876953125e+02, 2.94273193359375e+02, 2.941496887207031e+02, 2.939896545410156e+02, 2.937860412597656e+02, 2.937156372070312e+02, 2.937528991699219e+02, 2.948050842285156e+02, 2.952845458984375e+02, 2.958522338867188e+02, 2.962033386230469e+02, 2.958152465820312e+02, 2.953895568847656e+02, 2.951535034179688e+02, 2.950491333007812e+02, 2.948897094726562e+02, 2.947154846191406e+02, 2.946974182128906e+02, 2.956377868652344e+02, 2.959745788574219e+02, 2.964156494140625e+02, 2.965774841308594e+02, 2.96072998046875e+02, 2.956594848632812e+02, 2.955301818847656e+02, 2.953464965820312e+02, 2.951861267089844e+02, 2.950492858886719e+02, 2.949686584472656e+02, 2.95875732421875e+02, 2.963696899414062e+02, 2.968473815917969e+02, 2.970504455566406e+02, 2.965476379394531e+02, 2.961961364746094e+02, 2.960061950683594e+02, 2.958652954101562e+02, 2.956808166503906e+02, 2.954792785644531e+02, 2.95420166015625e+02, 2.962345886230469e+02, 2.966471557617188e+02, 2.969668273925781e+02, 2.970115051269531e+02, 2.966438293457031e+02, 2.962979431152344e+02, 2.962084045410156e+02, 2.960984497070312e+02, 2.959768981933594e+02, 2.958341369628906e+02, 2.956752624511719e+02, 2.961811218261719e+02, 2.965263671875e+02, 2.967221374511719e+02, 2.968342895507812e+02, 2.967120361328125e+02, 2.9622265625e+02, 2.959397277832031e+02, 2.9578857421875e+02, 2.957216796875e+02, 2.9562646484375e+02, 2.955682373046875e+02, 2.959273681640625e+02, 2.961556701660156e+02, 2.963706970214844e+02, 2.963729248046875e+02, 2.961575927734375e+02, 2.955900573730469e+02, 2.954217224121094e+02, 2.952552490234375e+02]
zonAHUG36Con.TZon=[2.931499938964844e+02, 2.926549377441406e+02, 2.9247509765625e+02, 2.923152160644531e+02, 2.930965881347656e+02, 2.936861877441406e+02, 2.939573059082031e+02, 2.942078247070312e+02, 2.94274658203125e+02, 2.935528564453125e+02, 2.933819274902344e+02, 2.931961975097656e+02, 2.930640258789062e+02, 2.929179992675781e+02, 2.926900329589844e+02, 2.931209716796875e+02, 2.937587890625e+02, 2.938950805664062e+02, 2.942911682128906e+02, 2.944033508300781e+02, 2.935972900390625e+02, 2.934916687011719e+02, 2.933595275878906e+02, 2.932010498046875e+02, 2.930189514160156e+02, 2.928342590332031e+02, 2.930202331542969e+02, 2.941273193359375e+02, 2.94471923828125e+02, 2.950343017578125e+02, 2.952433776855469e+02, 2.944888305664062e+02, 2.942522277832031e+02, 2.941288452148438e+02, 2.939690246582031e+02, 2.937655944824219e+02, 2.936953735351562e+02, 2.937328186035156e+02, 2.947859802246094e+02, 2.952656860351562e+02, 2.958336181640625e+02, 2.961850280761719e+02, 2.957964782714844e+02, 2.953708190917969e+02, 2.951349487304688e+02, 2.950306091308594e+02, 2.948713073730469e+02, 2.946972351074219e+02, 2.946793518066406e+02, 2.956211547851562e+02, 2.959584350585938e+02, 2.963995056152344e+02, 2.965619812011719e+02, 2.960563354492188e+02, 2.95642822265625e+02, 2.955136108398438e+02, 2.953300170898438e+02, 2.951697692871094e+02, 2.950330200195312e+02, 2.949525756835938e+02, 2.95861328125e+02, 2.963550109863281e+02, 2.96832763671875e+02, 2.970360717773438e+02, 2.965329284667969e+02, 2.961812438964844e+02, 2.959913940429688e+02, 2.958506164550781e+02, 2.956662292480469e+02, 2.954647521972656e+02, 2.9540576171875e+02, 2.962214965820312e+02, 2.96634033203125e+02, 2.96953857421875e+02, 2.969988708496094e+02, 2.9663134765625e+02, 2.9628466796875e+02, 2.961952209472656e+02, 2.960853271484375e+02, 2.959638671875e+02, 2.958211975097656e+02, 2.956624450683594e+02, 2.961695556640625e+02, 2.965144653320312e+02, 2.967103881835938e+02, 2.968227233886719e+02, 2.967007446289062e+02, 2.962107238769531e+02, 2.959279174804688e+02, 2.9577685546875e+02, 2.957100219726562e+02, 2.956148376464844e+02, 2.955566711425781e+02, 2.959168701171875e+02, 2.961452331542969e+02, 2.963603820800781e+02, 2.963629150390625e+02, 2.961477355957031e+02, 2.955794677734375e+02, 2.954111938476562e+02, 2.952447814941406e+02]
optStaHea.tOpt=[0e+00, 0e+00, 0e+00, 2.684151123046875e+03, 2.684151123046875e+03, 2.684151123046875e+03, 2.684151123046875e+03, 2.684151123046875e+03, 2.684151123046875e+03, 2.684151123046875e+03, 2.684151123046875e+03, 2.684151123046875e+03, 2.684151123046875e+03, 2.684151123046875e+03, 1.02771484375e+03, 1.02771484375e+03, 1.02771484375e+03, 1.02771484375e+03, 1.02771484375e+03, 1.02771484375e+03, 1.02771484375e+03, 1.02771484375e+03, 1.02771484375e+03, 1.02771484375e+03, 1.02771484375e+03, 6.024262084960938e+02, 6.024262084960938e+02, 6.024262084960938e+02, 6.024262084960938e+02, 6.024262084960938e+02, 6.024262084960938e+02, 6.024262084960938e+02, 6.024262084960938e+02, 6.024262084960938e+02, 6.024262084960938e+02, 6.024262084960938e+02, 0e+00, 0e+00, 0e+00, 0e+00, 0e+00, 0e+00, 0e+00, 0e+00, 0e+00, 0e+00, 0e+00, 0e+00, 0e+00, 0e+00, 0e+00, 0e+00, 0e+00, 0e+00, 0e+00, 0e+00, 0e+00, 0e+00, 0e+00, 0e+00, 0e+00, 0e+00, 0e+00, 0e+00, 0e+00, 0e+00, 0e+00, 0e+00, 0e+00, 0e+00, 0e+00, 0e+00, 0e+00, 0e+00, 0e+00, 0e+00, 0e+00, 0e+00, 0e+00, 0e+00, 0e+00, 0e+00, 0e+00, 0e+00, 0e+00, 0e+00, 0e+00, 0e+00, 0e+00, 0e+00, 0e+00, 0e+00, 0e+00, 0e+00, 0e+00, 0e+00, 0e+00, 0e+00, 0e+00, 0e+00, 0e+00]
optStaCoo.tOpt=[0e+00, 0e+00, 0e+00, 0e+00, 0e+00, 0e+00, 0e+00, 0e+00, 0e+00, 0e+00, 0e+00, 0e+00, 0e+00, 0e+00, 0e+00, 0e+00, 0e+00, 0e+00, 0e+00, 0e+00, 0e+00, 0e+00, 0e+00, 0e+00, 0e+00, 0e+00, 0e+00, 0e+00, 0e+00, 0e+00, 0e+00, 0e+00, 0e+00, 0e+00, 0e+00, 0e+00, 0e+00, 0e+00, 0e+00, 0e+00, 0e+00, 0e+00, 0e+00, 0e+00, 0e+00, 0e+00, 0e+00, 0e+00, 0e+00, 0e+00, 0e+00, 0e+00, 0e+00, 0e+00, 0e+00, 0e+00, 0e+00, 0e+00, 0e+00, 0e+00, 0e+00, 0e+00, 0e+00, 0e+00, 0e+00, 0e+00, 0e+00, 0e+00, 0e+00, 0e+00, 0e+00, 0e+00, 0e+00, 0e+00, 0e+00, 0e+00, 0e+00, 0e+00, 0e+00, 0e+00, 0e+00, 0e+00, 0e+00, 0e+00, 0e+00, 0e+00, 0e+00, 0e+00, 0e+00, 0e+00, 0e+00, 0e+00, 0e+00, 0e+00, 0e+00, 0e+00, 0e+00, 0e+00, 0e+00, 0e+00, 0e+00]
