last-generated=2023-09-22
statistics-initialization=
{
  "nonlinear": "5, 1",
  "numerical Jacobians": "0"
}
statistics-simulation=
{
  "linear": "0, 0, 0, 0, 0",
  "nonlinear": "1, 1",
  "number of continuous time states": "9",
  "numerical Jacobians": "0"
}
time=[0e+00, 1e+06]
zon.T=[2.931499938964844e+02, 2.945089721679688e+02, 2.959105529785156e+02, 2.966436462402344e+02, 2.963066101074219e+02, 2.943134460449219e+02, 2.95515625e+02, 2.947714538574219e+02, 2.9495068359375e+02, 2.954649353027344e+02, 2.949838562011719e+02, 2.943348693847656e+02, 2.955626525878906e+02, 2.9434130859375e+02, 2.96463623046875e+02, 2.953839721679688e+02, 2.944508972167969e+02, 2.941694641113281e+02, 2.967953186035156e+02, 2.956407165527344e+02, 2.947539672851562e+02, 2.943432922363281e+02, 2.941552734375e+02, 2.967925109863281e+02, 2.954992065429688e+02, 2.946384582519531e+02, 2.942777099609375e+02, 2.945531921386719e+02, 2.965014343261719e+02, 2.95139892578125e+02, 2.944806213378906e+02, 2.942200012207031e+02, 2.952698364257812e+02, 2.963566589355469e+02, 2.950704345703125e+02, 2.944278259277344e+02, 2.941521606445312e+02, 2.964190063476562e+02, 2.948162536621094e+02, 2.942771911621094e+02, 2.94465087890625e+02, 2.944435119628906e+02, 2.943599853515625e+02, 2.942666015625e+02, 2.941668395996094e+02, 2.942503051757812e+02, 2.942369689941406e+02, 2.943135070800781e+02, 2.94178466796875e+02, 2.943949584960938e+02, 2.946888427734375e+02, 2.944988403320312e+02, 2.9420947265625e+02, 2.966934814453125e+02, 2.947084655761719e+02, 2.950435180664062e+02, 2.942231140136719e+02, 2.944133911132812e+02, 2.945167236328125e+02, 2.944044799804688e+02, 2.942770080566406e+02, 2.943168640136719e+02, 2.946298828125e+02, 2.9666796875e+02, 2.958675842285156e+02, 2.9432373046875e+02, 2.944895935058594e+02, 2.944911499023438e+02, 2.943951721191406e+02, 2.943002624511719e+02, 2.942052001953125e+02, 2.951673278808594e+02, 2.95863525390625e+02, 2.944528503417969e+02, 2.942922058105469e+02, 2.942911682128906e+02, 2.942301025390625e+02, 2.941652221679688e+02, 2.943312683105469e+02, 2.947212219238281e+02, 2.951982727050781e+02, 2.957117614746094e+02, 2.943904418945312e+02, 2.946015014648438e+02, 2.946730346679688e+02, 2.945985717773438e+02, 2.945146789550781e+02, 2.944310302734375e+02, 2.943536071777344e+02, 2.9427587890625e+02, 2.942057189941406e+02, 2.942647094726562e+02, 2.944362487792969e+02, 2.944551086425781e+02, 2.943983154296875e+02, 2.9433837890625e+02, 2.942754821777344e+02, 2.942191162109375e+02, 2.941687622070312e+02, 2.955406494140625e+02, 2.941532897949219e+02]
heaWat.u=[1e+00, 1e+00, 1e+00, 0e+00, 0e+00, 0e+00, 0e+00, 1e+00, 0e+00, 1e+00, 0e+00, 1e+00, 0e+00, 0e+00, 0e+00, 0e+00, 0e+00, 0e+00, 0e+00, 0e+00, 0e+00, 0e+00, 0e+00, 0e+00, 0e+00, 0e+00, 0e+00, 1e+00, 0e+00, 0e+00, 0e+00, 0e+00, 1e+00, 0e+00, 0e+00, 0e+00, 0e+00, 0e+00, 0e+00, 0e+00, 0e+00, 0e+00, 0e+00, 0e+00, 0e+00, 0e+00, 0e+00, 0e+00, 0e+00, 0e+00, 0e+00, 0e+00, 0e+00, 0e+00, 0e+00, 1e+00, 0e+00, 0e+00, 0e+00, 0e+00, 0e+00, 1e+00, 1e+00, 0e+00, 0e+00, 0e+00, 0e+00, 0e+00, 0e+00, 0e+00, 0e+00, 0e+00, 0e+00, 1e+00, 0e+00, 0e+00, 0e+00, 0e+00, 0e+00, 0e+00, 0e+00, 0e+00, 0e+00, 0e+00, 0e+00, 0e+00, 0e+00, 0e+00, 0e+00, 0e+00, 0e+00, 0e+00, 0e+00, 0e+00, 0e+00, 0e+00, 0e+00, 0e+00, 0e+00, 0e+00, 0e+00]
