last-generated=2021-09-27
statistics-initialization=
{
  "linear": "0",
  "nonlinear": "0, 0",
  "numerical Jacobians": "0"
}
statistics-simulation=
{
  "linear": " ",
  "nonlinear": "1",
  "number of continuous time states": "1",
  "numerical Jacobians": "0"
}
time=[0e+00, 3.6e+03]
y.y=[0e+00, 2.999999932944775e-02, 5.999999865889549e-02, 9.000000357627869e-02, 1.19999997317791e-01, 1.500000059604645e-01, 1.800000071525574e-01, 2.099999934434891e-01, 2.39999994635582e-01, 2.700000107288361e-01, 3.00000011920929e-01, 3.300000131130219e-01, 3.600000143051147e-01, 3.899999856948853e-01, 4.199999868869782e-01, 4.49999988079071e-01, 4.799999892711639e-01, 5.099999904632568e-01, 5.400000214576721e-01, 5.699999928474426e-01, 6.000000238418579e-01, 6.299999952316284e-01, 6.600000262260437e-01, 6.899999976158142e-01, 7.200000286102295e-01, 7.5e-01, 7.799999713897705e-01, 8.100000023841859e-01, 8.399999737739564e-01, 8.700000047683716e-01, 8.999999761581421e-01, 9.300000071525574e-01, 9.599999785423279e-01, 9.900000095367432e-01, 0e+00, 0e+00, 0e+00, 0e+00, 0e+00, 0e+00, 0e+00, 0e+00, 0e+00, 0e+00, 0e+00, 0e+00, 0e+00, 0e+00, 0e+00, 0e+00, 0e+00, 0e+00, 0e+00, 0e+00, 0e+00, 0e+00, 1e+00, 1e+00, 1e+00, 1e+00, 1e+00, 1e+00, 1e+00, 1e+00, 1e+00, 1e+00, 1e+00, 1e+00, 1e+00, 1e+00, 1e+00, 1e+00, 1e+00, 1e+00, 1e+00, 1e+00, 1e+00, 1e+00, 1e+00, 1e+00, 1e+00, 1e+00, 1e+00, 1e+00, 1e+00, 1e+00, 1e+00, 1e+00, 1e+00, 1e+00, 1e+00, 1e+00, 1e+00, 1e+00, 1e+00, 1e+00, 1e+00, 1e+00, 1e+00, 1e+00, 1e+00]
boiDyn.QFue_flow=[0e+00, 1.666666625976562e+03, 3.333333251953125e+03, 5e+03, 6.66666650390625e+03, 8.3333330078125e+03, 1e+04, 1.16666669921875e+04, 1.33333330078125e+04, 1.5e+04, 1.6666666015625e+04, 1.8333333984375e+04, 2e+04, 2.1666666015625e+04, 2.3333333984375e+04, 2.5e+04, 2.6666666015625e+04, 2.8333333984375e+04, 3e+04, 3.1666666015625e+04, 3.333333203125e+04, 3.5e+04, 3.666666796875e+04, 3.833333203125e+04, 4e+04, 4.166666796875e+04, 4.333333203125e+04, 4.500000000000001e+04, 4.666666796875001e+04, 4.833333203125e+04, 5e+04, 5.166666796875e+04, 5.333333203125e+04, 5.5e+04, 0e+00, 0e+00, 0e+00, 0e+00, 0e+00, 0e+00, 0e+00, 0e+00, 0e+00, 0e+00, 0e+00, 0e+00, 0e+00, 0e+00, 0e+00, 0e+00, 0e+00, 0e+00, 0e+00, 0e+00, 0e+00, 0e+00, 5.55555546875e+04, 5.55555546875e+04, 5.55555546875e+04, 5.55555546875e+04, 5.55555546875e+04, 5.55555546875e+04, 5.55555546875e+04, 5.55555546875e+04, 5.55555546875e+04, 5.55555546875e+04, 5.55555546875e+04, 5.55555546875e+04, 5.55555546875e+04, 5.55555546875e+04, 5.55555546875e+04, 5.55555546875e+04, 5.55555546875e+04, 5.55555546875e+04, 5.55555546875e+04, 5.55555546875e+04, 5.55555546875e+04, 5.55555546875e+04, 5.55555546875e+04, 5.55555546875e+04, 5.55555546875e+04, 5.55555546875e+04, 5.55555546875e+04, 5.55555546875e+04, 5.55555546875e+04, 5.55555546875e+04, 5.55555546875e+04, 5.55555546875e+04, 5.55555546875e+04, 5.55555546875e+04, 5.55555546875e+04, 5.55555546875e+04, 5.55555546875e+04, 5.55555546875e+04, 5.55555546875e+04, 5.55555546875e+04, 5.55555546875e+04, 5.55555546875e+04, 5.55555546875e+04, 5.55555546875e+04, 5.55555546875e+04]
boiSte.QFue_flow=[2.649903125e+04, 2.649903125e+04]
boiDyn.vol.VLiq=[3.750000149011612e-02, 3.804664686322212e-02, 3.85686568915844e-02, 3.906603902578354e-02, 3.953878954052925e-02, 3.998690843582153e-02, 4.041039198637009e-02, 4.080924019217491e-02, 4.118343442678452e-02, 4.153298959136009e-02, 4.185763373970985e-02, 4.215731471776962e-02, 4.243207722902298e-02, 4.268180206418037e-02, 4.290655255317688e-02, 4.310628026723862e-02, 4.328100010752678e-02, 4.343070462346077e-02, 4.355539008975029e-02, 4.365505650639534e-02, 4.372970759868622e-02, 4.377933964133263e-02, 4.380395635962486e-02, 4.380355402827263e-02, 4.377813637256622e-02, 4.372769966721535e-02, 4.36522476375103e-02, 4.355177283287048e-02, 4.34262827038765e-02, 4.327577352523804e-02, 4.310024157166481e-02, 4.289969801902771e-02, 4.267413169145584e-02, 4.24235500395298e-02, 4.270710051059723e-02, 4.326606169342995e-02, 4.382502287626266e-02, 4.438398405909538e-02, 4.49429452419281e-02, 4.550190642476082e-02, 4.606086760759354e-02, 4.661982879042625e-02, 4.717878997325897e-02, 4.773775115609169e-02, 4.829671233892441e-02, 4.885567352175713e-02, 4.941463470458984e-02, 4.997359588742256e-02, 5.053255707025528e-02, 5.1091518253088e-02, 5.165047943592072e-02, 5.220944061875343e-02, 5.276840180158615e-02, 5.332736298441887e-02, 5.388632416725159e-02, 5.444528535008431e-02, 5.46351857483387e-02, 5.436375364661217e-02, 5.409232154488564e-02, 5.38208894431591e-02, 5.354945734143257e-02, 5.327802523970604e-02, 5.300659313797951e-02, 5.273516476154327e-02, 5.246373265981674e-02, 5.219230055809021e-02, 5.192086845636368e-02, 5.164943635463715e-02, 5.137800425291061e-02, 5.110657215118408e-02, 5.083514004945755e-02, 5.056371167302132e-02, 5.029227957129478e-02, 5.002084746956825e-02, 4.974941536784172e-02, 4.947798326611519e-02, 4.920655116438866e-02, 4.893511906266212e-02, 4.866368696093559e-02, 4.839225858449936e-02, 4.812082648277283e-02, 4.78493943810463e-02, 4.757796227931976e-02, 4.730653017759323e-02, 4.70350980758667e-02, 4.676366597414017e-02, 4.649223387241364e-02, 4.62208054959774e-02, 4.594937339425087e-02, 4.567794129252434e-02, 4.540650919079781e-02, 4.513507708907127e-02, 4.486364498734474e-02, 4.459221288561821e-02, 4.432078078389168e-02, 4.404935240745544e-02, 4.377792030572891e-02, 4.350648820400238e-02, 4.323505610227585e-02, 4.296362400054932e-02, 4.269219189882278e-02]
boiSte.VLiq=[2.783613279461861e-02, 2.783613279461861e-02]
