last-generated=2023-06-01
statistics-initialization=
{
  "nonlinear": "4, 0, 0, 1",
  "numerical Jacobians": "0"
}
statistics-simulation=
{
  "linear": "0",
  "nonlinear": "5, 1",
  "number of continuous time states": "36",
  "numerical Jacobians": "0"
}
time=[0e+00, 9e+03]
pumSup1.m_flow=[0e+00, 2.373566618189216e-03, 2.386261941865087e-03, 2.386307809501886e-03, 2.38630804233253e-03, 2.38630804233253e-03, 2.38630804233253e-03, 2.38630804233253e-03, 2.38630804233253e-03, 2.38630804233253e-03, 2.38630804233253e-03, 2.38630804233253e-03, 2.38630804233253e-03, 2.38630804233253e-03, 2.38630804233253e-03, 2.38630804233253e-03, 2.38630804233253e-03, 2.38630804233253e-03, 2.38630804233253e-03, 2.38630804233253e-03, 2.38630804233253e-03, 3.791349232196808e-01, 4.481347799301147e-01, 4.490973949432373e-01, 4.491066038608551e-01, 4.491068720817566e-01, 4.491068422794342e-01, 4.491068422794342e-01, 4.491068720817566e-01, 4.491068720817566e-01, 4.491068720817566e-01, 4.491068720817566e-01, 4.491068720817566e-01, 4.491068720817566e-01, 4.491068720817566e-01, 4.491068720817566e-01, 4.491068720817566e-01, 4.491068720817566e-01, 4.491068720817566e-01, 4.588252007961273e-01, 6.601535081863403e-01, 6.581171751022339e-01, 6.587849855422974e-01, 6.58772885799408e-01, 6.587729454040527e-01, 6.587730050086975e-01, 6.587730050086975e-01, 6.587730050086975e-01, 6.587730050086975e-01, 6.587730050086975e-01, 6.587730050086975e-01, 7.44540810585022e-01, 7.674790024757385e-01, 7.666551470756531e-01, 7.664176225662231e-01, 7.663902640342712e-01, 7.663887739181519e-01, 7.663881182670593e-01, 7.663881182670593e-01, 7.663881182670593e-01, 7.663880586624146e-01, 7.663880586624146e-01, 7.663880586624146e-01, 7.663880586624146e-01, 7.663880586624146e-01, 7.663880586624146e-01, 7.663880586624146e-01, 1.588739514350891e+00, 1.327290773391724e+00, 1.300419092178345e+00, 1.285676002502441e+00, 1.2784743309021e+00, 1.257734775543213e+00, 6.997845768928528e-01, 6.55656099319458e-01, 6.392385959625244e-01, 6.304793953895569e-01, 6.065309047698975e-01, 4.499840438365936e-01, 7.703510671854019e-02, 4.62452694773674e-02, 3.366246819496146e-02, 2.674899436533451e-02, 2.236048132181168e-02, 4.520334303379059e-01, 4.475854337215424e-01, 4.475343525409698e-01, 4.475163817405701e-01, 4.475092589855194e-01, 4.475057721138e-01, 4.475037455558777e-01, 4.47502464056015e-01, 4.475015997886658e-01, 4.47501003742218e-01, 4.475005567073822e-01, 4.475003480911255e-01, 4.475003480911255e-01, 4.475003480911255e-01, 4.475003480911255e-01, 4.475003480911255e-01, 4.475003480911255e-01]
stoPla.revCon.m_flow=[-0e+00, -2.368527231737971e-03, -2.38119438290596e-03, -2.381240017712116e-03, -2.38124025054276e-03, -2.38124025054276e-03, -2.38124025054276e-03, -2.38124025054276e-03, -2.38124025054276e-03, -2.38124025054276e-03, -2.38124025054276e-03, -2.38124025054276e-03, -2.38124025054276e-03, -2.38124025054276e-03, -2.38124025054276e-03, -2.38124025054276e-03, -2.38124025054276e-03, -2.38124025054276e-03, -2.38124025054276e-03, -2.38124025054276e-03, -2.38124025054276e-03, 8.487927168607712e-02, 1.499646306037903e-01, 1.508896946907043e-01, 1.50898277759552e-01, 1.508985310792923e-01, 1.508985012769699e-01, 1.508985161781311e-01, 1.508985459804535e-01, 1.508985459804535e-01, 1.508985459804535e-01, 1.508985459804535e-01, 1.508985459804535e-01, 1.508985459804535e-01, 1.508985459804535e-01, 1.508985459804535e-01, 1.508985459804535e-01, 1.508985459804535e-01, 1.508985459804535e-01, 1.685249209403992e-01, 5.975949764251709e-01, 5.899466872215271e-01, 5.912574529647827e-01, 5.912297368049622e-01, 5.912297368049622e-01, 5.912298560142517e-01, 5.912298560142517e-01, 5.912298560142517e-01, 5.912298560142517e-01, 5.912298560142517e-01, 5.912298560142517e-01, 1.063787698745728e+00, 1.13489830493927e+00, 1.134008646011353e+00, 1.133654713630676e+00, 1.133615255355835e+00, 1.133612871170044e+00, 1.133611917495728e+00, 1.133611917495728e+00, 1.133611917495728e+00, 1.133611917495728e+00, 1.133611917495728e+00, 1.133611917495728e+00, 1.133611917495728e+00, 1.133611917495728e+00, 1.133611917495728e+00, 1.133611917495728e+00, -2.642551437020302e-03, -3.170708427205682e-03, -3.184793749824166e-03, -3.207470756024122e-03, -3.215584205463529e-03, -3.258604789152741e-03, -3.638336900621653e-03, -3.597850678488612e-03, -3.607857739552855e-03, -3.607856808230281e-03, -3.620700677856803e-03, -3.439972177147865e-03, -2.423975383862853e-03, -2.400107681751251e-03, -2.393667818978429e-03, -2.390449400991201e-03, -2.388496650382876e-03, -4.45763498544693e-01, -4.474920034408569e-01, -4.474954903125763e-01, -4.474951028823853e-01, -4.474949836730957e-01, -4.474949538707733e-01, -4.474949240684509e-01, -4.474949240684509e-01, -4.474949240684509e-01, -4.474949240684509e-01, -4.474949240684509e-01, -4.474948942661285e-01, -4.474948942661285e-01, -4.474948942661285e-01, -4.474948942661285e-01, -4.474948942661285e-01, -4.474948942661285e-01]
stoPla.pumPri.m_flow=[0e+00, 6.037897611433288e-26, 2.029477365085311e-23, 9.999997615814209e-01, 1e+00, 1e+00, 1e+00, 1e+00, 1e+00, 1e+00, 1e+00, 1e+00, 1e+00, 1e+00, 1e+00, 1.561114117976103e-06, -3.441579110585735e-08, -5.280953896402707e-09, 3.075101950855696e-09, -2.731713188985907e-10, 5.06740482908441e-11, 9.998351335525513e-01, 1e+00, 1e+00, 1e+00, 1e+00, 1e+00, 1e+00, 1e+00, 4.078166602994315e-05, -8.690509645248312e-08, -7.02108016170655e-09, 4.556738542049743e-09, 1.851388313489633e-11, 1.00000011920929e+00, 1e+00, 1e+00, 1e+00, 1e+00, 9.964869618415833e-01, 1.052216624941593e-08, 9.997268915176392e-01, 1e+00, 1e+00, 1e+00, 3.897077476722188e-05, 1.361726009729836e-10, 7.455924441214512e-13, 1.524075191137314e-13, -2.166134974298725e-14, 3.839311935185203e-15, 1.497817132621681e-20, -5.387973074891698e-20, -2.110599542049125e-19, -5.72196614957945e-21, 3.650074201177316e-21, -8.388751914829468e-23, 1.581690803159018e-21, -2.27035052046821e-22, 5.528095516807491e-23, -9.321720036950647e-24, 4.827951802253807e-24, -7.674484592401453e-24, 2.044816607615153e-24, 7.033118605613708e-02, 9.999997019767761e-01, 1e+00, 3.716389182955027e-03, 8.55036985658586e-10, -1.783895405526109e-12, 3.633610339698334e-13, 5.643835584696975e-15, -4.931888303349833e-21, -4.408315961822519e-25, 1.786108152648452e-28, -2.310104743006682e-26, 1.402554784214511e-26, 2.138998733863611e-29, -4.07861454708425e-28, 4.760074524509049e-26, -7.586590110935156e-27, 2.470333486213377e-26, 1.007452952425392e-26, 1.236994334466348e-29, 1.019594436958653e-24, -4.693999473457979e-25, -1.089741526372716e-24, 9.481468363866234e-26, -4.81937363016282e-25, 4.66916859735195e-25, 7.838555827773845e-25, -2.581176547710307e-24, -6.782737292477896e-24, 1.437538170748242e-24, 3.048531521070739e-25, 5.697466043639841e-25, 2.626898136916012e-24, -6.095494293623834e-24, 3.301269292379583e-24, 1.066742286680997e-24, 1.751824792730885e-24]
stoPla.tanBra.mTan_flow=[-0e+00, -2.368527231737971e-03, -2.38119438290596e-03, -1.002381086349487e+00, -1.002381205558777e+00, -1.002381205558777e+00, -1.002381205558777e+00, -1.002381205558777e+00, -1.002381205558777e+00, -1.002381205558777e+00, -1.002381205558777e+00, -1.002381205558777e+00, -1.002381205558777e+00, -1.002381205558777e+00, -1.002381205558777e+00, -2.382801380008459e-03, -2.381206024438143e-03, -2.3812351282686e-03, -2.381243510171771e-03, -2.381240017712116e-03, -2.381240483373404e-03, -9.149558544158936e-01, -8.500353693962097e-01, -8.491103053092957e-01, -8.49101722240448e-01, -8.491014838218689e-01, -8.491014838218689e-01, -8.491014838218689e-01, -8.491014838218689e-01, 1.508577615022659e-01, 1.508986353874207e-01, 1.508985459804535e-01, 1.508985310792923e-01, 1.508985459804535e-01, -8.491015434265137e-01, -8.491014838218689e-01, -8.491014838218689e-01, -8.491014838218689e-01, -8.491014838218689e-01, -8.279620409011841e-01, 5.975949764251709e-01, -4.097801744937897e-01, -4.087425470352173e-01, -4.087702929973602e-01, -4.087702929973602e-01, 5.911909341812134e-01, 5.912298560142517e-01, 5.912298560142517e-01, 5.912298560142517e-01, 5.912298560142517e-01, 5.912298560142517e-01, 1.063787698745728e+00, 1.13489830493927e+00, 1.134008646011353e+00, 1.133654713630676e+00, 1.133615255355835e+00, 1.133612871170044e+00, 1.133611917495728e+00, 1.133611917495728e+00, 1.133611917495728e+00, 1.133611917495728e+00, 1.133611917495728e+00, 1.133611917495728e+00, 1.133611917495728e+00, 1.063280701637268e+00, 1.336122304201126e-01, 1.336119174957275e-01, -6.358940619975328e-03, -3.170709358528256e-03, -3.184793749824166e-03, -3.207470756024122e-03, -3.215584205463529e-03, -3.258604789152741e-03, -3.638336900621653e-03, -3.597850678488612e-03, -3.607857739552855e-03, -3.607856808230281e-03, -3.620700677856803e-03, -3.439972177147865e-03, -2.423975383862853e-03, -2.400107681751251e-03, -2.393667818978429e-03, -2.390449400991201e-03, -2.388496650382876e-03, -4.45763498544693e-01, -4.474920034408569e-01, -4.474954903125763e-01, -4.474951028823853e-01, -4.474949836730957e-01, -4.474949538707733e-01, -4.474949240684509e-01, -4.474949240684509e-01, -4.474949240684509e-01, -4.474949240684509e-01, -4.474949240684509e-01, -4.474948942661285e-01, -4.474948942661285e-01, -4.474948942661285e-01, -4.474948942661285e-01, -4.474948942661285e-01, -4.474948942661285e-01]
stoPla.revCon.pum.m_flow=[0e+00, -2.796799235511571e-04, -2.812415768858045e-04, -2.812472230289131e-04, -2.812472521327436e-04, -2.812472521327436e-04, -2.812472521327436e-04, -2.812472521327436e-04, -2.812472521327436e-04, -2.812472521327436e-04, -2.812472521327436e-04, -2.812472521327436e-04, -2.812472521327436e-04, -2.812472521327436e-04, -2.812472521327436e-04, -2.812472521327436e-04, -2.812472521327436e-04, -2.812472521327436e-04, -2.812472521327436e-04, -2.812472521327436e-04, -2.812472521327436e-04, 8.747797459363937e-02, 1.531871259212494e-01, 1.541268229484558e-01, 1.541355699300766e-01, 1.541358232498169e-01, 1.541357934474945e-01, 1.541358083486557e-01, 1.541358381509781e-01, 1.541358381509781e-01, 1.541358381509781e-01, 1.541358381509781e-01, 1.541358381509781e-01, 1.541358381509781e-01, 1.541358381509781e-01, 1.541358381509781e-01, 1.541358381509781e-01, 1.541358381509781e-01, 1.541358381509781e-01, 1.717570275068283e-01, 6.009800434112549e-01, 5.93377411365509e-01, 5.946894884109497e-01, 5.946617722511292e-01, 5.946617722511292e-01, 5.946619510650635e-01, 5.946618914604187e-01, 5.946618914604187e-01, 5.946618914604187e-01, 5.946618914604187e-01, 5.946618914604187e-01, 1.067084550857544e+00, 1.138252854347229e+00, 1.137376189231873e+00, 1.137022256851196e+00, 1.136982679367065e+00, 1.136980295181274e+00, 1.136979460716248e+00, 1.136979460716248e+00, 1.136979460716248e+00, 1.136979460716248e+00, 1.136979460716248e+00, 1.136979341506958e+00, 1.136979460716248e+00, 1.136979460716248e+00, 1.136979460716248e+00, 1.136979460716248e+00, -3.134557628072798e-04, -3.785753797274083e-04, -3.803118306677788e-04, -3.831075155176222e-04, -3.841077559627593e-04, -3.894114051945508e-04, -4.362250037956983e-04, -4.312338714953512e-04, -4.324675537645817e-04, -4.324674373492599e-04, -4.340508312452585e-04, -4.117705684620887e-04, -2.865158312488347e-04, -2.835732884705067e-04, -2.827793650794774e-04, -2.823825925588608e-04, -2.821418456733227e-04, -2.790765138342977e-04, -2.81243585050106e-04, -2.81247979728505e-04, -2.812475140672177e-04, -2.812473685480654e-04, -2.812473103404045e-04, -2.812472812365741e-04, -2.812472812365741e-04, -2.812472812365741e-04, -2.812472521327436e-04, -2.812472521327436e-04, -2.812472521327436e-04, -2.812472521327436e-04, -2.812472521327436e-04, -2.812472521327436e-04, -2.812472521327436e-04, -2.812472521327436e-04]
stoPla.revCon.val.m_flow=[0e+00, 2.088847337290645e-03, 2.099952893331647e-03, 2.099992940202355e-03, 2.099993173032999e-03, 2.099993173032999e-03, 2.099993173032999e-03, 2.099993173032999e-03, 2.099993173032999e-03, 2.099993173032999e-03, 2.099993173032999e-03, 2.099993173032999e-03, 2.099993173032999e-03, 2.099993173032999e-03, 2.099993173032999e-03, 2.099993173032999e-03, 2.099993173032999e-03, 2.099993173032999e-03, 2.099993173032999e-03, 2.099993173032999e-03, 2.099993173032999e-03, 2.598703373223543e-03, 3.222502069547772e-03, 3.237128257751465e-03, 3.237289842218161e-03, 3.237293334677815e-03, 3.237293101847172e-03, 3.237293334677815e-03, 3.237293334677815e-03, 3.237293567508459e-03, 3.237293567508459e-03, 3.237293567508459e-03, 3.237293567508459e-03, 3.237293567508459e-03, 3.237293567508459e-03, 3.237293567508459e-03, 3.237293567508459e-03, 3.237293567508459e-03, 3.237293567508459e-03, 3.232094924896955e-03, 3.385083982720971e-03, 3.430746030062437e-03, 3.432022174820304e-03, 3.432044759392738e-03, 3.432047087699175e-03, 3.432046854868531e-03, 3.432046854868531e-03, 3.432046854868531e-03, 3.432046854868531e-03, 3.432046854868531e-03, 3.432046854868531e-03, 3.296941285952926e-03, 3.354477696120739e-03, 3.36755532771349e-03, 3.367479192093015e-03, 3.367494558915496e-03, 3.367491532117128e-03, 3.367492230609059e-03, 3.367492463439703e-03, 3.367492463439703e-03, 3.367492463439703e-03, 3.367492463439703e-03, 3.367492463439703e-03, 3.367492463439703e-03, 3.367492463439703e-03, 3.367492463439703e-03, 3.367492463439703e-03, 2.329095732420683e-03, 2.792133018374443e-03, 2.804481890052557e-03, 2.824363298714161e-03, 2.83147650770843e-03, 2.869193442165852e-03, 3.202111925929785e-03, 3.166616894304752e-03, 3.175390185788274e-03, 3.175389487296343e-03, 3.186649875715375e-03, 3.028201637789607e-03, 2.137459581717849e-03, 2.116534393280745e-03, 2.110888483002782e-03, 2.108066808432341e-03, 2.106354804709554e-03, 4.454844295978546e-01, 4.472107589244843e-01, 4.472142457962036e-01, 4.472138583660126e-01, 4.47213739156723e-01, 4.472137093544006e-01, 4.472136795520782e-01, 4.472136795520782e-01, 4.472136795520782e-01, 4.472136795520782e-01, 4.472136795520782e-01, 4.472136497497559e-01, 4.472136497497559e-01, 4.472136497497559e-01, 4.472136497497559e-01, 4.472136497497559e-01, 4.472136497497559e-01]
ideUse1.yVal_actual=[0e+00, -4.134363315685708e-16, -2.551223946050856e-18, -1.411630405789911e-20, -4.384421384724897e-23, -4.579646689675207e-25, 1.492337557099255e-23, 2.995213980347868e-23, 6.124575335350444e-23, 7.715961321076163e-24, 5.468517585801579e-23, 8.40680105234149e-23, -1.362013317935674e-23, 4.593520485022942e-24, -1.985415184236764e-24, -1.261557798112568e-24, -1.479073768168005e-25, 7.918681292733758e-27, -7.810266073932334e-27, -1.879948444002188e-26, 8.030030858398451e-27, 9.083674550056458e-01, 9.99335765838623e-01, 9.99996542930603e-01, 9.999997615814209e-01, 1e+00, 9.999999403953552e-01, 9.999999403953552e-01, 1e+00, 1e+00, 1e+00, 1e+00, 1e+00, 1e+00, 1e+00, 1e+00, 1e+00, 1e+00, 1e+00, 1e+00, 1e+00, 9.998326301574707e-01, 9.999958276748657e-01, 9.999998807907104e-01, 1e+00, 1e+00, 1e+00, 1e+00, 1e+00, 1e+00, 1e+00, 1e+00, 9.994101524353027e-01, 9.954193830490112e-01, 9.946353435516357e-01, 9.945431351661682e-01, 9.945387244224548e-01, 9.945365190505981e-01, 9.945363998413086e-01, 9.945363402366638e-01, 9.94536280632019e-01, 9.94536280632019e-01, 9.94536280632019e-01, 9.94536280632019e-01, 9.94536280632019e-01, 9.94536280632019e-01, 9.94536280632019e-01, 9.976245760917664e-01, 9.905925393104553e-01, 9.992153644561768e-01, 9.994074106216431e-01, 9.997224807739258e-01, 9.990860223770142e-01, 9.756664037704468e-01, 9.989326000213623e-01, 9.995840787887573e-01, 9.997712969779968e-01, 9.9930739402771e-01, 8.509110808372498e-01, 3.787885308265686e-01, 2.427628636360168e-01, 1.562505066394799e-01, 9.237002581357956e-02, 4.159470647573471e-02, 3.440078115090728e-03, 2.869621675927192e-04, 1.613936037756503e-04, 1.008000908768736e-04, 6.801146810175851e-05, 4.726831684820354e-05, 3.291597386123613e-05, 2.234431849501561e-05, 1.42451181091019e-05, 7.821823601261713e-06, 2.628411266414332e-06, 6.680241426693101e-08, 9.468301698234427e-10, 8.24016063716293e-11, 7.864681995928269e-12, -1.512406866410743e-11, 1.129441332126113e-11]
ideUse2.yVal_actual=[0e+00, -4.477999023733061e-16, -2.766793210741616e-18, -1.536740504086276e-20, -2.180750594447941e-23, 1.007894383333995e-22, 5.08144026346082e-23, 3.152546923640085e-23, -5.180401286298985e-23, 3.028908438420424e-23, -1.442901568989663e-22, -1.45887240511466e-22, 1.194291470952191e-23, -4.027108099882488e-24, 1.74200110787815e-24, 9.735477384523841e-25, -3.595134659782818e-26, -7.785669637426576e-27, 4.070954911843128e-26, -3.758796257559758e-27, 3.706159677362932e-28, -4.906096424109518e-20, -1.504618993562265e-18, -3.669607134302218e-20, 3.485177684769431e-21, 6.829291792581769e-22, 4.414543779644384e-21, -1.626676362420958e-20, -3.385070251398474e-20, -1.331810667463133e-21, -1.729870596523358e-24, 8.219661926657102e-25, -6.808634018274491e-24, 6.927415171356334e-24, 2.088781033806381e-26, -2.40463485431825e-27, -5.149776819106085e-28, 2.28767808806522e-28, -2.562874882264542e-26, 5.19416332244873e-02, 9.178293943405151e-01, 9.059858918190002e-01, 9.070484042167664e-01, 9.070180058479309e-01, 9.07017707824707e-01, 9.070178866386414e-01, 9.070178866386414e-01, 9.070178866386414e-01, 9.070178866386414e-01, 9.070178866386414e-01, 9.070178866386414e-01, 9.10222589969635e-01, 9.078813791275024e-01, 9.057177305221558e-01, 9.057067036628723e-01, 9.057006239891052e-01, 9.057008624076843e-01, 9.0570068359375e-01, 9.0570068359375e-01, 9.0570068359375e-01, 9.0570068359375e-01, 9.0570068359375e-01, 9.0570068359375e-01, 9.0570068359375e-01, 9.0570068359375e-01, 9.0570068359375e-01, 9.0570068359375e-01, 9.53889787197113e-01, 9.3043452501297e-01, 9.322720170021057e-01, 9.300061464309692e-01, 9.296095371246338e-01, 9.279342293739319e-01, 4.05660092830658e-01, 2.169471234083176e-01, 1.145472154021263e-01, 4.255605489015579e-02, 1.52475934009999e-03, 2.209107915405184e-04, 1.263621961697936e-04, 8.439287194050848e-05, 5.90961535635868e-05, 4.207625170238316e-05, 2.979414603032637e-05, 2.051235787803307e-05, 1.275821250601439e-05, 6.571936864929739e-06, 1.514452378614806e-06, -1.188207292557308e-07, -1.173557140354831e-09, -9.032921632901036e-11, 1.839791687052728e-11, -1.043487431878765e-11, 5.432132608312878e-13, -1.980031942442131e-13, -1.666372575814595e-15, -2.255059785942064e-17, -4.840752761708311e-18, 9.095355544441167e-20, 5.509469557133943e-19, -4.34426882509148e-19]
ideUse3.yVal_actual=[0e+00, -4.477135579522454e-16, -2.766259472451367e-18, -1.536467792978075e-20, -4.940611552483316e-23, 1.562477862309533e-24, 3.564235039755069e-26, -6.424422814956841e-26, 3.608806759420825e-27, -3.928171492443413e-28, 1.232484303065407e-28, -5.454328093442548e-29, -5.906001848361827e-30, 2.975521319549447e-28, -7.106379815918746e-30, 6.216902846558129e-25, -2.742087902119223e-26, 6.913392084082286e-27, -1.149953849457845e-25, 4.08681794938587e-27, 5.276182765815612e-26, -1.196498273741143e-19, 3.595863336458262e-20, 5.492933146362532e-22, 1.884348257769086e-23, -4.772358407680166e-24, 3.994277059537059e-21, -1.170899279448743e-20, -2.735420692875228e-20, -1.162616184408114e-21, -1.566787310827142e-24, 2.079406284764444e-25, 6.799931082900963e-26, -2.951712156982636e-25, -7.956354600968911e-28, 8.842959724948481e-27, -3.030448600822128e-28, 4.752752620342975e-28, -1.531050653803191e-27, -1.196641237046621e-20, 1.619529004940617e-20, 1.429101551858089e-22, -6.741555597781738e-24, -2.007997850150283e-22, -1.29326203900731e-23, -3.559600974974961e-25, -4.067462353444778e-27, 5.938421249801347e-27, 4.941397747285197e-27, -4.585245922691365e-27, 1.484919335327769e-27, 9.123798608779907e-01, 9.990706443786621e-01, 9.999878406524658e-01, 9.999951124191284e-01, 1.000000238418579e+00, 9.999997615814209e-01, 1e+00, 1e+00, 1e+00, 1e+00, 1e+00, 1e+00, 1e+00, 1e+00, 1e+00, 1e+00, 7.875152826309204e-01, 3.422377109527588e-01, 1.968995183706295e-01, 1.06445349752903e-01, 4.029876366257668e-02, 1.500863931141794e-03, 2.048574533546343e-04, 1.018671609926969e-04, 5.734372462029569e-05, 3.363495488883927e-05, 1.876718488347251e-05, 8.539179361832794e-06, 2.667671196832089e-06, 6.685871767331264e-07, 2.36801298569836e-07, 1.958342599195362e-09, -3.513018695389114e-11, -3.197181560297968e-13, -1.708641425706716e-15, -5.639003559517909e-18, -2.635030990582585e-18, -1.237071143513571e-20, -1.306357840008793e-23, -4.230981627772168e-23, 1.364300124725714e-21, -1.358318413362477e-21, 3.367307678654892e-22, -7.520297468627118e-23, -4.909276656264399e-24, -1.600452521881605e-23, -2.582014317991652e-23, -4.539935924744447e-25, -3.317808155687994e-24, -8.330816076684429e-24]
ideUse1.dp=[0e+00, 5.96896328125e+04, 6.00229296875e+04, 6.00241328125e+04, 6.002413671875e+04, 6.002413671875e+04, 6.002413671875e+04, 6.002413671875e+04, 6.002413671875e+04, 6.002413671875e+04, 6.002413671875e+04, 6.002413671875e+04, 6.002413671875e+04, 6.002413671875e+04, 6.002413671875e+04, 6.002413671875e+04, 6.002413671875e+04, 6.002413671875e+04, 6.002413671875e+04, 6.002413671875e+04, 6.002413671875e+04, 5.469021484375e+04, 5.9774734375e+04, 5.999714453125e+04, 5.9999953125e+04, 5.999999609375e+04, 6e+04, 6e+04, 6e+04, 6e+04, 6e+04, 6e+04, 6e+04, 6e+04, 6e+04, 6e+04, 6e+04, 6e+04, 6e+04, 5.986273046875e+04, 5.899702734375e+04, 6.000882421875e+04, 5.9999453125e+04, 5.999996875e+04, 6.000000390625e+04, 6e+04, 6e+04, 6e+04, 6e+04, 6e+04, 6e+04, 5.916159765625e+04, 6.059492578125e+04, 6.122933203125e+04, 6.1300734375e+04, 6.130965625e+04, 6.131001171875e+04, 6.131023046875e+04, 6.13102421875e+04, 6.131025390625e+04, 6.131025390625e+04, 6.131025390625e+04, 6.131025e+04, 6.131025390625e+04, 6.131025390625e+04, 6.131025390625e+04, 6.131025390625e+04, 5.9938828125e+04, 6.134740234375e+04, 6.009067578125e+04, 6.011103125e+04, 6.005380859375e+04, 6.034750390625e+04, 6.294398828125e+04, 6.002918359375e+04, 6.00868046875e+04, 6.00419609375e+04, 6.0219375e+04, 6.9942015625e+04, 6.030111328125e+04, 6.0057984375e+04, 6.0027828125e+04, 6.00166875e+04, 6.001115234375e+04, 6.8510953125e+04, 6.91025703125e+04, 6.91041796875e+04, 6.9104234375e+04, 6.9104265625e+04, 6.91042890625e+04, 6.91043046875e+04, 6.91043125e+04, 6.91043203125e+04, 6.91043203125e+04, 6.9104328125e+04, 6.9104328125e+04, 6.9104328125e+04, 6.9104328125e+04, 6.9104328125e+04, 6.9104328125e+04, 6.9104328125e+04]
ideUse2.dp=[0e+00, 5.9677640625e+04, 6.0010875e+04, 6.001207421875e+04, 6.001208203125e+04, 6.001208203125e+04, 6.001208203125e+04, 6.001208203125e+04, 6.001208203125e+04, 6.001208203125e+04, 6.001208203125e+04, 6.001208203125e+04, 6.001208203125e+04, 6.001208203125e+04, 6.001208203125e+04, 6.001208203125e+04, 6.001208203125e+04, 6.001208203125e+04, 6.001208203125e+04, 6.001208203125e+04, 6.001208203125e+04, 7.45145e+04, 9.28222421875e+04, 9.3254609375e+04, 9.32593984375e+04, 9.32595e+04, 9.32595e+04, 9.32595e+04, 9.32595e+04, 9.32595078125e+04, 9.32595078125e+04, 9.32595078125e+04, 9.32595078125e+04, 9.32595078125e+04, 9.32595078125e+04, 9.32595078125e+04, 9.32595078125e+04, 9.32595078125e+04, 9.32595078125e+04, 9.297709375e+04, 9.0517625e+04, 9.2091828125e+04, 9.209528125e+04, 9.20966953125e+04, 9.2096765625e+04, 9.20967578125e+04, 9.20967578125e+04, 9.20967578125e+04, 9.20967578125e+04, 9.20967578125e+04, 9.20967578125e+04, 9.026421875e+04, 9.22791015625e+04, 9.273340625e+04, 9.27386015625e+04, 9.2740015625e+04, 9.273996875e+04, 9.27400078125e+04, 9.2740015625e+04, 9.2740015625e+04, 9.2740015625e+04, 9.2740015625e+04, 9.2740015625e+04, 9.2740015625e+04, 9.2740015625e+04, 9.2740015625e+04, 9.2740015625e+04, 6.98708046875e+04, 8.1205125e+04, 8.138704687499999e+04, 8.19129609375e+04, 8.2088546875e+04, 8.31042734375e+04, 9.3082375e+04, 9.2017078125e+04, 9.22802578125e+04, 9.22802109375e+04, 9.2618078125e+04, 8.78637109375e+04, 6.1136296875e+04, 6.05084140625e+04, 6.03390078125e+04, 6.025433984375e+04, 6.020296875e+04, 6.405563671875e+04, 6.455132421875e+04, 6.4552328125e+04, 6.455222265625e+04, 6.45521875e+04, 6.455217578125e+04, 6.4552171875e+04, 6.455216796875e+04, 6.455216796875e+04, 6.45521640625e+04, 6.45521640625e+04, 6.45521640625e+04, 6.45521640625e+04, 6.45521640625e+04, 6.45521640625e+04, 6.45521640625e+04, 6.45521640625e+04]
ideUse3.dp=[0e+00, 5.9665625e+04, 5.999879296875e+04, 5.999999609375e+04, 6e+04, 6e+04, 6e+04, 6e+04, 6e+04, 6e+04, 6e+04, 6e+04, 6e+04, 6e+04, 6e+04, 6e+04, 6e+04, 6e+04, 6e+04, 6e+04, 6e+04, 7.49613046875e+04, 9.36752578125e+04, 9.4114046875e+04, 9.4118890625e+04, 9.41189921875e+04, 9.41189921875e+04, 9.4119e+04, 9.4119e+04, 9.4119e+04, 9.4119e+04, 9.4119e+04, 9.4119e+04, 9.4119e+04, 9.4119e+04, 9.4119e+04, 9.4119e+04, 9.4119e+04, 9.4119e+04, 9.3963046875e+04, 9.855271875e+04, 9.99225703125e+04, 9.9960859375e+04, 9.99615390625e+04, 9.99616015625e+04, 9.99616015625e+04, 9.99616015625e+04, 9.99616015625e+04, 9.99616015625e+04, 9.99616015625e+04, 9.99616015625e+04, 6.73209921875e+04, 5.984541015625e+04, 6.00022578125e+04, 6.000019921875e+04, 6.00000234375e+04, 6.00000078125e+04, 6e+04, 6e+04, 6e+04, 6e+04, 6e+04, 6e+04, 6e+04, 6e+04, 6e+04, 6e+04, 5.563138671875e+04, 7.9830875e+04, 8.064707031249999e+04, 8.13948046875e+04, 8.168675e+04, 8.30525390625e+04, 9.30628359375e+04, 9.199846875e+04, 9.22618046875e+04, 9.2261828125e+04, 9.2599671875e+04, 8.78462421875e+04, 6.112399609375e+04, 6.0496234375e+04, 6.032686328125e+04, 6.024221484375e+04, 6.01908515625e+04, 5.953689453125e+04, 5.999921875e+04, 6.000015625e+04, 6.00000546875e+04, 6.00000234375e+04, 6.000001171875e+04, 6.00000078125e+04, 6.000000390625e+04, 6.000000390625e+04, 6.000000390625e+04, 6e+04, 6e+04, 6e+04, 6e+04, 6e+04, 6e+04, 6e+04]
stoPla.tanBra.heaPorTop.T=[2.851499938964844e+02, 2.851499938964844e+02, 2.851499938964844e+02, 2.851497192382812e+02, 2.851350402832031e+02, 2.850530090332031e+02, 2.848486022949219e+02, 2.845040283203125e+02, 2.84042724609375e+02, 2.835111694335938e+02, 2.82961181640625e+02, 2.824331970214844e+02, 2.8195751953125e+02, 2.815486755371094e+02, 2.812101440429688e+02, 2.811248474121094e+02, 2.811241455078125e+02, 2.811234436035156e+02, 2.811227111816406e+02, 2.811220092773438e+02, 2.811213073730469e+02, 2.810162048339844e+02, 2.808155212402344e+02, 2.806582641601562e+02, 2.805343933105469e+02, 2.804380798339844e+02, 2.803642578125e+02, 2.803079528808594e+02, 2.802657470703125e+02, 2.802805480957031e+02, 2.804335327148438e+02, 2.806444396972656e+02, 2.8088818359375e+02, 2.811477966308594e+02, 2.808577880859375e+02, 2.806282653808594e+02, 2.804732055664062e+02, 2.803683776855469e+02, 2.802976379394531e+02, 2.802498474121094e+02, 2.806077575683594e+02, 2.811373291015625e+02, 2.809659729003906e+02, 2.808243103027344e+02, 2.807071228027344e+02, 2.810992431640625e+02, 2.821117553710938e+02, 2.829380493164062e+02, 2.835564575195312e+02, 2.8400634765625e+02, 2.84330322265625e+02, 2.846233520507812e+02, 2.848698425292969e+02, 2.850023803710938e+02, 2.850720520019531e+02, 2.851090393066406e+02, 2.851282958984375e+02, 2.851385803222656e+02, 2.851439514160156e+02, 2.851468200683594e+02, 2.851483154296875e+02, 2.851491088867188e+02, 2.851495361328125e+02, 2.851497497558594e+02, 2.851498718261719e+02, 2.851498718261719e+02, 2.8514990234375e+02, 2.851498718261719e+02, 2.851498718261719e+02, 2.851498718261719e+02, 2.851498413085938e+02, 2.851498413085938e+02, 2.851498413085938e+02, 2.851498413085938e+02, 2.851498413085938e+02, 2.851498413085938e+02, 2.851498413085938e+02, 2.851498413085938e+02, 2.851498107910156e+02, 2.851498107910156e+02, 2.851498107910156e+02, 2.851498107910156e+02, 2.851498107910156e+02, 2.851498107910156e+02, 2.851495666503906e+02, 2.851483764648438e+02, 2.851442260742188e+02, 2.851330261230469e+02, 2.851096801757812e+02, 2.850689697265625e+02, 2.85006591796875e+02, 2.849193420410156e+02, 2.84805908203125e+02, 2.846662292480469e+02, 2.845017700195312e+02, 2.843150634765625e+02, 2.841095581054688e+02, 2.838892211914062e+02, 2.836581726074219e+02, 2.834207458496094e+02, 2.831808471679688e+02]
stoPla.tanBra.heaPorBot.T=[2.851499938964844e+02, 2.85144775390625e+02, 2.851380615234375e+02, 2.835701293945312e+02, 2.821022033691406e+02, 2.812590942382812e+02, 2.807799377441406e+02, 2.805076904296875e+02, 2.8035302734375e+02, 2.802655334472656e+02, 2.802154541015625e+02, 2.801873779296875e+02, 2.801712951660156e+02, 2.801621398925781e+02, 2.801570129394531e+02, 2.801559753417969e+02, 2.801559753417969e+02, 2.80156005859375e+02, 2.80156005859375e+02, 2.80156005859375e+02, 2.80156005859375e+02, 2.801553039550781e+02, 2.801534729003906e+02, 2.801521911621094e+02, 2.801513671875e+02, 2.801508483886719e+02, 2.801505126953125e+02, 2.801503295898438e+02, 2.801502075195312e+02, 2.801502075195312e+02, 2.801503601074219e+02, 2.801505737304688e+02, 2.801508483886719e+02, 2.801512451171875e+02, 2.801509094238281e+02, 2.801505737304688e+02, 2.801503601074219e+02, 2.801502380371094e+02, 2.80150146484375e+02, 2.801500854492188e+02, 2.801502380371094e+02, 2.80150634765625e+02, 2.801505126953125e+02, 2.801504211425781e+02, 2.801503295898438e+02, 2.801506958007812e+02, 2.801539611816406e+02, 2.801665344238281e+02, 2.801993103027344e+02, 2.802644653320312e+02, 2.803717651367188e+02, 2.805869140625e+02, 2.810297546386719e+02, 2.815967712402344e+02, 2.822118835449219e+02, 2.828099060058594e+02, 2.833482971191406e+02, 2.838023681640625e+02, 2.841678771972656e+02, 2.844500427246094e+02, 2.846609497070312e+02, 2.848143005371094e+02, 2.849229431152344e+02, 2.8499853515625e+02, 2.8505078125e+02, 2.850580139160156e+02, 2.850625305175781e+02, 2.849524536132812e+02, 2.84944580078125e+02, 2.849369201660156e+02, 2.8492919921875e+02, 2.849214477539062e+02, 2.849136657714844e+02, 2.849049072265625e+02, 2.848963623046875e+02, 2.848877258300781e+02, 2.84879150390625e+02, 2.848705444335938e+02, 2.848619995117188e+02, 2.848557434082031e+02, 2.848500366210938e+02, 2.848443908691406e+02, 2.848387756347656e+02, 2.848331604003906e+02, 2.843326110839844e+02, 2.835385437011719e+02, 2.829134826660156e+02, 2.823995361328125e+02, 2.819686279296875e+02, 2.816079711914062e+02, 2.813096313476562e+02, 2.810663146972656e+02, 2.80870361328125e+02, 2.807142028808594e+02, 2.805907592773438e+02, 2.804937133789062e+02, 2.804177551269531e+02, 2.803583984375e+02, 2.803121643066406e+02, 2.80276123046875e+02, 2.802481384277344e+02]
stoPla.tanSta.y[1]=[1e+00, 1e+00, 1e+00, 0e+00, 0e+00, 0e+00, 0e+00, 0e+00, 0e+00, 0e+00, 0e+00, 0e+00, 0e+00, 0e+00, 0e+00, 0e+00, 0e+00, 0e+00, 0e+00, 0e+00, 0e+00, 0e+00, 0e+00, 0e+00, 0e+00, 0e+00, 0e+00, 0e+00, 0e+00, 0e+00, 0e+00, 0e+00, 0e+00, 0e+00, 0e+00, 0e+00, 0e+00, 0e+00, 0e+00, 0e+00, 0e+00, 0e+00, 0e+00, 0e+00, 0e+00, 0e+00, 0e+00, 0e+00, 0e+00, 0e+00, 0e+00, 0e+00, 0e+00, 0e+00, 0e+00, 0e+00, 0e+00, 0e+00, 0e+00, 0e+00, 0e+00, 0e+00, 0e+00, 0e+00, 1e+00, 1e+00, 1e+00, 1e+00, 1e+00, 1e+00, 1e+00, 1e+00, 1e+00, 1e+00, 1e+00, 1e+00, 1e+00, 1e+00, 1e+00, 1e+00, 1e+00, 1e+00, 1e+00, 1e+00, 1e+00, 0e+00, 0e+00, 0e+00, 0e+00, 0e+00, 0e+00, 0e+00, 0e+00, 0e+00, 0e+00, 0e+00, 0e+00, 0e+00, 0e+00, 0e+00, 0e+00]
stoPla.tanSta.y[2]=[0e+00, 0e+00, 0e+00, 0e+00, 0e+00, 0e+00, 0e+00, 0e+00, 0e+00, 0e+00, 0e+00, 0e+00, 0e+00, 0e+00, 0e+00, 1e+00, 1e+00, 1e+00, 1e+00, 1e+00, 1e+00, 1e+00, 1e+00, 1e+00, 1e+00, 1e+00, 1e+00, 1e+00, 1e+00, 1e+00, 1e+00, 1e+00, 1e+00, 1e+00, 1e+00, 1e+00, 1e+00, 1e+00, 1e+00, 1e+00, 1e+00, 1e+00, 1e+00, 1e+00, 1e+00, 1e+00, 1e+00, 0e+00, 0e+00, 0e+00, 0e+00, 0e+00, 0e+00, 0e+00, 0e+00, 0e+00, 0e+00, 0e+00, 0e+00, 0e+00, 0e+00, 0e+00, 0e+00, 0e+00, 0e+00, 0e+00, 0e+00, 0e+00, 0e+00, 0e+00, 0e+00, 0e+00, 0e+00, 0e+00, 0e+00, 0e+00, 0e+00, 0e+00, 0e+00, 0e+00, 0e+00, 0e+00, 0e+00, 0e+00, 0e+00, 0e+00, 0e+00, 0e+00, 0e+00, 0e+00, 0e+00, 0e+00, 0e+00, 0e+00, 0e+00, 0e+00, 0e+00, 0e+00, 0e+00, 0e+00, 0e+00]
stoPla.tanSta.y[3]=[0e+00, 0e+00, 0e+00, 0e+00, 0e+00, 0e+00, 0e+00, 0e+00, 0e+00, 0e+00, 0e+00, 0e+00, 0e+00, 0e+00, 0e+00, 0e+00, 0e+00, 0e+00, 0e+00, 0e+00, 0e+00, 0e+00, 0e+00, 0e+00, 0e+00, 0e+00, 0e+00, 0e+00, 0e+00, 1e+00, 1e+00, 1e+00, 1e+00, 1e+00, 0e+00, 0e+00, 0e+00, 0e+00, 0e+00, 1e+00, 1e+00, 0e+00, 0e+00, 0e+00, 0e+00, 0e+00, 0e+00, 0e+00, 0e+00, 0e+00, 0e+00, 0e+00, 0e+00, 0e+00, 0e+00, 0e+00, 0e+00, 0e+00, 0e+00, 0e+00, 0e+00, 0e+00, 0e+00, 0e+00, 0e+00, 0e+00, 0e+00, 0e+00, 0e+00, 0e+00, 0e+00, 0e+00, 0e+00, 0e+00, 0e+00, 0e+00, 0e+00, 0e+00, 0e+00, 0e+00, 0e+00, 0e+00, 0e+00, 0e+00, 0e+00, 0e+00, 0e+00, 0e+00, 0e+00, 0e+00, 0e+00, 0e+00, 0e+00, 0e+00, 0e+00, 0e+00, 0e+00, 0e+00, 0e+00, 0e+00, 0e+00]
