last-generated=2022-11-01
statistics-initialization=
{
  "linear": "18",
  "nonlinear": "1",
  "numerical Jacobians": "0"
}
statistics-simulation=
{
  "linear": "0, 0",
  "nonlinear": "1",
  "number of continuous time states": "32",
  "numerical Jacobians": "0"
}
time=[0e+00, 4.32e+05]
livFlo.T=[2.931499938964844e+02, 2.9344189453125e+02, 2.941619567871094e+02, 2.948416137695312e+02, 2.953982238769531e+02, 2.958516235351562e+02, 2.96213134765625e+02, 2.965788269042969e+02, 2.970645446777344e+02, 2.975657043457031e+02, 2.974763793945312e+02, 2.967972412109375e+02, 2.964601745605469e+02, 2.967046508789062e+02, 2.967134399414062e+02, 2.967548217773438e+02, 2.969945678710938e+02, 2.969734191894531e+02, 2.969318542480469e+02, 2.971350402832031e+02, 2.972157592773438e+02, 2.970305480957031e+02, 2.972557983398438e+02, 2.972838439941406e+02, 2.972128601074219e+02, 2.971329040527344e+02, 2.972839965820312e+02, 2.967572326660156e+02, 2.960944213867188e+02, 2.954821166992188e+02, 2.950312805175781e+02, 2.951689758300781e+02, 2.949747009277344e+02, 2.950890502929688e+02, 2.952607116699219e+02, 2.958288879394531e+02, 2.965911254882812e+02, 2.967269287109375e+02, 2.963844604492188e+02, 2.965895690917969e+02, 2.967991638183594e+02, 2.967346496582031e+02, 2.96802734375e+02, 2.968424377441406e+02, 2.968936157226562e+02, 2.971270751953125e+02, 2.973720092773438e+02, 2.968774108886719e+02, 2.962002258300781e+02, 2.956295166015625e+02, 2.956825256347656e+02, 2.95717041015625e+02, 2.953381652832031e+02, 2.953493041992188e+02, 2.957047729492188e+02, 2.962825622558594e+02, 2.96921142578125e+02, 2.971664733886719e+02, 2.969612426757812e+02, 2.972074584960938e+02, 2.97251708984375e+02, 2.972134399414062e+02, 2.973495178222656e+02, 2.973728942871094e+02, 2.974315490722656e+02, 2.974584350585938e+02, 2.975464477539062e+02, 2.969781188964844e+02, 2.9626806640625e+02, 2.95626953125e+02, 2.9556884765625e+02, 2.956139831542969e+02, 2.952228393554688e+02, 2.952488098144531e+02, 2.957272338867188e+02, 2.96370361328125e+02, 2.9695751953125e+02, 2.974339904785156e+02, 2.975123291015625e+02, 2.975577697753906e+02, 2.978182067871094e+02, 2.980030822753906e+02, 2.979432983398438e+02, 2.980022888183594e+02, 2.981090087890625e+02, 2.981314086914062e+02, 2.980872497558594e+02, 2.980961608886719e+02, 2.973826293945312e+02, 2.96670166015625e+02, 2.964431762695312e+02, 2.960849914550781e+02, 2.956087951660156e+02, 2.951931457519531e+02, 2.955367736816406e+02, 2.9631982421875e+02, 2.969451599121094e+02, 2.974258117675781e+02, 2.977760620117188e+02, 2.980011291503906e+02, 2.980935974121094e+02]
zon.TAir=[2.931499938964844e+02, 2.890064392089844e+02, 2.893376770019531e+02, 2.897411499023438e+02, 2.900980834960938e+02, 2.903807067871094e+02, 2.906002197265625e+02, 2.912950744628906e+02, 2.919571533203125e+02, 2.926899719238281e+02, 2.932035522460938e+02, 2.930189208984375e+02, 2.927672424316406e+02, 2.928335876464844e+02, 2.92848388671875e+02, 2.927480163574219e+02, 2.927797546386719e+02, 2.92869873046875e+02, 2.9272607421875e+02, 2.927605590820312e+02, 2.927932739257812e+02, 2.926715393066406e+02, 2.92769775390625e+02, 2.927933959960938e+02, 2.92820068359375e+02, 2.927475280761719e+02, 2.934285583496094e+02, 2.937098083496094e+02, 2.933973999023438e+02, 2.931455383300781e+02, 2.929536437988281e+02, 2.931063842773438e+02, 2.929538269042969e+02, 2.929129638671875e+02, 2.928389587402344e+02, 2.925902709960938e+02, 2.927027282714844e+02, 2.930175476074219e+02, 2.927742004394531e+02, 2.927403564453125e+02, 2.92850341796875e+02, 2.928151550292969e+02, 2.927840881347656e+02, 2.928253173828125e+02, 2.927245788574219e+02, 2.92745361328125e+02, 2.933652648925781e+02, 2.936648559570312e+02, 2.932245788574219e+02, 2.928944702148438e+02, 2.929277648925781e+02, 2.931451416015625e+02, 2.929731140136719e+02, 2.928329162597656e+02, 2.927792663574219e+02, 2.926771850585938e+02, 2.926373596191406e+02, 2.929166870117188e+02, 2.927078857421875e+02, 2.927476501464844e+02, 2.928170471191406e+02, 2.927225341796875e+02, 2.927566833496094e+02, 2.927487182617188e+02, 2.927427673339844e+02, 2.927615661621094e+02, 2.933736572265625e+02, 2.936437683105469e+02, 2.932651672363281e+02, 2.929457702636719e+02, 2.92916748046875e+02, 2.9316162109375e+02, 2.930029602050781e+02, 2.927875366210938e+02, 2.927214965820312e+02, 2.925657348632812e+02, 2.923956298828125e+02, 2.926969299316406e+02, 2.92784423828125e+02, 2.926023254394531e+02, 2.926213684082031e+02, 2.927232666015625e+02, 2.926990051269531e+02, 2.925696105957031e+02, 2.923404541015625e+02, 2.921010437011719e+02, 2.924787902832031e+02, 2.932472534179688e+02, 2.931130065917969e+02, 2.928670349121094e+02, 2.93000732421875e+02, 2.93208984375e+02, 2.931918029785156e+02, 2.928897094726562e+02, 2.925638427734375e+02, 2.92514892578125e+02, 2.923982238769531e+02, 2.925582580566406e+02, 2.926392822265625e+02, 2.926964721679688e+02, 2.925909118652344e+02]
TSetRooHea.y=[2.931499938964844e+02, 2.931499938964844e+02]
conHea.y=[0e+00, 1e+00, 1e+00, 1e+00, 1e+00, 1e+00, 1e+00, 1e+00, 1e+00, 9.200852513313293e-01, 0e+00, 2.621694803237915e-01, 7.65507698059082e-01, 6.32834792137146e-01, 6.03235960006714e-01, 8.039640188217163e-01, 7.405087351799011e-01, 5.602661967277527e-01, 8.478211164474487e-01, 7.788926362991333e-01, 7.134631276130676e-01, 9.569187760353088e-01, 7.60456919670105e-01, 7.132356762886047e-01, 6.598582863807678e-01, 8.049576878547668e-01, 0e+00, 0e+00, 0e+00, 8.917717263102261e-03, 3.926977515220642e-01, 8.725536614656448e-02, 3.923608958721161e-01, 4.740729928016663e-01, 6.220970153808594e-01, 1e+00, 8.945453763008118e-01, 2.649083733558655e-01, 7.516235709190369e-01, 8.193071484565735e-01, 5.993134379386902e-01, 6.697113513946533e-01, 7.318328619003296e-01, 6.493867039680481e-01, 8.508539199829102e-01, 8.09287428855896e-01, 0e+00, 0e+00, 0e+00, 5.110315084457397e-01, 4.444639980792999e-01, 9.690478444099426e-03, 3.537573516368866e-01, 6.341928839683533e-01, 7.414630055427527e-01, 9.456181526184109e-01, 9.999999999999957e-01, 4.666281640529628e-01, 8.84246945381162e-01, 8.046754598617554e-01, 6.65935218334198e-01, 8.549296855926514e-01, 7.866472601890564e-01, 8.025528788566589e-01, 8.144554495811462e-01, 7.76847243309021e-01, 0e+00, 0e+00, 0e+00, 4.084815979003906e-01, 4.665277898311615e-01, 0e+00, 2.940844297409058e-01, 7.249157428741455e-01, 8.570012450218201e-01, 1e+00, 1e+00, 9.061511158943176e-01, 7.311627268791199e-01, 1e+00, 1e+00, 8.534508347511292e-01, 9.020178914070129e-01, 1e+00, 1e+00, 1e+00, 1e+00, 0e+00, 7.399142533540726e-02, 5.659513473510742e-01, 2.98525482416153e-01, 0e+00, 0e+00, 5.206066370010376e-01, 1e+00, 1e+00, 1e+00, 1e+00, 1e+00, 9.070670604705811e-01, 1e+00]
livFlo.q_flow=[-9.782526969909668e+00, -3.11605167388916e+01, -3.724510955810547e+01, -4.076994323730469e+01, -4.334516906738281e+01, -4.52407341003418e+01, -4.708256912231445e+01, -4.362672805786133e+01, -4.089421463012695e+01, -3.867662048339844e+01, -3.418365859985352e+01, -2.855544853210449e+01, -2.679161834716797e+01, -2.91725902557373e+01, -3.032886505126953e+01, -3.131405639648438e+01, -3.389897155761719e+01, -3.373918151855469e+01, -3.390103149414062e+01, -3.570766830444336e+01, -3.659324264526367e+01, -3.613750839233398e+01, -3.787288665771484e+01, -3.828933334350586e+01, -3.789492034912109e+01, -3.737312698364258e+01, -3.806688690185547e+01, -3.07958927154541e+01, -2.577394866943359e+01, -2.22888870239258e+01, -1.892775344848633e+01, -1.851086235046387e+01, -1.744107437133789e+01, -1.911923408508301e+01, -2.162283897399902e+01, -2.638342475891113e+01, -3.192863082885742e+01, -3.191758728027344e+01, -2.99529972076416e+01, -3.128424453735352e+01, -3.297571182250977e+01, -3.279626846313477e+01, -3.356645584106445e+01, -3.388798904418945e+01, -3.449601745605469e+01, -3.638800811767578e+01, -3.856205749511719e+01, -3.09357967376709e+01, -2.663542175292969e+01, -2.326625061035156e+01, -2.308863639831543e+01, -2.247224235534668e+01, -2.016497230529785e+01, -2.111313056945801e+01, -2.498220825195312e+01, -2.98562984466553e+01, -3.530971527099609e+01, -3.615840911865236e+01, -3.530385971069335e+01, -3.724917221069336e+01, -3.777635955810547e+01, -3.78402214050293e+01, -3.898492813110352e+01, -3.932857513427734e+01, -3.988130950927734e+01, -4.017424774169922e+01, -4.078329849243164e+01, -3.270326995849609e+01, -2.795676612854004e+01, -2.400951385498047e+01, -2.288980102539062e+01, -2.220617866516113e+01, -1.97155647277832e+01, -2.096997261047363e+01, -2.552685356140137e+01, -3.133719444274902e+01, -3.749664306640625e+01, -3.975811004638672e+01, -4.036740875244141e+01, -4.140535354614258e+01, -4.384264755249023e+01, -4.555910491943359e+01, -4.533055877685547e+01, -4.641809844970703e+01, -4.892170715332031e+01, -5.140667724609375e+01, -5.341069793701172e+01, -4.524893951416016e+01, -3.802181243896484e+01, -3.256639862060547e+01, -2.943579864501953e+01, -2.442742347717285e+01, -1.935913276672363e+01, -1.825607109069824e+01, -2.291788291931152e+01, -3.019186401367188e+01, -3.676734161376953e+01, -4.013985824584961e+01, -4.294582748413086e+01, -4.514605331420898e+01, -4.672088241577148e+01]
slaFlo.surf_a.Q_flow=[-1.817928833007812e+03, -5.79069189453125e+03, -6.92141845703125e+03, -7.57645263671875e+03, -8.05501806640625e+03, -8.407279296875e+03, -8.7495546875e+03, -8.10734130859375e+03, -7.599546875e+03, -7.18744189453125e+03, -6.3524951171875e+03, -5.3065810546875e+03, -4.97880126953125e+03, -5.42126708984375e+03, -5.636142578125e+03, -5.81922509765625e+03, -6.2995908203125e+03, -6.269896484375e+03, -6.2999736328125e+03, -6.63570849609375e+03, -6.80027880859375e+03, -6.71558740234375e+03, -7.038080078125e+03, -7.115470703125e+03, -7.04217529296875e+03, -6.94520849609375e+03, -7.07413232421875e+03, -5.7229326171875e+03, -4.78968310546875e+03, -4.142039062500003e+03, -3.517425537109375e+03, -3.439952880859375e+03, -3.2411494140625e+03, -3.5530087890625e+03, -4.018264404296875e+03, -4.9029443359375e+03, -5.93343408203125e+03, -5.9313818359375e+03, -5.56629345703125e+03, -5.81368505859375e+03, -6.128017578125e+03, -6.0946708984375e+03, -6.2377978515625e+03, -6.2975498046875e+03, -6.41054248046875e+03, -6.76213916015625e+03, -7.16615234375e+03, -5.74893115234375e+03, -4.9497744140625e+03, -4.3236669921875e+03, -4.29066015625e+03, -4.17611279296875e+03, -3.747343017578125e+03, -3.923543212890625e+03, -4.64255078125e+03, -5.548323730468755e+03, -6.5617548828125e+03, -6.719472167968754e+03, -6.560666992187499e+03, -6.9221728515625e+03, -7.020142578125e+03, -7.03201025390625e+03, -7.244736328125e+03, -7.30859716796875e+03, -7.411314453125e+03, -7.46575244140625e+03, -7.57893505859375e+03, -6.07738818359375e+03, -5.1953251953125e+03, -4.46179052734375e+03, -4.25370947265625e+03, -4.12666943359375e+03, -3.663827880859375e+03, -3.896939453125e+03, -4.74376416015625e+03, -5.82352490234375e+03, -6.9681611328125e+03, -7.38841943359375e+03, -7.5016484375e+03, -7.69453369140625e+03, -8.147466796875e+03, -8.466443359375e+03, -8.4239716796875e+03, -8.62607421875e+03, -9.091330078125e+03, -9.5531220703125e+03, -9.9255380859375e+03, -8.4088037109375e+03, -7.065755859375e+03, -6.051953125e+03, -5.47018017578125e+03, -4.53945263671875e+03, -3.597590576171875e+03, -3.392603759765625e+03, -4.25892822265625e+03, -5.61068310546875e+03, -6.8326318359375e+03, -7.45936181640625e+03, -7.980806640625e+03, -8.38968359375e+03, -8.682341796875e+03]
hea.Q_flow=[0e+00, 1.35813037109375e+04, 1.27060654296875e+04, 1.21845771484375e+04, 1.1804103515625e+04, 1.1506849609375e+04, 1.1269576171875e+04, 1.10764306640625e+04, 1.0874388671875e+04, 9.51159765625e+03, -0e+00, 1.069248413085938e+03, 8.526251953125e+03, 6.2076591796875e+03, 5.813592285156253e+03, 8.6720419921875e+03, 7.47237841796875e+03, 4.91354296875e+03, 9.1513349609375e+03, 7.8963671875e+03, 6.89585205078125e+03, 1.07044091796875e+04, 7.4735947265625e+03, 6.81300927734375e+03, 6.10680810546875e+03, 8.3045478515625e+03, 0e+00, 0e+00, 0e+00, 0e+00, 4.19084814453125e+03, 1.982390597163319e-12, 4.22508544921875e+03, 5.17610205078125e+03, 7.1715927734375e+03, 1.2079021484375e+04, 9.88657421875e+03, 7.399449462890625e+02, 8.2698349609375e+03, 8.9410625e+03, 5.5458447265625e+03, 6.6987255859375e+03, 7.50176220703125e+03, 6.2742978515625e+03, 9.1714384765625e+03, 8.3119453125e+03, 0e+00, 0e+00, 0e+00, 5.4886640625e+03, 4.25850390625e+03, 0e+00, 3.422913330078125e+03, 7.33790625e+03, 8.50432910156246e+03, 1.092128320312503e+04, 1.116073828124993e+04, 3.269985595703116e+03, 9.679222656249964e+03, 8.15855224609375e+03, 6.1565693359375e+03, 8.9663251953125e+03, 7.79514453125e+03, 8.0443388671875e+03, 8.14552783203125e+03, 7.5827568359375e+03, 0e+00, 0e+00, 0e+00, 4.00052392578125e+03, 4.6829072265625e+03, -0e+00, 2.65265869140625e+03, 8.72827734375e+03, 1.01337978515625e+04, 1.16022001953125e+04, 1.10979140625e+04, 9.3788671875e+03, 6.877134765625e+03, 1.074840234375e+04, 1.04674873046875e+04, 8.17087255859375e+03, 9.001353515625e+03, 1.03329208984375e+04, 1.019655078125e+04, 1.0125880859375e+04, 1.0102837890625e+04, -0e+00, -0e+00, 5.3988291015625e+03, 1.54674072265625e+03, -0e+00, -0e+00, 6.03647998046875e+03, 1.24592861328125e+04, 1.164016796875e+04, 1.11202119140625e+04, 1.076130859375e+04, 1.049961328125e+04, 8.96505859375e+03, 1.02638515625e+04]
