last-generated=2019-03-05
statistics-simulation=
{
  "linear": " ",
  "nonlinear": " ",
  "numerical Jacobians": "0"
}
conTim.modTim=[4.71744e+07, 4.7964096e+07, 4.8753792e+07, 4.9543488e+07, 5.0333184e+07, 5.112288e+07, 5.1912576e+07, 5.2702272e+07, 5.3491968e+07, 5.4281664e+07, 5.507136e+07, 5.5861056e+07, 5.6650752e+07, 5.7440448e+07, 5.8230144e+07, 5.901984e+07, 5.9809536e+07, 6.0599232e+07, 6.1388928e+07, 6.2178624e+07, 6.296832e+07, 6.3758016e+07, 6.4547712e+07, 6.5337408e+07, 6.6127104e+07, 6.69168e+07, 6.7706496e+07, 6.8496192e+07, 6.9285888e+07, 7.0075584e+07, 7.086528e+07, 7.1654976e+07, 7.2444672e+07, 7.3234368e+07, 7.4024064e+07, 7.481376e+07, 7.5603456e+07, 7.6393152e+07, 7.7182848e+07, 7.7972544e+07, 7.876224e+07, 7.9551936e+07, 8.0341632e+07, 8.1131328e+07, 8.1921024e+07, 8.271072e+07, 8.3500416e+07, 8.4290112e+07, 8.5079808e+07, 8.5869504e+07, 8.66592e+07, 8.7448896e+07, 8.8238592e+07, 8.9028288e+07, 8.9817984e+07, 9.060768e+07, 9.1397376e+07, 9.2187072e+07, 9.2976768e+07, 9.3766464e+07, 9.455616e+07, 9.5345856e+07, 9.6135552e+07, 9.6925248e+07, 9.7714944e+07, 9.850464e+07, 9.9294336e+07, 1.00084032e+08, 1.00873728e+08, 1.01663424e+08, 1.0245312e+08, 1.03242816e+08, 1.04032512e+08, 1.04822208e+08, 1.05611904e+08, 1.064016e+08, 1.07191296e+08, 1.07980992e+08, 1.08770688e+08, 1.09560384e+08, 1.1035008e+08, 1.11139776e+08, 1.11929472e+08, 1.12719168e+08, 1.13508864e+08, 1.1429856e+08, 1.15088256e+08, 1.15877952e+08, 1.16667648e+08, 1.17457344e+08, 1.1824704e+08, 1.19036736e+08, 1.19826432e+08, 1.20616128e+08, 1.21405824e+08, 1.2219552e+08, 1.22985216e+08, 1.23774912e+08, 1.24564608e+08, 1.25354304e+08, 1.26144e+08]
conTim.calTim=[1.56384e+07, 1.6428096e+07, 1.7217792e+07, 1.8007488e+07, 1.8797184e+07, 1.958688e+07, 2.0376576e+07, 2.1166272e+07, 2.1955968e+07, 2.2745664e+07, 2.353536e+07, 2.4325056e+07, 2.5114752e+07, 2.5904448e+07, 2.6694144e+07, 2.748384e+07, 2.8273536e+07, 2.9063232e+07, 2.9852928e+07, 3.0642624e+07, 3.143232e+07, 6.86016e+05, 1.475712e+06, 2.265408e+06, 3.055104e+06, 3.8448e+06, 4.634496e+06, 5.424192e+06, 6.213888e+06, 7.003584e+06, 7.79328e+06, 8.582976e+06, 9.372672e+06, 1.0162368e+07, 1.0952064e+07, 1.174176e+07, 1.2531456e+07, 1.3321152e+07, 1.4110848e+07, 1.4900544e+07, 1.569024e+07, 1.6479936e+07, 1.7269632e+07, 1.8059328e+07, 1.8849024e+07, 1.963872e+07, 2.0428416e+07, 2.1218112e+07, 2.2007808e+07, 2.2797504e+07, 2.35872e+07, 2.4376896e+07, 2.5166592e+07, 2.5956288e+07, 2.6745984e+07, 2.753568e+07, 2.8325376e+07, 2.9115072e+07, 2.9904768e+07, 3.0694464e+07, 3.148416e+07, 7.37856e+05, 1.527552e+06, 2.317248e+06, 3.106944e+06, 3.89664e+06, 4.686336e+06, 5.476032e+06, 6.265728e+06, 7.055424e+06, 7.84512e+06, 8.634816e+06, 9.424512e+06, 1.0214208e+07, 1.1003904e+07, 1.17936e+07, 1.2583296e+07, 1.3372992e+07, 1.4162688e+07, 1.4952384e+07, 1.574208e+07, 1.6531776e+07, 1.7321472e+07, 1.8111168e+07, 1.8900864e+07, 1.969056e+07, 2.0480256e+07, 2.1269952e+07, 2.2059648e+07, 2.2849344e+07, 2.363904e+07, 2.4428736e+07, 2.5218432e+07, 2.6008128e+07, 2.6797824e+07, 2.758752e+07, 2.8377216e+07, 2.9166912e+07, 2.9956608e+07, 3.0746304e+07, 3.1536e+07]
time=[4.71744e+07, 1.26144e+08]
