last-generated=2020-05-01
statistics-simulation=
{
  "linear": " ",
  "nonlinear": " ",
  "numerical Jacobians": "0"
}
time=[0e+00, 8.64e+05]
winAbs.QAbsIntSha_flow[1]=[2.641479969024658e+00, 2.641479969024658e+00, 2.641479969024658e+00, 3.922654151916504e+00, 7.505959320068359e+01, 5.803665542602539e+01, 2.161861991882324e+01, 2.881206035614013e+00, 2.641479969024658e+00, 2.641479969024658e+00, 2.641479969024658e+00, 2.641479969024658e+00, 2.641479969024658e+00, 3.038582801818848e+00, 1.408723640441895e+01, 1.965917587280273e+01, 1.430007839202881e+01, 3.140026092529297e+00, 2.641479969024658e+00, 2.641479969024658e+00, 2.641479969024658e+00, 2.641479969024658e+00, 2.641479969024658e+00, 3.671538352966309e+00, 1.842542266845703e+01, 2.263906669616699e+01, 1.691549110412598e+01, 3.338175535202016e+00, 2.641479969024658e+00, 2.641479969024658e+00, 2.641479969024658e+00, 2.641479969024658e+00, 2.641479969024658e+00, 3.62021017074585e+00, 1.500203227996826e+01, 2.041044998168945e+01, 1.486976528167725e+01, 3.356149911880493e+00, 2.641479969024658e+00, 2.641479969024658e+00, 2.641479969024658e+00, 2.641479969024658e+00, 2.641479969024658e+00, 5.75336217880249e+00, 8.698500823974609e+01, 1.148782730102539e+02, 7.271311950683594e+01, 5.660241603851318e+00, 2.641479969024658e+00, 2.641479969024658e+00, 2.641479969024658e+00, 2.641479969024658e+00, 2.641479969024658e+00, 5.195621967315674e+00, 7.700223541259773e+01, 3.089083862304692e+01, 2.424229431152338e+01, 5.514570713043327e+00, 2.641479969024658e+00, 2.641479969024658e+00, 2.641479969024658e+00, 2.641479969024658e+00, 2.641479969024658e+00, 1.061362552642822e+01, 9.384450531005859e+01, 1.184246597290039e+02, 9.164592742919922e+01, 8.592857360839844e+00, 2.641479969024658e+00, 2.641479969024658e+00, 2.641479969024658e+00, 2.641479969024658e+00, 2.641479969024658e+00, 1.039554405212402e+01, 7.790940856933594e+01, 9.753997039794922e+01, 8.552592468261719e+01, 7.389492034912109e+00, 2.641479969024658e+00, 2.641479969024658e+00, 2.641479969024658e+00, 2.641479969024658e+00, 2.641479969024658e+00, 4.07207727432251e+00, 4.111767196655273e+01, 6.218426132202148e+01, 5.291842269897461e+01, 3.499817371368408e+00, 2.641479969024658e+00, 2.641479969024658e+00, 2.641479969024658e+00, 2.641479969024658e+00, 2.641479969024658e+00, 5.923070907592773e+00, 7.701087951660156e+01, 1.032837448120117e+02, 7.633683776855469e+01, 5.283514499664307e+00, 2.641479969024658e+00, 2.641479969024658e+00, 2.641479969024658e+00]
winAbs.QAbsGlaUns_flow[1, 1]=[4.263460338115692e-01, 4.263460338115692e-01, 4.263460338115692e-01, 9.554984569549561e-01, 2.553663635253906e+01, 1.954450607299805e+01, 7.478861331939697e+00, 5.227286815643307e-01, 4.263460338115692e-01, 4.263460338115692e-01, 4.263460338115692e-01, 4.263460338115692e-01, 4.263460338115692e-01, 5.8600252866745e-01, 5.021553039550783e+00, 7.243144989013672e+00, 5.113724231719971e+00, 6.267881393432617e-01, 4.263460338115692e-01, 4.263460338115692e-01, 4.263460338115692e-01, 4.263460338115692e-01, 4.263460338115692e-01, 8.404843807220459e-01, 6.772332668304443e+00, 8.456891059875488e+00, 6.159056186676025e+00, 7.064547538757282e-01, 4.263460338115692e-01, 4.263460338115692e-01, 4.263460338115692e-01, 4.263460338115692e-01, 4.263460338115692e-01, 8.198477029800415e-01, 5.389510631561279e+00, 7.565674781799316e+00, 5.342596054077148e+00, 7.136813998222351e-01, 4.263460338115692e-01, 4.263460338115692e-01, 4.263460338115692e-01, 4.263460338115692e-01, 4.263460338115692e-01, 1.724051475524902e+00, 2.969355583190918e+01, 3.74603157043457e+01, 2.505572509765625e+01, 1.713585376739502e+00, 4.263460338115692e-01, 4.263460338115692e-01, 4.263460338115692e-01, 4.263460338115692e-01, 4.263460338115692e-01, 1.493945837020874e+00, 2.637704277038576e+01, 1.090985679626467e+01, 8.527581214904767e+00, 1.649673581123396e+00, 4.263460338115692e-01, 4.263460338115692e-01, 4.263460338115692e-01, 4.263460338115692e-01, 4.263460338115692e-01, 3.831249237060547e+00, 3.209966659545898e+01, 3.862458801269531e+01, 3.142831802368164e+01, 2.992157697677612e+00, 4.263460338115692e-01, 4.263460338115692e-01, 4.263460338115692e-01, 4.263460338115692e-01, 4.263460338115692e-01, 3.749395608901978e+00, 2.676963996887207e+01, 3.228618240356445e+01, 2.937806129455566e+01, 2.469880104064941e+00, 4.263460338115692e-01, 4.263460338115692e-01, 4.263460338115692e-01, 4.263460338115692e-01, 4.263460338115692e-01, 1.018770694732666e+00, 1.44704647064209e+01, 2.126324844360352e+01, 1.838138389587402e+01, 7.781884074211121e-01, 4.263460338115692e-01, 4.263460338115692e-01, 4.263460338115692e-01, 4.263460338115692e-01, 4.263460338115692e-01, 1.827170968055725e+00, 2.657391738891602e+01, 3.402718734741211e+01, 2.636841773986816e+01, 1.55233633518219e+00, 4.263460338115692e-01, 4.263460338115692e-01, 4.263460338115692e-01]
winAbs.QAbsGlaUns_flow[2, 1]=[6.135982275009155e-01, 6.135982275009155e-01, 6.135982275009155e-01, 9.73921537399292e-01, 1.901816558837891e+01, 1.464674663543701e+01, 5.651608943939209e+00, 6.805677413940427e-01, 6.135982275009155e-01, 6.135982275009155e-01, 6.135982275009155e-01, 6.135982275009155e-01, 6.135982275009155e-01, 7.245322465896606e-01, 3.808058738708497e+00, 5.356105804443359e+00, 3.87052583694458e+00, 7.528712749481201e-01, 6.135982275009155e-01, 6.135982275009155e-01, 6.135982275009155e-01, 6.135982275009155e-01, 6.135982275009155e-01, 9.01353657245636e-01, 5.022975444793701e+00, 6.195727825164795e+00, 4.598332405090332e+00, 8.08225989341733e-01, 6.135982275009155e-01, 6.135982275009155e-01, 6.135982275009155e-01, 6.135982275009155e-01, 6.135982275009155e-01, 8.870146870613098e-01, 4.063686847686768e+00, 5.575342178344727e+00, 4.029593944549561e+00, 8.132472634315491e-01, 6.135982275009155e-01, 6.135982275009155e-01, 6.135982275009155e-01, 6.135982275009155e-01, 6.135982275009155e-01, 1.493034482002258e+00, 2.205735969543457e+01, 2.827301216125488e+01, 1.857123184204102e+01, 1.474992275238037e+00, 6.135982275009155e-01, 6.135982275009155e-01, 6.135982275009155e-01, 6.135982275009155e-01, 6.135982275009155e-01, 1.336322426795959e+00, 1.958617591857911e+01, 8.106211662292493e+00, 6.381576061248766e+00, 1.433185815811188e+00, 6.135982275009155e-01, 6.135982275009155e-01, 6.135982275009155e-01, 6.135982275009155e-01, 6.135982275009155e-01, 2.887502431869507e+00, 2.381199264526367e+01, 2.914702033996582e+01, 2.329366111755371e+01, 2.319751977920532e+00, 6.135982275009155e-01, 6.135982275009155e-01, 6.135982275009155e-01, 6.135982275009155e-01, 6.135982275009155e-01, 2.829516887664795e+00, 1.98513069152832e+01, 2.425304412841797e+01, 2.177091026306152e+01, 1.974323272705078e+00, 6.135982275009155e-01, 6.135982275009155e-01, 6.135982275009155e-01, 6.135982275009155e-01, 6.135982275009155e-01, 1.017544507980347e+00, 1.071125411987305e+01, 1.583268260955811e+01, 1.362676429748535e+01, 8.551244139671326e-01, 6.135982275009155e-01, 6.135982275009155e-01, 6.135982275009155e-01, 6.135982275009155e-01, 6.135982275009155e-01, 1.551151633262634e+00, 1.967462921142578e+01, 2.560068702697754e+01, 1.951575660705566e+01, 1.368350625038147e+00, 6.135982275009155e-01, 6.135982275009155e-01, 6.135982275009155e-01]
winAbs.QAbsGlaSha_flow[1, 1]=[1.126184538006783e-01, 1.126184538006783e-01, 1.126184538006783e-01, 6.94877564907074e-01, 2.810281181335449e+01, 2.142942810058594e+01, 7.937504768371582e+00, 2.190332561731335e-01, 1.126184538006783e-01, 1.126184538006783e-01, 1.126184538006783e-01, 1.126184538006783e-01, 1.126184538006783e-01, 2.88893073797226e-01, 5.186564922332765e+00, 7.640626907348633e+00, 5.287891387939453e+00, 3.339239358901978e-01, 1.126184538006783e-01, 1.126184538006783e-01, 1.126184538006783e-01, 1.126184538006783e-01, 1.126184538006783e-01, 5.698631405830383e-01, 7.119139194488525e+00, 8.979670524597168e+00, 6.442439556121826e+00, 4.21882808208461e-01, 1.126184538006783e-01, 1.126184538006783e-01, 1.126184538006783e-01, 1.126184538006783e-01, 1.126184538006783e-01, 5.470784902572632e-01, 5.59281063079834e+00, 7.995372295379639e+00, 5.540596961975098e+00, 4.298616647720337e-01, 1.126184538006783e-01, 1.126184538006783e-01, 1.126184538006783e-01, 1.126184538006783e-01, 1.126184538006783e-01, 1.539407253265381e+00, 3.273430252075195e+01, 4.153797912597656e+01, 2.754037666320801e+01, 1.524926066398621e+00, 1.126184538006783e-01, 1.126184538006783e-01, 1.126184538006783e-01, 1.126184538006783e-01, 1.126184538006783e-01, 1.286200404167175e+00, 2.902618789672853e+01, 1.174534320831301e+01, 9.095732688903789e+00, 1.45506179332738e+00, 1.126184538006783e-01, 1.126184538006783e-01, 1.126184538006783e-01, 1.126184538006783e-01, 1.126184538006783e-01, 3.847132921218872e+00, 3.541383361816406e+01, 4.284147262573242e+01, 3.465814208984375e+01, 2.924785375595093e+00, 1.126184538006783e-01, 1.126184538006783e-01, 1.126184538006783e-01, 1.126184538006783e-01, 1.126184538006783e-01, 3.756439924240112e+00, 2.945747947692871e+01, 3.570690155029297e+01, 3.236716842651367e+01, 2.352859258651733e+00, 1.126184538006783e-01, 1.126184538006783e-01, 1.126184538006783e-01, 1.126184538006783e-01, 1.126184538006783e-01, 7.646299600601196e-01, 1.571289730072021e+01, 2.332465553283691e+01, 2.008594703674316e+01, 5.002868175506592e-01, 1.126184538006783e-01, 1.126184538006783e-01, 1.126184538006783e-01, 1.126184538006783e-01, 1.126184538006783e-01, 1.649578094482422e+00, 2.923002433776855e+01, 3.766746139526367e+01, 2.899864387512207e+01, 1.34833824634552e+00, 1.126184538006783e-01, 1.126184538006783e-01, 1.126184538006783e-01]
winAbs.QAbsGlaSha_flow[2, 1]=[1.620807498693466e-01, 1.620807498693466e-01, 1.620807498693466e-01, 6.001356840133667e-01, 2.278192520141602e+01, 1.741336250305176e+01, 6.330600738525391e+00, 2.437341809272763e-01, 1.620807498693466e-01, 1.620807498693466e-01, 1.620807498693466e-01, 1.620807498693466e-01, 1.620807498693466e-01, 2.973385155200958e-01, 4.057265758514405e+00, 5.945576190948486e+00, 4.133133411407471e+00, 3.31891268491745e-01, 1.620807498693466e-01, 1.620807498693466e-01, 1.620807498693466e-01, 1.620807498693466e-01, 1.620807498693466e-01, 5.129304528236389e-01, 5.538273334503174e+00, 6.968595027923584e+00, 5.020798683166504e+00, 3.993832170963252e-01, 1.620807498693466e-01, 1.620807498693466e-01, 1.620807498693466e-01, 1.620807498693466e-01, 1.620807498693466e-01, 4.954474568367004e-01, 4.368936061859131e+00, 6.211966514587402e+00, 4.327086925506592e+00, 4.05505508184433e-01, 1.620807498693466e-01, 1.620807498693466e-01, 1.620807498693466e-01, 1.620807498693466e-01, 1.620807498693466e-01, 1.230454683303833e+00, 2.651574516296387e+01, 3.424911499023438e+01, 2.221566581726074e+01, 1.206535577774048e+00, 1.620807498693466e-01, 1.620807498693466e-01, 1.620807498693466e-01, 1.620807498693466e-01, 1.620807498693466e-01, 1.039929628372192e+00, 2.347137832641603e+01, 9.336784362792983e+00, 7.220853328704817e+00, 1.156016588211097e+00, 1.620807498693466e-01, 1.620807498693466e-01, 1.620807498693466e-01, 1.620807498693466e-01, 1.620807498693466e-01, 2.918432712554932e+00, 2.867058181762695e+01, 3.532690048217773e+01, 2.802879333496094e+01, 2.228821277618408e+00, 1.620807498693466e-01, 1.620807498693466e-01, 1.620807498693466e-01, 1.620807498693466e-01, 1.620807498693466e-01, 2.847509384155273e+00, 2.379314231872559e+01, 2.926758575439453e+01, 2.615371131896973e+01, 1.810723066329956e+00, 1.620807498693466e-01, 1.620807498693466e-01, 1.620807498693466e-01, 1.620807498693466e-01, 1.620807498693466e-01, 6.532435417175293e-01, 1.253746891021729e+01, 1.885761833190918e+01, 1.612939262390137e+01, 4.560449719429016e-01, 1.620807498693466e-01, 1.620807498693466e-01, 1.620807498693466e-01, 1.620807498693466e-01, 1.620807498693466e-01, 1.298892855644226e+00, 2.357001876831055e+01, 3.093659019470215e+01, 2.337326622009277e+01, 1.077442765235901e+00, 1.620807498693466e-01, 1.620807498693466e-01, 1.620807498693466e-01]
