last-generated=2026-07-06
statistics-simulation=
{
  "linear": "0",
  "nonlinear": "0",
  "number of continuous time states": "18",
  "numerical Jacobians": "0"
}
time=[0e+00, 3.6e+03]
hex.Q2_flow=[0e+00, -3.357239990234375e+03, -3.35776806640625e+03, -3.357768310546875e+03, -3.357768310546875e+03, -3.357768310546875e+03, -3.357768310546875e+03, -3.357768310546875e+03, -3.357768310546875e+03, -3.357768310546875e+03, -3.357768310546875e+03, -3.168927978515625e+03, -2.9569150390625e+03, -2.72322265625e+03, -2.465009765625e+03, -2.17897607421875e+03, -1.861218994140625e+03, -1.506970947265625e+03, -1.109794799804688e+03, -6.705424194335938e+02, -3.106625366210938e+02, -2.653868408203125e+02, -2.344586181640625e+02, -2.0918994140625e+02, -1.885662231445312e+02, -1.717526397705078e+02, -1.580613250732422e+02, -1.469261474609375e+02, -1.378808898925781e+02, -1.305422973632812e+02, -1.245954055786133e+02, -1.197819671630859e+02, -1.158904418945312e+02, -1.127476119995117e+02, -1.102120742797852e+02, -1.081685028076172e+02, -1.065229644775391e+02, -1.051990661621094e+02, -1.04134880065918e+02, -1.032803268432617e+02, -1.025944976806641e+02, -1.02044303894043e+02, -1.016031265258789e+02, -1.0124951171875e+02, -1.009662780761719e+02, -1.007394943237305e+02, -1.005580215454102e+02, -1.004129028320312e+02, -1.002968368530273e+02, -1.002040176391602e+02, -1.001298065185547e+02, -9.618846130371094e+01, -9.177790832519531e+01, -8.453547668457031e+01, -7.145996856689446e+01, -4.790697479248052e+01, -6.066037368774431e+01, -9.319255828857422e+01, -1.063779907226562e+02, -1.117114105224609e+02, -1.137779998779297e+02, -1.072682266235352e+02, -1.030400009155273e+02, -9.895975494384766e+01, -9.478006744384766e+01, -9.017387390136719e+01, -8.465824890136719e+01, -7.742529296875e+01, -6.699622344970703e+01, -5.002937316894531e+01, -3.209366607666016e+01, -2.829904556274414e+01, -2.501693344116211e+01, -2.276683044433594e+01, -2.120393943786621e+01, -2.009110450744629e+01, -1.927213287353516e+01, -1.936154747009277e+01, -2.010226440429688e+01, -2.035744476318359e+01, -2.034499549865723e+01, -2.014758110046387e+01, -1.982254219055176e+01, -1.941038513183594e+01, -1.893981552124023e+01, -1.843120002746582e+01, -1.789897727966309e+01, -1.826669502258301e+01, -1.834827995300293e+01, -1.820833015441895e+01, -1.791901588439941e+01, -1.752859878540039e+01, -1.70715389251709e+01, -1.657178688049316e+01, -1.604722023010254e+01, -1.551000118255615e+01, -1.496913242340088e+01, -1.495006465911865e+01, -1.500403213500977e+01, -1.487465190887451e+01, -1.462918281555176e+01]
hex.QLat2_flow=[0e+00, -2.098687744140625e+03, -2.0989951171875e+03, -2.098995361328125e+03, -2.098995361328125e+03, -2.098995361328125e+03, -2.098995361328125e+03, -2.098995361328125e+03, -2.098995361328125e+03, -2.098995361328125e+03, -2.098995361328125e+03, -1.970843383789062e+03, -1.825814208984375e+03, -1.6640048828125e+03, -1.4829140625e+03, -1.279585327148438e+03, -1.05047412109375e+03, -7.9121240234375e+02, -4.959490661621094e+02, -1.815089263916016e+02, 0e+00, 0e+00, 0e+00, 0e+00, 0e+00, 0e+00, 0e+00, 0e+00, 0e+00, 0e+00, 0e+00, 0e+00, 0e+00, 0e+00, 0e+00, 0e+00, 0e+00, 0e+00, 0e+00, 0e+00, 0e+00, 0e+00, 0e+00, 0e+00, 0e+00, 0e+00, 0e+00, 0e+00, 0e+00, 0e+00, 0e+00, 0e+00, 0e+00, 0e+00, -2.441769599914736e+00, -1.838422203063952e+01, 0e+00, 0e+00, 0e+00, 0e+00, 0e+00, 0e+00, 0e+00, 0e+00, 0e+00, 0e+00, 0e+00, 0e+00, 0e+00, 0e+00, 0e+00, 0e+00, 0e+00, 0e+00, 0e+00, 0e+00, 0e+00, -8.451911211013794e-01, -2.873383522033691e+00, -3.853463888168335e+00, -4.276584625244141e+00, -4.386574268341064e+00, -4.32273530960083e+00, -4.165163993835449e+00, -3.960660696029663e+00, -3.73587965965271e+00, -3.506083250045776e+00, -4.552430152893066e+00, -5.313932418823242e+00, -5.642342567443848e+00, -5.722771644592285e+00, -5.660356044769287e+00, -5.516556739807129e+00, -5.327262878417969e+00, -5.114162445068359e+00, -4.890088558197021e+00, -4.663124084472656e+00, -5.105239868164062e+00, -5.826176166534424e+00, -6.150728225708008e+00, -6.249359607696533e+00]
hex.port_a2.m_flow=[0e+00, 1.400000005960464e-01, 1.400000005960464e-01, 1.400000005960464e-01, 1.400000005960464e-01, 1.400000005960464e-01, 1.400000005960464e-01, 1.400000005960464e-01, 1.400000005960464e-01, 1.400000005960464e-01, 1.400000005960464e-01, 1.400000005960464e-01, 1.400000005960464e-01, 1.400000005960464e-01, 1.400000005960464e-01, 1.400000005960464e-01, 1.400000005960464e-01, 1.400000005960464e-01, 1.400000005960464e-01, 1.400000005960464e-01, 1.400000005960464e-01, 1.400000005960464e-01, 1.400000005960464e-01, 1.400000005960464e-01, 1.400000005960464e-01, 1.400000005960464e-01, 1.400000005960464e-01, 1.400000005960464e-01, 1.400000005960464e-01, 1.400000005960464e-01, 1.400000005960464e-01, 1.400000005960464e-01, 1.400000005960464e-01, 1.400000005960464e-01, 1.400000005960464e-01, 1.400000005960464e-01, 1.400000005960464e-01, 1.400000005960464e-01, 1.400000005960464e-01, 1.400000005960464e-01, 1.400000005960464e-01, 1.400000005960464e-01, 1.400000005960464e-01, 1.400000005960464e-01, 1.400000005960464e-01, 1.400000005960464e-01, 1.400000005960464e-01, 1.400000005960464e-01, 1.400000005960464e-01, 1.400000005960464e-01, 1.400000005960464e-01, 1.120196580886841e-01, 8.401474356651306e-02, 5.600982904434204e-02, 2.800491265952569e-02, 8.742422322080143e-07, -2.798431552946585e-02, -5.599018186330795e-02, -8.398508280515671e-02, -1.119803562760353e-01, -1.39975443482399e-01, -1.260110586881638e-01, -1.120098307728767e-01, -9.800859540700912e-02, -8.400736749172211e-02, -7.000613957643509e-02, -5.600491538643837e-02, -4.200368374586105e-02, -2.800245583057404e-02, -1.401928160339594e-02, -4.366370944808295e-07, 0e+00, 0e+00, 0e+00, 0e+00, 0e+00, 0e+00, 0e+00, 2.86490828890068e-13, -1.43245414445034e-13, 0e+00, 0e+00, 7.162270993302244e-13, 0e+00, 0e+00, 0e+00, -1.43245414445034e-13, -1.43245414445034e-13, 0e+00, -1.43245414445034e-13, -5.729816577801361e-13, 0e+00, 2.86490828890068e-13, -1.43245414445034e-13, 2.86490828890068e-13, 0e+00, 0e+00, 0e+00, 0e+00, 0e+00, 0e+00]
hex.port_b2.m_flow=[-1.400000005960464e-01, -1.400000005960464e-01, -1.400000005960464e-01, -1.400000005960464e-01, -1.400000005960464e-01, -1.400000005960464e-01, -1.400000005960464e-01, -1.400000005960464e-01, -1.400000005960464e-01, -1.400000005960464e-01, -1.400000005960464e-01, -1.400000005960464e-01, -1.400000005960464e-01, -1.400000005960464e-01, -1.400000005960464e-01, -1.400000005960464e-01, -1.400000005960464e-01, -1.400000005960464e-01, -1.400000005960464e-01, -1.400000005960464e-01, -1.400000005960464e-01, -1.400000005960464e-01, -1.400000005960464e-01, -1.400000005960464e-01, -1.400000005960464e-01, -1.400000005960464e-01, -1.400000005960464e-01, -1.400000005960464e-01, -1.400000005960464e-01, -1.400000005960464e-01, -1.400000005960464e-01, -1.400000005960464e-01, -1.400000005960464e-01, -1.400000005960464e-01, -1.400000005960464e-01, -1.400000005960464e-01, -1.400000005960464e-01, -1.400000005960464e-01, -1.400000005960464e-01, -1.400000005960464e-01, -1.400000005960464e-01, -1.400000005960464e-01, -1.400000005960464e-01, -1.400000005960464e-01, -1.400000005960464e-01, -1.400000005960464e-01, -1.400000005960464e-01, -1.400000005960464e-01, -1.400000005960464e-01, -1.400000005960464e-01, -1.400000005960464e-01, -1.120000034570694e-01, -8.399999886751175e-02, -5.60000017285347e-02, -2.800000086426717e-02, 4.255373436036178e-16, 2.800000086426753e-02, 5.60000017285347e-02, 8.399999886751175e-02, 1.120000034570694e-01, 1.400000005960464e-01, 1.260000020265579e-01, 1.120000034570694e-01, 9.799999743700027e-02, 8.399999886751175e-02, 7.000000029802322e-02, 5.60000017285347e-02, 4.199999943375587e-02, 2.800000086426735e-02, 1.400000043213367e-02, -0e+00, -0e+00, -0e+00, -0e+00, -0e+00, -0e+00, -0e+00, -0e+00, -0e+00, -0e+00, -0e+00, -0e+00, -0e+00, -0e+00, -0e+00, -0e+00, -0e+00, -0e+00, -0e+00, -0e+00, -0e+00, -0e+00, -0e+00, -0e+00, -0e+00, -0e+00, -0e+00, -0e+00, -0e+00, -0e+00, -0e+00]
