last-generated=2023-05-02
statistics-simulation=
{
  "linear": " ",
  "nonlinear": "1",
  "number of continuous time states": "2",
  "numerical Jacobians": "0"
}
time=[0e+00, 3.6e+03]
sinSpeDX.on=[0e+00, 0e+00, 0e+00, 0e+00, 0e+00, 0e+00, 0e+00, 0e+00, 0e+00, 0e+00, 0e+00, 0e+00, 0e+00, 0e+00, 0e+00, 0e+00, 0e+00, 1e+00, 1e+00, 1e+00, 1e+00, 1e+00, 1e+00, 1e+00, 1e+00, 1e+00, 1e+00, 1e+00, 1e+00, 1e+00, 1e+00, 1e+00, 1e+00, 1e+00, 1e+00, 1e+00, 1e+00, 1e+00, 1e+00, 1e+00, 1e+00, 1e+00, 1e+00, 1e+00, 1e+00, 1e+00, 1e+00, 1e+00, 1e+00, 1e+00, 1e+00, 1e+00, 1e+00, 1e+00, 1e+00, 1e+00, 1e+00, 1e+00, 1e+00, 1e+00, 1e+00, 1e+00, 1e+00, 1e+00, 1e+00, 1e+00, 1e+00, 1e+00, 1e+00, 1e+00, 1e+00, 1e+00, 1e+00, 1e+00, 1e+00, 1e+00, 1e+00, 1e+00, 1e+00, 1e+00, 1e+00, 1e+00, 1e+00, 1e+00, 1e+00, 1e+00, 1e+00, 1e+00, 1e+00, 1e+00, 1e+00, 1e+00, 1e+00, 1e+00, 1e+00, 1e+00, 1e+00, 1e+00, 1e+00, 1e+00, 1e+00]
sinSpeDX.TOut=[2.731499938964844e+02, 2.731499938964844e+02]
sinSpeDX.vol.T=[2.941499938964844e+02, 2.941499938964844e+02, 2.941499938964844e+02, 2.941499938964844e+02, 2.941499938964844e+02, 2.941499938964844e+02, 2.941499938964844e+02, 2.941499938964844e+02, 2.941499938964844e+02, 2.941499938964844e+02, 2.941499938964844e+02, 2.941499938964844e+02, 2.941499938964844e+02, 2.941499938964844e+02, 2.941499938964844e+02, 2.941499938964844e+02, 2.941499938964844e+02, 2.948107604980469e+02, 3.0151611328125e+02, 3.060130920410156e+02, 3.08244140625e+02, 3.088870849609375e+02, 3.086360168457031e+02, 3.079926147460938e+02, 3.072491760253906e+02, 3.065450134277344e+02, 3.059291381835938e+02, 3.054065856933594e+02, 3.04965576171875e+02, 3.045908508300781e+02, 3.042684936523438e+02, 3.039876708984375e+02, 3.037398681640625e+02, 3.035187683105469e+02, 3.033574829101562e+02, 3.033047180175781e+02, 3.032887878417969e+02, 3.032839660644531e+02, 3.032825317382812e+02, 3.032820739746094e+02, 3.032819519042969e+02, 3.032819213867188e+02, 3.032819213867188e+02, 3.032819213867188e+02, 3.032819213867188e+02, 3.032819213867188e+02, 3.032819213867188e+02, 3.032819213867188e+02, 3.032819213867188e+02, 3.032819213867188e+02, 3.032819213867188e+02, 3.032818908691406e+02, 3.032818908691406e+02, 3.032818908691406e+02, 3.032818908691406e+02, 3.032818908691406e+02, 3.032818908691406e+02, 3.032818908691406e+02, 3.032818908691406e+02, 3.032818908691406e+02, 3.032818908691406e+02, 3.032818908691406e+02, 3.032818908691406e+02, 3.032818908691406e+02, 3.032818908691406e+02, 3.032818908691406e+02, 3.032818908691406e+02, 3.032709655761719e+02, 3.031566162109375e+02, 3.029912414550781e+02, 3.02810546875e+02, 3.026252746582031e+02, 3.024386596679688e+02, 3.022516784667969e+02, 3.020646362304688e+02, 3.018776245117188e+02, 3.016906433105469e+02, 3.015037536621094e+02, 3.013169250488281e+02, 3.011301574707031e+02, 3.009434509277344e+02, 3.007568054199219e+02, 3.005702209472656e+02, 3.003837280273438e+02, 3.002357788085938e+02, 3.001869812011719e+02, 3.001725463867188e+02, 3.001681518554688e+02, 3.001667785644531e+02, 3.001663818359375e+02, 3.001662292480469e+02, 3.001661987304688e+02, 3.001661682128906e+02, 3.001661682128906e+02, 3.001661682128906e+02, 3.001661682128906e+02, 3.001661987304688e+02, 3.001661987304688e+02, 3.001661987304688e+02, 3.001661987304688e+02, 3.001661682128906e+02]
sinSpeDX.port_a.m_flow=[0e+00, 0e+00, 0e+00, 0e+00, 0e+00, 0e+00, 0e+00, 0e+00, 0e+00, 0e+00, 0e+00, 0e+00, 0e+00, 0e+00, 0e+00, 0e+00, 0e+00, 2.828427255153656e-01, 5.656854510307312e-01, 7.483314871788025e-01, 8.944271802902222e-01, 1.019803881645203e+00, 1.131370902061462e+00, 1.232882857322693e+00, 1.326649904251099e+00, 1.414213538169861e+00, 1.496662974357605e+00, 1.574801564216614e+00, 1.649242281913758e+00, 1.720465064048767e+00, 1.788854360580444e+00, 1.854723691940308e+00, 1.918332576751709e+00, 1.979898929595947e+00, 2e+00, 2e+00, 2e+00, 2e+00, 2e+00, 2e+00, 2e+00, 2e+00, 2e+00, 2e+00, 2e+00, 2e+00, 2e+00, 2e+00, 2e+00, 2e+00, 2e+00, 2e+00, 2e+00, 2e+00, 2e+00, 2e+00, 2e+00, 2e+00, 2e+00, 2e+00, 2e+00, 2e+00, 2e+00, 2e+00, 2e+00, 2e+00, 2e+00, 2e+00, 2e+00, 2e+00, 2e+00, 2e+00, 2e+00, 2e+00, 2e+00, 2e+00, 2e+00, 2e+00, 2e+00, 2e+00, 2e+00, 2e+00, 2e+00, 2e+00, 2e+00, 2e+00, 2e+00, 2e+00, 2e+00, 2e+00, 2e+00, 2e+00, 2e+00, 2e+00, 2e+00, 2e+00, 2e+00, 2e+00, 2e+00, 2e+00, 2e+00]
