last-generated=2022-02-15
statistics-simulation=
{
  "linear": "0, 0, 0, 0",
  "nonlinear": "1",
  "numerical Jacobians": "0"
}
time=[1.728e+07, 1.78848e+07]
weaDat.weaBus.winDir=[4.886921882629395e+00, 4.886921882629395e+00, 4.685044765472412e+00, 4.893903255462646e+00, 5.187118530273438e+00, 5.061454772949219e+00, 4.886921882629395e+00, 4.886921882629395e+00, 4.886921882629395e+00, 4.71238899230957e+00, 4.71238899230957e+00, 4.886921882629395e+00, 4.876823902130127e+00, 4.700660228729248e+00, 4.8747239112854e+00, 5.096361637115479e+00, 5.234144687652588e+00, 5.225365161895752e+00, 4.803995132446289e+00, 4.537856101989746e+00, 4.537856101989746e+00, 4.72012996673584e+00, 4.886240482330322e+00, 4.886921882629395e+00, 4.886921882629395e+00, 4.71238899230957e+00, 4.71238899230957e+00, 4.936463356018066e+00, 4.166589260101318e+00, 3.069958686828613e+00, 4.017049789428711e+00, 5.263913154602051e+00, 5.850343704223633e+00, 1.485678553581238e-01, 5.519338846206665e-01, 2.314498871564865e-01, 5.597146034240723e+00, 5.235987663269043e+00, 5.235987663269043e+00, 5.328487396240234e+00, 5.410520553588867e+00, 5.410520553588867e+00, 5.410520553588867e+00, 5.410520553588867e+00, 5.245069026947021e+00, 5.127079010009766e+00, 5.100941181182861e+00, 5.2232985496521e+00, 5.808455944061279e+00, 6.283185482025146e+00, 5.759586334228516e+00, 5.466371059417725e+00, 5.346080303192139e+00, 5.235987663269043e+00, 5.235987663269043e+00, 5.235987663269043e+00, 5.235987663269043e+00, 5.235987663269043e+00, 5.235987663269043e+00, 5.235987663269043e+00, 5.235987663269043e+00, 5.400936603546143e+00, 5.612978935241699e+00, 5.92589807510376e+00, 5.668829441070557e+00, 5.399350643157959e+00, 5.410520553588867e+00, 5.410520553588867e+00, 5.410520553588867e+00, 5.410520553588867e+00, 5.235987663269043e+00, 5.235987663269043e+00, 5.235987663269043e+00, 5.346080303192139e+00, 5.459535121917725e+00, 5.585053443908691e+00, 6.140968799591064e+00, 4.36737984418869e-01, 2.134700268507004e-01, 5.351524829864502e+00, 5.406332015991211e+00, 5.591476440429688e+00, 5.432034492492676e+00, 5.410520553588867e+00, 5.410520553588867e+00, 5.410520553588867e+00, 5.410520553588867e+00, 5.401360988616943e+00, 5.292284965515137e+00, 4.440117835998535e+00, 3.489262342453003e+00, 1.696460008621216e+00, 1.655004024505615e-01, 6.21532678604126e+00, 5.77354907989502e+00, 5.480333805084229e+00, 5.4565749168396e+00, 5.585053443908691e+00, 5.585053443908691e+00, 5.548951625823975e+00, 5.410520553588867e+00]
north.pWin=[-7.645541667938232e+00, -7.998879909515381e+00, -9.889426231384277e+00, -7.135144233703613e+00, -2.100931644439697e+00, -4.085946559906006e+00, -6.37278938293457e+00, -8.784263610839844e+00, -1.214793872833252e+01, -2.322035980224609e+01, -2.371010971069336e+01, -1.239923763275146e+01, -1.158016204833984e+01, -1.592830085754395e+01, -7.465826034545898e+00, -1.853970170021057e+00, -3.617303073406219e-01, -4.3793123960495e-01, -8.722079277038574e+00, -1.419378471374512e+01, -1.094379806518555e+01, -9.855703353881836e+00, -8.287787437438965e+00, -8.27796459197998e+00, -8.015615463256836e+00, -8.079555511474609e+00, -6.180750846862793e+00, -3.038156509399414e+00, -2.738255023956299e+00, -3.411908745765686e-01, -8.700677156448364e-01, -8.99260938167572e-02, 1.96749746799469e-01, 2.060505375266075e-02, 6.470210552215576e-01, 2.912013530731201e+00, 2.062379598617554e+00, -1.013927340507507e+00, -1.728916049003601e+00, 4.394559860229492e-01, 1.076262712478638e+00, 6.691262125968933e-01, 4.862397313117981e-01, 8.204551935195923e-01, -4.546363651752472e-01, -8.772529363632202e-01, -8.038411140441895e-01, -2.639646828174591e-01, 2.344334125518799e+00, 5.622951507568359e+00, 6.185222148895264e+00, 3.290743350982666e+00, 1.040125727653503e+00, -1.892157554626465e+00, -2.041915893554688e+00, -1.270782709121704e+00, -6.270527839660645e-01, -5.484027862548828e-01, -4.907733500003815e-01, -4.937309324741364e-01, -3.829503953456879e-01, 2.631401121616364e-01, 1.324465751647949e+00, 5.789284229278564e+00, 4.234417915344238e+00, 1.510138869285583e+00, 2.792571067810059e+00, 3.488918304443359e+00, 2.450083494186401e+00, 1.730853319168091e+00, -8.266069889068604e-01, -6.994840502738953e-01, -6.328722238540649e-01, 3.383226692676544e-01, 9.756245017051697e-01, 9.214009642601013e-01, 1.747198939323425e+00, 1.907225251197815e+00, 4.536021709442139e+00, 5.656250715255737e-01, 1.953594088554382e+00, 7.552590370178223e+00, 3.790945053100586e+00, 2.990229368209839e+00, 1.47330904006958e+00, 8.006818890571594e-01, 4.998959600925446e-01, 4.144668579101562e-01, -4.957448691129684e-02, -1.098371386528015e+00, -1.75620436668396e-01, -1.340906739234924e+00, 3.283197164535522e+00, 4.505700588226318e+00, 5.378589630126953e+00, 4.751522064208984e+00, 4.278645038604736e+00, 6.586739540100098e+00, 4.635358333587646e+00, 2.591675758361816e+00, 7.050049304962158e-01]
west.pWin=[1.245210647583008e+01, 1.302769947052002e+01, 1.284466552734375e+01, 1.173145484924316e+01, 7.982819080352783e+00, 9.196577072143555e+00, 1.037886333465576e+01, 1.430713748931885e+01, 1.978736114501953e+01, 3.09770450592041e+01, 3.163075065612793e+01, 2.019682502746582e+01, 1.861081504821777e+01, 2.100760841369629e+01, 1.196435642242432e+01, 4.623433113098145e+00, 2.10391640663147e+00, 2.301506519317627e+00, 1.283203220367432e+01, 1.575443553924561e+01, 1.214628124237061e+01, 1.32497730255127e+01, 1.348597431182861e+01, 1.348233890533447e+01, 1.305496215820312e+01, 1.077474594116211e+01, 8.24217414855957e+00, 5.315049648284912e+00, 1.656762361526489e+00, -5.349505543708801e-01, 3.486912250518799e-01, 8.605980277061462e-01, -6.599321961402893e-02, -1.787654310464859e-02, -1.076919794082642e+00, -2.784982681274414e+00, 7.265419363975525e-01, 6.035701751708984e+00, 1.029238796234131e+01, 5.736966133117676e+00, 2.620726823806763e+00, 1.629329919815063e+00, 1.183996200561523e+00, 1.997821927070618e+00, 3.068608999252319e+00, 2.444035768508911e+00, 2.035104513168335e+00, 1.357093691825867e+00, -6.227667331695557e-01, -4.216804027557373e+00, -1.047422528266907e+00, 4.397058010101318e+00, 7.619843006134033e+00, 1.126430511474609e+01, 1.215596485137939e+01, 7.564842224121094e+00, 3.732617378234863e+00, 3.264425277709961e+00, 2.921368360519409e+00, 2.938974142074585e+00, 2.279526472091675e+00, 7.24107563495636e-01, 3.717353641986847e-01, -2.542847633361816e+00, 3.019575476646423e-01, 4.244151592254639e+00, 6.800146579742432e+00, 8.495894432067871e+00, 5.966131687164307e+00, 4.214710712432861e+00, 4.920558929443359e+00, 4.163795471191406e+00, 3.767260074615479e+00, 2.478404760360718e+00, 1.393019795417786e+00, 3.791347444057465e-01, -1.127607822418213e+00, -2.49556827545166e+00, -4.242284774780273e+00, 3.62205958366394e+00, 5.013336181640625e+00, 2.866288423538208e+00, 7.192133903503418e+00, 7.281481742858887e+00, 3.587564945220947e+00, 1.949673056602478e+00, 1.217249393463135e+00, 1.134167551994324e+00, 1.571215867996216e+00, 1.077237486839294e+00, -9.683262556791306e-02, -8.503618836402893e-01, -2.902456045150757e+00, -3.159215211868286e+00, -1.068989753723145e+00, 5.566645622253418e+00, 6.290149688720703e+00, 2.710198640823364e+00, 1.907299399375916e+00, 1.595805048942566e+00, 1.716695785522461e+00]
east.pWin=[-7.129565715789795e+00, -7.459060192108154e+00, -6.446913242340088e+00, -6.788891792297363e+00, -9.048351287841797e+00, -7.462776660919189e+00, -5.942702770233154e+00, -8.191444396972656e+00, -1.132814311981201e+01, -1.548142242431641e+01, -1.580797290802002e+01, -1.156248569488525e+01, -1.049822235107422e+01, -1.050837802886963e+01, -6.729553699493408e+00, -4.092195987701416e+00, -2.744577884674072e+00, -2.92274284362793e+00, -6.656642436981201e+00, -9.1005859375e+00, -7.016721248626709e+00, -6.621747970581055e+00, -7.713512897491455e+00, -7.719311237335205e+00, -7.474666595458984e+00, -5.386513710021973e+00, -4.120584487915039e+00, -3.304535388946533e+00, -2.347211837768555e+00, -4.641100466251373e-01, -8.327227830886841e-01, -1.232585072517395e+00, -2.58197158575058e-01, -1.308937277644873e-02, -6.696873903274536e-02, -1.645345449447632e+00, -4.992015838623047e+00, -7.917750358581543e+00, -1.35004415512085e+01, -1.019337844848633e+01, -6.314631462097168e+00, -3.925995111465454e+00, -2.852972269058228e+00, -4.813845157623291e+00, -4.140769004821777e+00, -2.344127893447876e+00, -1.822627782821655e+00, -1.712657332420349e+00, -3.330321788787842e+00, -4.216804027557373e+00, -9.72523307800293e+00, -1.335914325714111e+01, -1.440668392181396e+01, -1.477497100830078e+01, -1.594420337677002e+01, -9.923359870910645e+00, -4.896777153015137e+00, -4.282606601715088e+00, -3.832579612731934e+00, -3.855675458908081e+00, -2.990583181381226e+00, -1.680428862571716e+00, -3.049657106399536e+00, -6.685013771057129e+00, -8.298492431640625e+00, -9.787657737731934e+00, -1.638262367248535e+01, -2.04667797088623e+01, -1.437375354766846e+01, -1.015478515625e+01, -6.455048561096191e+00, -5.462380886077881e+00, -4.942220211029053e+00, -4.686557292938232e+00, -4.109135627746582e+00, -2.320457935333252e+00, -1.517225861549377e+00, -6.218849420547485e-01, -2.635365009307861e+00, -6.984272480010986e+00, -1.188083648681641e+01, -1.861733627319336e+01, -1.889509963989258e+01, -1.754195213317871e+01, -8.643942832946777e+00, -4.697835922241211e+00, -2.933096408843994e+00, -2.63637113571167e+00, -2.468305349349976e+00, -7.435199618339539e-01, -2.443242222070694e-01, 1.584250092506409e+00, -2.040539979934692e+00, -3.613118648529053e+00, -8.206335067749023e+00, -1.798884963989258e+01, -1.831670188903809e+01, -1.658479499816895e+01, -1.167218971252441e+01, -7.404973030090332e+00, -4.136497974395752e+00]
south.pWin=[-1.111979198455811e+01, -1.163367462158203e+01, -9.380016326904297e+00, -1.056096935272217e+01, -1.123427772521973e+01, -1.036953735351562e+01, -9.268733978271484e+00, -1.277590084075928e+01, -1.766778945922852e+01, -2.322035980224609e+01, -2.371010971069336e+01, -1.803325653076172e+01, -1.642815589904785e+01, -1.557371807098389e+01, -1.053757858276367e+01, -5.514879703521729e+00, -3.268582105636597e+00, -3.507544755935669e+00, -1.048431587219238e+01, -9.759193420410156e+00, -7.524531364440918e+00, -1.00029764175415e+01, -1.203342056274414e+01, -1.203956317901611e+01, -1.165801429748535e+01, -8.079555511474609e+00, -6.180750846862793e+00, -5.03622579574585e+00, -1.971649378538132e-01, 6.644816398620605e-01, 1.385838985443115e-01, -1.431010842323303e+00, -2.002175897359848e-01, -1.137580629438162e-02, -9.279115796089172e-01, -1.835211038589478e+00, -4.750768184661865e+00, -9.41425895690918e+00, -1.605195045471191e+01, -1.123940181732178e+01, -6.586840152740479e+00, -4.095239639282227e+00, -2.975961446762085e+00, -5.021361827850342e+00, -4.884969711303711e+00, -3.073075294494629e+00, -2.44628119468689e+00, -2.059072017669678e+00, -2.682278394699097e+00, -2.811241865158081e+00, -8.179295539855957e+00, -1.353210735321045e+01, -1.568040752410889e+01, -1.756731605529785e+01, -1.895748329162598e+01, -1.179889869689941e+01, -5.822334289550781e+00, -5.09208345413208e+00, -4.556998252868652e+00, -4.58445930480957e+00, -3.555856466293335e+00, -1.763035774230957e+00, -2.873192548751831e+00, -4.84531831741333e+00, -7.51628303527832e+00, -1.027879238128662e+01, -1.708876609802246e+01, -2.134892463684082e+01, -1.499332046508789e+01, -1.059251594543457e+01, -7.675117969512939e+00, -6.494837760925293e+00, -5.87636661529541e+00, -5.100948810577393e+00, -4.175537586212158e+00, -2.224558591842651e+00, -9.642741680145264e-01, -1.942039370536804e+00, -2.767450332641602e+00, -7.572197437286377e+00, -1.242400360107422e+01, -1.777942848205566e+01, -1.947030639648438e+01, -1.829805564880371e+01, -9.01655387878418e+00, -4.900352001190186e+00, -3.059539318084717e+00, -2.765249252319336e+00, -2.799497365951538e+00, -5.734745264053345e-01, 2.171171605587006e-01, -1.035155653953552e+00, -1.855298280715942e+00, -2.307267665863037e+00, -6.818151950836182e+00, -1.811155700683594e+01, -1.863889503479004e+01, -1.589947414398193e+01, -1.118984699249268e+01, -7.241341114044189e+00, -4.314816474914551e+00]
