last-generated=2022-01-10
statistics-initialization=
{
  "linear": "0, 0, 0, 0",
  "nonlinear": "0, 0, 0, 0",
  "numerical Jacobians": "0"
}
statistics-simulation=
{
  "linear": "0, 0, 0, 0, 0, 0, 0, 0, 0, 0",
  "nonlinear": "0, 0, 0, 0",
  "number of continuous time states": "18",
  "numerical Jacobians": "0"
}
time=[0e+00, 1.728e+05]
weaDat.weaBus.TDryBul=[2.609500122070312e+02, 2.608676452636719e+02, 2.609342651367188e+02, 2.61153564453125e+02, 2.614064331054688e+02, 2.616917419433594e+02, 2.619866027832031e+02, 2.621011047363281e+02, 2.620299682617188e+02, 2.62211181640625e+02, 2.625067138671875e+02, 2.625499877929688e+02, 2.625499877929688e+02, 2.625499877929688e+02, 2.625499877929688e+02, 2.625875549316406e+02, 2.628901062011719e+02, 2.632776489257812e+02, 2.637460632324219e+02, 2.6446923828125e+02, 2.655892028808594e+02, 2.665859985351562e+02, 2.674020080566406e+02, 2.682179870605469e+02, 2.690339965820312e+02, 2.698500061035156e+02, 2.704558715820312e+02, 2.709069213867188e+02, 2.715532531738281e+02, 2.720364685058594e+02, 2.720499877929688e+02, 2.720499877929688e+02, 2.720499877929688e+02, 2.720499877929688e+02, 2.720499877929688e+02, 2.720499877929688e+02, 2.719675598144531e+02, 2.716164855957031e+02, 2.713160400390625e+02, 2.71072998046875e+02, 2.710076599121094e+02, 2.717365112304688e+02, 2.720211181640625e+02, 2.716227111816406e+02, 2.714859924316406e+02, 2.718775329589844e+02, 2.7202783203125e+02, 2.717281494140625e+02, 2.714362182617188e+02, 2.714474182128906e+02, 2.714500122070312e+02, 2.704067077636719e+02, 2.692704162597656e+02, 2.696753845214844e+02, 2.703369750976562e+02, 2.701487121582031e+02, 2.698616027832031e+02, 2.69929931640625e+02, 2.702106018066406e+02, 2.708657531738281e+02, 2.718394165039062e+02, 2.721007690429688e+02, 2.720183410644531e+02, 2.721641845703125e+02, 2.724365844726562e+02, 2.725657043457031e+02, 2.72480224609375e+02, 2.7264599609375e+02, 2.729339904785156e+02, 2.732219848632812e+02, 2.73510009765625e+02, 2.738106079101562e+02, 2.744635620117188e+02, 2.748500061035156e+02, 2.748500061035156e+02, 2.748500061035156e+02, 2.748500061035156e+02, 2.748500061035156e+02, 2.742786560058594e+02, 2.732598266601562e+02, 2.727458801269531e+02, 2.725348205566406e+02, 2.729032287597656e+02, 2.736190795898438e+02, 2.73848876953125e+02, 2.738165588378906e+02, 2.734445495605469e+02, 2.726629028320312e+02, 2.727448425292969e+02, 2.734616394042969e+02, 2.738507690429688e+02, 2.740790100097656e+02, 2.743446655273438e+02, 2.746334838867188e+02, 2.749204406738281e+02, 2.751761474609375e+02, 2.753359069824219e+02, 2.740944213867188e+02, 2.731499938964844e+02, 2.731499938964844e+02, 2.731499938964844e+02]
flo.att.TAir=[2.751499938964844e+02, 2.745491943359375e+02, 2.718550415039062e+02, 2.693681640625e+02, 2.675464782714844e+02, 2.662554931640625e+02, 2.653342895507812e+02, 2.646456604003906e+02, 2.64102294921875e+02, 2.636926574707031e+02, 2.634119567871094e+02, 2.632068176269531e+02, 2.630183715820312e+02, 2.628519592285156e+02, 2.627225646972656e+02, 2.626047973632812e+02, 2.627265319824219e+02, 2.634495544433594e+02, 2.647464294433594e+02, 2.663594665527344e+02, 2.685351867675781e+02, 2.70814208984375e+02, 2.731460571289062e+02, 2.751850280761719e+02, 2.768753356933594e+02, 2.777212524414062e+02, 2.7772412109375e+02, 2.775518188476562e+02, 2.7751513671875e+02, 2.774648132324219e+02, 2.771814575195312e+02, 2.765562438964844e+02, 2.757820434570312e+02, 2.749534301757812e+02, 2.740309143066406e+02, 2.729033203125e+02, 2.719960021972656e+02, 2.712330627441406e+02, 2.706087951660156e+02, 2.702200317382812e+02, 2.700163269042969e+02, 2.700069274902344e+02, 2.701102294921875e+02, 2.6996923828125e+02, 2.696339721679688e+02, 2.695575866699219e+02, 2.697357788085938e+02, 2.696833190917969e+02, 2.693262023925781e+02, 2.68937255859375e+02, 2.685931091308594e+02, 2.681056518554688e+02, 2.674418334960938e+02, 2.669859313964844e+02, 2.669165649414062e+02, 2.66911376953125e+02, 2.6675048828125e+02, 2.66581787109375e+02, 2.665540771484375e+02, 2.667217102050781e+02, 2.67242431640625e+02, 2.678531188964844e+02, 2.682842712402344e+02, 2.685548706054688e+02, 2.68865966796875e+02, 2.692108154296875e+02, 2.695677185058594e+02, 2.700899353027344e+02, 2.70879150390625e+02, 2.720466003417969e+02, 2.735314331054688e+02, 2.748746337890625e+02, 2.759403076171875e+02, 2.770601196289062e+02, 2.78327392578125e+02, 2.795667724609375e+02, 2.80728271484375e+02, 2.817684936523438e+02, 2.822939147949219e+02, 2.820474548339844e+02, 2.81136962890625e+02, 2.800486755371094e+02, 2.787626342773438e+02, 2.774829406738281e+02, 2.763472900390625e+02, 2.752391052246094e+02, 2.74533447265625e+02, 2.738520812988281e+02, 2.732513427734375e+02, 2.729901428222656e+02, 2.729458312988281e+02, 2.729627990722656e+02, 2.730225830078125e+02, 2.731437072753906e+02, 2.733085327148438e+02, 2.734564208984375e+02, 2.735606079101562e+02, 2.733249816894531e+02, 2.727307739257812e+02, 2.722708740234375e+02, 2.720926208496094e+02]
flo.sou.TAir=[2.751499938964844e+02, 2.919713439941406e+02, 2.912720336914062e+02, 2.910987854003906e+02, 2.909584350585938e+02, 2.9081591796875e+02, 2.906861877441406e+02, 2.905526428222656e+02, 2.904162902832031e+02, 2.902965393066406e+02, 2.901879577636719e+02, 2.900724792480469e+02, 2.899560241699219e+02, 2.898393859863281e+02, 2.896950073242188e+02, 2.895220031738281e+02, 2.896580200195312e+02, 2.8989404296875e+02, 2.90241943359375e+02, 2.904782409667969e+02, 2.904293518066406e+02, 2.907839965820312e+02, 2.909594421386719e+02, 2.909823913574219e+02, 2.910396118164062e+02, 2.908736267089844e+02, 2.906188049316406e+02, 2.906243591308594e+02, 2.905829162597656e+02, 2.904879455566406e+02, 2.904267578125e+02, 2.902788696289062e+02, 2.900813598632812e+02, 2.899444885253906e+02, 2.898067932128906e+02, 2.896922912597656e+02, 2.896059265136719e+02, 2.895174255371094e+02, 2.894322814941406e+02, 2.893529052734375e+02, 2.892846984863281e+02, 2.892647399902344e+02, 2.892393188476562e+02, 2.891817932128906e+02, 2.891311340332031e+02, 2.891001892089844e+02, 2.89059814453125e+02, 2.889924926757812e+02, 2.889230651855469e+02, 2.88873046875e+02, 2.888256530761719e+02, 2.888290405273438e+02, 2.887281494140625e+02, 2.887012023925781e+02, 2.886597290039062e+02, 2.886521301269531e+02, 2.886004638671875e+02, 2.885735168457031e+02, 2.885585021972656e+02, 2.885600280761719e+02, 2.884458312988281e+02, 2.884824829101562e+02, 2.885622253417969e+02, 2.886355895996094e+02, 2.886422119140625e+02, 2.887930908203125e+02, 2.888376159667969e+02, 2.900229187011719e+02, 2.901950378417969e+02, 2.9048095703125e+02, 2.907652587890625e+02, 2.909936828613281e+02, 2.911629028320312e+02, 2.913365478515625e+02, 2.916217651367188e+02, 2.918355712890625e+02, 2.916290893554688e+02, 2.91696533203125e+02, 2.921075744628906e+02, 2.92123046875e+02, 2.921628723144531e+02, 2.921865539550781e+02, 2.922191162109375e+02, 2.922666015625e+02, 2.922429809570312e+02, 2.91615478515625e+02, 2.904922790527344e+02, 2.911034851074219e+02, 2.906721801757812e+02, 2.906088256835938e+02, 2.905195617675781e+02, 2.904568176269531e+02, 2.903490295410156e+02, 2.902930603027344e+02, 2.902225646972656e+02, 2.901868896484375e+02, 2.9015087890625e+02, 2.90040771484375e+02, 2.899256896972656e+02, 2.898417663574219e+02, 2.897744445800781e+02]
flo.eas.TAir=[2.751499938964844e+02, 2.926872253417969e+02, 2.911742553710938e+02, 2.90956787109375e+02, 2.908081970214844e+02, 2.906625366210938e+02, 2.905306701660156e+02, 2.903966674804688e+02, 2.902611083984375e+02, 2.9014111328125e+02, 2.900312805175781e+02, 2.899167785644531e+02, 2.89802001953125e+02, 2.896871337890625e+02, 2.895695495605469e+02, 2.8943994140625e+02, 2.8954150390625e+02, 2.897809753417969e+02, 2.90048828125e+02, 2.902178955078125e+02, 2.902966613769531e+02, 2.902851867675781e+02, 2.902337036132812e+02, 2.901041564941406e+02, 2.900414123535156e+02, 2.89986083984375e+02, 2.89902099609375e+02, 2.898448181152344e+02, 2.897984924316406e+02, 2.897426452636719e+02, 2.896905822753906e+02, 2.89637939453125e+02, 2.895876770019531e+02, 2.8950732421875e+02, 2.894220275878906e+02, 2.893416442871094e+02, 2.892726745605469e+02, 2.891979370117188e+02, 2.891258850097656e+02, 2.890531616210938e+02, 2.889967346191406e+02, 2.889814758300781e+02, 2.889570007324219e+02, 2.889076538085938e+02, 2.888623352050781e+02, 2.888334045410156e+02, 2.888024291992188e+02, 2.887430725097656e+02, 2.886797485351562e+02, 2.886336364746094e+02, 2.885904846191406e+02, 2.885982055664062e+02, 2.885059204101562e+02, 2.884813537597656e+02, 2.884728393554688e+02, 2.884395751953125e+02, 2.883925170898438e+02, 2.883660278320312e+02, 2.883492431640625e+02, 2.883528747558594e+02, 2.883645629882812e+02, 2.883721313476562e+02, 2.883762512207031e+02, 2.884449462890625e+02, 2.8845166015625e+02, 2.886018981933594e+02, 2.886485900878906e+02, 2.8982568359375e+02, 2.9006591796875e+02, 2.904031372070312e+02, 2.906686096191406e+02, 2.908728332519531e+02, 2.910612487792969e+02, 2.912412414550781e+02, 2.914141540527344e+02, 2.915711975097656e+02, 2.913590698242188e+02, 2.914185485839844e+02, 2.918224182128906e+02, 2.9185107421875e+02, 2.918964233398438e+02, 2.919336853027344e+02, 2.919800720214844e+02, 2.91908203125e+02, 2.9169970703125e+02, 2.919430541992188e+02, 2.908545837402344e+02, 2.908688659667969e+02, 2.905097045898438e+02, 2.904480895996094e+02, 2.903625183105469e+02, 2.903004150390625e+02, 2.901940307617188e+02, 2.901235961914062e+02, 2.899116516113281e+02, 2.898671875e+02, 2.899234313964844e+02, 2.898826293945312e+02, 2.89773193359375e+02, 2.896930541992188e+02, 2.896293029785156e+02]
flo.nor.TAir=[2.751499938964844e+02, 2.920751342773438e+02, 2.912236938476562e+02, 2.910195922851562e+02, 2.908782958984375e+02, 2.90736572265625e+02, 2.906077270507812e+02, 2.90476806640625e+02, 2.903438110351562e+02, 2.902262268066406e+02, 2.901190490722656e+02, 2.900064392089844e+02, 2.898930358886719e+02, 2.8977978515625e+02, 2.896640930175781e+02, 2.895323486328125e+02, 2.895215759277344e+02, 2.895897216796875e+02, 2.896989135742188e+02, 2.897751159667969e+02, 2.898171997070312e+02, 2.898465270996094e+02, 2.8990380859375e+02, 2.899075317382812e+02, 2.899239196777344e+02, 2.898839416503906e+02, 2.898121643066406e+02, 2.897708129882812e+02, 2.897348022460938e+02, 2.896850891113281e+02, 2.896405944824219e+02, 2.895956115722656e+02, 2.895555419921875e+02, 2.894806823730469e+02, 2.894015808105469e+02, 2.893260192871094e+02, 2.89261474609375e+02, 2.891911926269531e+02, 2.89123291015625e+02, 2.890540161132812e+02, 2.889990539550781e+02, 2.889855041503906e+02, 2.889654541015625e+02, 2.889193115234375e+02, 2.88877197265625e+02, 2.888505554199219e+02, 2.888212890625e+02, 2.887647705078125e+02, 2.887056884765625e+02, 2.886628723144531e+02, 2.886223754882812e+02, 2.886353454589844e+02, 2.885472106933594e+02, 2.885263671875e+02, 2.885172729492188e+02, 2.884878845214844e+02, 2.8844287109375e+02, 2.884185180664062e+02, 2.884052124023438e+02, 2.884096984863281e+02, 2.884166564941406e+02, 2.884257507324219e+02, 2.884344177246094e+02, 2.885059814453125e+02, 2.885143127441406e+02, 2.886672973632812e+02, 2.887162475585938e+02, 2.898934936523438e+02, 2.901344299316406e+02, 2.904607849121094e+02, 2.907207946777344e+02, 2.909291381835938e+02, 2.911187133789062e+02, 2.912996826171875e+02, 2.914784545898438e+02, 2.916392211914062e+02, 2.914243469238281e+02, 2.914848022460938e+02, 2.919006652832031e+02, 2.919287414550781e+02, 2.919781494140625e+02, 2.920197143554688e+02, 2.920711975097656e+02, 2.921262817382812e+02, 2.921175231933594e+02, 2.920185241699219e+02, 2.909326782226562e+02, 2.910431213378906e+02, 2.906087036132812e+02, 2.905488586425781e+02, 2.904585266113281e+02, 2.903958740234375e+02, 2.902892761230469e+02, 2.902339782714844e+02, 2.901618957519531e+02, 2.9012451171875e+02, 2.900929565429688e+02, 2.899871520996094e+02, 2.898756408691406e+02, 2.897970275878906e+02, 2.89729248046875e+02]
flo.wes.TAir=[2.751499938964844e+02, 2.927821350097656e+02, 2.911145629882812e+02, 2.909089660644531e+02, 2.907608337402344e+02, 2.906162414550781e+02, 2.904859619140625e+02, 2.903523864746094e+02, 2.902165832519531e+02, 2.900970764160156e+02, 2.899875183105469e+02, 2.898742065429688e+02, 2.897608642578125e+02, 2.896476440429688e+02, 2.895321655273438e+02, 2.8940185546875e+02, 2.893874206542969e+02, 2.894536437988281e+02, 2.895640869140625e+02, 2.896499633789062e+02, 2.897051086425781e+02, 2.896626281738281e+02, 2.898190307617188e+02, 2.898365173339844e+02, 2.898572082519531e+02, 2.897552185058594e+02, 2.895950622558594e+02, 2.8952734375e+02, 2.894438781738281e+02, 2.894007263183594e+02, 2.894316711425781e+02, 2.894692077636719e+02, 2.895188293457031e+02, 2.894322204589844e+02, 2.893322448730469e+02, 2.892382507324219e+02, 2.891669921875e+02, 2.89093017578125e+02, 2.890215454101562e+02, 2.889515380859375e+02, 2.888970642089844e+02, 2.888834838867188e+02, 2.888633728027344e+02, 2.888145751953125e+02, 2.887721252441406e+02, 2.887457275390625e+02, 2.88717529296875e+02, 2.886593017578125e+02, 2.886009216308594e+02, 2.885569152832031e+02, 2.88515380859375e+02, 2.885244140625e+02, 2.884331970214844e+02, 2.884139709472656e+02, 2.884034729003906e+02, 2.883729553222656e+02, 2.88328125e+02, 2.883024597167969e+02, 2.882872619628906e+02, 2.882924194335938e+02, 2.883021850585938e+02, 2.88310791015625e+02, 2.883163146972656e+02, 2.883876037597656e+02, 2.883970642089844e+02, 2.885494689941406e+02, 2.885982666015625e+02, 2.897783203125e+02, 2.900029296875e+02, 2.903270263671875e+02, 2.905907287597656e+02, 2.90801513671875e+02, 2.909932250976562e+02, 2.911766662597656e+02, 2.913553771972656e+02, 2.915164489746094e+02, 2.913085021972656e+02, 2.913789367675781e+02, 2.917921142578125e+02, 2.918315734863281e+02, 2.918861389160156e+02, 2.919248962402344e+02, 2.919708557128906e+02, 2.920281677246094e+02, 2.920176391601562e+02, 2.919151916503906e+02, 2.90841796875e+02, 2.909317932128906e+02, 2.905024108886719e+02, 2.904381103515625e+02, 2.903475341796875e+02, 2.902844543457031e+02, 2.901778259277344e+02, 2.901225280761719e+02, 2.900509948730469e+02, 2.900135498046875e+02, 2.899793395996094e+02, 2.898727722167969e+02, 2.897608947753906e+02, 2.896821594238281e+02, 2.896134948730469e+02]
flo.cor.TAir=[2.751499938964844e+02, 2.924129638671875e+02, 2.91907958984375e+02, 2.917210693359375e+02, 2.91580078125e+02, 2.914367370605469e+02, 2.913056640625e+02, 2.911741027832031e+02, 2.910409851074219e+02, 2.909214782714844e+02, 2.908114318847656e+02, 2.906978759765625e+02, 2.905841064453125e+02, 2.904705810546875e+02, 2.9035009765625e+02, 2.902086791992188e+02, 2.90231201171875e+02, 2.90340087890625e+02, 2.904882202148438e+02, 2.905763549804688e+02, 2.906039733886719e+02, 2.906196594238281e+02, 2.906856079101562e+02, 2.906718444824219e+02, 2.906771240234375e+02, 2.906029663085938e+02, 2.904938049316406e+02, 2.904397583007812e+02, 2.903858947753906e+02, 2.903266296386719e+02, 2.902926025390625e+02, 2.90257568359375e+02, 2.902268371582031e+02, 2.901458740234375e+02, 2.900584411621094e+02, 2.899751892089844e+02, 2.899066467285156e+02, 2.898351745605469e+02, 2.897661437988281e+02, 2.896981201171875e+02, 2.896407165527344e+02, 2.896189270019531e+02, 2.895935668945312e+02, 2.895455322265625e+02, 2.8950146484375e+02, 2.894712524414062e+02, 2.894397583007812e+02, 2.893844604492188e+02, 2.893263549804688e+02, 2.892816162109375e+02, 2.892392578125e+02, 2.892611999511719e+02, 2.891805114746094e+02, 2.891540832519531e+02, 2.891332092285156e+02, 2.891084899902344e+02, 2.890641784667969e+02, 2.890368347167969e+02, 2.89018798828125e+02, 2.89015869140625e+02, 2.889928283691406e+02, 2.890023803710938e+02, 2.890227966308594e+02, 2.890928344726562e+02, 2.890966186523438e+02, 2.892494506835938e+02, 2.892946166992188e+02, 2.904797973632812e+02, 2.90734375e+02, 2.910470886230469e+02, 2.91306884765625e+02, 2.915145568847656e+02, 2.916926879882812e+02, 2.918654174804688e+02, 2.920599975585938e+02, 2.922290954589844e+02, 2.919892272949219e+02, 2.920581665039062e+02, 2.925007019042969e+02, 2.925370178222656e+02, 2.925908813476562e+02, 2.92634521484375e+02, 2.926822204589844e+02, 2.927189025878906e+02, 2.92678466796875e+02, 2.924947204589844e+02, 2.913563842773438e+02, 2.916064758300781e+02, 2.911801452636719e+02, 2.911099243164062e+02, 2.910159606933594e+02, 2.909505920410156e+02, 2.908401489257812e+02, 2.907791442871094e+02, 2.906864624023438e+02, 2.906441040039062e+02, 2.906192321777344e+02, 2.9052978515625e+02, 2.904254150390625e+02, 2.903454895019531e+02, 2.902793273925781e+02]
