last-generated=2015-08-19
statistics-simulation=
{
  "numerical Jacobians": "0", 
  "nonlinear": " ", 
  "number of continuous time states": "1", 
  "linear": " "
}
y=[-62., -61.9948806758530110983, -61.9590492218248982681, -61.86186598742797571049, -61.67289350116710267002, -61.36217882979496351936, -60.90056984005862261711, -60.26017763371252300431, -59.4148977436624505799, -58.34103053945279526715, -57.01795980738020119816, -55.42890919718546172135, -53.56172506993911497375, -51.40966686068756530403, -48.9722406000220473743, -46.25592590871133324981, -43.27487452121749100797, -40.05150663497640550759, -36.61685431734568396678, -33.01076801101950053408, -29.28181378991643768472, -25.48673761615777166867, -21.68959191226304028532, -17.96022950370679183152, -14.37221722406948387629, -11.000003814697265625, -7.915168873546575945, -5.18175068083594680957, -2.85034181613677395362, -0.95099115892335794875, 0.51544034573134589472, 1.58754481512340350768, 2.35543535750869637013, 2.97490111397866385801, 3.68381065681944397383, 4.82100724285062653962, 6.84796402365238510157, 10.37348351513179878225, 16.18164424591389760621, 25.26340040928166885692, 38.85202614482790295369, 58.4630556118793762721, 85.93839794033931411832, 123.49568973135794180962, 173.78346139436010275858, 239.94091850835221180205, 325.66483810130375786684, 435.2838285095150467896, 573.83726712053339724662, 747.16394349689744558418, 962., 1226.08097211070821686008, 1548.25776929987910079944, 1938.62002233783164228953, 2408.62782293616783135803, 2971.26856819145132249105, 3641.1973388974597583001, 4434.91664214768206875306, 5370.95777425122560089221, 6470.07591917478839604883, 7755.45328647986661962932, 9252.95866440126155794133, 10991.34091848271418712102, 13002.52155211476565455087, 15321.863957954992656596, 17988.46978930348268477246, 21045.47201291490637231618, 24540.45283888859194121324, 28525.69231224158284021541, 33058.61444682449655374512, 38202.17457250686857150868, 44025.30640835938538657501, 50603.30838651093654334545, 58018.50861571485438616946, 66360.53073175568715669215, 75727., 86224.05758007377153262496, 97966.96923888953460846096, 111080.78222683843341656029, 125700.88132493299781344831, 141974.05789375660242512822, 160058.74550590102444402874, 180126.14026111969724297523, 202360.89879680739250034094, 226962.09973528527189046144, 254143.87010412002564407885, 284137.11165321856969967484, 317189.4523764341720379889, 353566.92460620624478906393, 393555.06049128301674500108, 437459.76686689775669947267, 485608.55655762943206354976, 538352.72126061713788658381, 596067.01973088982049375772, 659152.32835354912094771862, 728036.52399903116747736931, 803176.2322360301623120904, 885057.69517277576960623264, 974200.63668894337024539709, 1071156.90442437771707773209, 1176514.]
x=[-62., -61.9948806758530110983, -61.9590492218248982681, -61.86186217273198906241, -61.67288968646983704502, -61.36217501509769789436, -60.90056602536135699211, -60.26017000431799175431, -59.4148901142679193299, -58.34102291005826401715, -57.01795217798566994816, -55.42890538248819609635, -53.56171744054458372375, -51.40965923129303405403, -48.9722329706275161243, -46.25591827931680199981, -43.27487070652022538297, -40.05149900558187425759, -36.6168466879647951373, -33.01076419632223490908, -29.28180806787053924722, -25.48673189411187323117, -21.6895861902182787162, -17.9602256890055471672, -14.37221340937221825129, -11., -7.91516458201442585363, -5.18174638930408093529, -2.8503377630210713356, -0.95098722501705146293, 0.51544422003343393079, 1.58754874902995868347, 2.35543917220596199513, 2.97490469025891357546, 3.68381423309855682291, 4.82101105754789216462, 6.84796736151590312858, 10.37348732982906440725, 16.18164806060661575771, 25.26340231663030166942, 38.85202995952516857869, 58.4630594265766418971, 85.93840556968382315972, 123.49569736072518821857, 173.78346139436010275858, 239.94093376705032483187, 325.66483810130375786684, 435.2838285095150467896, 573.83726712053339724662, 747.16394349689744558418, 962., 1226.08097211070821686008, 1548.25764723073075401771, 1938.62002233608541246213, 2408.62782293616783135803, 2971.26856819145132249105, 3641.19709475712579660467, 4434.91664214768206875306, 5370.95777425122560089221, 6470.07591917478839604883, 7755.45328647986661962932, 9252.95866440126155794133, 10991.34091848038588068448, 13002.52155211476565455087, 15321.863957954992656596, 17988.46978930348268477246, 21045.47201291490637231618, 24540.45283888859194121324, 28525.69231224158284021541, 33058.61444682449655374512, 38202.17457250686857150868, 44025.30640835938538657501, 50603.30838651093654334545, 58018.50861571485438616946, 66360.53073175568715669215, 75727., 86224.05758007377153262496, 97966.96923888953460846096, 111080.78222683843341656029, 125700.88132493299781344831, 141974.05789375660242512822, 160058.74550590102444402874, 180126.12463617557659745216, 202360.89879680739250034094, 226962.08411049016285687685, 254143.87010412002564407885, 284137.11165321856969967484, 317189.4211264341720379889, 353566.92460620624478906393, 393555.02924150653416290879, 437459.76686689775669947267, 485608.55655762943206354976, 538352.72126061713788658381, 596067.01973088982049375772, 659152.32835354912094771862, 728036.52399865863844752312, 803176.16973670071456581354, 885057.69517277576960623264, 974200.63668894337024539709, 1071156.90442437771707773209, 1176514.]
time=[0., 4.]
der(y)=[0., 0.38397913078913809004, 1.53533167887150479025, 3.45092598602356792625, 6.12262849086193927661, 9.53483458585309406885, 13.66205848556208302114, 18.46660789656298007344, 23.89643772419237777171, 29.88318221921866069124, 36.34052940880469861895, 43.16292613672846556483, 50.22480584051525198674, 57.38040883097566080551, 64.46430164501947501776, 71.29278166329446264626, 77.666307690669071917, 83.37299250585343202147, 88.19359272976274155553, 91.90793680088466999223, 94.30302374997991421424, 95.18318169363979563968, 94.38224007272083326825, 91.77822252600834929126, 87.31049810251778353631, 81., 72.97240356650857506793, 63.48494265726195351363, 52.95663962513535238941, 42.0029625888202744477, 31.47449554127084425659, 22.50028992381679771029, 16.53650804564644616335, 15.42007080524345141725, 21.42821544884994722224, 37.34413008941193368173, 66.5288876447364714295, 113.00079037088093514285, 181.52114302314899418889, 277.68848926016642053582, 408.0401658020581976416, 580.16462263966184309538, 802.81906295023497932561, 1086.0587381434870621888, 1441.37985710521161308861, 1881.86411898460028169211, 2422.34082097461214289069, 3079.56478492865653606714, 3872.39181679929470192292, 4821.97803327451583754737, 5952., 7288.86175689050742221298, 8861.94470373733747692313, 10703.85538500922484672628, 12850.68163525718773598783, 15342.33083751840422337409, 18222.75317972989068948664, 21540.30726435374890570529, 25348.09282514247388462536, 29704.29165632914737216197, 34672.52659500259323976934, 40322.3625964042148552835, 46729.56319746032386319712, 53976.61308938683214364573, 62153.18833575939788715914, 71356.59383246724610216916, 81692.24507348945189733058, 93274.40947768594196531922, 106226.44344688764249440283, 120681.54273876616207417101, 136783.36420233565149828792, 154686.6190145841974299401, 174557.61265215685125440359, 196575.40940632912679575384, 220931.91333400385337881744, 247833., 277499.21747124125249683857, 310166.62845052906777709723, 346087.60868886910611763597, 385531.56844434526283293962, 428786.72778348997235298157, 476159.76954416785156354308, 527977.66407800593879073858, 584588.474545820034109056, 646362.60807949618902057409, 713693.20893905509728938341, 786999.20406817155890166759, 866723.89820779312867671251, 953338.04337445984128862619, 1047340.32863857853226363659, 1149259.12989345868118107319, 1259652.95122649427503347397, 1379114.54433080065064132214, 1508268.52973893680609762669, 1647775.40981477545574307442, 1798332.56275964761152863503, 1960675.61424318212084472179, 2135579.73467054031789302826, 2323864.38028579903766512871, 2526390.30122187454253435135, 2744064.]
der(x)=[0., 0.38397913078913809004, 1.53533167887150479025, 3.45092598602356792625, 6.12262849086193927661, 9.53483458585309406885, 13.66205848556208302114, 18.46660789656298007344, 23.89643772419237777171, 29.88318221921866069124, 36.34052940880469861895, 43.16292613672846556483, 50.22480584051525198674, 57.38040883097566080551, 64.46430164501947501776, 71.29278166329446264626, 77.666307690669071917, 83.37299250585343202147, 88.19359272976274155553, 91.90793680088466999223, 94.30302374997991421424, 95.18318169363979563968, 94.38224007272083326825, 91.77822252600834929126, 87.31049810251778353631, 81., 72.97240356650857506793, 63.48494265726195351363, 52.95663962513535238941, 42.0029625888202744477, 31.47449554127084425659, 22.50028992381679771029, 16.53650804564644616335, 15.42007080524345141725, 21.42821544884994722224, 37.34413008941193368173, 66.5288876447364714295, 113.00079037088093514285, 181.52114302314899418889, 277.68848926016642053582, 408.0401658020581976416, 580.16462263966184309538, 802.81906295023497932561, 1086.0587381434870621888, 1441.37985710521161308861, 1881.86411898460028169211, 2422.34082097461214289069, 3079.56478492865653606714, 3872.39181679929470192292, 4821.97803327451583754737, 5952., 7288.86175689050742221298, 8861.94470373733747692313, 10703.85538500922484672628, 12850.68163525718773598783, 15342.33083751840422337409, 18222.75317972989068948664, 21540.30726435374890570529, 25348.09282514247388462536, 29704.29165632914737216197, 34672.52659500259323976934, 40322.3625964042148552835, 46729.56319746032386319712, 53976.61308938683214364573, 62153.18833575939788715914, 71356.59383246724610216916, 81692.24507348945189733058, 93274.40947768594196531922, 106226.44344688764249440283, 120681.54273876616207417101, 136783.36420233565149828792, 154686.6190145841974299401, 174557.61265215685125440359, 196575.40940632912679575384, 220931.91333400385337881744, 247833., 277499.21747124125249683857, 310166.62845052906777709723, 346087.60868886910611763597, 385531.56844434526283293962, 428786.72778348997235298157, 476159.76954416785156354308, 527977.66407800593879073858, 584588.474545820034109056, 646362.60807949618902057409, 713693.20893905509728938341, 786999.20406817155890166759, 866723.89820779312867671251, 953338.04337445984128862619, 1047340.32863857853226363659, 1149259.12989345868118107319, 1259652.95122649427503347397, 1379114.54433080065064132214, 1508268.52973893680609762669, 1647775.40981477545574307442, 1798332.56275964761152863503, 1960675.61424318212084472179, 2135579.73467054031789302826, 2323864.38028579903766512871, 2526390.30122187454253435135, 2744064.]
