last-generated=2023-05-02
statistics-simulation=
{
  "linear": " ",
  "nonlinear": " ",
  "numerical Jacobians": "0"
}
time=[0e+00, 3.6e+03]
speShi.y=[5.185184955596924e+00, 5.459152698516846e+00, 5.748479843139648e+00, 6.054305076599121e+00, 6.377766132354736e+00, 6.71999979019165e+00, 7.082145214080811e+00, 7.465339183807373e+00, 7.870719909667969e+00, 8.29942512512207e+00, 8.752593040466309e+00, 9.23136043548584e+00, 9.736865043640137e+00, 1.028096008300781e+01, 1.092191982269287e+01, 1.165333366394043e+01, 1.245728015899658e+01, 1.331583976745605e+01, 1.421109294891357e+01, 1.512512016296387e+01, 1.604000091552734e+01, 1.693781280517578e+01, 1.780064010620117e+01, 1.861055946350098e+01, 1.934965324401855e+01, 2e+01, 2e+01, 2e+01, 2e+01, 2e+01, 2e+01, 2e+01, 2e+01, 2e+01, 2e+01, 2e+01, 2e+01, 2e+01, 2e+01, 2e+01, 2e+01, 2e+01, 2e+01, 2e+01, 2e+01, 2e+01, 2e+01, 2e+01, 2e+01, 2e+01, 2e+01, 2.058432006835938e+01, 2.113855934143066e+01, 2.166464042663574e+01, 2.216448020935059e+01, 2.263999938964844e+01, 2.309312057495118e+01, 2.352576065063477e+01, 2.393984031677246e+01, 2.43372802734375e+01, 2.471999931335449e+01, 2.508992004394531e+01, 2.544895935058594e+01, 2.579903984069824e+01, 2.614208030700684e+01, 2.647999954223633e+01, 2.681472015380859e+01, 2.714816093444824e+01, 2.748224067687988e+01, 2.781888008117676e+01, 2.815999984741211e+01, 2.850752067565918e+01, 2.886335945129395e+01, 2.922944068908691e+01, 2.960767936706543e+01, 3e+01, 3e+01, 3e+01, 3e+01, 3e+01, 3e+01, 3e+01, 3e+01, 3e+01, 3e+01, 3e+01, 3e+01, 3e+01, 3e+01, 3e+01, 3e+01, 3e+01, 3e+01, 3e+01, 3e+01, 3e+01, 3e+01, 3e+01, 3e+01, 3e+01, 3e+01]
speShi.speRat=[2.5e-01, 2.599999904632568e-01, 2.700000107288361e-01, 2.800000011920929e-01, 2.899999916553497e-01, 3.00000011920929e-01, 3.100000023841858e-01, 3.199999928474426e-01, 3.300000131130219e-01, 3.400000035762787e-01, 3.499999940395355e-01, 3.600000143051147e-01, 3.700000047683716e-01, 3.799999952316284e-01, 3.899999856948853e-01, 4.000000059604645e-01, 4.099999964237213e-01, 4.199999868869781e-01, 4.300000071525574e-01, 4.399999976158142e-01, 4.49999988079071e-01, 4.600000083446503e-01, 4.699999988079071e-01, 4.799999892711639e-01, 4.900000095367432e-01, 5e-01, 5e-01, 5e-01, 5e-01, 5e-01, 5e-01, 5e-01, 5e-01, 5e-01, 5e-01, 5e-01, 5e-01, 5e-01, 5e-01, 5e-01, 5e-01, 5e-01, 5e-01, 5e-01, 5e-01, 5e-01, 5e-01, 5e-01, 5e-01, 5e-01, 5e-01, 5.099999904632568e-01, 5.199999809265137e-01, 5.299999713897705e-01, 5.400000214576722e-01, 5.500000119209291e-01, 5.600000023841859e-01, 5.699999928474426e-01, 5.799999833106995e-01, 5.899999737739563e-01, 6.000000238418579e-01, 6.100000143051147e-01, 6.200000047683716e-01, 6.299999952316284e-01, 6.399999856948853e-01, 6.499999761581421e-01, 6.600000262260437e-01, 6.700000166893005e-01, 6.800000071525574e-01, 6.899999976158142e-01, 6.99999988079071e-01, 7.099999785423279e-01, 7.200000286102295e-01, 7.300000190734863e-01, 7.400000095367432e-01, 7.5e-01, 7.5e-01, 7.5e-01, 7.5e-01, 7.5e-01, 7.5e-01, 7.5e-01, 7.5e-01, 7.5e-01, 7.5e-01, 7.5e-01, 7.5e-01, 7.5e-01, 7.5e-01, 7.5e-01, 7.5e-01, 7.5e-01, 7.5e-01, 7.5e-01, 7.5e-01, 7.5e-01, 7.5e-01, 7.5e-01, 7.5e-01, 7.5e-01, 7.5e-01]
