last-generated=2019-11-26
statistics-simulation=
{
  "linear": " ",
  "nonlinear": "1",
  "numerical Jacobians": "0"
}
absIndSte.QEva_flow=[-6.20068798828125e+03, -6.20068798828125e+03, -6.20068798828125e+03, -6.20068798828125e+03, -6.20068798828125e+03, -6.20068798828125e+03, -6.20068798828125e+03, 0e+00, 0e+00, 0e+00, 0e+00, 0e+00, 0e+00, -6.20068798828125e+03, -6.20068798828125e+03, -6.20068798828125e+03, -6.20068798828125e+03, -6.20068798828125e+03, -6.20068798828125e+03, 0e+00, 0e+00, 0e+00, 0e+00, 0e+00, 0e+00, 0e+00, -6.20068798828125e+03, -6.20068798828125e+03, -6.20068798828125e+03, -6.20068798828125e+03, -6.20068798828125e+03, -6.20068798828125e+03, 0e+00, 0e+00, 0e+00, 0e+00, 0e+00, 0e+00, -6.20068798828125e+03, -6.20068798828125e+03, -6.20068798828125e+03, -6.20068798828125e+03, -6.20068798828125e+03, -6.20068798828125e+03, 0e+00, 0e+00, 0e+00, 0e+00, 0e+00, 0e+00, 0e+00, -6.20068798828125e+03, -6.20068798828125e+03, -6.20068798828125e+03, -6.20068798828125e+03, -6.20068798828125e+03, -6.20068798828125e+03, 0e+00, 0e+00, 0e+00, 0e+00, 0e+00, 0e+00, -6.20068798828125e+03, -6.20068798828125e+03, -6.20068798828125e+03, -6.20068798828125e+03, -6.20068798828125e+03, -6.20068798828125e+03, 0e+00, 0e+00, 0e+00, 0e+00, 0e+00, 0e+00, 0e+00, -6.20068798828125e+03, -6.20068798828125e+03, -6.20068798828125e+03, -6.20068798828125e+03, -6.20068798828125e+03, -6.20068798828125e+03, 0e+00, 0e+00, 0e+00, 0e+00, 0e+00, 0e+00, -6.20068798828125e+03, -6.20068798828125e+03, -6.20068798828125e+03, -6.20068798828125e+03, -6.20068798828125e+03, -6.20068798828125e+03, 0e+00, 0e+00, 0e+00, 0e+00, 0e+00, 0e+00, 0e+00]
absIndSte.QCon_flow=[1.59170703125e+04, 1.591723046875e+04, 1.59173818359375e+04, 1.5917525390625e+04, 1.59176640625e+04, 1.59178017578125e+04, 1.59179404296875e+04, 0e+00, 0e+00, 0e+00, 0e+00, 0e+00, 0e+00, 1.5919142578125e+04, 1.591937890625e+04, 1.59196376953125e+04, 1.5919923828125e+04, 1.592023828125e+04, 1.5920583984375e+04, 0e+00, 0e+00, 0e+00, 0e+00, 0e+00, 0e+00, 0e+00, 1.592477734375e+04, 1.5925517578125e+04, 1.59263154296875e+04, 1.59271708984375e+04, 1.59280888671875e+04, 1.59290703125e+04, 0e+00, 0e+00, 0e+00, 0e+00, 0e+00, 0e+00, 1.593794921875e+04, 1.593953515625e+04, 1.594120703125e+04, 1.594296875e+04, 1.59448232421875e+04, 1.5946771484375e+04, 0e+00, 0e+00, 0e+00, 0e+00, 0e+00, 0e+00, 0e+00, 1.59660673828125e+04, 1.596898046875e+04, 1.5972015625e+04, 1.5975171875e+04, 1.59784541015625e+04, 1.59818642578125e+04, 0e+00, 0e+00, 0e+00, 0e+00, 0e+00, 0e+00, 1.60095361328125e+04, 1.60140634765625e+04, 1.60187421875e+04, 1.602357421875e+04, 1.6028564453125e+04, 1.6033712890625e+04, 0e+00, 0e+00, 0e+00, 0e+00, 0e+00, 0e+00, 0e+00, 1.6080958984375e+04, 1.6087662109375e+04, 1.609455078125e+04, 1.61016279296875e+04, 1.61088974609375e+04, 1.6116361328125e+04, 0e+00, 0e+00, 0e+00, 0e+00, 0e+00, 0e+00, 1.61742724609375e+04, 1.61833876953125e+04, 1.619272265625e+04, 1.62022783203125e+04, 1.62120595703125e+04, 1.62220673828125e+04, 0e+00, 0e+00, 0e+00, 0e+00, 0e+00, 0e+00, 0e+00]
absIndSte.QGen_flow=[9.5663818359375e+03, 9.56654296875e+03, 9.566693359375e+03, 9.5668369140625e+03, 9.5669765625e+03, 9.5671142578125e+03, 9.567251953125e+03, 0e+00, 0e+00, 0e+00, 0e+00, 0e+00, 0e+00, 9.568455078125e+03, 9.5686904296875e+03, 9.5689501953125e+03, 9.5692353515625e+03, 9.5695498046875e+03, 9.5698955078125e+03, 0e+00, 0e+00, 0e+00, 0e+00, 0e+00, 0e+00, 0e+00, 9.5740888671875e+03, 9.574830078125e+03, 9.575626953125e+03, 9.5764833984375e+03, 9.577400390625e+03, 9.5783828125e+03, 0e+00, 0e+00, 0e+00, 0e+00, 0e+00, 0e+00, 9.58726171875e+03, 9.5888466796875e+03, 9.59051953125e+03, 9.59228125e+03, 9.594134765625e+03, 9.5960830078125e+03, 0e+00, 0e+00, 0e+00, 0e+00, 0e+00, 0e+00, 0e+00, 9.61537890625e+03, 9.61829296875e+03, 9.6213271484375e+03, 9.624484375e+03, 9.6277666015625e+03, 9.6311767578125e+03, 0e+00, 0e+00, 0e+00, 0e+00, 0e+00, 0e+00, 9.65884765625e+03, 9.663375e+03, 9.6680537109375e+03, 9.67288671875e+03, 9.6778759765625e+03, 9.683025390625e+03, 0e+00, 0e+00, 0e+00, 0e+00, 0e+00, 0e+00, 0e+00, 9.730271484375e+03, 9.7369736328125e+03, 9.7438623046875e+03, 9.7509404296875e+03, 9.7582099609375e+03, 9.7656728515625e+03, 0e+00, 0e+00, 0e+00, 0e+00, 0e+00, 0e+00, 9.823583984375e+03, 9.8327001953125e+03, 9.8420341796875e+03, 9.8515908203125e+03, 9.86137109375e+03, 9.87137890625e+03, 0e+00, 0e+00, 0e+00, 0e+00, 0e+00, 0e+00, 0e+00]
time=[0e+00, 1.44e+04]
absIndSte.sta_b1.T=[2.966084289550781e+02, 2.966584777832031e+02, 2.9670849609375e+02, 2.967585144042969e+02, 2.968085632324219e+02, 2.968585815429688e+02, 2.969086303710938e+02, 2.935e+02, 2.935499877929688e+02, 2.936000061035156e+02, 2.936499938964844e+02, 2.937000122070312e+02, 2.9375e+02, 2.972588806152344e+02, 2.973089294433594e+02, 2.973589782714844e+02, 2.974090576171875e+02, 2.974591064453125e+02, 2.975091857910156e+02, 2.941000061035156e+02, 2.941499938964844e+02, 2.942000122070312e+02, 2.9425e+02, 2.942999877929688e+02, 2.943500061035156e+02, 2.943999938964844e+02, 2.979100952148438e+02, 2.979602661132812e+02, 2.980104370117188e+02, 2.980606079101562e+02, 2.981108093261719e+02, 2.981610412597656e+02, 2.9475e+02, 2.947999877929688e+02, 2.948500061035156e+02, 2.948999938964844e+02, 2.949500122070312e+02, 2.95e+02, 2.985129699707031e+02, 2.985633239746094e+02, 2.986136779785156e+02, 2.986640625e+02, 2.987144470214844e+02, 2.98764892578125e+02, 2.953500061035156e+02, 2.953999938964844e+02, 2.954500122070312e+02, 2.955e+02, 2.955499877929688e+02, 2.956000061035156e+02, 2.956499938964844e+02, 2.991690673828125e+02, 2.992196960449219e+02, 2.992703552246094e+02, 2.99321044921875e+02, 2.993717651367188e+02, 2.994225158691406e+02, 2.96e+02, 2.960499877929688e+02, 2.961000061035156e+02, 2.961499938964844e+02, 2.962000122070312e+02, 2.9625e+02, 2.997785339355469e+02, 2.998294982910156e+02, 2.998805236816406e+02, 2.999315795898438e+02, 2.99982666015625e+02, 3.000337829589844e+02, 2.966000061035156e+02, 2.966499938964844e+02, 2.967000122070312e+02, 2.9675e+02, 2.967999877929688e+02, 2.968500061035156e+02, 2.968999938964844e+02, 3.004440307617188e+02, 3.004954833984375e+02, 3.005469970703125e+02, 3.005985412597656e+02, 3.006501159667969e+02, 3.007017211914062e+02, 2.9725e+02, 2.972999877929688e+02, 2.973500061035156e+02, 2.973999938964844e+02, 2.974500122070312e+02, 2.975e+02, 3.010643005371094e+02, 3.011163024902344e+02, 3.011683349609375e+02, 3.012203979492188e+02, 3.012725219726562e+02, 3.0132470703125e+02, 2.978500061035156e+02, 2.978999938964844e+02, 2.979500122070312e+02, 2.98e+02, 2.980499877929688e+02, 2.981000061035156e+02, 2.981499938964844e+02]
absIndSte.sta_a2.T=[2.851499938964844e+02, 2.851900024414062e+02, 2.852300109863281e+02, 2.852699890136719e+02, 2.853099975585938e+02, 2.853500061035156e+02, 2.853900146484375e+02, 2.854299926757812e+02, 2.854700012207031e+02, 2.85510009765625e+02, 2.855499877929688e+02, 2.855899963378906e+02, 2.856300048828125e+02, 2.856700134277344e+02, 2.857099914550781e+02, 2.8575e+02, 2.857900085449219e+02, 2.858299865722656e+02, 2.858699951171875e+02, 2.859100036621094e+02, 2.859500122070312e+02, 2.85989990234375e+02, 2.860299987792969e+02, 2.860700073242188e+02, 2.861099853515625e+02, 2.861499938964844e+02, 2.861900024414062e+02, 2.862300109863281e+02, 2.862699890136719e+02, 2.863099975585938e+02, 2.863500061035156e+02, 2.863900146484375e+02, 2.864299926757812e+02, 2.864700012207031e+02, 2.86510009765625e+02, 2.865499877929688e+02, 2.865899963378906e+02, 2.866300048828125e+02, 2.866700134277344e+02, 2.867099914550781e+02, 2.8675e+02, 2.867900085449219e+02, 2.868299865722656e+02, 2.868699951171875e+02, 2.869100036621094e+02, 2.869500122070312e+02, 2.86989990234375e+02, 2.870299987792969e+02, 2.870700073242188e+02, 2.871099853515625e+02, 2.871499938964844e+02, 2.871900024414062e+02, 2.872300109863281e+02, 2.872699890136719e+02, 2.873099975585938e+02, 2.873500061035156e+02, 2.873900146484375e+02, 2.874299926757812e+02, 2.874700012207031e+02, 2.87510009765625e+02, 2.875499877929688e+02, 2.875899963378906e+02, 2.876300048828125e+02, 2.876700134277344e+02, 2.877099914550781e+02, 2.8775e+02, 2.877900085449219e+02, 2.878299865722656e+02, 2.878699951171875e+02, 2.879100036621094e+02, 2.879500122070312e+02, 2.87989990234375e+02, 2.880299987792969e+02, 2.880700073242188e+02, 2.881099853515625e+02, 2.881499938964844e+02, 2.881900024414062e+02, 2.882300109863281e+02, 2.882699890136719e+02, 2.883099975585938e+02, 2.883500061035156e+02, 2.883900146484375e+02, 2.884299926757812e+02, 2.884700012207031e+02, 2.88510009765625e+02, 2.885499877929688e+02, 2.885899963378906e+02, 2.886300048828125e+02, 2.886700134277344e+02, 2.887099914550781e+02, 2.8875e+02, 2.887900085449219e+02, 2.888299865722656e+02, 2.888699951171875e+02, 2.889100036621094e+02, 2.889500122070312e+02, 2.88989990234375e+02, 2.890299987792969e+02, 2.890700073242188e+02, 2.891099853515625e+02, 2.891499938964844e+02]
absIndSte.sta_a1.T=[2.931499938964844e+02, 2.932000122070312e+02, 2.9325e+02, 2.932999877929688e+02, 2.933500061035156e+02, 2.933999938964844e+02, 2.934500122070312e+02, 2.935e+02, 2.935499877929688e+02, 2.936000061035156e+02, 2.936499938964844e+02, 2.937000122070312e+02, 2.9375e+02, 2.937999877929688e+02, 2.938500061035156e+02, 2.938999938964844e+02, 2.939500122070312e+02, 2.94e+02, 2.940499877929688e+02, 2.941000061035156e+02, 2.941499938964844e+02, 2.942000122070312e+02, 2.9425e+02, 2.942999877929688e+02, 2.943500061035156e+02, 2.943999938964844e+02, 2.944500122070312e+02, 2.945e+02, 2.945499877929688e+02, 2.946000061035156e+02, 2.946499938964844e+02, 2.947000122070312e+02, 2.9475e+02, 2.947999877929688e+02, 2.948500061035156e+02, 2.948999938964844e+02, 2.949500122070312e+02, 2.95e+02, 2.950499877929688e+02, 2.951000061035156e+02, 2.951499938964844e+02, 2.952000122070312e+02, 2.9525e+02, 2.952999877929688e+02, 2.953500061035156e+02, 2.953999938964844e+02, 2.954500122070312e+02, 2.955e+02, 2.955499877929688e+02, 2.956000061035156e+02, 2.956499938964844e+02, 2.957000122070312e+02, 2.9575e+02, 2.957999877929688e+02, 2.958500061035156e+02, 2.958999938964844e+02, 2.959500122070312e+02, 2.96e+02, 2.960499877929688e+02, 2.961000061035156e+02, 2.961499938964844e+02, 2.962000122070312e+02, 2.9625e+02, 2.962999877929688e+02, 2.963500061035156e+02, 2.963999938964844e+02, 2.964500122070312e+02, 2.965e+02, 2.965499877929688e+02, 2.966000061035156e+02, 2.966499938964844e+02, 2.967000122070312e+02, 2.9675e+02, 2.967999877929688e+02, 2.968500061035156e+02, 2.968999938964844e+02, 2.969500122070312e+02, 2.97e+02, 2.970499877929688e+02, 2.971000061035156e+02, 2.971499938964844e+02, 2.972000122070312e+02, 2.9725e+02, 2.972999877929688e+02, 2.973500061035156e+02, 2.973999938964844e+02, 2.974500122070312e+02, 2.975e+02, 2.975499877929688e+02, 2.976000061035156e+02, 2.976499938964844e+02, 2.977000122070312e+02, 2.9775e+02, 2.977999877929688e+02, 2.978500061035156e+02, 2.978999938964844e+02, 2.979500122070312e+02, 2.98e+02, 2.980499877929688e+02, 2.981000061035156e+02, 2.981499938964844e+02]
absIndSte.sta_b2.T=[2.791499938964844e+02, 2.791900024414062e+02, 2.792300109863281e+02, 2.792699890136719e+02, 2.793099975585938e+02, 2.793500061035156e+02, 2.793900146484375e+02, 2.854299926757812e+02, 2.854700012207031e+02, 2.85510009765625e+02, 2.855499877929688e+02, 2.855899963378906e+02, 2.856300048828125e+02, 2.796700134277344e+02, 2.797099914550781e+02, 2.7975e+02, 2.797900085449219e+02, 2.798299865722656e+02, 2.798699951171875e+02, 2.859100036621094e+02, 2.859500122070312e+02, 2.85989990234375e+02, 2.860299987792969e+02, 2.860700073242188e+02, 2.861099853515625e+02, 2.861499938964844e+02, 2.801900024414062e+02, 2.802300109863281e+02, 2.802699890136719e+02, 2.803099975585938e+02, 2.803500061035156e+02, 2.803900146484375e+02, 2.864299926757812e+02, 2.864700012207031e+02, 2.86510009765625e+02, 2.865499877929688e+02, 2.865899963378906e+02, 2.866300048828125e+02, 2.806700134277344e+02, 2.807099914550781e+02, 2.8075e+02, 2.807900085449219e+02, 2.808299865722656e+02, 2.808699951171875e+02, 2.869100036621094e+02, 2.869500122070312e+02, 2.86989990234375e+02, 2.870299987792969e+02, 2.870700073242188e+02, 2.871099853515625e+02, 2.871499938964844e+02, 2.811900024414062e+02, 2.812300109863281e+02, 2.812699890136719e+02, 2.813099975585938e+02, 2.813500061035156e+02, 2.813900146484375e+02, 2.874299926757812e+02, 2.874700012207031e+02, 2.87510009765625e+02, 2.875499877929688e+02, 2.875899963378906e+02, 2.876300048828125e+02, 2.816700134277344e+02, 2.817099914550781e+02, 2.8175e+02, 2.817900085449219e+02, 2.818299865722656e+02, 2.818699951171875e+02, 2.879100036621094e+02, 2.879500122070312e+02, 2.87989990234375e+02, 2.880299987792969e+02, 2.880700073242188e+02, 2.881099853515625e+02, 2.881499938964844e+02, 2.821900024414062e+02, 2.822300109863281e+02, 2.822699890136719e+02, 2.823099975585938e+02, 2.823500061035156e+02, 2.823900146484375e+02, 2.884299926757812e+02, 2.884700012207031e+02, 2.88510009765625e+02, 2.885499877929688e+02, 2.885899963378906e+02, 2.886300048828125e+02, 2.826700134277344e+02, 2.827099914550781e+02, 2.8275e+02, 2.827900085449219e+02, 2.828299865722656e+02, 2.828699951171875e+02, 2.889100036621094e+02, 2.889500122070312e+02, 2.88989990234375e+02, 2.890299987792969e+02, 2.890700073242188e+02, 2.891099853515625e+02, 2.891499938964844e+02]
