last-generated=2019-11-14
statistics-initialization=
{
  "nonlinear": "1",
  "numerical Jacobians": "0"
}
statistics-simulation=
{
  "linear": " ",
  "nonlinear": "1",
  "number of continuous time states": "15",
  "numerical Jacobians": "0"
}
TBuiRet.T=[2.891499938964844e+02, 2.891253662109375e+02, 2.892503967285156e+02, 2.893744201660156e+02, 2.894969787597656e+02, 2.896175842285156e+02, 2.897357482910156e+02, 2.898510131835938e+02, 2.899629211425781e+02, 2.90071044921875e+02, 2.901749267578125e+02, 2.902742004394531e+02, 2.903684387207031e+02, 2.90457275390625e+02, 2.905403747558594e+02, 2.906174011230469e+02, 2.906880187988281e+02, 2.907520141601562e+02, 2.908091125488281e+02, 2.908590393066406e+02, 2.909016723632812e+02, 2.909367980957031e+02, 2.909642944335938e+02, 2.909840393066406e+02, 2.909959411621094e+02, 2.91e+02, 2.909961547851562e+02, 2.909844665527344e+02, 2.909649353027344e+02, 2.909376525878906e+02, 2.909027404785156e+02, 2.908603210449219e+02, 2.90810546875e+02, 2.907536926269531e+02, 2.906898803710938e+02, 2.906194152832031e+02, 2.905425720214844e+02, 2.904596557617188e+02, 2.903709411621094e+02, 2.902764587402344e+02, 2.901774597167969e+02, 2.90073974609375e+02, 2.89966064453125e+02, 2.898542175292969e+02, 2.897390441894531e+02, 2.896209716796875e+02, 2.895003356933594e+02, 2.893779296875e+02, 2.892538146972656e+02, 2.891288146972656e+02, 2.890033264160156e+02, 2.888778076171875e+02, 2.887527770996094e+02, 2.886286926269531e+02, 2.88506103515625e+02, 2.883854370117188e+02, 2.882672119140625e+02, 2.8815185546875e+02, 2.880398559570312e+02, 2.87931640625e+02, 2.8782763671875e+02, 2.87728271484375e+02, 2.876338806152344e+02, 2.87544921875e+02, 2.87461669921875e+02, 2.873845520019531e+02, 2.87313720703125e+02, 2.8724951171875e+02, 2.871922607421875e+02, 2.871421508789062e+02, 2.870993347167969e+02, 2.870640563964844e+02, 2.870363464355469e+02, 2.870164184570312e+02, 2.870042724609375e+02, 2.87e+02, 2.870036315917969e+02, 2.8701513671875e+02, 2.870344848632812e+02, 2.870615539550781e+02, 2.870962829589844e+02, 2.871384887695312e+02, 2.871880798339844e+02, 2.872447814941406e+02, 2.873084106445312e+02, 2.873786926269531e+02, 2.874553833007812e+02, 2.875381774902344e+02, 2.876267395019531e+02, 2.877208862304688e+02, 2.878200378417969e+02, 2.879236755371094e+02, 2.880311584472656e+02, 2.881429748535156e+02, 2.882579650878906e+02, 2.883760375976562e+02, 2.884965209960938e+02, 2.886189270019531e+02, 2.887430419921875e+02, 2.888680114746094e+02, 2.889934997558594e+02]
TDisSup.T=[2.781499938964844e+02, 2.766198425292969e+02, 2.767398376464844e+02, 2.768598327636719e+02, 2.769798583984375e+02, 2.77099853515625e+02, 2.772198486328125e+02, 2.7733984375e+02, 2.774598693847656e+02, 2.775798645019531e+02, 2.776998596191406e+02, 2.778198852539062e+02, 2.779398803710938e+02, 2.78e+02, 2.78e+02, 2.78e+02, 2.78e+02, 2.78e+02, 2.78e+02, 2.78e+02, 2.78e+02, 2.78e+02, 2.78e+02, 2.78e+02, 2.78e+02, 2.78e+02, 2.77880126953125e+02, 2.777601318359375e+02, 2.7764013671875e+02, 2.775201416015625e+02, 2.77400146484375e+02, 2.772801513671875e+02, 2.7716015625e+02, 2.770401306152344e+02, 2.769201354980469e+02, 2.768001403808594e+02, 2.766801452636719e+02, 2.765601501464844e+02, 2.765e+02, 2.765e+02, 2.765e+02, 2.765e+02, 2.765e+02, 2.765e+02, 2.765e+02, 2.765e+02, 2.765e+02, 2.765e+02, 2.765e+02, 2.765e+02, 2.765e+02, 2.766198425292969e+02, 2.767398376464844e+02, 2.768598327636719e+02, 2.769798278808594e+02, 2.77099853515625e+02, 2.772198486328125e+02, 2.7733984375e+02, 2.774598388671875e+02, 2.775798645019531e+02, 2.776998596191406e+02, 2.778198547363281e+02, 2.779398498535156e+02, 2.78e+02, 2.78e+02, 2.78e+02, 2.78e+02, 2.78e+02, 2.78e+02, 2.78e+02, 2.78e+02, 2.78e+02, 2.78e+02, 2.78e+02, 2.78e+02, 2.78e+02, 2.778801574707031e+02, 2.777601623535156e+02, 2.776401672363281e+02, 2.775201721191406e+02, 2.774001770019531e+02, 2.772801513671875e+02, 2.7716015625e+02, 2.770401611328125e+02, 2.76920166015625e+02, 2.768001708984375e+02, 2.7668017578125e+02, 2.765601806640625e+02, 2.765e+02, 2.765e+02, 2.765e+02, 2.765e+02, 2.765e+02, 2.765e+02, 2.765e+02, 2.765e+02, 2.765e+02, 2.765e+02, 2.765e+02, 2.765e+02, 2.765e+02]
TBuiSup.T=[2.801499938964844e+02, 2.80003173828125e+02, 2.800036010742188e+02, 2.800041198730469e+02, 2.800047302246094e+02, 2.800055236816406e+02, 2.800065307617188e+02, 2.800080871582031e+02, 2.800047912597656e+02, 2.800177917480469e+02, 2.800156555175781e+02, 2.800206298828125e+02, 2.800283813476562e+02, 2.800129699707031e+02, 2.80006103515625e+02, 2.8000537109375e+02, 2.800050964355469e+02, 2.800048217773438e+02, 2.800044860839844e+02, 2.800040893554688e+02, 2.80003662109375e+02, 2.800031433105469e+02, 2.800025634765625e+02, 2.80001953125e+02, 2.800013122558594e+02, 2.800006408691406e+02, 2.799590454101562e+02, 2.799689636230469e+02, 2.799797668457031e+02, 2.799854431152344e+02, 2.799894104003906e+02, 2.799954223632812e+02, 2.799963684082031e+02, 2.799939270019531e+02, 2.799950256347656e+02, 2.799957275390625e+02, 2.799962768554688e+02, 2.799967651367188e+02, 2.799995727539062e+02, 2.799995727539062e+02, 2.799995422363281e+02, 2.7999951171875e+02, 2.799994812011719e+02, 2.799994812011719e+02, 2.799994506835938e+02, 2.799994506835938e+02, 2.799994506835938e+02, 2.799994506835938e+02, 2.799994506835938e+02, 2.799994506835938e+02, 2.799994812011719e+02, 2.800014343261719e+02, 2.800015563964844e+02, 2.800017395019531e+02, 2.800019226074219e+02, 2.800021362304688e+02, 2.800024108886719e+02, 2.800027465820312e+02, 2.800031433105469e+02, 2.80003662109375e+02, 2.800043334960938e+02, 2.800051879882812e+02, 2.800064392089844e+02, 2.799991455078125e+02, 2.799988098144531e+02, 2.7999853515625e+02, 2.799989624023438e+02, 2.799991455078125e+02, 2.799992980957031e+02, 2.799994201660156e+02, 2.799995727539062e+02, 2.799996948242188e+02, 2.799998168945312e+02, 2.799999694824219e+02, 2.800000915527344e+02, 2.800002136230469e+02, 2.799945373535156e+02, 2.799957275390625e+02, 2.799965515136719e+02, 2.799971618652344e+02, 2.799976806640625e+02, 2.79998046875e+02, 2.799983825683594e+02, 2.799986267089844e+02, 2.799988708496094e+02, 2.799990234375e+02, 2.799991760253906e+02, 2.799992980957031e+02, 2.800007019042969e+02, 2.80000732421875e+02, 2.800007629394531e+02, 2.800007934570312e+02, 2.800008239746094e+02, 2.800008544921875e+02, 2.800008850097656e+02, 2.800009155273438e+02, 2.800009460449219e+02, 2.800009460449219e+02, 2.800009765625e+02, 2.800010070800781e+02, 2.800010070800781e+02]
TDisRet.T=[2.871499938964844e+02, 2.873873901367188e+02, 2.874166564941406e+02, 2.874408264160156e+02, 2.874594116210938e+02, 2.874718322753906e+02, 2.874777526855469e+02, 2.874746704101562e+02, 2.875325012207031e+02, 2.875864562988281e+02, 2.874286804199219e+02, 2.873975219726562e+02, 2.873602294921875e+02, 2.873347778320312e+02, 2.873693237304688e+02, 2.874089050292969e+02, 2.874456481933594e+02, 2.87478759765625e+02, 2.875081787109375e+02, 2.875337219238281e+02, 2.875552978515625e+02, 2.875728759765625e+02, 2.875863647460938e+02, 2.875957641601562e+02, 2.876010131835938e+02, 2.876021728515625e+02, 2.876529541015625e+02, 2.877660217285156e+02, 2.878685607910156e+02, 2.879537048339844e+02, 2.880236206054688e+02, 2.882143249511719e+02, 2.881620788574219e+02, 2.881809997558594e+02, 2.882144775390625e+02, 2.882392578125e+02, 2.882559204101562e+02, 2.882647705078125e+02, 2.882400207519531e+02, 2.88179931640625e+02, 2.881168212890625e+02, 2.880506286621094e+02, 2.879813842773438e+02, 2.879093933105469e+02, 2.878349914550781e+02, 2.877584533691406e+02, 2.876799926757812e+02, 2.876000366210938e+02, 2.875186462402344e+02, 2.874363403320312e+02, 2.873533630371094e+02, 2.872236938476562e+02, 2.870921936035156e+02, 2.869604797363281e+02, 2.868287353515625e+02, 2.866972351074219e+02, 2.865661315917969e+02, 2.864355773925781e+02, 2.863056335449219e+02, 2.861764526367188e+02, 2.860480346679688e+02, 2.859203796386719e+02, 2.857929992675781e+02, 2.856971740722656e+02, 2.856414489746094e+02, 2.85599365234375e+02, 2.855591735839844e+02, 2.855211486816406e+02, 2.854871520996094e+02, 2.854573059082031e+02, 2.854317932128906e+02, 2.854107360839844e+02, 2.853942260742188e+02, 2.853823547363281e+02, 2.853751525878906e+02, 2.853727111816406e+02, 2.854365234375e+02, 2.855076599121094e+02, 2.855796203613281e+02, 2.856531677246094e+02, 2.857287902832031e+02, 2.858068542480469e+02, 2.858876953125e+02, 2.859714660644531e+02, 2.86058349609375e+02, 2.861484375e+02, 2.862417602539062e+02, 2.863383178710938e+02, 2.864199829101562e+02, 2.864853515625e+02, 2.865539855957031e+02, 2.866254272460938e+02, 2.866992797851562e+02, 2.867757568359375e+02, 2.868541259765625e+02, 2.869342346191406e+02, 2.870156555175781e+02, 2.870980529785156e+02, 2.871811828613281e+02, 2.872645568847656e+02, 2.87347900390625e+02]
time=[0e+00, 8.64e+04]
coo.hex.m1_flow=[1.066663662641076e-05, 4.236194789409637e-01, 4.330548346042633e-01, 4.428160190582275e-01, 4.52917754650116e-01, 4.633914828300476e-01, 4.742522835731506e-01, 4.856293797492981e-01, 4.94334876537323e-01, 5.023678541183472e-01, 5.221512913703918e-01, 5.353125333786011e-01, 5.488410592079163e-01, 5.594490766525269e-01, 5.621824264526367e-01, 5.639492273330688e-01, 5.655097961425781e-01, 5.66923975944519e-01, 5.681896805763245e-01, 5.693069696426392e-01, 5.702739357948303e-01, 5.710879564285278e-01, 5.717479586601257e-01, 5.722494721412659e-01, 5.725903511047363e-01, 5.727664828300476e-01, 5.646839141845703e-01, 5.504464507102966e-01, 5.369885563850403e-01, 5.248531699180603e-01, 5.136390924453735e-01, 4.968352019786835e-01, 4.91475522518158e-01, 4.828962683677673e-01, 4.734640419483184e-01, 4.643617868423462e-01, 4.555330276489258e-01, 4.469561576843262e-01, 4.417189359664917e-01, 4.399477541446686e-01, 4.380784034729004e-01, 4.361084401607513e-01, 4.340401291847229e-01, 4.31878000497818e-01, 4.296318888664246e-01, 4.273083508014679e-01, 4.249114096164703e-01, 4.224573373794556e-01, 4.199438691139221e-01, 4.173888862133026e-01, 4.147999286651611e-01, 4.185702204704285e-01, 4.226881563663483e-01, 4.270715415477753e-01, 4.317546188831329e-01, 4.367713928222657e-01, 4.421651661396027e-01, 4.479875564575195e-01, 4.542963206768036e-01, 4.611400067806244e-01, 4.685829281806946e-01, 4.7672438621521e-01, 4.856567978858948e-01, 4.901784360408783e-01, 4.883282482624054e-01, 4.859768748283386e-01, 4.838483929634094e-01, 4.820139408111572e-01, 4.8036989569664e-01, 4.789217412471771e-01, 4.776768982410431e-01, 4.766425490379333e-01, 4.758267104625702e-01, 4.752320051193237e-01, 4.748649001121521e-01, 4.747248888015747e-01, 4.637870490550995e-01, 4.530127644538879e-01, 4.432337880134583e-01, 4.34315413236618e-01, 4.261588454246521e-01, 4.187136292457581e-01, 4.118939638137817e-01, 4.056558609008789e-01, 3.999520540237427e-01, 3.947118520736694e-01, 3.899084627628326e-01, 3.854943811893463e-01, 3.843913078308105e-01, 3.86587381362915e-01, 3.888799846172333e-01, 3.912522792816162e-01, 3.936863541603088e-01, 3.961933851242065e-01, 3.987478315830231e-01, 4.013427197933197e-01, 4.039633274078369e-01, 4.06598687171936e-01, 4.092413783073425e-01, 4.118756949901581e-01, 4.144943952560425e-01]
coo.hex.m2_flow=[0e+00, 5e-01, 5e-01, 5e-01, 5e-01, 5e-01, 5e-01, 5e-01, 5e-01, 5e-01, 5e-01, 5e-01, 5e-01, 5e-01, 5e-01, 5e-01, 5e-01, 5e-01, 5e-01, 5e-01, 5e-01, 5e-01, 5e-01, 5e-01, 5e-01, 5e-01, 5e-01, 5e-01, 5e-01, 5e-01, 5e-01, 5e-01, 5e-01, 5e-01, 5e-01, 5e-01, 5e-01, 5e-01, 5e-01, 5e-01, 5e-01, 5e-01, 5e-01, 5e-01, 5e-01, 5e-01, 5e-01, 5e-01, 5e-01, 5e-01, 5e-01, 5e-01, 5e-01, 5e-01, 5e-01, 5e-01, 5e-01, 5e-01, 5e-01, 5e-01, 5e-01, 5e-01, 5e-01, 5e-01, 5e-01, 5e-01, 5e-01, 5e-01, 5e-01, 5e-01, 5e-01, 5e-01, 5e-01, 5e-01, 5e-01, 5e-01, 5e-01, 5e-01, 5e-01, 5e-01, 5e-01, 5e-01, 5e-01, 5e-01, 5e-01, 5e-01, 5e-01, 5e-01, 5e-01, 5e-01, 5e-01, 5e-01, 5e-01, 5e-01, 5e-01, 5e-01, 5e-01, 5e-01, 5e-01, 5e-01, 5e-01]
coo.val.y=[0e+00, 8.204468339681625e-02, 8.891415596008301e-02, 9.678148478269577e-02, 1.058697402477264e-01, 1.164902523159981e-01, 1.290444880723953e-01, 1.442629247903824e-01, 1.57461479306221e-01, 1.719889342784882e-01, 2.148561775684357e-01, 2.53549188375473e-01, 3.061783611774445e-01, 3.602369427680969e-01, 3.767777681350708e-01, 3.883147537708282e-01, 3.990273177623749e-01, 4.091754853725433e-01, 4.186365306377411e-01, 4.273011982440948e-01, 4.350483417510986e-01, 4.417553544044495e-01, 4.473201632499695e-01, 4.516234397888184e-01, 4.545809924602509e-01, 4.561100900173187e-01, 3.915108144283295e-01, 3.112571537494659e-01, 2.576485574245451e-01, 2.208215147256851e-01, 1.935378462076187e-01, 1.612612754106522e-01, 1.525708138942719e-01, 1.398602575063705e-01, 1.27633199095726e-01, 1.171628087759018e-01, 1.080664694309235e-01, 1.00087895989418e-01, 9.568186104297638e-02, 9.421262145042419e-02, 9.269208461046219e-02, 9.112264215946198e-02, 8.951009064912796e-02, 8.786187320947647e-02, 8.618930727243423e-02, 8.449992537498474e-02, 8.279924094676971e-02, 8.110076189041138e-02, 7.940445840358734e-02, 7.772352546453476e-02, 7.606332749128342e-02, 7.857189327478409e-02, 8.134014159440994e-02, 8.441823720932007e-02, 8.786363899707794e-02, 9.174820780754094e-02, 9.6165843307972e-02, 1.012392938137054e-01, 1.071284338831902e-01, 1.14028587937355e-01, 1.222130507230759e-01, 1.320935785770416e-01, 1.44237607717514e-01, 1.506696790456772e-01, 1.478575170040131e-01, 1.443920880556107e-01, 1.41378790140152e-01, 1.388438940048218e-01, 1.366250813007354e-01, 1.347115635871887e-01, 1.330967843532562e-01, 1.317761242389679e-01, 1.307482570409775e-01, 1.300072073936462e-01, 1.295545697212219e-01, 1.293856203556061e-01, 1.164946928620338e-01, 1.056130677461624e-01, 9.684532135725021e-02, 8.963380008935928e-02, 8.361104130744934e-02, 7.853617519140244e-02, 7.420670241117477e-02, 7.049023360013962e-02, 6.727921217679977e-02, 6.447485834360123e-02, 6.202090159058571e-02, 5.985767394304276e-02, 5.938311293721199e-02, 6.044178083539009e-02, 6.15692064166069e-02, 6.276073306798935e-02, 6.401026248931885e-02, 6.532678008079529e-02, 6.669942289590836e-02, 6.81273341178894e-02, 6.960500031709671e-02, 7.112825661897659e-02, 7.269461452960968e-02, 7.429606467485428e-02, 7.592903077602386e-02]
dTDis.y=[9e+00, 1.076754188537598e+01, 1.067682361602783e+01, 1.05809850692749e+01, 1.047955131530762e+01, 1.037199306488037e+01, 1.025788974761963e+01, 1.013481521606445e+01, 1.007264137268066e+01, 1.00065803527832e+01, 9.72880744934082e+00, 9.577664375305176e+00, 9.420341491699219e+00, 9.334778785705566e+00, 9.36933708190918e+00, 9.408906936645508e+00, 9.445639610290527e+00, 9.47877025604248e+00, 9.508174896240234e+00, 9.533713340759277e+00, 9.555301666259766e+00, 9.572872161865234e+00, 9.586376190185547e+00, 9.595757484436035e+00, 9.601016044616699e+00, 9.602170944213867e+00, 9.772831916809082e+00, 1.000591087341309e+01, 1.022844028472901e+01, 1.043357086181641e+01, 1.062350082397461e+01, 1.093419170379639e+01, 1.100193786621094e+01, 1.114087104797363e+01, 1.129433155059814e+01, 1.143911647796631e+01, 1.157576847076416e+01, 1.170460224151611e+01, 1.174002075195312e+01, 1.167994022369385e+01, 1.16168212890625e+01, 1.155062866210938e+01, 1.148138236999512e+01, 1.140938854217529e+01, 1.133499908447266e+01, 1.125846767425537e+01, 1.117997741699219e+01, 1.110002994537354e+01, 1.101864147186279e+01, 1.093634605407715e+01, 1.085336208343506e+01, 1.060386085510254e+01, 1.03523473739624e+01, 1.010063171386719e+01, 9.848911285400391e+00, 9.597405433654783e+00, 9.346286773681639e+00, 9.095717430114748e+00, 8.845794677734375e+00, 8.596607208251953e+00, 8.348188400268555e+00, 8.10052490234375e+00, 7.853133201599121e+00, 7.697185516357422e+00, 7.641443729400635e+00, 7.599366188049316e+00, 7.559175491333008e+00, 7.52114725112915e+00, 7.487142086029053e+00, 7.457302093505859e+00, 7.431794166564941e+00, 7.410750865936279e+00, 7.394214630126953e+00, 7.382365703582764e+00, 7.375154972076416e+00, 7.372716426849365e+00, 7.556383609771729e+00, 7.747493743896484e+00, 7.939462184906006e+00, 8.132993698120117e+00, 8.328633308410645e+00, 8.526698112487793e+00, 8.727524757385254e+00, 8.931303024291992e+00, 9.138174057006836e+00, 9.348272323608398e+00, 9.561594009399414e+00, 9.77814769744873e+00, 9.919989585876465e+00, 9.985366821289062e+00, 1.005397510528564e+01, 1.012543106079102e+01, 1.01992769241333e+01, 1.027577209472656e+01, 1.035411643981934e+01, 1.043424701690674e+01, 1.051566028594971e+01, 1.05980396270752e+01, 1.068119049072266e+01, 1.076455688476562e+01, 1.084788799285889e+01]
dTBui.y=[9e+00, 9.122189521789551e+00, 9.24677848815918e+00, 9.37031364440918e+00, 9.492258071899414e+00, 9.61207103729248e+00, 9.729239463806152e+00, 9.842939376831055e+00, 9.958128929138184e+00, 1.005325126647949e+01, 1.015929222106934e+01, 1.02535572052002e+01, 1.034004306793213e+01, 1.044430255889893e+01, 1.053425884246826e+01, 1.061200332641602e+01, 1.068292140960693e+01, 1.074720668792725e+01, 1.08046178817749e+01, 1.085495185852051e+01, 1.08980188369751e+01, 1.093364906311035e+01, 1.096171474456787e+01, 1.098206996917725e+01, 1.099463844299316e+01, 1.099935722351074e+01, 1.103713226318359e+01, 1.101551246643066e+01, 1.098515605926514e+01, 1.095220375061035e+01, 1.091332626342773e+01, 1.086489868164062e+01, 1.081418609619141e+01, 1.07597827911377e+01, 1.069487762451172e+01, 1.062370491027832e+01, 1.054629516601562e+01, 1.046289825439453e+01, 1.037137126922607e+01, 1.027688980102539e+01, 1.017792797088623e+01, 1.007444953918457e+01, 9.966559410095215e+00, 9.854743003845215e+00, 9.739584922790527e+00, 9.621527671813965e+00, 9.500882148742676e+00, 9.378482818603516e+00, 9.254348754882812e+00, 9.129350662231445e+00, 9.003842353820801e+00, 8.876374244689941e+00, 8.751208305358887e+00, 8.626967430114746e+00, 8.504184722900391e+00, 8.383310317993162e+00, 8.264791488647459e+00, 8.149121284484865e+00, 8.036709785461426e+00, 7.927977561950684e+00, 7.82331371307373e+00, 7.723059177398682e+00, 7.627457618713379e+00, 7.545769691467285e+00, 7.462854385375977e+00, 7.386023998260498e+00, 7.314774036407471e+00, 7.25037956237793e+00, 7.19298219680786e+00, 7.14271354675293e+00, 7.099782466888428e+00, 7.064362049102783e+00, 7.036510467529297e+00, 7.016467571258545e+00, 7.004165649414062e+00, 6.99977970123291e+00, 7.009095191955566e+00, 7.01942253112793e+00, 7.037918090820312e+00, 7.064383029937744e+00, 7.098605155944824e+00, 7.140439510345459e+00, 7.189692974090576e+00, 7.246136665344238e+00, 7.309545516967773e+00, 7.379682540893555e+00, 7.456220626831055e+00, 7.538871765136719e+00, 7.626038074493408e+00, 7.720142364501953e+00, 7.819272994995117e+00, 7.922885417938232e+00, 8.030341148376465e+00, 8.14210033416748e+00, 8.257058143615723e+00, 8.375116348266602e+00, 8.495573997497559e+00, 8.61798095703125e+00, 8.742058753967285e+00, 8.867012023925781e+00, 8.992480278015137e+00]
TApp.y=[2e+00, 3.383346319198608e+00, 3.26377534866333e+00, 3.144270658493042e+00, 3.024887323379517e+00, 2.905671119689941e+00, 2.786665201187134e+00, 2.668224096298218e+00, 2.544945001602173e+00, 2.437933921813965e+00, 2.315778732299805e+00, 2.200768232345581e+00, 2.08851432800293e+00, 2.012967824935913e+00, 2.006106615066528e+00, 2.005383253097534e+00, 2.005108594894409e+00, 2.004812479019165e+00, 2.0044846534729e+00, 2.004096746444702e+00, 2.003646850585938e+00, 2.003138780593872e+00, 2.002575159072876e+00, 2.001958608627319e+00, 2.00130558013916e+00, 2.000639677047729e+00, 2.078910827636719e+00, 2.208823442459106e+00, 2.339649677276612e+00, 2.465324640274048e+00, 2.589286327362061e+00, 2.715293884277344e+00, 2.836216449737549e+00, 2.953768491744995e+00, 3.074868679046631e+00, 3.195574522018432e+00, 3.316131830215454e+00, 3.436595916748047e+00, 3.499567270278931e+00, 3.499562740325928e+00, 3.499539136886597e+00, 3.499516248703003e+00, 3.499492645263672e+00, 3.499470949172974e+00, 3.499459981918335e+00, 3.499453783035278e+00, 3.499451398849487e+00, 3.499452114105225e+00, 3.499456405639648e+00, 3.499465227127075e+00, 3.499478578567505e+00, 3.381608486175537e+00, 3.261725187301636e+00, 3.141897916793823e+00, 3.022080421447754e+00, 2.902297735214233e+00, 2.782564640045165e+00, 2.662893772125245e+00, 2.543301820755005e+00, 2.423815011978149e+00, 2.304475545883179e+00, 2.185345888137817e+00, 2.066580295562744e+00, 1.999143362045288e+00, 1.998815417289734e+00, 1.998526930809021e+00, 1.998961448669434e+00, 1.999137997627258e+00, 1.999284982681274e+00, 1.999423861503601e+00, 1.999560594558716e+00, 1.999696969985962e+00, 1.999832034111023e+00, 1.999964833259583e+00, 2.000096082687378e+00, 2.000226259231567e+00, 2.114394664764404e+00, 2.235567808151245e+00, 2.356398582458496e+00, 2.477008819580078e+00, 2.597505807876587e+00, 2.717894792556763e+00, 2.838204860687256e+00, 2.958467960357666e+00, 3.078686237335205e+00, 3.198845624923706e+00, 3.318995952606201e+00, 3.439123153686523e+00, 3.500705718994141e+00, 3.500741004943848e+00, 3.500767230987549e+00, 3.500797748565674e+00, 3.500830173492432e+00, 3.500867366790771e+00, 3.500895500183105e+00, 3.500918865203857e+00, 3.500941038131714e+00, 3.500961065292358e+00, 3.500979423522949e+00, 3.50099515914917e+00, 3.501007318496704e+00]
coo.Q_flow=[0e+00, 1.90846484375e+04, 1.9345353515625e+04, 1.9603837890625e+04, 1.985883203125e+04, 2.010953125e+04, 2.0354439453125e+04, 2.059266015625e+04, 2.083321484375e+04, 2.103290234375e+04, 2.1254341796875e+04, 2.145155078125e+04, 2.163241015625e+04, 2.18502421875e+04, 2.203828515625e+04, 2.22009140625e+04, 2.234926171875e+04, 2.2483736328125e+04, 2.2603837890625e+04, 2.2709119140625e+04, 2.279919921875e+04, 2.28737265625e+04, 2.2932466796875e+04, 2.297504296875e+04, 2.3001326171875e+04, 2.3011169921875e+04, 2.3089658203125e+04, 2.304429296875e+04, 2.29808515625e+04, 2.291197265625e+04, 2.2830603515625e+04, 2.272954296875e+04, 2.2623654296875e+04, 2.25094375e+04, 2.23737734375e+04, 2.222494140625e+04, 2.2062837890625e+04, 2.1888361328125e+04, 2.169734375e+04, 2.149975e+04, 2.1292703125e+04, 2.107617578125e+04, 2.085046484375e+04, 2.0616509765625e+04, 2.037556640625e+04, 2.012854296875e+04, 1.9876091796875e+04, 1.9619986328125e+04, 1.936025e+04, 1.9098744140625e+04, 1.88362578125e+04, 1.8570517578125e+04, 1.8308408203125e+04, 1.804848828125e+04, 1.779167578125e+04, 1.753879296875e+04, 1.729080859375e+04, 1.7048830078125e+04, 1.6813873046875e+04, 1.658637890625e+04, 1.6367048828125e+04, 1.61574267578125e+04, 1.595747265625e+04, 1.57862080078125e+04, 1.5612734375e+04, 1.54519990234375e+04, 1.5302958984375e+04, 1.516824609375e+04, 1.50481640625e+04, 1.4943005859375e+04, 1.48531845703125e+04, 1.47790556640625e+04, 1.47208388671875e+04, 1.46788798828125e+04, 1.46532138671875e+04, 1.464405078125e+04, 1.46630498046875e+04, 1.46846416015625e+04, 1.47236552734375e+04, 1.47790791015625e+04, 1.48503583984375e+04, 1.49379033203125e+04, 1.5040705078125e+04, 1.51587802734375e+04, 1.52918154296875e+04, 1.54384326171875e+04, 1.55985634765625e+04, 1.57712568359375e+04, 1.5954251953125e+04, 1.61511474609375e+04, 1.63585595703125e+04, 1.6575326171875e+04, 1.6800083984375e+04, 1.703387109375e+04, 1.727440234375e+04, 1.7521375e+04, 1.777338671875e+04, 1.8029478515625e+04, 1.8289037109375e+04, 1.8550431640625e+04, 1.8812890625e+04]
coo.Q=[0e+00, 1.5280506e+07, 3.1882288e+07, 4.8708284e+07, 6.5756156e+07, 8.30226e+07, 1.00503344e+08, 1.1819296e+08, 1.3608936e+08, 1.54191696e+08, 1.7245464e+08, 1.90904704e+08, 2.0951824e+08, 2.28294048e+08, 2.47257136e+08, 2.66369616e+08, 2.8561568e+08, 3.049833600000001e+08, 3.24458624e+08, 3.44030112e+08, 3.636856e+08, 3.83412064e+08, 4.0319776e+08, 4.23028384e+08, 4.42890464e+08, 4.62768832e+08, 4.826992e+08, 5.02632704e+08, 5.225157440000001e+08, 5.4234208e+08, 5.62104e+08, 5.81800128e+08, 6.0139136e+08, 6.20886656e+08, 6.402762240000001e+08, 6.595434879999999e+08, 6.78676672e+08, 6.97664576e+08, 7.16490304e+08, 7.35089856e+08, 7.53507456e+08, 7.71744896e+08, 7.89813696e+08, 8.07713856e+08, 8.25410432e+08, 8.42901184e+08, 8.60179648e+08, 8.77237312e+08, 8.94076224e+08, 9.10692992e+08, 9.27086208e+08, 9.43217408e+08, 9.59106304e+08, 9.74797888e+08, 9.90277888e+08, 1.005540288e+09, 1.0205872e+09, 1.035423296e+09, 1.050053056e+09, 1.064482176e+09, 1.07871808e+09, 1.09276864e+09, 1.106641536e+09, 1.12035264e+09, 1.13390464e+09, 1.147318912e+09, 1.160584192e+09, 1.173738624e+09, 1.186792064e+09, 1.199750784e+09, 1.212629504e+09, 1.225445888e+09, 1.238204928e+09, 1.25092736e+09, 1.263608704e+09, 1.276271232e+09, 1.288935808e+09, 1.301613568e+09, 1.314317312e+09, 1.327061248e+09, 1.33985984e+09, 1.352727168e+09, 1.365676928e+09, 1.378722304e+09, 1.391876096e+09, 1.405150464e+09, 1.418557568e+09, 1.432108544e+09, 1.445818496e+09, 1.45973184e+09, 1.473855616e+09, 1.488160128e+09, 1.502622592e+09, 1.517255424e+09, 1.532093568e+09, 1.547131648e+09, 1.56238464e+09, 1.577855488e+09, 1.59354688e+09, 1.60946176e+09, 1.625602048e+09]
