last-generated=2022-01-11
statistics-initialization=
{
  "nonlinear": "1, 1, 5",
  "numerical Jacobians": "0"
}
statistics-simulation=
{
  "linear": "0",
  "nonlinear": "1, 4, 1",
  "number of continuous time states": "10",
  "numerical Jacobians": "0"
}
time=[0e+00, 6.048e+05]
bui.maxTSet.y=[2.971499938964844e+02, 2.971499938964844e+02]
bui.minTSet.y=[2.931499938964844e+02, 2.931499938964844e+02]
bui.zon.TAir=[2.931499938964844e+02, 2.931473693847656e+02, 2.931480102539062e+02, 2.931492919921875e+02, 2.931504516601562e+02, 2.931482238769531e+02, 2.931498718261719e+02, 2.931499633789062e+02, 2.931495056152344e+02, 2.931497802734375e+02, 2.931499633789062e+02, 2.931501159667969e+02, 2.931500549316406e+02, 2.931499633789062e+02, 2.931497802734375e+02, 2.931499328613281e+02, 2.931499938964844e+02, 2.931500244140625e+02, 2.931489868164062e+02, 2.931497192382812e+02, 2.943623962402344e+02, 2.948678894042969e+02, 2.948768615722656e+02, 2.955193786621094e+02, 2.95788818359375e+02, 2.948111572265625e+02, 2.94065185546875e+02, 2.937186584472656e+02, 2.934516906738281e+02, 2.931718139648438e+02, 2.931508483886719e+02, 2.931502990722656e+02, 2.931497802734375e+02, 2.9314990234375e+02, 2.946981201171875e+02, 2.953075256347656e+02, 2.953915710449219e+02, 2.959406433105469e+02, 2.9621142578125e+02, 2.954411010742188e+02, 2.945699462890625e+02, 2.941406555175781e+02, 2.93813232421875e+02, 2.934750366210938e+02, 2.932228698730469e+02, 2.931494140625e+02, 2.931497802734375e+02, 2.931499633789062e+02, 2.943723754882812e+02, 2.951610717773438e+02, 2.955814514160156e+02, 2.957890319824219e+02, 2.960976257324219e+02, 2.960888977050781e+02, 2.946519470214844e+02, 2.941454467773438e+02, 2.938265686035156e+02, 2.934630737304688e+02, 2.931500854492188e+02, 2.931493530273438e+02, 2.931501159667969e+02, 2.93150390625e+02, 2.939638671875e+02, 2.950291442871094e+02, 2.955459899902344e+02, 2.958531494140625e+02, 2.962306213378906e+02, 2.964020690917969e+02, 2.948602600097656e+02, 2.942921752929688e+02, 2.938355407714844e+02, 2.934378662109375e+02, 2.931499328613281e+02, 2.931505126953125e+02, 2.93150634765625e+02, 2.93150390625e+02, 2.931510009765625e+02, 2.946403503417969e+02, 2.951606140136719e+02, 2.950339660644531e+02, 2.954810791015625e+02, 2.95715576171875e+02, 2.946951904296875e+02, 2.937183227539062e+02, 2.931832580566406e+02, 2.931502075195312e+02, 2.93150390625e+02, 2.931507568359375e+02, 2.931494140625e+02, 2.931483459472656e+02, 2.931493530273438e+02, 2.93150634765625e+02, 2.93149658203125e+02, 2.931559143066406e+02, 2.9314990234375e+02, 2.931502380371094e+02, 2.931461181640625e+02, 2.9314990234375e+02, 2.931502685546875e+02, 2.931501770019531e+02, 2.931499328613281e+02]
bui.terUni.QActHea_flow=[-0e+00, 1.369672241210938e+02, 4.203580322265625e+02, 5.98373046875e+02, 7.337003784179688e+02, 7.101417846679688e+02, 6.222566528320312e+02, 6.229146728515625e+02, 7.088525390625e+02, 7.710576782226562e+02, 8.509799194335938e+02, 8.923651123046875e+02, 9.115245361328125e+02, 9.21353515625e+02, 9.395770263671875e+02, 8.606900024414062e+02, 8.702916870117188e+02, 8.794127807617188e+02, 8.024583129882812e+02, 6.052545776367188e+02, 0e+00, 0e+00, 0e+00, 0e+00, 0e+00, 0e+00, 0e+00, 0e+00, 0e+00, 0e+00, 1.33359619140625e+02, 2.26210205078125e+02, 2.907174987792969e+02, 1.541328277587891e+02, 0e+00, 0e+00, 0e+00, 0e+00, 0e+00, 0e+00, 0e+00, 0e+00, 0e+00, 0e+00, 0e+00, 1.087949066162109e+02, 2.212511901855469e+02, 2.531547698974609e+02, 0e+00, 0e+00, 0e+00, 0e+00, 0e+00, 0e+00, 0e+00, 0e+00, 0e+00, 0e+00, 1.643146705627441e+01, 1.831551971435547e+02, 3.445220336914062e+02, 4.062276611328125e+02, 0e+00, 0e+00, 0e+00, 0e+00, 0e+00, 0e+00, 0e+00, 0e+00, 0e+00, 0e+00, 6.086550903320312e+01, 2.657391052246094e+02, 4.354695739746094e+02, 5.536551513671875e+02, 4.366835327148438e+02, 0e+00, 0e+00, 0e+00, 0e+00, 0e+00, 0e+00, 0e+00, 0e+00, 3.026982727050781e+02, 6.898308715820312e+02, 8.901138305664062e+02, 1.0565869140625e+03, 1.21075439453125e+03, 1.1691279296875e+03, 5.581744384765625e+02, 4.700963439941406e+02, 7.44137939453125e+02, 7.710901489257812e+02, 6.576098022460938e+02, 1.045346923828125e+03, 1.236555053710938e+03, 1.303440551757812e+03, 1.356584716796875e+03, 1.407767333984375e+03]
bui.terUni.QActCoo_flow=[-0e+00, 0e+00, -0e+00, -0e+00, -0e+00, -0e+00, -0e+00, 0e+00, -0e+00, -0e+00, -0e+00, -0e+00, -0e+00, -0e+00, 0e+00, -0e+00, -0e+00, 0e+00, -0e+00, -0e+00, -0e+00, -0e+00, -0e+00, -0e+00, -0e+00, -0e+00, -0e+00, -0e+00, 0e+00, -0e+00, -0e+00, -0e+00, -0e+00, -0e+00, 0e+00, -0e+00, -0e+00, -0e+00, -0e+00, -0e+00, -0e+00, 0e+00, -0e+00, -0e+00, -0e+00, -0e+00, -0e+00, -0e+00, -0e+00, -0e+00, -0e+00, -0e+00, -0e+00, -0e+00, -0e+00, -0e+00, 0e+00, 0e+00, -0e+00, -0e+00, -0e+00, -0e+00, -0e+00, -0e+00, -0e+00, -0e+00, -0e+00, -0e+00, 0e+00, 0e+00, -0e+00, -0e+00, -0e+00, -0e+00, -0e+00, -0e+00, -0e+00, -0e+00, -0e+00, -0e+00, -0e+00, 0e+00, 0e+00, -0e+00, -0e+00, -0e+00, -0e+00, -0e+00, -0e+00, -0e+00, -0e+00, -0e+00, -0e+00, -0e+00, -0e+00, -0e+00, -0e+00, -0e+00, -0e+00, -0e+00, -0e+00]
supHeaWat.T_in=[3.131499938964844e+02, 3.131499938964844e+02]
bui.terUni.T_aHeaWat_nominal=[3.131499938964844e+02, 3.131499938964844e+02]
bui.disFloHea.mReq_flow[1]=[0e+00, 3.55934351682663e-03, 1.551259774714708e-02, 2.340472117066383e-02, 2.971526980400085e-02, 2.859559468924999e-02, 2.450073324143887e-02, 2.453114092350006e-02, 2.853689529001713e-02, 3.149821981787682e-02, 3.537451103329659e-02, 3.741275146603584e-02, 3.836309909820557e-02, 3.885218128561974e-02, 3.97619865834713e-02, 3.585074841976166e-02, 3.63229438662529e-02, 3.677253797650337e-02, 3.300996124744415e-02, 2.371976897120476e-02, 0e+00, 0e+00, 0e+00, 0e+00, 0e+00, 0e+00, 0e+00, 0e+00, 0e+00, 0e+00, 3.384842770174146e-03, 7.533221039921045e-03, 1.011409610509872e-02, 4.378153011202812e-03, 0e+00, 0e+00, 0e+00, 0e+00, 0e+00, 0e+00, 0e+00, 0e+00, 0e+00, 0e+00, 0e+00, 2.274696715176105e-03, 7.326520048081875e-03, 8.611457422375679e-03, 0e+00, 0e+00, 0e+00, 0e+00, 0e+00, 0e+00, 0e+00, 0e+00, 0e+00, 0e+00, 1.879018527688459e-04, 5.703888367861509e-03, 1.23002091422677e-02, 1.489078626036644e-02, 0e+00, 0e+00, 0e+00, 0e+00, 0e+00, 0e+00, 0e+00, 0e+00, 0e+00, 0e+00, 8.501443662680686e-04, 9.103449061512947e-03, 1.613619923591614e-02, 2.134045399725437e-02, 1.618870161473751e-02, 0e+00, 0e+00, 0e+00, 0e+00, 0e+00, 0e+00, 0e+00, 0e+00, 1.057884842157364e-02, 2.758396789431572e-02, 3.722210228443146e-02, 4.559783264994621e-02, 5.36416620016098e-02, 5.144469439983368e-02, 2.153491415083408e-02, 1.762868836522102e-02, 3.015555627644062e-02, 3.143076971173286e-02, 2.607955783605576e-02, 4.50097881257534e-02, 5.501647666096687e-02, 5.861526727676392e-02, 6.151135638356209e-02, 6.433191150426865e-02]
bui.disFloHea.mAct_flow[1].y=[-0e+00, 3.568929387256503e-03, 1.552216336131096e-02, 2.341428585350513e-02, 2.972483262419701e-02, 2.860515937209129e-02, 2.451029792428017e-02, 2.454070560634136e-02, 2.854645997285843e-02, 3.150778263807297e-02, 3.538407385349274e-02, 3.742231428623199e-02, 3.837266191840172e-02, 3.886174410581589e-02, 3.977154567837715e-02, 3.586031123995781e-02, 3.633250668644905e-02, 3.678210079669952e-02, 3.30195240676403e-02, 2.372933179140091e-02, -0e+00, -0e+00, -0e+00, -0e+00, -0e+00, -0e+00, -0e+00, -0e+00, 0e+00, -0e+00, 3.394430037587881e-03, 7.542793173342943e-03, 1.01236654445529e-02, 4.387734457850456e-03, 0e+00, -0e+00, -0e+00, -0e+00, -0e+00, -0e+00, -0e+00, 0e+00, -0e+00, -0e+00, -0e+00, 2.284297253936529e-03, 7.33609264716506e-03, 8.621028624475002e-03, -0e+00, -0e+00, -0e+00, -0e+00, -0e+00, -0e+00, -0e+00, -0e+00, 0e+00, 0e+00, 1.979745720745996e-04, 5.713464692234993e-03, 1.230977661907673e-02, 1.490035280585289e-02, -0e+00, -0e+00, -0e+00, -0e+00, -0e+00, -0e+00, 0e+00, 0e+00, -0e+00, -0e+00, 8.598132990300655e-04, 9.113019332289696e-03, 1.614576391875744e-02, 2.135001868009567e-02, 1.619826816022396e-02, -0e+00, -0e+00, -0e+00, -0e+00, 0e+00, 0e+00, -0e+00, -0e+00, 1.058841682970524e-02, 2.759353071451187e-02, 3.723166510462761e-02, 4.560739174485207e-02, 5.365122482180595e-02, 5.145425349473953e-02, 2.154447883367538e-02, 1.763825304806232e-02, 3.016511909663677e-02, 3.144033253192902e-02, 2.608912065625191e-02, 4.501935094594955e-02, 5.502603948116302e-02, 5.862483009696007e-02, 6.152091547846794e-02, 6.43414705991745e-02]
bui.disFloHea.m_flow_nominal=[9.560229629278183e-02, 9.560229629278183e-02]
bui.terUni.QHea_flow_nominal=[2e+03, 2e+03]
supChiWat.T_in=[2.801499938964844e+02, 2.801499938964844e+02]
bui.terUni.T_aChiWat_nominal=[2.801499938964844e+02, 2.801499938964844e+02]
bui.disFloCoo.mReq_flow[1]=[0e+00, 0e+00, 0e+00, 0e+00, 0e+00, 0e+00, 0e+00, 0e+00, 0e+00, 0e+00, 0e+00, 0e+00, 0e+00, 0e+00, 0e+00, 0e+00, 0e+00, 0e+00, 0e+00, 0e+00, 0e+00, 0e+00, 0e+00, 0e+00, 0e+00, 0e+00, 0e+00, 0e+00, 0e+00, 0e+00, 0e+00, 0e+00, 0e+00, 0e+00, 0e+00, 0e+00, 0e+00, 0e+00, 0e+00, 0e+00, 0e+00, 0e+00, 0e+00, 0e+00, 0e+00, 0e+00, 0e+00, 0e+00, 0e+00, 0e+00, 0e+00, 0e+00, 0e+00, 0e+00, 0e+00, 0e+00, 0e+00, 0e+00, 0e+00, 0e+00, 0e+00, 0e+00, 0e+00, 0e+00, 0e+00, 0e+00, 0e+00, 0e+00, 0e+00, 0e+00, 0e+00, 0e+00, 0e+00, 0e+00, 0e+00, 0e+00, 0e+00, 0e+00, 0e+00, 0e+00, 0e+00, 0e+00, 0e+00, 0e+00, 0e+00, 0e+00, 0e+00, 0e+00, 0e+00, 0e+00, 0e+00, 0e+00, 0e+00, 0e+00, 0e+00, 0e+00, 0e+00, 0e+00, 0e+00, 0e+00, 0e+00]
bui.disFloCoo.mAct_flow[1].y=[-0e+00, -0e+00, -0e+00, -0e+00, -0e+00, -0e+00, -0e+00, 0e+00, -0e+00, -0e+00, -0e+00, -0e+00, -0e+00, -0e+00, 0e+00, -0e+00, -0e+00, 0e+00, -0e+00, -0e+00, -0e+00, -0e+00, -0e+00, -0e+00, -0e+00, -0e+00, -0e+00, -0e+00, 0e+00, -0e+00, -0e+00, -0e+00, -0e+00, -0e+00, 0e+00, -0e+00, -0e+00, -0e+00, -0e+00, -0e+00, -0e+00, 0e+00, -0e+00, -0e+00, -0e+00, -0e+00, -0e+00, -0e+00, -0e+00, -0e+00, -0e+00, -0e+00, -0e+00, -0e+00, -0e+00, -0e+00, 0e+00, 0e+00, -0e+00, -0e+00, -0e+00, -0e+00, -0e+00, -0e+00, -0e+00, -0e+00, -0e+00, -0e+00, 0e+00, 0e+00, -0e+00, -0e+00, -0e+00, -0e+00, -0e+00, -0e+00, -0e+00, -0e+00, -0e+00, -0e+00, -0e+00, 0e+00, 0e+00, -0e+00, -0e+00, -0e+00, -0e+00, -0e+00, -0e+00, -0e+00, -0e+00, -0e+00, -0e+00, -0e+00, -0e+00, -0e+00, -0e+00, -0e+00, -0e+00, -0e+00, -0e+00]
bui.disFloCoo.m_flow_nominal=[9.560229629278183e-02, 9.560229629278183e-02]
