last-generated=2020-07-30
statistics-initialization=
{
  "nonlinear": "1, 2, 1",
  "numerical Jacobians": "0"
}
statistics-simulation=
{
  "linear": "0, 0",
  "nonlinear": "1, 2, 1",
  "number of continuous time states": "42",
  "numerical Jacobians": "0"
}
time=[6.5e+06, 7e+06]
ets.tanHeaWat.TTop=[2.931499938964844e+02, 2.931499938964844e+02, 2.931499938964844e+02, 2.931499938964844e+02, 2.931499938964844e+02, 2.931499938964844e+02, 2.931499938964844e+02, 2.931499938964844e+02, 2.931499938964844e+02, 2.931499938964844e+02, 2.931499938964844e+02, 2.931499938964844e+02, 2.931499938964844e+02, 2.931499938964844e+02, 2.931499938964844e+02, 2.931499938964844e+02, 2.931499938964844e+02, 2.935444946289062e+02, 3.181443176269531e+02, 3.0755517578125e+02, 3.032629699707031e+02, 3.193668212890625e+02, 3.183046569824219e+02, 3.042540893554688e+02, 3.036506652832031e+02, 3.182127075195312e+02, 3.05062255859375e+02, 3.041396484375e+02, 3.038008117675781e+02, 3.037835693359375e+02, 3.037831420898438e+02, 3.0378271484375e+02, 3.037822875976562e+02, 3.07746826171875e+02, 3.182131958007812e+02, 3.181394958496094e+02, 3.18820068359375e+02, 3.033206787109375e+02, 3.075171203613281e+02, 3.185304260253906e+02, 3.019797973632812e+02, 3.036206665039062e+02, 3.181823425292969e+02, 3.165094299316406e+02, 3.181474914550781e+02, 3.181474914550781e+02, 3.066533508300781e+02, 3.066446838378906e+02, 3.066360168457031e+02, 3.066274108886719e+02, 3.066187744140625e+02, 3.182659606933594e+02, 3.179224243164062e+02, 3.182107543945312e+02, 3.151694946289062e+02, 3.041754760742188e+02, 3.165702209472656e+02, 3.006707153320312e+02, 3.037764587402344e+02, 3.131687316894531e+02, 3.176751098632812e+02, 3.180898742675781e+02, 3.1814111328125e+02, 3.064181823730469e+02, 3.06409912109375e+02, 3.064016723632812e+02, 3.063934631347656e+02, 3.063852844238281e+02, 3.180743103027344e+02, 3.1805908203125e+02, 3.165630798339844e+02, 3.002681579589844e+02, 3.036514282226562e+02, 3.143133239746094e+02, 3.035703430175781e+02, 3.036685180664062e+02, 3.036616516113281e+02, 3.186534118652344e+02, 3.00598388671875e+02, 3.016598510742188e+02, 3.029654235839844e+02, 3.030086669921875e+02, 3.030086364746094e+02, 3.030086364746094e+02, 3.030086364746094e+02, 3.030086364746094e+02, 3.030086059570312e+02, 3.19689208984375e+02, 3.017730407714844e+02, 3.036173400878906e+02, 3.036391906738281e+02, 3.036793823242188e+02, 3.036363220214844e+02, 3.036789245605469e+02, 3.098772583007812e+02, 3.012174987792969e+02, 3.012185668945312e+02, 3.012187805175781e+02, 3.012187805175781e+02, 3.0121875e+02, 3.0121875e+02]
ets.tanHeaWat.TBot=[2.931499938964844e+02, 2.931499938964844e+02, 2.931499938964844e+02, 2.931499938964844e+02, 2.931499938964844e+02, 2.931499938964844e+02, 2.931499938964844e+02, 2.931499938964844e+02, 2.931499938964844e+02, 2.931499938964844e+02, 2.931499938964844e+02, 2.931499938964844e+02, 2.931499938964844e+02, 2.931499938964844e+02, 2.931499938964844e+02, 2.931499938964844e+02, 2.931499938964844e+02, 2.936542358398438e+02, 3.178437194824219e+02, 3.07852783203125e+02, 3.032486877441406e+02, 3.189879760742188e+02, 3.18610107421875e+02, 3.042901611328125e+02, 3.036506652832031e+02, 3.180147094726562e+02, 3.033025817871094e+02, 3.036442565917969e+02, 3.0355712890625e+02, 3.03634033203125e+02, 3.036341857910156e+02, 3.036343383789062e+02, 3.036344909667969e+02, 3.077851867675781e+02, 3.179601745605469e+02, 3.173900756835938e+02, 3.187351379394531e+02, 3.032813110351562e+02, 3.069513549804688e+02, 3.182486267089844e+02, 3.018985900878906e+02, 3.03630126953125e+02, 3.176834411621094e+02, 3.16426025390625e+02, 3.18032470703125e+02, 3.180001525878906e+02, 3.017176208496094e+02, 3.017282104492188e+02, 3.0173876953125e+02, 3.017492980957031e+02, 3.017599487304688e+02, 3.175581970214844e+02, 3.169334106445312e+02, 3.17849365234375e+02, 3.154801330566406e+02, 3.041670227050781e+02, 3.161077575683594e+02, 3.008157653808594e+02, 3.0381298828125e+02, 3.124140625e+02, 3.175783081054688e+02, 3.179857482910156e+02, 3.180156555175781e+02, 3.016611022949219e+02, 3.016714172363281e+02, 3.016817016601562e+02, 3.016919250488281e+02, 3.017021179199219e+02, 3.172412719726562e+02, 3.174753723144531e+02, 3.163509216308594e+02, 3.003511657714844e+02, 3.03660400390625e+02, 3.136141662597656e+02, 3.034340515136719e+02, 3.0366845703125e+02, 3.036692504882812e+02, 3.185612182617188e+02, 3.006249694824219e+02, 3.017005920410156e+02, 3.029867553710938e+02, 3.030059509277344e+02, 3.030055541992188e+02, 3.030052185058594e+02, 3.030050659179688e+02, 3.030053100585938e+02, 3.030057983398438e+02, 3.189057006835938e+02, 3.017026062011719e+02, 3.036071166992188e+02, 3.036387634277344e+02, 3.036807556152344e+02, 3.036365356445312e+02, 3.036790161132812e+02, 3.091694030761719e+02, 3.012184143066406e+02, 3.012172241210938e+02, 3.012164001464844e+02, 3.012171936035156e+02, 3.012171936035156e+02, 3.012171936035156e+02]
senTHeaWatSup.T=[2.931499938964844e+02, 2.931499938964844e+02, 2.931499938964844e+02, 2.931499938964844e+02, 2.931499938964844e+02, 2.931499938964844e+02, 2.931499938964844e+02, 2.931499938964844e+02, 2.931499938964844e+02, 2.931499938964844e+02, 2.931499938964844e+02, 2.931499938964844e+02, 2.931499938964844e+02, 2.931499938964844e+02, 2.931499938964844e+02, 2.931499938964844e+02, 2.931499938964844e+02, 2.933419494628906e+02, 3.181322631835938e+02, 3.09935302734375e+02, 3.0305224609375e+02, 3.194314270019531e+02, 3.189067687988281e+02, 3.010641784667969e+02, 3.010641784667969e+02, 3.182214660644531e+02, 3.051196899414062e+02, 3.041618957519531e+02, 3.038079833984375e+02, 3.037926940917969e+02, 3.037926940917969e+02, 3.037926940917969e+02, 3.037926940917969e+02, 3.078004150390625e+02, 3.182135620117188e+02, 3.181377563476562e+02, 3.187926940917969e+02, 3.030056457519531e+02, 3.069787902832031e+02, 3.184830932617188e+02, 3.013501586914062e+02, 3.03595703125e+02, 3.182096862792969e+02, 3.165403442382812e+02, 3.181486511230469e+02, 3.181471557617188e+02, 3.113965148925781e+02, 3.113965148925781e+02, 3.113965148925781e+02, 3.113965148925781e+02, 3.113964233398438e+02, 3.182654113769531e+02, 3.179229736328125e+02, 3.181788330078125e+02, 3.172640075683594e+02, 3.039463195800781e+02, 3.165533142089844e+02, 3.034400329589844e+02, 3.039826049804688e+02, 3.128288879394531e+02, 3.177130737304688e+02, 3.180349426269531e+02, 3.181410827636719e+02, 3.101501159667969e+02, 3.101501159667969e+02, 3.101501159667969e+02, 3.101501159667969e+02, 3.101501159667969e+02, 3.180707092285156e+02, 3.18060302734375e+02, 3.165689392089844e+02, 3.021703796386719e+02, 3.016156921386719e+02, 3.134159851074219e+02, 3.044384765625e+02, 3.044384765625e+02, 3.043617553710938e+02, 3.186473388671875e+02, 3.035840148925781e+02, 3.015546875e+02, 3.028757019042969e+02, 3.029106140136719e+02, 3.029106140136719e+02, 3.029106140136719e+02, 3.029106140136719e+02, 3.029106140136719e+02, 3.029107666015625e+02, 3.197073059082031e+02, 3.012561645507812e+02, 3.013053894042969e+02, 3.013053894042969e+02, 3.013053894042969e+02, 3.013053894042969e+02, 3.013053894042969e+02, 3.085953674316406e+02, 3.013022155761719e+02, 3.013022155761719e+02, 3.013022155761719e+02, 3.013022155761719e+02, 3.013022155761719e+02, 3.013022155761719e+02]
senTHeaWatRet.T=[2.931499938964844e+02, 2.931499938964844e+02, 2.931499938964844e+02, 2.931499938964844e+02, 2.931499938964844e+02, 2.931499938964844e+02, 2.931499938964844e+02, 2.931499938964844e+02, 2.931499938964844e+02, 2.931499938964844e+02, 2.931499938964844e+02, 2.931499938964844e+02, 2.931499938964844e+02, 2.931499938964844e+02, 2.931499938964844e+02, 2.931499938964844e+02, 2.931499938964844e+02, 3.131159057617188e+02, 3.139932250976562e+02, 3.136199035644531e+02, 3.126376037597656e+02, 3.118173828125e+02, 3.119183959960938e+02, 3.117528991699219e+02, 3.117528991699219e+02, 3.115090942382812e+02, 3.113119812011719e+02, 3.106780700683594e+02, 3.099244689941406e+02, 3.098513488769531e+02, 3.098513488769531e+02, 3.098513488769531e+02, 3.098513488769531e+02, 3.096653137207031e+02, 3.1033203125e+02, 3.115315551757812e+02, 3.1193310546875e+02, 3.113370056152344e+02, 3.106913757324219e+02, 3.111120910644531e+02, 3.111464233398438e+02, 3.108774108886719e+02, 3.107286376953125e+02, 3.110843200683594e+02, 3.111903381347656e+02, 3.1147314453125e+02, 3.115472717285156e+02, 3.115472717285156e+02, 3.115472717285156e+02, 3.115472717285156e+02, 3.11547119140625e+02, 3.114020385742188e+02, 3.121516723632812e+02, 3.121238403320312e+02, 3.122604675292969e+02, 3.115145263671875e+02, 3.112604370117188e+02, 3.114680786132812e+02, 3.111204833984375e+02, 3.105119018554688e+02, 3.110950927734375e+02, 3.111323852539062e+02, 3.113580322265625e+02, 3.114904174804688e+02, 3.114904174804688e+02, 3.114904174804688e+02, 3.114904174804688e+02, 3.114904174804688e+02, 3.108383178710938e+02, 3.119898986816406e+02, 3.124583435058594e+02, 3.122935180664062e+02, 3.121625366210938e+02, 3.116300659179688e+02, 3.11622802734375e+02, 3.11622802734375e+02, 3.116172180175781e+02, 3.113759155273438e+02, 3.113583984375e+02, 3.110260925292969e+02, 3.105786437988281e+02, 3.105658874511719e+02, 3.105658874511719e+02, 3.105658874511719e+02, 3.105658874511719e+02, 3.105658874511719e+02, 3.105657348632812e+02, 3.107131042480469e+02, 3.10861572265625e+02, 3.108499145507812e+02, 3.108499145507812e+02, 3.108499145507812e+02, 3.108499145507812e+02, 3.108499145507812e+02, 3.102926025390625e+02, 3.100490417480469e+02, 3.100490417480469e+02, 3.100490417480469e+02, 3.100490417480469e+02, 3.100490417480469e+02, 3.100490417480469e+02]
ets.conSup.THeaWatSupPreSet=[3.181499938964844e+02, 3.181499938964844e+02]
ets.conSup.THeaWatSupSet=[3.031499938964844e+02, 3.031499938964844e+02, 3.031499938964844e+02, 3.031499938964844e+02, 3.031499938964844e+02, 3.031499938964844e+02, 3.031499938964844e+02, 3.031499938964844e+02, 3.031499938964844e+02, 3.031499938964844e+02, 3.031499938964844e+02, 3.031499938964844e+02, 3.031499938964844e+02, 3.031499938964844e+02, 3.031499938964844e+02, 3.031499938964844e+02, 3.031499938964844e+02, 3.031499938964844e+02, 3.181499938964844e+02, 3.031499938964844e+02, 3.031499938964844e+02, 3.181499938964844e+02, 3.069046325683594e+02, 3.031499938964844e+02, 3.031499938964844e+02, 3.181499938964844e+02, 3.031499938964844e+02, 3.031499938964844e+02, 3.031499938964844e+02, 3.031499938964844e+02, 3.031499938964844e+02, 3.031499938964844e+02, 3.031499938964844e+02, 3.181499938964844e+02, 3.181499938964844e+02, 3.181499938964844e+02, 3.181499938964844e+02, 3.031499938964844e+02, 3.181499938964844e+02, 3.181499938964844e+02, 3.031499938964844e+02, 3.031499938964844e+02, 3.181499938964844e+02, 3.181499938964844e+02, 3.181499938964844e+02, 3.181499938964844e+02, 3.031499938964844e+02, 3.031499938964844e+02, 3.031499938964844e+02, 3.031499938964844e+02, 3.031499938964844e+02, 3.181499938964844e+02, 3.181499938964844e+02, 3.181499938964844e+02, 3.031499938964844e+02, 3.031499938964844e+02, 3.181499938964844e+02, 3.031499938964844e+02, 3.031499938964844e+02, 3.181499938964844e+02, 3.181499938964844e+02, 3.181499938964844e+02, 3.181499938964844e+02, 3.031499938964844e+02, 3.031499938964844e+02, 3.031499938964844e+02, 3.031499938964844e+02, 3.031499938964844e+02, 3.181499938964844e+02, 3.181499938964844e+02, 3.181499938964844e+02, 3.031499938964844e+02, 3.031499938964844e+02, 3.181499938964844e+02, 3.031499938964844e+02, 3.031499938964844e+02, 3.031499938964844e+02, 3.181499938964844e+02, 3.031499938964844e+02, 3.031499938964844e+02, 3.031499938964844e+02, 3.031499938964844e+02, 3.031499938964844e+02, 3.031499938964844e+02, 3.031499938964844e+02, 3.031499938964844e+02, 3.031499938964844e+02, 3.181499938964844e+02, 3.031499938964844e+02, 3.031499938964844e+02, 3.031499938964844e+02, 3.031499938964844e+02, 3.031499938964844e+02, 3.031499938964844e+02, 3.181499938964844e+02, 3.031499938964844e+02, 3.031499938964844e+02, 3.031499938964844e+02, 3.031499938964844e+02, 3.031499938964844e+02, 3.031499938964844e+02]
ets.tanChiWat.TTop=[2.931499938964844e+02, 2.930975036621094e+02, 2.928000793457031e+02, 2.91744873046875e+02, 2.892893676757812e+02, 2.881378784179688e+02, 2.870892639160156e+02, 2.862802429199219e+02, 2.858781433105469e+02, 2.858742980957031e+02, 2.858744506835938e+02, 2.858744812011719e+02, 2.858744812011719e+02, 2.858744812011719e+02, 2.858744812011719e+02, 2.858744812011719e+02, 2.858744812011719e+02, 2.858744812011719e+02, 2.801869506835938e+02, 2.802411193847656e+02, 2.803338317871094e+02, 2.803292236328125e+02, 2.804709167480469e+02, 2.806449279785156e+02, 2.806852722167969e+02, 2.803751220703125e+02, 2.806884765625e+02, 2.806947631835938e+02, 2.806925964355469e+02, 2.806904296875e+02, 2.806882934570312e+02, 2.806861572265625e+02, 2.806840515136719e+02, 2.806011962890625e+02, 2.806753234863281e+02, 2.808686828613281e+02, 2.803837585449219e+02, 2.804291687011719e+02, 2.834512329101562e+02, 2.805523376464844e+02, 2.805592041015625e+02, 2.806004028320312e+02, 2.804381103515625e+02, 2.820657348632812e+02, 2.820931396484375e+02, 2.820679931640625e+02, 2.820549011230469e+02, 2.820545654296875e+02, 2.820542602539062e+02, 2.82053955078125e+02, 2.820536499023438e+02, 2.824342651367188e+02, 2.822925415039062e+02, 2.804379577636719e+02, 2.803537292480469e+02, 2.804479675292969e+02, 2.80561767578125e+02, 2.804951171875e+02, 2.805126953125e+02, 2.850515747070312e+02, 2.809850158691406e+02, 2.8212939453125e+02, 2.821146850585938e+02, 2.820975341796875e+02, 2.820972595214844e+02, 2.820969543457031e+02, 2.820966796875e+02, 2.820963745117188e+02, 2.824600219726562e+02, 2.823529357910156e+02, 2.803319702148438e+02, 2.804964294433594e+02, 2.806976318359375e+02, 2.854617919921875e+02, 2.808595886230469e+02, 2.809133605957031e+02, 2.810639343261719e+02, 2.805385437011719e+02, 2.806263122558594e+02, 2.806405639648438e+02, 2.806385803222656e+02, 2.806366271972656e+02, 2.806347045898438e+02, 2.806327514648438e+02, 2.806308288574219e+02, 2.806289367675781e+02, 2.806270446777344e+02, 2.796549072265625e+02, 2.80501953125e+02, 2.8053271484375e+02, 2.808141784667969e+02, 2.809161071777344e+02, 2.808573913574219e+02, 2.808889465332031e+02, 2.840396728515625e+02, 2.810996704101562e+02, 2.811632995605469e+02, 2.811593933105469e+02, 2.811554870605469e+02, 2.811516418457031e+02, 2.811478271484375e+02]
ets.tanChiWat.TBot=[2.931499938964844e+02, 2.930973510742188e+02, 2.928228759765625e+02, 2.918067932128906e+02, 2.893248596191406e+02, 2.881725158691406e+02, 2.87128662109375e+02, 2.863031311035156e+02, 2.85890625e+02, 2.858746032714844e+02, 2.858743591308594e+02, 2.858743591308594e+02, 2.858743591308594e+02, 2.858743591308594e+02, 2.858743591308594e+02, 2.858743591308594e+02, 2.858743591308594e+02, 2.858743591308594e+02, 2.801499938964844e+02, 2.801499938964844e+02, 2.801499938964844e+02, 2.801157531738281e+02, 2.801499938964844e+02, 2.801499938964844e+02, 2.801499938964844e+02, 2.801499938964844e+02, 2.801513061523438e+02, 2.80152099609375e+02, 2.8015283203125e+02, 2.80153564453125e+02, 2.80154296875e+02, 2.801549987792969e+02, 2.801557312011719e+02, 2.806797790527344e+02, 2.806894836425781e+02, 2.807528076171875e+02, 2.801499938964844e+02, 2.801499938964844e+02, 2.801792907714844e+02, 2.801499938964844e+02, 2.801499938964844e+02, 2.801499938964844e+02, 2.801499938964844e+02, 2.820817565917969e+02, 2.819750061035156e+02, 2.819369201660156e+02, 2.819346313476562e+02, 2.819349365234375e+02, 2.819352722167969e+02, 2.819356079101562e+02, 2.819359436035156e+02, 2.816744689941406e+02, 2.813734436035156e+02, 2.801499938964844e+02, 2.801499938964844e+02, 2.801499938964844e+02, 2.801499938964844e+02, 2.801499938964844e+02, 2.801499938964844e+02, 2.801982421875e+02, 2.810539245605469e+02, 2.820432434082031e+02, 2.820009765625e+02, 2.819784851074219e+02, 2.819788513183594e+02, 2.819791870117188e+02, 2.819795227050781e+02, 2.819798583984375e+02, 2.818866271972656e+02, 2.815167541503906e+02, 2.801499938964844e+02, 2.801499938964844e+02, 2.801499938964844e+02, 2.802308044433594e+02, 2.801499938964844e+02, 2.801499938964844e+02, 2.801499938964844e+02, 2.801499938964844e+02, 2.801506958007812e+02, 2.801513977050781e+02, 2.801520385742188e+02, 2.801526794433594e+02, 2.801533203125e+02, 2.801539916992188e+02, 2.801546325683594e+02, 2.801552734375e+02, 2.801559143066406e+02, 2.794888000488281e+02, 2.801499938964844e+02, 2.801499938964844e+02, 2.801499938964844e+02, 2.801499938964844e+02, 2.801499938964844e+02, 2.801499938964844e+02, 2.801729736328125e+02, 2.8015576171875e+02, 2.801585388183594e+02, 2.801600036621094e+02, 2.801614685058594e+02, 2.801629333496094e+02, 2.801643981933594e+02]
senTChiWatSup.T=[2.931499938964844e+02, 2.931285400390625e+02, 2.929449768066406e+02, 2.919349670410156e+02, 2.894220886230469e+02, 2.882543029785156e+02, 2.871958618164062e+02, 2.863593139648438e+02, 2.859437866210938e+02, 2.859279479980469e+02, 2.859279479980469e+02, 2.859279479980469e+02, 2.859279479980469e+02, 2.859279479980469e+02, 2.859279479980469e+02, 2.859279479980469e+02, 2.859279479980469e+02, 2.859279479980469e+02, 2.801502380371094e+02, 2.801499938964844e+02, 2.801499938964844e+02, 2.801002502441406e+02, 2.801499938964844e+02, 2.801499938964844e+02, 2.801499938964844e+02, 2.801499938964844e+02, 2.801505737304688e+02, 2.801624755859375e+02, 2.801624755859375e+02, 2.801624755859375e+02, 2.801624755859375e+02, 2.801624755859375e+02, 2.801624755859375e+02, 2.801624755859375e+02, 2.801624755859375e+02, 2.804327697753906e+02, 2.801499938964844e+02, 2.801499938964844e+02, 2.801790771484375e+02, 2.801499938964844e+02, 2.801499938964844e+02, 2.801499938964844e+02, 2.801499938964844e+02, 2.812375793457031e+02, 2.814226684570312e+02, 2.814226684570312e+02, 2.814226684570312e+02, 2.814226684570312e+02, 2.814226684570312e+02, 2.814226684570312e+02, 2.814226684570312e+02, 2.814226684570312e+02, 2.814226684570312e+02, 2.801499938964844e+02, 2.801499938964844e+02, 2.801499938964844e+02, 2.801499938964844e+02, 2.801499938964844e+02, 2.801499938964844e+02, 2.801978454589844e+02, 2.805361022949219e+02, 2.813855895996094e+02, 2.813855895996094e+02, 2.813855895996094e+02, 2.813855895996094e+02, 2.813855895996094e+02, 2.813855895996094e+02, 2.813855895996094e+02, 2.813855895996094e+02, 2.813855895996094e+02, 2.801499938964844e+02, 2.801499938964844e+02, 2.801499938964844e+02, 2.802302856445312e+02, 2.801499938964844e+02, 2.801499938964844e+02, 2.801499938964844e+02, 2.801499938964844e+02, 2.801502990722656e+02, 2.801514282226562e+02, 2.801514282226562e+02, 2.801514282226562e+02, 2.801514282226562e+02, 2.801514282226562e+02, 2.801514282226562e+02, 2.801514282226562e+02, 2.801514282226562e+02, 2.795248413085938e+02, 2.801499938964844e+02, 2.801499938964844e+02, 2.801499938964844e+02, 2.801499938964844e+02, 2.801499938964844e+02, 2.801499938964844e+02, 2.801727905273438e+02, 2.801536254882812e+02, 2.801630554199219e+02, 2.801630554199219e+02, 2.801630554199219e+02, 2.801630554199219e+02, 2.801630554199219e+02]
senTChiWatRet.T=[2.931499938964844e+02, 2.892515563964844e+02, 2.814259643554688e+02, 2.803406372070312e+02, 2.807488098144531e+02, 2.809574279785156e+02, 2.811624145507812e+02, 2.813376159667969e+02, 2.814319152832031e+02, 2.814391784667969e+02, 2.814391784667969e+02, 2.814391784667969e+02, 2.814391784667969e+02, 2.814391784667969e+02, 2.814391784667969e+02, 2.814391784667969e+02, 2.814391784667969e+02, 2.814391784667969e+02, 2.815345764160156e+02, 2.823385925292969e+02, 2.832019653320312e+02, 2.839931640625e+02, 2.84521728515625e+02, 2.850083618164062e+02, 2.85329345703125e+02, 2.854769592285156e+02, 2.854889831542969e+02, 2.854783325195312e+02, 2.854783325195312e+02, 2.854783325195312e+02, 2.854783325195312e+02, 2.854783325195312e+02, 2.854783325195312e+02, 2.854783325195312e+02, 2.854783325195312e+02, 2.854826049804688e+02, 2.855176696777344e+02, 2.855633544921875e+02, 2.856070251464844e+02, 2.856372985839844e+02, 2.856617126464844e+02, 2.856785278320312e+02, 2.856949768066406e+02, 2.856972961425781e+02, 2.85685791015625e+02, 2.85685791015625e+02, 2.85685791015625e+02, 2.85685791015625e+02, 2.85685791015625e+02, 2.85685791015625e+02, 2.85685791015625e+02, 2.85685791015625e+02, 2.85685791015625e+02, 2.856975402832031e+02, 2.85699462890625e+02, 2.857015380859375e+02, 2.857052612304688e+02, 2.857061462402344e+02, 2.85706787109375e+02, 2.857096252441406e+02, 2.857108764648438e+02, 2.857003173828125e+02, 2.857003173828125e+02, 2.857003173828125e+02, 2.857003173828125e+02, 2.857003173828125e+02, 2.857003173828125e+02, 2.857003173828125e+02, 2.857003173828125e+02, 2.857003173828125e+02, 2.857102661132812e+02, 2.857097473144531e+02, 2.857091674804688e+02, 2.857145385742188e+02, 2.857126770019531e+02, 2.857102661132812e+02, 2.857090454101562e+02, 2.857269897460938e+02, 2.857240905761719e+02, 2.857230834960938e+02, 2.857230834960938e+02, 2.857230834960938e+02, 2.857230834960938e+02, 2.857230834960938e+02, 2.857230834960938e+02, 2.857230834960938e+02, 2.857230834960938e+02, 2.857227478027344e+02, 2.857066955566406e+02, 2.857071838378906e+02, 2.857076721191406e+02, 2.857079467773438e+02, 2.857080993652344e+02, 2.857081604003906e+02, 2.857088317871094e+02, 2.856943054199219e+02, 2.856874389648438e+02, 2.856874389648438e+02, 2.856874389648438e+02, 2.856874389648438e+02, 2.856874389648438e+02]
ets.conSup.TChiWatSupPreSet=[2.801499938964844e+02, 2.801499938964844e+02]
ets.conSup.TChiWatSupSet=[2.881499938964844e+02, 2.881499938964844e+02, 2.881499938964844e+02, 2.881499938964844e+02, 2.881499938964844e+02, 2.881499938964844e+02, 2.881499938964844e+02, 2.881499938964844e+02, 2.881499938964844e+02, 2.881499938964844e+02, 2.881499938964844e+02, 2.881499938964844e+02, 2.881499938964844e+02, 2.881499938964844e+02, 2.881499938964844e+02, 2.881499938964844e+02, 2.881499938964844e+02, 2.881499938964844e+02, 2.801499938964844e+02, 2.801499938964844e+02, 2.801499938964844e+02, 2.801499938964844e+02, 2.801499938964844e+02, 2.801499938964844e+02, 2.801499938964844e+02, 2.801499938964844e+02, 2.881499938964844e+02, 2.881499938964844e+02, 2.881499938964844e+02, 2.881499938964844e+02, 2.881499938964844e+02, 2.881499938964844e+02, 2.881499938964844e+02, 2.881499938964844e+02, 2.8163916015625e+02, 2.806146545410156e+02, 2.801499938964844e+02, 2.801499938964844e+02, 2.7831103515625e+02, 2.801499938964844e+02, 2.801499938964844e+02, 2.801499938964844e+02, 2.801499938964844e+02, 2.881499938964844e+02, 2.819296569824219e+02, 2.818573303222656e+02, 2.881499938964844e+02, 2.881499938964844e+02, 2.881499938964844e+02, 2.881499938964844e+02, 2.881499938964844e+02, 2.807274780273438e+02, 2.802466125488281e+02, 2.801499938964844e+02, 2.801499938964844e+02, 2.801499938964844e+02, 2.801499938964844e+02, 2.801499938964844e+02, 2.801499938964844e+02, 2.780143737792969e+02, 2.881499938964844e+02, 2.818124694824219e+02, 2.819043273925781e+02, 2.881499938964844e+02, 2.881499938964844e+02, 2.881499938964844e+02, 2.881499938964844e+02, 2.881499938964844e+02, 2.804112243652344e+02, 2.810655212402344e+02, 2.801499938964844e+02, 2.801499938964844e+02, 2.801499938964844e+02, 2.783199768066406e+02, 2.801499938964844e+02, 2.801499938964844e+02, 2.801499938964844e+02, 2.801499938964844e+02, 2.881499938964844e+02, 2.881499938964844e+02, 2.881499938964844e+02, 2.881499938964844e+02, 2.881499938964844e+02, 2.881499938964844e+02, 2.881499938964844e+02, 2.881499938964844e+02, 2.881499938964844e+02, 2.801499938964844e+02, 2.801499938964844e+02, 2.801499938964844e+02, 2.801499938964844e+02, 2.801499938964844e+02, 2.801499938964844e+02, 2.801499938964844e+02, 2.777302856445312e+02, 2.881499938964844e+02, 2.881499938964844e+02, 2.881499938964844e+02, 2.881499938964844e+02, 2.881499938964844e+02, 2.881499938964844e+02]
ets.chi.con.TChiWatSupSet=[2.881499938964844e+02, 2.881499938964844e+02, 2.881499938964844e+02, 2.881499938964844e+02, 2.881499938964844e+02, 2.881499938964844e+02, 2.881499938964844e+02, 2.881499938964844e+02, 2.881499938964844e+02, 2.881499938964844e+02, 2.881499938964844e+02, 2.881499938964844e+02, 2.881499938964844e+02, 2.881499938964844e+02, 2.881499938964844e+02, 2.881499938964844e+02, 2.881499938964844e+02, 2.881499938964844e+02, 2.801499938964844e+02, 2.801499938964844e+02, 2.801499938964844e+02, 2.801499938964844e+02, 2.801499938964844e+02, 2.801499938964844e+02, 2.801499938964844e+02, 2.801499938964844e+02, 2.881499938964844e+02, 2.881499938964844e+02, 2.881499938964844e+02, 2.881499938964844e+02, 2.881499938964844e+02, 2.881499938964844e+02, 2.881499938964844e+02, 2.881499938964844e+02, 2.8163916015625e+02, 2.806146545410156e+02, 2.801499938964844e+02, 2.801499938964844e+02, 2.7831103515625e+02, 2.801499938964844e+02, 2.801499938964844e+02, 2.801499938964844e+02, 2.801499938964844e+02, 2.881499938964844e+02, 2.819296569824219e+02, 2.818573303222656e+02, 2.881499938964844e+02, 2.881499938964844e+02, 2.881499938964844e+02, 2.881499938964844e+02, 2.881499938964844e+02, 2.807274780273438e+02, 2.802466125488281e+02, 2.801499938964844e+02, 2.801499938964844e+02, 2.801499938964844e+02, 2.801499938964844e+02, 2.801499938964844e+02, 2.801499938964844e+02, 2.780143737792969e+02, 2.881499938964844e+02, 2.818124694824219e+02, 2.819043273925781e+02, 2.881499938964844e+02, 2.881499938964844e+02, 2.881499938964844e+02, 2.881499938964844e+02, 2.881499938964844e+02, 2.804112243652344e+02, 2.810655212402344e+02, 2.801499938964844e+02, 2.801499938964844e+02, 2.801499938964844e+02, 2.783199768066406e+02, 2.801499938964844e+02, 2.801499938964844e+02, 2.801499938964844e+02, 2.801499938964844e+02, 2.881499938964844e+02, 2.881499938964844e+02, 2.881499938964844e+02, 2.881499938964844e+02, 2.881499938964844e+02, 2.881499938964844e+02, 2.881499938964844e+02, 2.881499938964844e+02, 2.881499938964844e+02, 2.801499938964844e+02, 2.801499938964844e+02, 2.801499938964844e+02, 2.801499938964844e+02, 2.801499938964844e+02, 2.801499938964844e+02, 2.801499938964844e+02, 2.777302856445312e+02, 2.881499938964844e+02, 2.881499938964844e+02, 2.881499938964844e+02, 2.881499938964844e+02, 2.881499938964844e+02, 2.881499938964844e+02]
ets.conSup.yHea=[0e+00, 0e+00, 0e+00, 0e+00, 0e+00, 0e+00, 0e+00, 0e+00, 0e+00, 0e+00, 0e+00, 0e+00, 0e+00, 0e+00, 0e+00, 0e+00, 0e+00, 0e+00, 1e+00, 0e+00, 0e+00, 0e+00, 0e+00, 0e+00, 0e+00, 0e+00, 0e+00, 0e+00, 0e+00, 0e+00, 0e+00, 0e+00, 0e+00, 1e+00, 1e+00, 1e+00, 0e+00, 0e+00, 1e+00, 0e+00, 0e+00, 0e+00, 0e+00, 1e+00, 1e+00, 1e+00, 0e+00, 0e+00, 0e+00, 0e+00, 0e+00, 1e+00, 1e+00, 1e+00, 0e+00, 0e+00, 1e+00, 0e+00, 0e+00, 1e+00, 1e+00, 1e+00, 1e+00, 0e+00, 0e+00, 0e+00, 0e+00, 0e+00, 1e+00, 1e+00, 1e+00, 0e+00, 0e+00, 1e+00, 0e+00, 0e+00, 0e+00, 0e+00, 0e+00, 0e+00, 0e+00, 0e+00, 0e+00, 0e+00, 0e+00, 0e+00, 0e+00, 0e+00, 0e+00, 0e+00, 0e+00, 0e+00, 0e+00, 0e+00, 1e+00, 0e+00, 0e+00, 0e+00, 0e+00, 0e+00, 0e+00]
ets.conSup.yCoo=[0e+00, 0e+00, 0e+00, 0e+00, 0e+00, 0e+00, 0e+00, 0e+00, 0e+00, 0e+00, 0e+00, 0e+00, 0e+00, 0e+00, 0e+00, 0e+00, 0e+00, 0e+00, 1e+00, 1e+00, 1e+00, 1e+00, 1e+00, 1e+00, 1e+00, 1e+00, 0e+00, 0e+00, 0e+00, 0e+00, 0e+00, 0e+00, 0e+00, 0e+00, 0e+00, 0e+00, 1e+00, 1e+00, 1e+00, 1e+00, 1e+00, 1e+00, 1e+00, 0e+00, 0e+00, 0e+00, 0e+00, 0e+00, 0e+00, 0e+00, 0e+00, 0e+00, 0e+00, 1e+00, 1e+00, 1e+00, 1e+00, 1e+00, 1e+00, 1e+00, 0e+00, 0e+00, 0e+00, 0e+00, 0e+00, 0e+00, 0e+00, 0e+00, 0e+00, 0e+00, 1e+00, 1e+00, 1e+00, 1e+00, 1e+00, 1e+00, 1e+00, 1e+00, 0e+00, 0e+00, 0e+00, 0e+00, 0e+00, 0e+00, 0e+00, 0e+00, 0e+00, 0e+00, 1e+00, 1e+00, 1e+00, 1e+00, 1e+00, 1e+00, 1e+00, 0e+00, 0e+00, 0e+00, 0e+00, 0e+00, 0e+00]
ets.conSup.yAmb[1]=[0e+00, 0e+00, 0e+00, 0e+00, 0e+00, 0e+00, 0e+00, 0e+00, 0e+00, 0e+00, 0e+00, 0e+00, 0e+00, 0e+00, 0e+00, 0e+00, 0e+00, 0e+00, 4.265801012516022e-01, 1e+00, 0e+00, 7.769275456666946e-02, 1e+00, 1.78272932767868e-01, 1.502395421266556e-01, 0e+00, 0e+00, 3.229163959622383e-02, 7.713367231190205e-03, 0e+00, 0e+00, 0e+00, 0e+00, 9.367679357528687e-01, 1e+00, 1e+00, 1.415934786200523e-02, 0e+00, 9.853621125221252e-01, 0e+00, 0e+00, 1.367586404085159e-01, 0e+00, 9.238467216491699e-01, 1e+00, 1e+00, 0e+00, 0e+00, 0e+00, 0e+00, 0e+00, 1e+00, 1e+00, 4.273977279663086e-01, 1e+00, 8.721568435430527e-02, 4.647699892520905e-01, 3.97652804851532e-01, 1.509150713682175e-01, 9.75883424282074e-01, 4.848320782184601e-01, 1e+00, 1e+00, 0e+00, 0e+00, 0e+00, 0e+00, 0e+00, 1e+00, 1e+00, 2.136342227458954e-01, 2.397788017988205e-01, 1.65087565779686e-01, 9.595933556556702e-01, 3.169213980436325e-02, 1.912960708141327e-01, 2.160080969333649e-01, 6.91390186548233e-02, 0e+00, 0e+00, 0e+00, 0e+00, 0e+00, 0e+00, 0e+00, 0e+00, 0e+00, 4.668578878045082e-02, 0e+00, 1.152697652578354e-01, 1.766578704118729e-01, 1.925865858793259e-01, 1.836016029119492e-01, 1.876956671476364e-01, 9.885126352310181e-01, 0e+00, 0e+00, 0e+00, 0e+00, 0e+00, 0e+00]
ets.chi.pumCon.m_flow=[0e+00, 0e+00, 0e+00, 0e+00, 0e+00, 0e+00, 0e+00, 0e+00, 0e+00, 0e+00, 0e+00, 0e+00, 0e+00, 0e+00, 0e+00, 0e+00, 0e+00, 0e+00, 2.290396118164062e+01, 2.290396118164062e+01, 2.290396118164062e+01, 2.290396118164062e+01, 2.290396118164062e+01, 2.290396118164062e+01, 2.290396118164062e+01, 2.290396118164062e+01, 0e+00, 0e+00, 0e+00, 0e+00, 0e+00, 0e+00, 0e+00, 2.290396118164062e+01, 2.290396118164062e+01, 2.290396118164062e+01, 2.290396118164062e+01, 2.290396118164062e+01, 2.290396118164062e+01, 2.290396118164062e+01, 2.290396118164062e+01, 2.290396118164062e+01, 2.290396118164062e+01, 2.290396118164062e+01, 2.290396118164062e+01, 2.290396118164062e+01, 0e+00, 0e+00, 0e+00, 0e+00, 0e+00, 2.290396118164062e+01, 2.290396118164062e+01, 2.290396118164062e+01, 2.290396118164062e+01, 2.290396118164062e+01, 2.290396118164062e+01, 2.290396118164062e+01, 2.290396118164062e+01, 2.290396118164062e+01, 2.290396118164062e+01, 2.290396118164062e+01, 2.290396118164062e+01, 0e+00, 0e+00, 0e+00, 0e+00, 0e+00, 2.290396118164062e+01, 2.290396118164062e+01, 2.290396118164062e+01, 2.290396118164062e+01, 2.290396118164062e+01, 2.290396118164062e+01, 2.290396118164062e+01, 2.290396118164062e+01, 2.290396118164062e+01, 2.290396118164062e+01, 0e+00, 0e+00, 0e+00, 0e+00, 0e+00, 0e+00, 0e+00, 0e+00, 0e+00, 0e+00, 2.290396118164062e+01, 2.290396118164062e+01, 2.290396118164062e+01, 2.290396118164062e+01, 2.290396118164062e+01, 2.290396118164062e+01, 2.290396118164062e+01, 0e+00, 0e+00, 0e+00, 0e+00, 0e+00, 0e+00]
ets.chi.pumEva.m_flow=[0e+00, 0e+00, 0e+00, 0e+00, 0e+00, 0e+00, 0e+00, 0e+00, 0e+00, 0e+00, 0e+00, 0e+00, 0e+00, 0e+00, 0e+00, 0e+00, 0e+00, 0e+00, 1.169637870788574e+01, 1.169637870788574e+01, 1.169637870788574e+01, 1.169637870788574e+01, 1.169637870788574e+01, 1.169637870788574e+01, 1.169637870788574e+01, 1.169637870788574e+01, 0e+00, 0e+00, 0e+00, 0e+00, 0e+00, 0e+00, 0e+00, 1.169637870788574e+01, 1.169637870788574e+01, 1.169637870788574e+01, 1.169637870788574e+01, 1.169637870788574e+01, 1.169637870788574e+01, 1.169637870788574e+01, 1.169637870788574e+01, 1.169637870788574e+01, 1.169637870788574e+01, 1.169637870788574e+01, 1.169637870788574e+01, 1.169637870788574e+01, 0e+00, 0e+00, 0e+00, 0e+00, 0e+00, 1.169637870788574e+01, 1.169637870788574e+01, 1.169637870788574e+01, 1.169637870788574e+01, 1.169637870788574e+01, 1.169637870788574e+01, 1.169637870788574e+01, 1.169637870788574e+01, 1.169637870788574e+01, 1.169637870788574e+01, 1.169637870788574e+01, 1.169637870788574e+01, 0e+00, 0e+00, 0e+00, 0e+00, 0e+00, 1.169637870788574e+01, 1.169637870788574e+01, 1.169637870788574e+01, 1.169637870788574e+01, 1.169637870788574e+01, 1.169637870788574e+01, 1.169637870788574e+01, 1.169637870788574e+01, 1.169637870788574e+01, 1.169637870788574e+01, 0e+00, 0e+00, 0e+00, 0e+00, 0e+00, 0e+00, 0e+00, 0e+00, 0e+00, 0e+00, 1.169637870788574e+01, 1.169637870788574e+01, 1.169637870788574e+01, 1.169637870788574e+01, 1.169637870788574e+01, 1.169637870788574e+01, 1.169637870788574e+01, 0e+00, 0e+00, 0e+00, 0e+00, 0e+00, 0e+00]
ets.hex.pum1Hex.m_flow=[0e+00, 0e+00, 0e+00, 0e+00, 0e+00, 0e+00, 0e+00, 0e+00, 0e+00, 0e+00, 0e+00, 0e+00, 0e+00, 0e+00, 0e+00, 0e+00, 0e+00, 0e+00, 1.165739059448242e+01, 3.463928937911987e+00, 0e+00, 1.165739059448242e+01, 2.350034713745117e+00, 1.165739059448242e+00, 1.165739059448242e+01, 0e+00, 0e+00, 1.165739059448242e+01, 1.165739059448242e+01, 0e+00, 0e+00, 0e+00, 0e+00, 1.165739059448242e+01, 1.165739059448242e+01, 1.165739059448242e+01, 1.165739059448242e+01, 0e+00, 1.165739059448242e+01, 0e+00, 0e+00, 1.165739059448242e+01, 0e+00, 1.165739059448242e+01, 1.165739059448242e+01, 1.165739059448242e+01, 0e+00, 0e+00, 0e+00, 0e+00, 0e+00, 1.165739059448242e+01, 1.165739059448242e+01, 1.165739059448242e+01, 2.640130281448364e+00, 1.165739059448242e+01, 1.165739059448242e+01, 1.165739059448242e+00, 1.550016403198242e+00, 1.165739059448242e+01, 1.165739059448242e+01, 1.165739059448242e+01, 1.165739059448242e+01, 0e+00, 0e+00, 0e+00, 0e+00, 0e+00, 1.165739059448242e+01, 1.165739059448242e+01, 1.165739059448242e+01, 1.165739059448242e+00, 1.165739059448242e+00, 1.165739059448242e+01, 1.165739059448242e+01, 1.165739059448242e+00, 1.165739059448242e+00, 1.165739059448242e+01, 0e+00, 0e+00, 0e+00, 0e+00, 0e+00, 0e+00, 0e+00, 0e+00, 0e+00, 1.165739059448242e+01, 0e+00, 1.165739059448242e+01, 1.165739059448242e+00, 1.165739059448242e+00, 1.165739059448242e+00, 1.165739059448242e+00, 1.165739059448242e+01, 0e+00, 0e+00, 0e+00, 0e+00, 0e+00, 0e+00]
ets.hex.pum2Hex.m_flow=[0e+00, 0e+00, 0e+00, 0e+00, 0e+00, 0e+00, 0e+00, 0e+00, 0e+00, 0e+00, 0e+00, 0e+00, 0e+00, 0e+00, 0e+00, 0e+00, 0e+00, 0e+00, 3.062930822372437e+00, 1.165739059448242e+01, 0e+00, 1.165739059448242e+00, 1.165739059448242e+01, 1.165739059448242e+00, 1.165739059448242e+00, 0e+00, 0e+00, 1.165739059448242e+00, 1.165739059448242e+00, 0e+00, 0e+00, 0e+00, 0e+00, 1.07096643447876e+01, 1.165739059448242e+01, 1.165739059448242e+01, 1.165739059448242e+00, 0e+00, 1.143799686431885e+01, 0e+00, 0e+00, 1.165739059448242e+00, 0e+00, 1.051599979400635e+01, 1.165739059448242e+01, 1.165739059448242e+01, 0e+00, 0e+00, 0e+00, 0e+00, 0e+00, 1.165739059448242e+01, 1.165739059448242e+01, 3.075185537338257e+00, 1.165739059448242e+01, 1.165739059448242e+00, 3.635323762893677e+00, 2.629366397857666e+00, 1.165739059448242e+00, 1.129592990875244e+01, 3.936016082763672e+00, 1.165739059448242e+01, 1.165739059448242e+01, 0e+00, 0e+00, 0e+00, 0e+00, 0e+00, 1.165739059448242e+01, 1.165739059448242e+01, 1.165739059448242e+00, 1.165739059448242e+00, 1.165739059448242e+00, 1.105177307128906e+01, 1.165739059448242e+00, 1.165739059448242e+00, 1.165739059448242e+00, 1.165739059448242e+00, 0e+00, 0e+00, 0e+00, 0e+00, 0e+00, 0e+00, 0e+00, 0e+00, 0e+00, 1.165739059448242e+00, 0e+00, 1.165739059448242e+00, 1.165739059448242e+00, 1.165739059448242e+00, 1.165739059448242e+00, 1.165739059448242e+00, 1.14852180480957e+01, 0e+00, 0e+00, 0e+00, 0e+00, 0e+00, 0e+00]
ets.hex.m1_flow_nominal=[1.165739059448242e+01, 1.165739059448242e+01]
ets.hex.m2_flow_nominal=[1.165739059448242e+01, 1.165739059448242e+01]
ets.valIsoEva.y_actual=[0e+00, 0e+00, 0e+00, 0e+00, 0e+00, 0e+00, 0e+00, 0e+00, 0e+00, 0e+00, 0e+00, 0e+00, 0e+00, 0e+00, 0e+00, 0e+00, 0e+00, 0e+00, 1e+00, 0e+00, 0e+00, 0e+00, 0e+00, 0e+00, 0e+00, 0e+00, 0e+00, 0e+00, 0e+00, 0e+00, 0e+00, 0e+00, 0e+00, 1e+00, 1e+00, 1e+00, 0e+00, 0e+00, 1e+00, 0e+00, 0e+00, 0e+00, 0e+00, 1e+00, 1e+00, 1e+00, 0e+00, 0e+00, 0e+00, 0e+00, 0e+00, 1e+00, 1e+00, 1e+00, 0e+00, 0e+00, 1e+00, 0e+00, 0e+00, 1e+00, 1e+00, 1e+00, 1e+00, 0e+00, 0e+00, 0e+00, 0e+00, 0e+00, 1e+00, 1e+00, 1e+00, 0e+00, 0e+00, 1e+00, 0e+00, 0e+00, 0e+00, 0e+00, 0e+00, 0e+00, 0e+00, 0e+00, 0e+00, 0e+00, 0e+00, 0e+00, 0e+00, 0e+00, 0e+00, 0e+00, 0e+00, 0e+00, 0e+00, 0e+00, 1e+00, 0e+00, 0e+00, 0e+00, 0e+00, 0e+00, 0e+00]
ets.valIsoCon.y_actual=[0e+00, 0e+00, 0e+00, 0e+00, 0e+00, 0e+00, 0e+00, 0e+00, 0e+00, 0e+00, 0e+00, 0e+00, 0e+00, 0e+00, 0e+00, 0e+00, 0e+00, 0e+00, 0e+00, 1e+00, 0e+00, 1e+00, 1e+00, 1e+00, 1e+00, 0e+00, 0e+00, 1e+00, 1e+00, 0e+00, 0e+00, 0e+00, 0e+00, 0e+00, 0e+00, 0e+00, 1e+00, 0e+00, 0e+00, 0e+00, 0e+00, 1e+00, 0e+00, 0e+00, 0e+00, 0e+00, 0e+00, 0e+00, 0e+00, 0e+00, 0e+00, 0e+00, 0e+00, 0e+00, 1e+00, 1e+00, 0e+00, 1e+00, 1e+00, 0e+00, 0e+00, 0e+00, 0e+00, 0e+00, 0e+00, 0e+00, 0e+00, 0e+00, 0e+00, 0e+00, 0e+00, 1e+00, 1e+00, 0e+00, 1e+00, 1e+00, 1e+00, 1e+00, 0e+00, 0e+00, 0e+00, 0e+00, 0e+00, 0e+00, 0e+00, 0e+00, 0e+00, 1e+00, 0e+00, 1e+00, 1e+00, 1e+00, 1e+00, 1e+00, 0e+00, 0e+00, 0e+00, 0e+00, 0e+00, 0e+00, 0e+00]
ets.chi.chi.PLR2=[0e+00, 0e+00, 0e+00, 0e+00, 0e+00, 0e+00, 0e+00, 0e+00, 0e+00, 0e+00, 0e+00, 0e+00, 0e+00, 0e+00, 0e+00, 0e+00, 0e+00, 0e+00, 3.00000011920929e-01, 3.00000011920929e-01, 3.00000011920929e-01, 3.00000011920929e-01, 3.00000011920929e-01, 3.00000011920929e-01, 3.00000011920929e-01, 3.00000011920929e-01, 0e+00, 0e+00, 0e+00, 0e+00, 0e+00, 0e+00, 0e+00, 3.00000011920929e-01, 3.00000011920929e-01, 3.00000011920929e-01, 3.00000011920929e-01, 3.00000011920929e-01, 5.939090251922607e-01, 3.00000011920929e-01, 3.00000011920929e-01, 3.00000011920929e-01, 3.00000011920929e-01, 3.00000011920929e-01, 3.00000011920929e-01, 3.00000011920929e-01, 0e+00, 0e+00, 0e+00, 0e+00, 0e+00, 3.00000011920929e-01, 3.00000011920929e-01, 3.00000011920929e-01, 3.00000011920929e-01, 3.00000011920929e-01, 3.00000011920929e-01, 3.00000011920929e-01, 3.00000011920929e-01, 6.1844801902771e-01, 3.00000011920929e-01, 3.00000011920929e-01, 3.00000011920929e-01, 0e+00, 0e+00, 0e+00, 0e+00, 0e+00, 3.00000011920929e-01, 3.00000011920929e-01, 3.00000011920929e-01, 3.00000011920929e-01, 3.00000011920929e-01, 5.93777596950531e-01, 3.00000011920929e-01, 3.00000011920929e-01, 3.00000011920929e-01, 3.00000011920929e-01, 0e+00, 0e+00, 0e+00, 0e+00, 0e+00, 0e+00, 0e+00, 0e+00, 0e+00, 0e+00, 3.00000011920929e-01, 3.00000011920929e-01, 3.00000011920929e-01, 3.00000011920929e-01, 3.00000011920929e-01, 3.00000011920929e-01, 6.587750911712646e-01, 0e+00, 0e+00, 0e+00, 0e+00, 0e+00, 0e+00]
ets.hex.conHex.T2HexWatEnt=[2.931499938964844e+02, 2.931499938964844e+02, 2.931499938964844e+02, 2.931499938964844e+02, 2.931499938964844e+02, 2.931499938964844e+02, 2.931499938964844e+02, 2.931499938964844e+02, 2.931499938964844e+02, 2.931499938964844e+02, 2.931499938964844e+02, 2.931499938964844e+02, 2.931499938964844e+02, 2.931499938964844e+02, 2.931499938964844e+02, 2.931499938964844e+02, 2.931499938964844e+02, 2.931499938964844e+02, 2.801500244140625e+02, 3.051037292480469e+02, 2.847030029296875e+02, 2.816538391113281e+02, 3.162538757324219e+02, 2.913526306152344e+02, 2.887586059570312e+02, 2.8284423828125e+02, 2.8319873046875e+02, 2.832439270019531e+02, 2.827538452148438e+02, 2.821552734375e+02, 2.821552734375e+02, 2.821552734375e+02, 2.821552734375e+02, 2.815325622558594e+02, 2.816287536621094e+02, 2.805973205566406e+02, 2.820645446777344e+02, 2.843326416015625e+02, 2.786519165039062e+02, 2.801499938964844e+02, 2.842325134277344e+02, 2.876819458007812e+02, 2.824964904785156e+02, 2.821273498535156e+02, 2.819320678710938e+02, 2.818570556640625e+02, 2.844920349121094e+02, 2.844920349121094e+02, 2.844920349121094e+02, 2.844920349121094e+02, 2.844920349121094e+02, 2.807002868652344e+02, 2.802853088378906e+02, 2.801500244140625e+02, 3.121399536132812e+02, 2.8412109375e+02, 2.801498718261719e+02, 3.004663696289062e+02, 2.897015075683594e+02, 2.779256591796875e+02, 2.810968933105469e+02, 2.817718200683594e+02, 2.819058532714844e+02, 2.845176391601562e+02, 2.845176391601562e+02, 2.845176391601562e+02, 2.845176391601562e+02, 2.845176391601562e+02, 2.803799133300781e+02, 2.810948181152344e+02, 2.8148046875e+02, 2.994418029785156e+02, 2.914122314453125e+02, 2.781546936035156e+02, 2.828205261230469e+02, 2.938002624511719e+02, 2.964104919433594e+02, 2.856624450683594e+02, 2.851394653320312e+02, 2.851394653320312e+02, 2.851394653320312e+02, 2.851394653320312e+02, 2.851394653320312e+02, 2.851394653320312e+02, 2.851394653320312e+02, 2.851394653320312e+02, 2.851394653320312e+02, 2.813608093261719e+02, 2.844660949707031e+02, 2.863196411132812e+02, 2.923281555175781e+02, 2.939391784667969e+02, 2.930511474609375e+02, 2.934045104980469e+02, 2.778522644042969e+02, 2.840151672363281e+02, 2.840151672363281e+02, 2.840151672363281e+02, 2.840151672363281e+02, 2.840151672363281e+02, 2.840151672363281e+02]
ets.hex.conHex.T2HexWatLvg=[2.931499938964844e+02, 2.931499938964844e+02, 2.931499938964844e+02, 2.931499938964844e+02, 2.931499938964844e+02, 2.931499938964844e+02, 2.931499938964844e+02, 2.931499938964844e+02, 2.931499938964844e+02, 2.931499938964844e+02, 2.931499938964844e+02, 2.931499938964844e+02, 2.931499938964844e+02, 2.931499938964844e+02, 2.931499938964844e+02, 2.931499938964844e+02, 2.931499938964844e+02, 2.931499938964844e+02, 2.821069641113281e+02, 2.984856872558594e+02, 2.821552124023438e+02, 2.821489868164062e+02, 3.094631958007812e+02, 2.8396240234375e+02, 2.821635131835938e+02, 2.821514282226562e+02, 2.821521606445312e+02, 2.821522521972656e+02, 2.821512451171875e+02, 2.821500244140625e+02, 2.821500244140625e+02, 2.821500244140625e+02, 2.821500244140625e+02, 2.819920654296875e+02, 2.820025024414062e+02, 2.817106018066406e+02, 2.821498107910156e+02, 2.821544494628906e+02, 2.811679077148438e+02, 2.821439514160156e+02, 2.821542663574219e+02, 2.821613159179688e+02, 2.821506958007812e+02, 2.821443786621094e+02, 2.820883178710938e+02, 2.820671081542969e+02, 2.8215478515625e+02, 2.8215478515625e+02, 2.8215478515625e+02, 2.8215478515625e+02, 2.8215478515625e+02, 2.8173974609375e+02, 2.81622314453125e+02, 2.821063842773438e+02, 3.054508972167969e+02, 2.821540222167969e+02, 2.820861511230469e+02, 2.927760925292969e+02, 2.830187683105469e+02, 2.8098291015625e+02, 2.821096801757812e+02, 2.8204296875e+02, 2.820809020996094e+02, 2.821548461914062e+02, 2.821548461914062e+02, 2.821548461914062e+02, 2.821548461914062e+02, 2.821548461914062e+02, 2.816490783691406e+02, 2.818514099121094e+02, 2.821486206054688e+02, 2.855575866699219e+02, 2.839751281738281e+02, 2.810783386230469e+02, 2.821513671875e+02, 2.844456787109375e+02, 2.849600219726562e+02, 2.821571960449219e+02, 2.821561279296875e+02, 2.821561279296875e+02, 2.821561279296875e+02, 2.821561279296875e+02, 2.821561279296875e+02, 2.821561279296875e+02, 2.821561279296875e+02, 2.821561279296875e+02, 2.821561279296875e+02, 2.821483764648438e+02, 2.821547546386719e+02, 2.821585388183594e+02, 2.841555786132812e+02, 2.844730529785156e+02, 2.842980651855469e+02, 2.8436767578125e+02, 2.809409484863281e+02, 2.8215380859375e+02, 2.8215380859375e+02, 2.8215380859375e+02, 2.8215380859375e+02, 2.8215380859375e+02, 2.8215380859375e+02]
ets.hex.conHex.absDelT2.y=[0e+00, 0e+00, 0e+00, 0e+00, 0e+00, 0e+00, 0e+00, 0e+00, 0e+00, 0e+00, 0e+00, 0e+00, 0e+00, 0e+00, 0e+00, 0e+00, 0e+00, 0e+00, 1.956936120986938e+00, 6.618068218231201e+00, 2.547781467437744e+00, 4.951363801956177e-01, 6.790684700012207e+00, 7.390232086181641e+00, 6.595092296600342e+00, 6.928095817565918e-01, 1.046597361564636e+00, 1.091694951057434e+00, 6.026227474212646e-01, 5.261942278593779e-03, 5.261942278593779e-03, 5.261942278593779e-03, 5.261942278593779e-03, 4.595003724098206e-01, 3.737366199493408e-01, 1.113304018974304e+00, 8.528119325637817e-02, 2.178193807601929e+00, 2.516003608703613e+00, 1.993938446044922e+00, 2.078250885009766e+00, 5.520622253417969e+00, 3.457711338996887e-01, 1.701547391712666e-02, 1.562646627426147e-01, 2.100374698638916e-01, 2.337238550186157e+00, 2.337238550186157e+00, 2.337238550186157e+00, 2.337238550186157e+00, 2.337238550186157e+00, 1.039475560188293e+00, 1.337008833885193e+00, 1.956381440162659e+00, 6.689052104949951e+00, 1.967060923576355e+00, 1.936267614364624e+00, 7.690281391143799e+00, 6.682744979858398e+00, 3.057228565216064e+00, 1.012768030166626e+00, 2.711644172668457e-01, 1.750634759664536e-01, 2.362802505493164e+00, 2.362802505493164e+00, 2.362802505493164e+00, 2.362802505493164e+00, 2.362802505493164e+00, 1.269188642501831e+00, 7.565774321556091e-01, 6.681603789329529e-01, 1.388423728942871e+01, 7.43712043762207e+00, 2.923645734786987e+00, 6.691579818725586e-01, 9.354598045349121e+00, 1.145048236846924e+01, 3.505248785018921e+00, 2.983348846435547e+00, 2.983348846435547e+00, 2.983348846435547e+00, 2.983348846435547e+00, 2.983348846435547e+00, 2.983348846435547e+00, 2.983348846435547e+00, 2.983348846435547e+00, 2.983348846435547e+00, 7.875843644142151e-01, 2.311341047286987e+00, 4.161093711853027e+00, 8.172549247741699e+00, 9.466130256652832e+00, 8.753076553344727e+00, 9.036820411682129e+00, 3.088677883148193e+00, 1.861365556716919e+00, 1.861365556716919e+00, 1.861365556716919e+00, 1.861365556716919e+00, 1.861365556716919e+00, 1.861365556716919e+00]
ets.hex.conHex.setAct.y=[6.666666507720947e+00, 6.666666507720947e+00, 6.666666507720947e+00, 6.666666507720947e+00, 6.666666507720947e+00, 6.666666507720947e+00, 6.666666507720947e+00, 6.666666507720947e+00, 6.666666507720947e+00, 6.666666507720947e+00, 6.666666507720947e+00, 6.666666507720947e+00, 6.666666507720947e+00, 6.666666507720947e+00, 6.666666507720947e+00, 6.666666507720947e+00, 6.666666507720947e+00, 6.666666507720947e+00, 5e+00, 6.666666507720947e+00, 6.666666507720947e+00, 6.666666507720947e+00, 6.666666507720947e+00, 6.666666507720947e+00, 6.666666507720947e+00, 6.666666507720947e+00, 6.666666507720947e+00, 6.666666507720947e+00, 6.666666507720947e+00, 6.666666507720947e+00, 6.666666507720947e+00, 6.666666507720947e+00, 6.666666507720947e+00, 5e+00, 5e+00, 5e+00, 6.666666507720947e+00, 6.666666507720947e+00, 5e+00, 6.666666507720947e+00, 6.666666507720947e+00, 6.666666507720947e+00, 6.666666507720947e+00, 5e+00, 5e+00, 5e+00, 6.666666507720947e+00, 6.666666507720947e+00, 6.666666507720947e+00, 6.666666507720947e+00, 6.666666507720947e+00, 5e+00, 5e+00, 5e+00, 6.666666507720947e+00, 6.666666507720947e+00, 5e+00, 6.666666507720947e+00, 6.666666507720947e+00, 5e+00, 5e+00, 5e+00, 5e+00, 6.666666507720947e+00, 6.666666507720947e+00, 6.666666507720947e+00, 6.666666507720947e+00, 6.666666507720947e+00, 5e+00, 5e+00, 5e+00, 6.666666507720947e+00, 6.666666507720947e+00, 5e+00, 6.666666507720947e+00, 6.666666507720947e+00, 6.666666507720947e+00, 6.666666507720947e+00, 6.666666507720947e+00, 6.666666507720947e+00, 6.666666507720947e+00, 6.666666507720947e+00, 6.666666507720947e+00, 6.666666507720947e+00, 6.666666507720947e+00, 6.666666507720947e+00, 6.666666507720947e+00, 6.666666507720947e+00, 6.666666507720947e+00, 6.666666507720947e+00, 6.666666507720947e+00, 6.666666507720947e+00, 6.666666507720947e+00, 6.666666507720947e+00, 5e+00, 6.666666507720947e+00, 6.666666507720947e+00, 6.666666507720947e+00, 6.666666507720947e+00, 6.666666507720947e+00, 6.666666507720947e+00]
ets.QChiWat_flow_nominal=[-2.44805203125e+05, -2.44805203125e+05]
ets.QHeaWat_flow_nominal=[4.7937990625e+05, 4.7937990625e+05]
ets.chi.senTConEnt.T=[2.931499938964844e+02, 2.931499938964844e+02, 2.931499938964844e+02, 2.931499938964844e+02, 2.931499938964844e+02, 2.931499938964844e+02, 2.931499938964844e+02, 2.931499938964844e+02, 2.931499938964844e+02, 2.931499938964844e+02, 2.931499938964844e+02, 2.931499938964844e+02, 2.931499938964844e+02, 2.931499938964844e+02, 2.931499938964844e+02, 2.931499938964844e+02, 2.931499938964844e+02, 2.931499938964844e+02, 3.178138732910156e+02, 3.037739562988281e+02, 3.032188720703125e+02, 3.187081909179688e+02, 3.10557373046875e+02, 3.038607788085938e+02, 3.033148803710938e+02, 3.180220336914062e+02, 3.176533508300781e+02, 3.176533508300781e+02, 3.176533508300781e+02, 3.176533508300781e+02, 3.176533508300781e+02, 3.176533508300781e+02, 3.176533508300781e+02, 3.077441711425781e+02, 3.179585266113281e+02, 3.173782958984375e+02, 3.186715393066406e+02, 3.032408752441406e+02, 3.06580322265625e+02, 3.181952514648438e+02, 3.018470458984375e+02, 3.033453979492188e+02, 3.177586975097656e+02, 3.164489135742188e+02, 3.180334167480469e+02, 3.179995727539062e+02, 3.181516723632812e+02, 3.181516723632812e+02, 3.181516723632812e+02, 3.181516723632812e+02, 3.181516723632812e+02, 3.175501708984375e+02, 3.169396057128906e+02, 3.177936096191406e+02, 3.108673706054688e+02, 3.040242004394531e+02, 3.160660095214844e+02, 3.000244750976562e+02, 3.034983215332031e+02, 3.120134582519531e+02, 3.176041259765625e+02, 3.179660034179688e+02, 3.18015869140625e+02, 3.181462707519531e+02, 3.181462707519531e+02, 3.181462707519531e+02, 3.181462707519531e+02, 3.181462707519531e+02, 3.172243347167969e+02, 3.174861145019531e+02, 3.163617858886719e+02, 2.999000549316406e+02, 3.032982788085938e+02, 3.132071228027344e+02, 3.033141479492188e+02, 3.031905822753906e+02, 3.030857238769531e+02, 3.183747863769531e+02, 3.005186767578125e+02, 3.005186767578125e+02, 3.005186767578125e+02, 3.005186767578125e+02, 3.005186767578125e+02, 3.005186767578125e+02, 3.005186767578125e+02, 3.005186767578125e+02, 3.005186767578125e+02, 3.191051635742188e+02, 3.016589050292969e+02, 3.03390380859375e+02, 3.032235107421875e+02, 3.031977233886719e+02, 3.031924133300781e+02, 3.032164306640625e+02, 3.087451782226562e+02, 3.011961975097656e+02, 3.011961975097656e+02, 3.011961975097656e+02, 3.011961975097656e+02, 3.011961975097656e+02, 3.011961975097656e+02]
ets.chi.senTConLvg.T=[2.931499938964844e+02, 2.931499938964844e+02, 2.931499938964844e+02, 2.931499938964844e+02, 2.931499938964844e+02, 2.931499938964844e+02, 2.931499938964844e+02, 2.931499938964844e+02, 2.931499938964844e+02, 2.931499938964844e+02, 2.931499938964844e+02, 2.931499938964844e+02, 2.931499938964844e+02, 2.931499938964844e+02, 2.931499938964844e+02, 2.931499938964844e+02, 2.931499938964844e+02, 2.931499938964844e+02, 3.181842041015625e+02, 3.043387145996094e+02, 3.033082275390625e+02, 3.190335693359375e+02, 3.125494079589844e+02, 3.041969909667969e+02, 3.036506652832031e+02, 3.18196044921875e+02, 3.176830139160156e+02, 3.176830139160156e+02, 3.176830139160156e+02, 3.176830139160156e+02, 3.176830139160156e+02, 3.176830139160156e+02, 3.176830139160156e+02, 3.077147521972656e+02, 3.182125244140625e+02, 3.181499938964844e+02, 3.188334655761719e+02, 3.03381591796875e+02, 3.08127685546875e+02, 3.185982666015625e+02, 3.020569152832031e+02, 3.036250610351562e+02, 3.180321960449219e+02, 3.164682312011719e+02, 3.181466064453125e+02, 3.181479797363281e+02, 3.182030944824219e+02, 3.182030944824219e+02, 3.182030944824219e+02, 3.182030944824219e+02, 3.182030944824219e+02, 3.182690124511719e+02, 3.17924560546875e+02, 3.182861022949219e+02, 3.116012878417969e+02, 3.042004699707031e+02, 3.166404724121094e+02, 3.002705078125e+02, 3.037396850585938e+02, 3.137636108398438e+02, 3.17626220703125e+02, 3.181129760742188e+02, 3.181412048339844e+02, 3.181959838867188e+02, 3.181959838867188e+02, 3.181959838867188e+02, 3.181959838867188e+02, 3.181959838867188e+02, 3.180946655273438e+02, 3.180525207519531e+02, 3.165486450195312e+02, 3.001398315429688e+02, 3.036438293457031e+02, 3.148986206054688e+02, 3.036925048828125e+02, 3.036682739257812e+02, 3.036595764160156e+02, 3.186571960449219e+02, 3.005369262695312e+02, 3.005369262695312e+02, 3.005369262695312e+02, 3.005369262695312e+02, 3.005369262695312e+02, 3.005369262695312e+02, 3.005369262695312e+02, 3.005369262695312e+02, 3.005369262695312e+02, 3.191890258789062e+02, 3.018388977050781e+02, 3.036242980957031e+02, 3.036395568847656e+02, 3.036780700683594e+02, 3.036361083984375e+02, 3.036787719726562e+02, 3.105303649902344e+02, 3.012144165039062e+02, 3.012144165039062e+02, 3.012144165039062e+02, 3.012144165039062e+02, 3.012144165039062e+02, 3.012144165039062e+02]
ets.chi.senTEvaEnt.T=[2.931499938964844e+02, 2.931499938964844e+02, 2.931499938964844e+02, 2.931499938964844e+02, 2.931499938964844e+02, 2.931499938964844e+02, 2.931499938964844e+02, 2.931499938964844e+02, 2.931499938964844e+02, 2.931499938964844e+02, 2.931499938964844e+02, 2.931499938964844e+02, 2.931499938964844e+02, 2.931499938964844e+02, 2.931499938964844e+02, 2.931499938964844e+02, 2.931499938964844e+02, 2.931499938964844e+02, 2.806959533691406e+02, 2.802406616210938e+02, 2.80332763671875e+02, 2.80442138671875e+02, 2.804694519042969e+02, 2.806438293457031e+02, 2.806853332519531e+02, 2.803800048828125e+02, 2.801819763183594e+02, 2.801819763183594e+02, 2.801819763183594e+02, 2.801819763183594e+02, 2.801819763183594e+02, 2.801819763183594e+02, 2.801819763183594e+02, 2.817096252441406e+02, 2.819961547851562e+02, 2.817051086425781e+02, 2.803835754394531e+02, 2.804285278320312e+02, 2.812832641601562e+02, 2.8075830078125e+02, 2.805590209960938e+02, 2.805995178222656e+02, 2.804414367675781e+02, 2.821335144042969e+02, 2.820887756347656e+02, 2.820670776367188e+02, 2.82114013671875e+02, 2.82114013671875e+02, 2.82114013671875e+02, 2.82114013671875e+02, 2.82114013671875e+02, 2.817372741699219e+02, 2.816317138671875e+02, 2.808918151855469e+02, 2.803526306152344e+02, 2.804477844238281e+02, 2.81019775390625e+02, 2.804953002929688e+02, 2.805121154785156e+02, 2.811078491210938e+02, 2.813000183105469e+02, 2.820354309082031e+02, 2.82081298828125e+02, 2.821159057617188e+02, 2.821159057617188e+02, 2.821159057617188e+02, 2.821159057617188e+02, 2.821159057617188e+02, 2.816455688476562e+02, 2.818580932617188e+02, 2.804085998535156e+02, 2.804947814941406e+02, 2.806958923339844e+02, 2.812897033691406e+02, 2.808593139648438e+02, 2.809124755859375e+02, 2.810653076171875e+02, 2.805438842773438e+02, 2.801875610351562e+02, 2.801875610351562e+02, 2.801875610351562e+02, 2.801875610351562e+02, 2.801875610351562e+02, 2.801875610351562e+02, 2.801875610351562e+02, 2.801875610351562e+02, 2.801875610351562e+02, 2.799464111328125e+02, 2.805011901855469e+02, 2.8052978515625e+02, 2.808143615722656e+02, 2.809155578613281e+02, 2.808581848144531e+02, 2.808877563476562e+02, 2.810263366699219e+02, 2.801868591308594e+02, 2.801868591308594e+02, 2.801868591308594e+02, 2.801868591308594e+02, 2.801868591308594e+02, 2.801868591308594e+02]
ets.chi.senTEvaLvg.T=[2.931499938964844e+02, 2.931499938964844e+02, 2.931499938964844e+02, 2.931499938964844e+02, 2.931499938964844e+02, 2.931499938964844e+02, 2.931499938964844e+02, 2.931499938964844e+02, 2.931499938964844e+02, 2.931499938964844e+02, 2.931499938964844e+02, 2.931499938964844e+02, 2.931499938964844e+02, 2.931499938964844e+02, 2.931499938964844e+02, 2.931499938964844e+02, 2.931499938964844e+02, 2.931499938964844e+02, 2.801499938964844e+02, 2.801499938964844e+02, 2.801499938964844e+02, 2.801488647460938e+02, 2.801499938964844e+02, 2.801499938964844e+02, 2.801499938964844e+02, 2.801499938964844e+02, 2.801499938964844e+02, 2.801499938964844e+02, 2.801499938964844e+02, 2.801499938964844e+02, 2.801499938964844e+02, 2.801499938964844e+02, 2.801499938964844e+02, 2.81629150390625e+02, 2.816353759765625e+02, 2.806079406738281e+02, 2.801499938964844e+02, 2.801499938964844e+02, 2.784270629882812e+02, 2.801499938964844e+02, 2.801499938964844e+02, 2.801499938964844e+02, 2.801499938964844e+02, 2.821314697265625e+02, 2.819305114746094e+02, 2.81857177734375e+02, 2.820372314453125e+02, 2.820372314453125e+02, 2.820372314453125e+02, 2.820372314453125e+02, 2.820372314453125e+02, 2.807174072265625e+02, 2.802606201171875e+02, 2.801499938964844e+02, 2.801499938964844e+02, 2.801499938964844e+02, 2.801499938964844e+02, 2.801499938964844e+02, 2.801499938964844e+02, 2.779770812988281e+02, 2.812545166015625e+02, 2.817979125976562e+02, 2.819048767089844e+02, 2.820418395996094e+02, 2.820418395996094e+02, 2.820418395996094e+02, 2.820418395996094e+02, 2.820418395996094e+02, 2.804000549316406e+02, 2.810763244628906e+02, 2.801499938964844e+02, 2.801499938964844e+02, 2.801499938964844e+02, 2.782553405761719e+02, 2.801499938964844e+02, 2.801499938964844e+02, 2.801499938964844e+02, 2.801499938964844e+02, 2.801499938964844e+02, 2.801499938964844e+02, 2.801499938964844e+02, 2.801499938964844e+02, 2.801499938964844e+02, 2.801499938964844e+02, 2.801499938964844e+02, 2.801499938964844e+02, 2.801499938964844e+02, 2.800519409179688e+02, 2.801499938964844e+02, 2.801499938964844e+02, 2.801499938964844e+02, 2.801499938964844e+02, 2.801499938964844e+02, 2.801499938964844e+02, 2.777671813964844e+02, 2.801499938964844e+02, 2.801499938964844e+02, 2.801499938964844e+02, 2.801499938964844e+02, 2.801499938964844e+02, 2.801499938964844e+02]
ets.chi.chi.TSet=[2.881499938964844e+02, 2.881499938964844e+02, 2.881499938964844e+02, 2.881499938964844e+02, 2.881499938964844e+02, 2.881499938964844e+02, 2.881499938964844e+02, 2.881499938964844e+02, 2.881499938964844e+02, 2.881499938964844e+02, 2.881499938964844e+02, 2.881499938964844e+02, 2.881499938964844e+02, 2.881499938964844e+02, 2.881499938964844e+02, 2.881499938964844e+02, 2.881499938964844e+02, 2.881499938964844e+02, 2.801499938964844e+02, 2.801499938964844e+02, 2.801499938964844e+02, 2.801499938964844e+02, 2.801499938964844e+02, 2.801499938964844e+02, 2.801499938964844e+02, 2.801499938964844e+02, 2.881499938964844e+02, 2.881499938964844e+02, 2.881499938964844e+02, 2.881499938964844e+02, 2.881499938964844e+02, 2.881499938964844e+02, 2.881499938964844e+02, 2.881499938964844e+02, 2.8163916015625e+02, 2.806146545410156e+02, 2.801499938964844e+02, 2.801499938964844e+02, 2.7831103515625e+02, 2.801499938964844e+02, 2.801499938964844e+02, 2.801499938964844e+02, 2.801499938964844e+02, 2.881499938964844e+02, 2.819296569824219e+02, 2.818573303222656e+02, 2.881499938964844e+02, 2.881499938964844e+02, 2.881499938964844e+02, 2.881499938964844e+02, 2.881499938964844e+02, 2.807274780273438e+02, 2.802466125488281e+02, 2.801499938964844e+02, 2.801499938964844e+02, 2.801499938964844e+02, 2.801499938964844e+02, 2.801499938964844e+02, 2.801499938964844e+02, 2.780143737792969e+02, 2.881499938964844e+02, 2.818124694824219e+02, 2.819043273925781e+02, 2.881499938964844e+02, 2.881499938964844e+02, 2.881499938964844e+02, 2.881499938964844e+02, 2.881499938964844e+02, 2.804112243652344e+02, 2.810655212402344e+02, 2.801499938964844e+02, 2.801499938964844e+02, 2.801499938964844e+02, 2.783199768066406e+02, 2.801499938964844e+02, 2.801499938964844e+02, 2.801499938964844e+02, 2.801499938964844e+02, 2.881499938964844e+02, 2.881499938964844e+02, 2.881499938964844e+02, 2.881499938964844e+02, 2.881499938964844e+02, 2.881499938964844e+02, 2.881499938964844e+02, 2.881499938964844e+02, 2.881499938964844e+02, 2.801499938964844e+02, 2.801499938964844e+02, 2.801499938964844e+02, 2.801499938964844e+02, 2.801499938964844e+02, 2.801499938964844e+02, 2.801499938964844e+02, 2.777302856445312e+02, 2.881499938964844e+02, 2.881499938964844e+02, 2.881499938964844e+02, 2.881499938964844e+02, 2.881499938964844e+02, 2.881499938964844e+02]
ets.chi.chi.COP=[0e+00, 0e+00, 0e+00, 0e+00, 0e+00, 0e+00, 0e+00, 0e+00, 0e+00, 0e+00, 0e+00, 0e+00, 0e+00, 0e+00, 0e+00, 0e+00, 0e+00, 0e+00, 2.457149744033813e+00, 4.280853748321533e+00, 4.405852794647217e+00, 2.392112493515015e+00, 3.142797470092773e+00, 4.257724285125732e+00, 4.383181095123291e+00, 2.441821575164795e+00, 0e+00, 0e+00, 0e+00, 0e+00, 0e+00, 0e+00, 0e+00, 7.90816605091095e-01, 2.561282873153687e+00, 2.525592088699341e+00, 2.394942998886108e+00, 4.400521755218506e+00, 3.982888460159302e+00, 2.429027318954468e+00, 4.760566711425781e+00, 4.375947952270508e+00, 2.46148157119751e+00, 7.322335243225098e-01, 2.579223394393921e+00, 2.575987339019775e+00, 0e+00, 0e+00, 0e+00, 0e+00, 0e+00, 2.520708322525024e+00, 2.532788753509521e+00, 2.458603620529175e+00, 3.114521503448486e+00, 4.221245765686035e+00, 2.59455418586731e+00, 5.331935405731201e+00, 4.340246200561523e+00, 3.205927848815918e+00, 7.190475463867188e-01, 2.57387638092041e+00, 2.578558921813965e+00, 0e+00, 0e+00, 0e+00, 0e+00, 0e+00, 2.521355628967285e+00, 2.554283618927002e+00, 2.570346593856812e+00, 5.375821113586426e+00, 4.387149810791016e+00, 3.089578151702881e+00, 4.382849216461182e+00, 4.412837028503418e+00, 4.438167572021484e+00, 2.416128396987915e+00, 0e+00, 0e+00, 0e+00, 0e+00, 0e+00, 0e+00, 0e+00, 0e+00, 0e+00, 0e+00, 4.813802242279053e+00, 4.365340709686279e+00, 4.40493631362915e+00, 4.411128997802734e+00, 4.41239595413208e+00, 4.406644344329834e+00, 3.611709833145142e+00, 0e+00, 0e+00, 0e+00, 0e+00, 0e+00, 0e+00]
