last-generated=2017-03-21
statistics-simulation=
{
  "numerical Jacobians": "0", 
  "nonlinear": " ", 
  "number of continuous time states": "8", 
  "linear": "0"
}
TSet.y=[289.149993896484375, 289.149993896484375, 289.149993896484375, 289.149993896484375, 289.149993896484375, 289.149993896484375, 289.149993896484375, 289.149993896484375, 289.149993896484375, 289.149993896484375, 289.149993896484375, 289.149993896484375, 289.149993896484375, 289.149993896484375, 289.149993896484375, 293.149993896484375, 293.149993896484375, 293.149993896484375, 293.149993896484375, 293.149993896484375, 293.149993896484375, 293.149993896484375, 293.149993896484375, 293.149993896484375, 293.149993896484375, 293.149993896484375, 293.149993896484375, 293.149993896484375, 293.149993896484375, 293.149993896484375, 293.149993896484375, 293.149993896484375, 293.149993896484375, 293.149993896484375, 293.149993896484375, 293.149993896484375, 293.149993896484375, 293.149993896484375, 293.149993896484375, 293.149993896484375, 289.149993896484375, 289.149993896484375, 289.149993896484375, 289.149993896484375, 289.149993896484375, 289.149993896484375, 289.149993896484375, 289.149993896484375, 289.149993896484375, 289.149993896484375, 289.149993896484375, 289.149993896484375, 289.149993896484375, 289.149993896484375, 289.149993896484375, 289.149993896484375, 289.149993896484375, 289.149993896484375, 289.149993896484375, 289.149993896484375, 289.149993896484375, 289.149993896484375, 289.149993896484375, 289.149993896484375, 289.149993896484375, 293.149993896484375, 293.149993896484375, 293.149993896484375, 293.149993896484375, 293.149993896484375, 293.149993896484375, 293.149993896484375, 293.149993896484375, 293.149993896484375, 293.149993896484375, 293.149993896484375, 293.149993896484375, 293.149993896484375, 293.149993896484375, 293.149993896484375, 293.149993896484375, 293.149993896484375, 293.149993896484375, 293.149993896484375, 293.149993896484375, 293.149993896484375, 293.149993896484375, 293.149993896484375, 293.149993896484375, 293.149993896484375, 289.149993896484375, 289.149993896484375, 289.149993896484375, 289.149993896484375, 289.149993896484375, 289.149993896484375, 289.149993896484375, 289.149993896484375, 289.149993896484375, 289.149993896484375, 289.149993896484375]
TOut.y=[284.149993896484375, 284.189422607421875, 284.307098388671875, 284.501129150390625, 284.768463134765625, 285.10491943359375, 285.505157470703125, 285.962890625, 286.470855712890625, 287.0211181640625, 287.60491943359375, 288.213104248046875, 288.8360595703125, 289.463958740234375, 290.0869140625, 290.695098876953125, 291.278900146484375, 291.829132080078125, 292.337127685546875, 292.794830322265625, 293.195098876953125, 293.531524658203125, 293.79888916015625, 293.992919921875, 294.110565185546875, 294.149993896484375, 294.110565185546875, 293.992919921875, 293.79888916015625, 293.531524658203125, 293.195098876953125, 292.794830322265625, 292.337127685546875, 291.829132080078125, 291.278900146484375, 290.695098876953125, 290.0869140625, 289.463958740234375, 288.8360595703125, 288.213104248046875, 287.60491943359375, 287.0211181640625, 286.470855712890625, 285.962890625, 285.505157470703125, 285.10491943359375, 284.768463134765625, 284.501129150390625, 284.307098388671875, 284.189422607421875, 284.149993896484375, 284.189422607421875, 284.307098388671875, 284.501129150390625, 284.768463134765625, 285.10491943359375, 285.505157470703125, 285.962890625, 286.470855712890625, 287.0211181640625, 287.60491943359375, 288.213104248046875, 288.8360595703125, 289.463958740234375, 290.0869140625, 290.695098876953125, 291.278900146484375, 291.829132080078125, 292.337127685546875, 292.794830322265625, 293.195098876953125, 293.531524658203125, 293.79888916015625, 293.992919921875, 294.110565185546875, 294.149993896484375, 294.110565185546875, 293.992919921875, 293.79888916015625, 293.531524658203125, 293.195098876953125, 292.794830322265625, 292.337127685546875, 291.829132080078125, 291.278900146484375, 290.695098876953125, 290.0869140625, 289.463958740234375, 288.8360595703125, 288.213104248046875, 287.60491943359375, 287.0211181640625, 286.470855712890625, 285.962890625, 285.505157470703125, 285.10491943359375, 284.768463134765625, 284.501129150390625, 284.307098388671875, 284.189422607421875, 284.149993896484375]
THeaOut.T=[293.149993896484375, 290.223663330078125, 290.475341796875, 290.423309326171875, 290.350250244140625, 290.25823974609375, 290.14874267578125, 290.023529052734375, 289.884521484375, 289.733917236328125, 289.574127197265625, 289.407623291015625, 289.237060546875, 289.17962646484375, 289.38055419921875, 298.205657958984375, 293.611541748046875, 293.512542724609375, 293.373382568359375, 293.247955322265625, 293.151519775390625, 293.225860595703125, 293.373748779296875, 293.547943115234375, 293.715423583984375, 293.8531494140625, 293.945159912109375, 293.98077392578125, 293.953125, 293.858428955078125, 293.69537353515625, 293.464630126953125, 293.168487548828125, 293.51104736328125, 293.6612548828125, 293.821075439453125, 293.987548828125, 294.158111572265625, 294.330047607421875, 294.5006103515625, 292.330078125, 290.688446044921875, 289.3970947265625, 290.021697998046875, 290.147216796875, 290.256927490234375, 290.34918212890625, 290.4224853515625, 290.47576904296875, 290.508148193359375, 290.518951416015625, 290.5081787109375, 290.476226806640625, 290.42352294921875, 290.350433349609375, 290.25823974609375, 290.148712158203125, 290.023529052734375, 289.884552001953125, 289.733917236328125, 289.574127197265625, 289.407623291015625, 289.237060546875, 289.17962646484375, 289.38055419921875, 298.20562744140625, 293.611541748046875, 293.512542724609375, 293.373382568359375, 293.247955322265625, 293.151519775390625, 293.225860595703125, 293.373748779296875, 293.547943115234375, 293.7154541015625, 293.8531494140625, 293.945159912109375, 293.98077392578125, 293.953125, 293.858428955078125, 293.69537353515625, 293.464630126953125, 293.168487548828125, 293.51104736328125, 293.6612548828125, 293.821075439453125, 293.987548828125, 294.158111572265625, 294.330047607421875, 294.5006103515625, 292.330078125, 290.688446044921875, 289.3970947265625, 290.021697998046875, 290.147216796875, 290.256927490234375, 290.349151611328125, 290.4224853515625, 290.47576904296875, 290.50811767578125, 290.51904296875]
TVol.T=[293.149993896484375, 290.222259521484375, 289.1497802734375, 289.150299072265625, 289.150390625, 289.15045166015625, 289.150543212890625, 289.150604248046875, 289.150665283203125, 289.150726318359375, 289.1507568359375, 289.150787353515625, 289.150787353515625, 289.1796875, 289.380706787109375, 292.733795166015625, 293.154541015625, 293.150665283203125, 293.150604248046875, 293.150543212890625, 293.151519775390625, 293.225921630859375, 293.37384033203125, 293.54803466796875, 293.71551513671875, 293.85321044921875, 293.945220947265625, 293.98077392578125, 293.95306396484375, 293.858367919921875, 293.695281982421875, 293.464447021484375, 293.168304443359375, 293.14935302734375, 293.1492919921875, 293.14923095703125, 293.14923095703125, 293.149200439453125, 293.149200439453125, 293.14923095703125, 292.3289794921875, 290.6876220703125, 289.39642333984375, 289.149383544921875, 289.149444580078125, 289.1495361328125, 289.14959716796875, 289.149688720703125, 289.1497802734375, 289.14990234375, 289.149993896484375, 289.15008544921875, 289.150177001953125, 289.150299072265625, 289.150390625, 289.15045166015625, 289.150543212890625, 289.150604248046875, 289.150665283203125, 289.150726318359375, 289.1507568359375, 289.150787353515625, 289.150787353515625, 289.1796875, 289.380706787109375, 292.733795166015625, 293.154541015625, 293.150665283203125, 293.150604248046875, 293.150543212890625, 293.151519775390625, 293.225921630859375, 293.37384033203125, 293.548065185546875, 293.71551513671875, 293.85321044921875, 293.945220947265625, 293.98077392578125, 293.95306396484375, 293.858367919921875, 293.69525146484375, 293.4644775390625, 293.168304443359375, 293.14935302734375, 293.1492919921875, 293.14923095703125, 293.14923095703125, 293.149200439453125, 293.149200439453125, 293.14923095703125, 292.3289794921875, 290.6876220703125, 289.39642333984375, 289.149383544921875, 289.149444580078125, 289.1495361328125, 289.14959716796875, 289.149688720703125, 289.1497802734375, 289.14990234375, 289.149993896484375]
time=[0., 172800.]
hea.TSet=[288.149993896484375, 288.149993896484375, 290.47576904296875, 290.42291259765625, 290.349700927734375, 290.257598876953125, 290.147979736328125, 290.022674560546875, 289.883575439453125, 289.73291015625, 289.573089599609375, 289.40655517578125, 289.235992431640625, 288.149993896484375, 288.149993896484375, 303.149993896484375, 293.612701416015625, 293.511627197265625, 293.372528076171875, 293.247222900390625, 293.112579345703125, 288.149993896484375, 288.149993896484375, 288.149993896484375, 288.149993896484375, 288.149993896484375, 288.149993896484375, 288.149993896484375, 288.149993896484375, 288.149993896484375, 288.149993896484375, 288.149993896484375, 288.149993896484375, 293.51190185546875, 293.662261962890625, 293.822113037109375, 293.9886474609375, 294.159210205078125, 294.33111572265625, 294.501708984375, 288.149993896484375, 288.149993896484375, 288.149993896484375, 290.02252197265625, 290.147979736328125, 290.257568359375, 290.349700927734375, 290.422882080078125, 290.476043701171875, 290.50830078125, 290.518951416015625, 290.508026123046875, 290.4759521484375, 290.423126220703125, 290.34991455078125, 290.257598876953125, 290.14794921875, 290.022674560546875, 289.883636474609375, 289.732940673828125, 289.573089599609375, 289.40655517578125, 289.235992431640625, 288.149993896484375, 288.149993896484375, 303.149993896484375, 293.6126708984375, 293.511627197265625, 293.372528076171875, 293.247222900390625, 293.112579345703125, 288.149993896484375, 288.149993896484375, 288.149993896484375, 288.149993896484375, 288.149993896484375, 288.149993896484375, 288.149993896484375, 288.149993896484375, 288.149993896484375, 288.149993896484375, 288.149993896484375, 288.149993896484375, 293.511871337890625, 293.662261962890625, 293.822113037109375, 293.9886474609375, 294.159210205078125, 294.33111572265625, 294.501708984375, 288.149993896484375, 288.149993896484375, 288.149993896484375, 290.02252197265625, 290.147979736328125, 290.257568359375, 290.349700927734375, 290.422882080078125, 290.476043701171875, 290.50823974609375, 290.51904296875]
hea.Q_flow=[0., 0.00003834084782283753, 261.444091796875, 251.068084716796875, 236.6351470947265625, 218.4711151123046875, 196.85888671875, 172.14772033691403407829, 144.7169952392578125, 115.00395965576171875, 83.48101043701171875, 50.637722015380859375, 16.9973011016845703125, 0.00003834084782283753, 0.00003834084782283753, 1080., 90.15630340576171875, 71.35569000244134940658, 43.9202728271484375, 19.1983318328857421875, 0.00003834084782283753, 0.00003834084782283753, 0.00003834084782283753, 0.00003834084782283753, 0.00003834084782283753, 0.00003834084782283753, 0.00003834084782283753, 0.00003834084782283753, 0.00003834084782283753, 0.00003834084782283753, 0.00003834084782283753, 0.00003834084782283753, 0.00003834084782283753, 71.352020263671875, 100.99490356445325289769, 132.52026367187485789145, 165.3622894287109375, 199.0026702880859375, 232.9112396240234375, 266.5531005859375, 0.00003834084782283753, 0.00003834084782283753, 0.00003834084782283753, 172.0542144775390625, 196.801727294921875, 218.419891357421875, 236.5942230224609375, 251.0336151123046875, 261.52239990234375, 267.888397216796875, 269.993408203125, 267.846282958984375, 261.525054931640625, 251.1078338623046875, 236.6727142333984375, 218.46992492675764196974, 196.85188293457011354803, 172.14672851562522737368, 144.7266998291015625, 115.004669189453125, 83.47969818115234375, 50.637775421142578125, 16.997344970703125, 0.00003834084782283753, 0.00003834084782283753, 1080., 90.15349578857421875, 71.35565948486328125, 43.92025756835915473175, 19.19824790954609738947, 0.00003834084782283753, 0.00003834084782283753, 0.00003834084782283753, 0.00003834084782283753, 0.00003834084782283753, 0.00003834084782283753, 0.00003834084782283753, 0.00003834084782283753, 0.00003834084782283753, 0.00003834084782283753, 0.00003834084782283753, 0.00003834084782283753, 0.00003834084782283753, 71.34813690185546875, 100.99514007568359375, 132.5203857421875, 165.36212158203125, 199.002838134765625, 232.91119384765625, 266.5531005859375, 0.00003834084782283753, 0.00003834084782283753, 0.00003834084782283753, 172.05352783203125, 196.801727294921875, 218.4199676513671875, 236.5936737060546875, 251.034637451171875, 261.52215576171875, 267.878326416015625, 270.01336669921875]
