last-generated=2021-07-13
statistics-initialization=
{
  "nonlinear": "1, 2, 1",
  "numerical Jacobians": "0"
}
statistics-simulation=
{
  "linear": "0, 0",
  "nonlinear": "1, 2, 1",
  "number of continuous time states": "45",
  "numerical Jacobians": "0"
}
time=[6.5e+06, 7e+06]
ets.tanHeaWat.TTop=[2.931499938964844e+02, 2.931499938964844e+02, 2.931499938964844e+02, 2.931499938964844e+02, 2.931499938964844e+02, 2.931499938964844e+02, 2.931499938964844e+02, 2.931499938964844e+02, 2.931499938964844e+02, 2.931499938964844e+02, 2.931499938964844e+02, 2.931499938964844e+02, 2.931499938964844e+02, 2.931499938964844e+02, 2.931499938964844e+02, 2.931499938964844e+02, 2.931499938964844e+02, 2.93545166015625e+02, 3.180494689941406e+02, 3.189319152832031e+02, 2.993226013183594e+02, 3.19802001953125e+02, 3.19637939453125e+02, 3.04313720703125e+02, 3.041875e+02, 3.181322631835938e+02, 3.181124572753906e+02, 2.995866394042969e+02, 3.027166137695312e+02, 3.029718627929688e+02, 3.029720764160156e+02, 3.029721374511719e+02, 3.0297216796875e+02, 3.111446228027344e+02, 3.187667846679688e+02, 3.182938232421875e+02, 3.193096008300781e+02, 3.004446411132812e+02, 3.106470031738281e+02, 3.190289001464844e+02, 3.010008239746094e+02, 3.038716735839844e+02, 3.180270385742188e+02, 3.182991638183594e+02, 3.181927185058594e+02, 3.181619567871094e+02, 3.008349304199219e+02, 3.008172302246094e+02, 3.007995910644531e+02, 3.007820129394531e+02, 3.007645263671875e+02, 3.185584716796875e+02, 3.17843505859375e+02, 3.187786254882812e+02, 3.193724060058594e+02, 3.010480346679688e+02, 3.176693725585938e+02, 3.079621276855469e+02, 3.049768371582031e+02, 3.1878466796875e+02, 3.187104187011719e+02, 3.180217590332031e+02, 3.180626525878906e+02, 3.011900329589844e+02, 3.011714782714844e+02, 3.011529846191406e+02, 3.011345520019531e+02, 3.011162109375e+02, 3.163169555664062e+02, 3.178756103515625e+02, 3.188212890625e+02, 3.005247497558594e+02, 3.048133544921875e+02, 3.209325866699219e+02, 3.032308349609375e+02, 3.042539672851562e+02, 3.0415283203125e+02, 3.188871765136719e+02, 3.001573486328125e+02, 3.013414306640625e+02, 3.027929992675781e+02, 3.028373718261719e+02, 3.028375244140625e+02, 3.028375854492188e+02, 3.028375854492188e+02, 3.028376159667969e+02, 3.028376159667969e+02, 3.175001220703125e+02, 3.015679626464844e+02, 3.038534240722656e+02, 3.041635437011719e+02, 3.041759643554688e+02, 3.041356811523438e+02, 3.041827697753906e+02, 3.142915344238281e+02, 2.98643798828125e+02, 2.986441040039062e+02, 2.986441650390625e+02, 2.986441955566406e+02, 2.986442260742188e+02, 2.986442260742188e+02]
ets.tanHeaWat.TBot=[2.931499938964844e+02, 2.931499938964844e+02, 2.931499938964844e+02, 2.931499938964844e+02, 2.931499938964844e+02, 2.931499938964844e+02, 2.931499938964844e+02, 2.931499938964844e+02, 2.931499938964844e+02, 2.931499938964844e+02, 2.931499938964844e+02, 2.931499938964844e+02, 2.931499938964844e+02, 2.931499938964844e+02, 2.931499938964844e+02, 2.931499938964844e+02, 2.931499938964844e+02, 2.936549072265625e+02, 3.177790222167969e+02, 3.188897399902344e+02, 2.99366455078125e+02, 3.196312561035156e+02, 3.195733947753906e+02, 3.042040710449219e+02, 3.041989135742188e+02, 3.179659729003906e+02, 3.134361572265625e+02, 2.996521911621094e+02, 3.027597961425781e+02, 3.029725646972656e+02, 3.029723510742188e+02, 3.029723205566406e+02, 3.029722900390625e+02, 3.104307250976562e+02, 3.184948120117188e+02, 3.175729064941406e+02, 3.192425231933594e+02, 3.004114074707031e+02, 3.096694641113281e+02, 3.187857055664062e+02, 3.009149169921875e+02, 3.038671875e+02, 3.176236267089844e+02, 3.181870422363281e+02, 3.180977172851562e+02, 3.180313720703125e+02, 2.922933044433594e+02, 2.923089599609375e+02, 2.923245849609375e+02, 2.923401184082031e+02, 2.92355712890625e+02, 3.17832763671875e+02, 3.168841552734375e+02, 3.18516845703125e+02, 3.193108825683594e+02, 3.010096435546875e+02, 3.171831970214844e+02, 3.083993835449219e+02, 3.049439392089844e+02, 3.175508117675781e+02, 3.185647583007812e+02, 3.179527587890625e+02, 3.179544372558594e+02, 2.922479858398438e+02, 2.922643432617188e+02, 2.922806701660156e+02, 2.922969055175781e+02, 2.923130798339844e+02, 3.158865356445312e+02, 3.1735791015625e+02, 3.184436645507812e+02, 3.007635192871094e+02, 3.04871826171875e+02, 3.1976904296875e+02, 3.0307421875e+02, 3.042667541503906e+02, 3.041600036621094e+02, 3.187632751464844e+02, 3.001853637695312e+02, 3.013843994140625e+02, 3.028154907226562e+02, 3.028379211425781e+02, 3.028377685546875e+02, 3.028377380371094e+02, 3.028377075195312e+02, 3.028377075195312e+02, 3.028377075195312e+02, 3.17167724609375e+02, 3.014927062988281e+02, 3.038387451171875e+02, 3.041618347167969e+02, 3.041781005859375e+02, 3.041359252929688e+02, 3.041832275390625e+02, 3.131863708496094e+02, 2.986447143554688e+02, 2.986444091796875e+02, 2.986443481445312e+02, 2.986443176269531e+02, 2.986443176269531e+02, 2.98644287109375e+02]
senTHeaWatSup.T=[2.931499938964844e+02, 2.931499938964844e+02, 2.931499938964844e+02, 2.931499938964844e+02, 2.931499938964844e+02, 2.931499938964844e+02, 2.931499938964844e+02, 2.931499938964844e+02, 2.931499938964844e+02, 2.931499938964844e+02, 2.931499938964844e+02, 2.931499938964844e+02, 2.931499938964844e+02, 2.931499938964844e+02, 2.931499938964844e+02, 2.931499938964844e+02, 2.931499938964844e+02, 2.933427429199219e+02, 3.180331420898438e+02, 3.189048156738281e+02, 3.0098291015625e+02, 3.198811645507812e+02, 3.195937194824219e+02, 3.01798095703125e+02, 3.01798095703125e+02, 3.181323547363281e+02, 3.181887512207031e+02, 2.995593872070312e+02, 3.026215209960938e+02, 3.028732604980469e+02, 3.028732604980469e+02, 3.028732604980469e+02, 3.028732604980469e+02, 3.103860168457031e+02, 3.187496032714844e+02, 3.182924194335938e+02, 3.193125610351562e+02, 3.001548461914062e+02, 3.097964477539062e+02, 3.189980773925781e+02, 3.021412963867188e+02, 3.039177856445312e+02, 3.18050048828125e+02, 3.183182678222656e+02, 3.181984558105469e+02, 3.181615905761719e+02, 3.109919738769531e+02, 3.109919738769531e+02, 3.109919738769531e+02, 3.109919738769531e+02, 3.109919128417969e+02, 3.185502319335938e+02, 3.178424682617188e+02, 3.187833557128906e+02, 3.193465576171875e+02, 3.006873474121094e+02, 3.1764990234375e+02, 3.148912048339844e+02, 3.043478698730469e+02, 3.18275390625e+02, 3.187026062011719e+02, 3.180113525390625e+02, 3.18062255859375e+02, 3.109072570800781e+02, 3.109072570800781e+02, 3.109072570800781e+02, 3.109072570800781e+02, 3.109072570800781e+02, 3.163227844238281e+02, 3.178795166015625e+02, 3.188132629394531e+02, 3.070639953613281e+02, 3.007958068847656e+02, 3.195260620117188e+02, 3.07562255859375e+02, 3.07562255859375e+02, 3.072069702148438e+02, 3.188296508789062e+02, 3.035239562988281e+02, 3.012244873046875e+02, 3.02693115234375e+02, 3.027363891601562e+02, 3.027363891601562e+02, 3.027363891601562e+02, 3.027363891601562e+02, 3.027363891601562e+02, 3.027363891601562e+02, 3.174606018066406e+02, 3.007107238769531e+02, 3.007785034179688e+02, 3.007785034179688e+02, 3.007785034179688e+02, 3.007785034179688e+02, 3.007785034179688e+02, 3.123131408691406e+02, 3.037906799316406e+02, 3.037906799316406e+02, 3.037906799316406e+02, 3.037906799316406e+02, 3.037906799316406e+02, 3.037906799316406e+02]
senTHeaWatRet.T=[2.931499938964844e+02, 2.931499938964844e+02, 2.931499938964844e+02, 2.931499938964844e+02, 2.931499938964844e+02, 2.931499938964844e+02, 2.931499938964844e+02, 2.931499938964844e+02, 2.931499938964844e+02, 2.931499938964844e+02, 2.931499938964844e+02, 2.931499938964844e+02, 2.931499938964844e+02, 2.931499938964844e+02, 2.931499938964844e+02, 2.931499938964844e+02, 2.931499938964844e+02, 3.131123352050781e+02, 3.146245422363281e+02, 3.142967224121094e+02, 3.141695861816406e+02, 3.135393676757812e+02, 3.131592712402344e+02, 3.130993347167969e+02, 3.130993347167969e+02, 3.128962707519531e+02, 3.128491821289062e+02, 3.119912414550781e+02, 3.109871520996094e+02, 3.108996887207031e+02, 3.108996887207031e+02, 3.108996887207031e+02, 3.108996887207031e+02, 3.107041015625e+02, 3.113667602539062e+02, 3.119225158691406e+02, 3.124048156738281e+02, 3.122369384765625e+02, 3.115494995117188e+02, 3.120254211425781e+02, 3.121086730957031e+02, 3.118285217285156e+02, 3.119262390136719e+02, 3.120865783691406e+02, 3.121714172363281e+02, 3.122490539550781e+02, 3.122696533203125e+02, 3.122696533203125e+02, 3.122696533203125e+02, 3.122696533203125e+02, 3.1226953125e+02, 3.120099182128906e+02, 3.122927551269531e+02, 3.127451477050781e+02, 3.12829833984375e+02, 3.12572265625e+02, 3.122197570800781e+02, 3.124745483398438e+02, 3.121208801269531e+02, 3.116080322265625e+02, 3.120858459472656e+02, 3.121747131347656e+02, 3.122345886230469e+02, 3.122680969238281e+02, 3.122680969238281e+02, 3.122680969238281e+02, 3.122680969238281e+02, 3.122680969238281e+02, 3.121292419433594e+02, 3.123576049804688e+02, 3.12603271484375e+02, 3.127630920410156e+02, 3.126333312988281e+02, 3.121714477539062e+02, 3.122709350585938e+02, 3.122709350585938e+02, 3.122665710449219e+02, 3.121392211914062e+02, 3.121199951171875e+02, 3.117633056640625e+02, 3.112855834960938e+02, 3.112668762207031e+02, 3.112668762207031e+02, 3.112668762207031e+02, 3.112668762207031e+02, 3.112668762207031e+02, 3.11266845703125e+02, 3.114228515625e+02, 3.114569091796875e+02, 3.114443054199219e+02, 3.114443054199219e+02, 3.114443054199219e+02, 3.114443054199219e+02, 3.114443054199219e+02, 3.108981018066406e+02, 3.109379272460938e+02, 3.109379272460938e+02, 3.109379272460938e+02, 3.109379272460938e+02, 3.109379272460938e+02, 3.109379272460938e+02]
ets.conSup.THeaWatSupPreSet=[3.181499938964844e+02, 3.181499938964844e+02]
ets.conSup.THeaWatSupSet=[3.031499938964844e+02, 3.031499938964844e+02, 3.031499938964844e+02, 3.031499938964844e+02, 3.031499938964844e+02, 3.031499938964844e+02, 3.031499938964844e+02, 3.031499938964844e+02, 3.031499938964844e+02, 3.031499938964844e+02, 3.031499938964844e+02, 3.031499938964844e+02, 3.031499938964844e+02, 3.031499938964844e+02, 3.031499938964844e+02, 3.031499938964844e+02, 3.031499938964844e+02, 3.031499938964844e+02, 3.181499938964844e+02, 3.181499938964844e+02, 3.031499938964844e+02, 3.181499938964844e+02, 3.181499938964844e+02, 3.031499938964844e+02, 3.031499938964844e+02, 3.181499938964844e+02, 3.031499938964844e+02, 3.031499938964844e+02, 3.031499938964844e+02, 3.031499938964844e+02, 3.031499938964844e+02, 3.031499938964844e+02, 3.031499938964844e+02, 3.181499938964844e+02, 3.181499938964844e+02, 3.181499938964844e+02, 3.181499938964844e+02, 3.031499938964844e+02, 3.181499938964844e+02, 3.181499938964844e+02, 3.031499938964844e+02, 3.031499938964844e+02, 3.181499938964844e+02, 3.181499938964844e+02, 3.181499938964844e+02, 3.181499938964844e+02, 3.031499938964844e+02, 3.031499938964844e+02, 3.031499938964844e+02, 3.031499938964844e+02, 3.031499938964844e+02, 3.181499938964844e+02, 3.181499938964844e+02, 3.181499938964844e+02, 3.181499938964844e+02, 3.031499938964844e+02, 3.181499938964844e+02, 3.031499938964844e+02, 3.031499938964844e+02, 3.181499938964844e+02, 3.181499938964844e+02, 3.181499938964844e+02, 3.181499938964844e+02, 3.031499938964844e+02, 3.031499938964844e+02, 3.031499938964844e+02, 3.031499938964844e+02, 3.031499938964844e+02, 3.181499938964844e+02, 3.181499938964844e+02, 3.181499938964844e+02, 3.031499938964844e+02, 3.031499938964844e+02, 3.181499938964844e+02, 3.031499938964844e+02, 3.031499938964844e+02, 3.031499938964844e+02, 3.181499938964844e+02, 3.031499938964844e+02, 3.031499938964844e+02, 3.031499938964844e+02, 3.031499938964844e+02, 3.031499938964844e+02, 3.031499938964844e+02, 3.031499938964844e+02, 3.031499938964844e+02, 3.031499938964844e+02, 3.181499938964844e+02, 3.031499938964844e+02, 3.031499938964844e+02, 3.031499938964844e+02, 3.031499938964844e+02, 3.031499938964844e+02, 3.031499938964844e+02, 3.181499938964844e+02, 3.031499938964844e+02, 3.031499938964844e+02, 3.031499938964844e+02, 3.031499938964844e+02, 3.031499938964844e+02, 3.031499938964844e+02]
ets.tanChiWat.TTop=[2.931499938964844e+02, 2.930972595214844e+02, 2.927990112304688e+02, 2.917422790527344e+02, 2.892897338867188e+02, 2.881385192871094e+02, 2.870886840820312e+02, 2.862815856933594e+02, 2.858801879882812e+02, 2.858765563964844e+02, 2.858766784667969e+02, 2.858767395019531e+02, 2.858767395019531e+02, 2.858767700195312e+02, 2.858767700195312e+02, 2.858767700195312e+02, 2.858767700195312e+02, 2.858767700195312e+02, 2.801792297363281e+02, 2.802405090332031e+02, 2.803331909179688e+02, 2.803777770996094e+02, 2.804705810546875e+02, 2.806446533203125e+02, 2.806851196289062e+02, 2.803749389648438e+02, 2.801557922363281e+02, 2.801651306152344e+02, 2.801650695800781e+02, 2.801650085449219e+02, 2.801649475097656e+02, 2.801648864746094e+02, 2.801648254394531e+02, 2.801500244140625e+02, 2.801499938964844e+02, 2.801668090820312e+02, 2.803839721679688e+02, 2.804293823242188e+02, 2.823562927246094e+02, 2.805182800292969e+02, 2.80559326171875e+02, 2.806004943847656e+02, 2.804378967285156e+02, 2.80151611328125e+02, 2.801499938964844e+02, 2.801499938964844e+02, 2.801499938964844e+02, 2.801499938964844e+02, 2.801499938964844e+02, 2.801499938964844e+02, 2.801499938964844e+02, 2.801499938964844e+02, 2.801499938964844e+02, 2.803636169433594e+02, 2.803536376953125e+02, 2.804478454589844e+02, 2.804679260253906e+02, 2.804950256347656e+02, 2.805126342773438e+02, 2.837672119140625e+02, 2.8016162109375e+02, 2.801499938964844e+02, 2.801499938964844e+02, 2.801499938964844e+02, 2.801499938964844e+02, 2.801499938964844e+02, 2.801499938964844e+02, 2.801499938964844e+02, 2.801499938964844e+02, 2.801499938964844e+02, 2.803339233398438e+02, 2.80496337890625e+02, 2.806975402832031e+02, 2.832627563476562e+02, 2.808596496582031e+02, 2.809133911132812e+02, 2.8106396484375e+02, 2.805372619628906e+02, 2.804515686035156e+02, 2.804669189453125e+02, 2.804656372070312e+02, 2.8046435546875e+02, 2.804630737304688e+02, 2.804618225097656e+02, 2.804605712890625e+02, 2.804593200683594e+02, 2.804580688476562e+02, 2.802302856445312e+02, 2.805020751953125e+02, 2.805328063964844e+02, 2.808142700195312e+02, 2.809161376953125e+02, 2.808573913574219e+02, 2.808889465332031e+02, 2.834875183105469e+02, 2.809368286132812e+02, 2.810026550292969e+02, 2.809993286132812e+02, 2.809960327148438e+02, 2.809927368164062e+02, 2.809894714355469e+02]
ets.tanChiWat.TBot=[2.931499938964844e+02, 2.930978698730469e+02, 2.9282177734375e+02, 2.9180419921875e+02, 2.893252563476562e+02, 2.881731567382812e+02, 2.871280517578125e+02, 2.86304443359375e+02, 2.858926696777344e+02, 2.858770751953125e+02, 2.858769226074219e+02, 2.858768920898438e+02, 2.858768615722656e+02, 2.858768615722656e+02, 2.858768310546875e+02, 2.858768310546875e+02, 2.858768310546875e+02, 2.858768310546875e+02, 2.801499938964844e+02, 2.801499938964844e+02, 2.801499938964844e+02, 2.801499938964844e+02, 2.801499938964844e+02, 2.801499938964844e+02, 2.801499938964844e+02, 2.801499938964844e+02, 2.801499938964844e+02, 2.801500244140625e+02, 2.801500244140625e+02, 2.801500549316406e+02, 2.801500854492188e+02, 2.801500854492188e+02, 2.801501159667969e+02, 2.801499938964844e+02, 2.801499938964844e+02, 2.801499938964844e+02, 2.801499938964844e+02, 2.801499938964844e+02, 2.801505737304688e+02, 2.801499938964844e+02, 2.801499938964844e+02, 2.801499938964844e+02, 2.801499938964844e+02, 2.801499938964844e+02, 2.801499938964844e+02, 2.801499938964844e+02, 2.801499938964844e+02, 2.801499938964844e+02, 2.801499938964844e+02, 2.801499938964844e+02, 2.801499938964844e+02, 2.801499938964844e+02, 2.801499938964844e+02, 2.801499938964844e+02, 2.801499938964844e+02, 2.801499938964844e+02, 2.801499938964844e+02, 2.801499938964844e+02, 2.801499938964844e+02, 2.8018603515625e+02, 2.801499938964844e+02, 2.801499938964844e+02, 2.801499938964844e+02, 2.801499938964844e+02, 2.801499938964844e+02, 2.801499938964844e+02, 2.801499938964844e+02, 2.801499938964844e+02, 2.801499938964844e+02, 2.801499938964844e+02, 2.801499938964844e+02, 2.801499938964844e+02, 2.801499938964844e+02, 2.801838684082031e+02, 2.801499938964844e+02, 2.801499938964844e+02, 2.801499938964844e+02, 2.801499938964844e+02, 2.801501770019531e+02, 2.801506042480469e+02, 2.801510314941406e+02, 2.801514282226562e+02, 2.801518249511719e+02, 2.801522216796875e+02, 2.801526184082031e+02, 2.801530151367188e+02, 2.801534423828125e+02, 2.801499938964844e+02, 2.801499938964844e+02, 2.801499938964844e+02, 2.801499938964844e+02, 2.801499938964844e+02, 2.801499938964844e+02, 2.801499938964844e+02, 2.802513732910156e+02, 2.801532592773438e+02, 2.801553649902344e+02, 2.801565551757812e+02, 2.801577453613281e+02, 2.801589660644531e+02, 2.8016015625e+02]
senTChiWatSup.T=[2.931499938964844e+02, 2.931281433105469e+02, 2.929434509277344e+02, 2.919323425292969e+02, 2.894225158691406e+02, 2.882549438476562e+02, 2.871952209472656e+02, 2.863606567382812e+02, 2.859458618164062e+02, 2.859303283691406e+02, 2.859303283691406e+02, 2.859303283691406e+02, 2.859303283691406e+02, 2.859303283691406e+02, 2.859303283691406e+02, 2.859303283691406e+02, 2.859303283691406e+02, 2.859303283691406e+02, 2.801499938964844e+02, 2.801499938964844e+02, 2.801499938964844e+02, 2.801499938964844e+02, 2.801499938964844e+02, 2.801499938964844e+02, 2.801499938964844e+02, 2.801499938964844e+02, 2.801499938964844e+02, 2.80161865234375e+02, 2.80161865234375e+02, 2.80161865234375e+02, 2.80161865234375e+02, 2.80161865234375e+02, 2.80161865234375e+02, 2.80161865234375e+02, 2.80161865234375e+02, 2.801571044921875e+02, 2.801499938964844e+02, 2.801499938964844e+02, 2.801502685546875e+02, 2.801499938964844e+02, 2.801499938964844e+02, 2.801499938964844e+02, 2.801499938964844e+02, 2.801499938964844e+02, 2.801683044433594e+02, 2.801683044433594e+02, 2.801683044433594e+02, 2.801683044433594e+02, 2.801683044433594e+02, 2.801683044433594e+02, 2.801683044433594e+02, 2.801683044433594e+02, 2.801683044433594e+02, 2.801499938964844e+02, 2.801499938964844e+02, 2.801499938964844e+02, 2.801499938964844e+02, 2.801499938964844e+02, 2.801499938964844e+02, 2.801898193359375e+02, 2.801499938964844e+02, 2.801678161621094e+02, 2.801678161621094e+02, 2.801678161621094e+02, 2.801678161621094e+02, 2.801678161621094e+02, 2.801678161621094e+02, 2.801678161621094e+02, 2.801678161621094e+02, 2.801678161621094e+02, 2.801499938964844e+02, 2.801499938964844e+02, 2.801499938964844e+02, 2.801888427734375e+02, 2.801499938964844e+02, 2.801499938964844e+02, 2.801499938964844e+02, 2.801499938964844e+02, 2.801500549316406e+02, 2.8015185546875e+02, 2.8015185546875e+02, 2.8015185546875e+02, 2.8015185546875e+02, 2.8015185546875e+02, 2.8015185546875e+02, 2.8015185546875e+02, 2.8015185546875e+02, 2.801499938964844e+02, 2.801499938964844e+02, 2.801499938964844e+02, 2.801499938964844e+02, 2.801499938964844e+02, 2.801499938964844e+02, 2.801499938964844e+02, 2.802481384277344e+02, 2.8015185546875e+02, 2.801600952148438e+02, 2.801600952148438e+02, 2.801600952148438e+02, 2.801600952148438e+02, 2.801600952148438e+02]
senTChiWatRet.T=[2.931499938964844e+02, 2.892655029296875e+02, 2.814430236816406e+02, 2.803411254882812e+02, 2.807488403320312e+02, 2.809574584960938e+02, 2.811627502441406e+02, 2.813376159667969e+02, 2.814317321777344e+02, 2.814390258789062e+02, 2.814390258789062e+02, 2.814390258789062e+02, 2.814390258789062e+02, 2.814390258789062e+02, 2.814390258789062e+02, 2.814390258789062e+02, 2.814390258789062e+02, 2.814390258789062e+02, 2.815167541503906e+02, 2.823241882324219e+02, 2.831912536621094e+02, 2.839865417480469e+02, 2.845172729492188e+02, 2.850056762695312e+02, 2.85327880859375e+02, 2.854728393554688e+02, 2.854850769042969e+02, 2.854732360839844e+02, 2.854732360839844e+02, 2.854732360839844e+02, 2.854732360839844e+02, 2.854732360839844e+02, 2.854732360839844e+02, 2.854732360839844e+02, 2.854732360839844e+02, 2.854781494140625e+02, 2.855230712890625e+02, 2.855674743652344e+02, 2.856094055175781e+02, 2.856398315429688e+02, 2.856633911132812e+02, 2.856795959472656e+02, 2.856909484863281e+02, 2.856927185058594e+02, 2.856744384765625e+02, 2.856744384765625e+02, 2.856744384765625e+02, 2.856744384765625e+02, 2.856744384765625e+02, 2.856744384765625e+02, 2.856744384765625e+02, 2.856744384765625e+02, 2.856744384765625e+02, 2.856943359375e+02, 2.856968078613281e+02, 2.856995544433594e+02, 2.857033386230469e+02, 2.85704833984375e+02, 2.857058715820312e+02, 2.857081909179688e+02, 2.857084350585938e+02, 2.856906433105469e+02, 2.856906433105469e+02, 2.856906433105469e+02, 2.856906433105469e+02, 2.856906433105469e+02, 2.856906433105469e+02, 2.856906433105469e+02, 2.856906433105469e+02, 2.856906433105469e+02, 2.857084350585938e+02, 2.857083740234375e+02, 2.857083129882812e+02, 2.857175903320312e+02, 2.857131958007812e+02, 2.857105102539062e+02, 2.857091674804688e+02, 2.857087097167969e+02, 2.857086181640625e+02, 2.857069091796875e+02, 2.857069091796875e+02, 2.857069091796875e+02, 2.857069091796875e+02, 2.857069091796875e+02, 2.857069091796875e+02, 2.857069091796875e+02, 2.857069091796875e+02, 2.857086181640625e+02, 2.857085266113281e+02, 2.857084350585938e+02, 2.857083129882812e+02, 2.857082824707031e+02, 2.85708251953125e+02, 2.857082214355469e+02, 2.857090148925781e+02, 2.8571044921875e+02, 2.857040710449219e+02, 2.857040710449219e+02, 2.857040710449219e+02, 2.857040710449219e+02, 2.857040710449219e+02]
ets.conSup.TChiWatSupPreSet=[2.801499938964844e+02, 2.801499938964844e+02]
ets.conSup.TChiWatSupSet=[2.801499938964844e+02, 2.801499938964844e+02, 2.801499938964844e+02, 2.801499938964844e+02, 2.801499938964844e+02, 2.801499938964844e+02, 2.801499938964844e+02, 2.801499938964844e+02, 2.801499938964844e+02, 2.801499938964844e+02, 2.801499938964844e+02, 2.801499938964844e+02, 2.801499938964844e+02, 2.801499938964844e+02, 2.801499938964844e+02, 2.801499938964844e+02, 2.801499938964844e+02, 2.801499938964844e+02, 2.801499938964844e+02, 2.801499938964844e+02, 2.801499938964844e+02, 2.801499938964844e+02, 2.801499938964844e+02, 2.801499938964844e+02, 2.801499938964844e+02, 2.801499938964844e+02, 2.801499938964844e+02, 2.801499938964844e+02, 2.801499938964844e+02, 2.801499938964844e+02, 2.801499938964844e+02, 2.801499938964844e+02, 2.801499938964844e+02, 2.801499938964844e+02, 2.801499938964844e+02, 2.801499938964844e+02, 2.801499938964844e+02, 2.801499938964844e+02, 2.801499938964844e+02, 2.801499938964844e+02, 2.801499938964844e+02, 2.801499938964844e+02, 2.801499938964844e+02, 2.801499938964844e+02, 2.801499938964844e+02, 2.801499938964844e+02, 2.801499938964844e+02, 2.801499938964844e+02, 2.801499938964844e+02, 2.801499938964844e+02, 2.801499938964844e+02, 2.801499938964844e+02, 2.801499938964844e+02, 2.801499938964844e+02, 2.801499938964844e+02, 2.801499938964844e+02, 2.801499938964844e+02, 2.801499938964844e+02, 2.801499938964844e+02, 2.801499938964844e+02, 2.801499938964844e+02, 2.801499938964844e+02, 2.801499938964844e+02, 2.801499938964844e+02, 2.801499938964844e+02, 2.801499938964844e+02, 2.801499938964844e+02, 2.801499938964844e+02, 2.801499938964844e+02, 2.801499938964844e+02, 2.801499938964844e+02, 2.801499938964844e+02, 2.801499938964844e+02, 2.801499938964844e+02, 2.801499938964844e+02, 2.801499938964844e+02, 2.801499938964844e+02, 2.801499938964844e+02, 2.801499938964844e+02, 2.801499938964844e+02, 2.801499938964844e+02, 2.801499938964844e+02, 2.801499938964844e+02, 2.801499938964844e+02, 2.801499938964844e+02, 2.801499938964844e+02, 2.801499938964844e+02, 2.801499938964844e+02, 2.801499938964844e+02, 2.801499938964844e+02, 2.801499938964844e+02, 2.801499938964844e+02, 2.801499938964844e+02, 2.801499938964844e+02, 2.800150146484375e+02, 2.801499938964844e+02, 2.801499938964844e+02, 2.801499938964844e+02, 2.801499938964844e+02, 2.801499938964844e+02, 2.801499938964844e+02]
ets.conSup.yHea=[0e+00, 0e+00, 0e+00, 0e+00, 0e+00, 0e+00, 0e+00, 0e+00, 0e+00, 0e+00, 0e+00, 0e+00, 0e+00, 0e+00, 0e+00, 0e+00, 0e+00, 0e+00, 1e+00, 1e+00, 0e+00, 1e+00, 1e+00, 0e+00, 0e+00, 1e+00, 0e+00, 0e+00, 0e+00, 0e+00, 0e+00, 0e+00, 0e+00, 1e+00, 1e+00, 1e+00, 1e+00, 0e+00, 1e+00, 1e+00, 0e+00, 0e+00, 1e+00, 1e+00, 1e+00, 1e+00, 0e+00, 0e+00, 0e+00, 0e+00, 0e+00, 1e+00, 1e+00, 1e+00, 1e+00, 0e+00, 1e+00, 0e+00, 0e+00, 1e+00, 1e+00, 1e+00, 1e+00, 0e+00, 0e+00, 0e+00, 0e+00, 0e+00, 1e+00, 1e+00, 1e+00, 0e+00, 0e+00, 1e+00, 0e+00, 0e+00, 0e+00, 1e+00, 0e+00, 0e+00, 0e+00, 0e+00, 0e+00, 0e+00, 0e+00, 0e+00, 0e+00, 1e+00, 0e+00, 0e+00, 0e+00, 0e+00, 0e+00, 0e+00, 1e+00, 0e+00, 0e+00, 0e+00, 0e+00, 0e+00, 0e+00]
ets.conSup.yCoo=[0e+00, 0e+00, 0e+00, 0e+00, 0e+00, 0e+00, 0e+00, 0e+00, 0e+00, 0e+00, 0e+00, 0e+00, 0e+00, 0e+00, 0e+00, 0e+00, 0e+00, 0e+00, 1e+00, 1e+00, 1e+00, 1e+00, 1e+00, 1e+00, 1e+00, 1e+00, 0e+00, 0e+00, 0e+00, 0e+00, 0e+00, 0e+00, 0e+00, 0e+00, 0e+00, 0e+00, 1e+00, 1e+00, 1e+00, 1e+00, 1e+00, 1e+00, 1e+00, 0e+00, 0e+00, 0e+00, 0e+00, 0e+00, 0e+00, 0e+00, 0e+00, 0e+00, 0e+00, 1e+00, 1e+00, 1e+00, 1e+00, 1e+00, 1e+00, 1e+00, 0e+00, 0e+00, 0e+00, 0e+00, 0e+00, 0e+00, 0e+00, 0e+00, 0e+00, 0e+00, 1e+00, 1e+00, 1e+00, 1e+00, 1e+00, 1e+00, 1e+00, 1e+00, 0e+00, 0e+00, 0e+00, 0e+00, 0e+00, 0e+00, 0e+00, 0e+00, 0e+00, 1e+00, 1e+00, 1e+00, 1e+00, 1e+00, 1e+00, 1e+00, 1e+00, 0e+00, 0e+00, 0e+00, 0e+00, 0e+00, 0e+00]
ets.conSup.yAmb[1]=[0e+00, 0e+00, 0e+00, 0e+00, 0e+00, 0e+00, 0e+00, 0e+00, 0e+00, 0e+00, 0e+00, 0e+00, 0e+00, 0e+00, 0e+00, 0e+00, 0e+00, 0e+00, 2.528091371059418e-01, 0e+00, 8.194275200366974e-02, 1.552632302045822e-01, 6.401389092206955e-02, 1.198921166360378e-02, 1.840461194515228e-01, 6.518166046589613e-04, 6.635646820068359e-01, 0e+00, 0e+00, 0e+00, 0e+00, 0e+00, 0e+00, 8.09373676776886e-01, 2.302888184785843e-01, 3.471447229385376e-01, 4.866822808980942e-02, 0e+00, 9.757616519927979e-01, 1.025946959853172e-01, 0e+00, 1.466585695743561e-01, 5.125490482896566e-03, 8.733559399843216e-02, 1.089526638388634e-01, 1.437541544437408e-01, 0e+00, 0e+00, 0e+00, 0e+00, 0e+00, 3.608287274837494e-01, 3.963445127010345e-01, 1.064865291118622e-01, 2.69535705447197e-02, 0e+00, 2.87926584482193e-01, 8.563640713691711e-01, 9.942056983709335e-02, 8.431396484375e-01, 1.512932032346725e-01, 1.091670170426369e-01, 1.298058032989502e-01, 0e+00, 0e+00, 0e+00, 0e+00, 0e+00, 2.613922953605652e-01, 2.940316200256348e-01, 2.206166237592697e-01, 4.607690274715424e-01, 2.364370226860046e-01, 7.1805340051651e-01, 0e+00, 2.202638685703278e-01, 2.363320291042328e-01, 3.303804248571396e-02, 0e+00, 0e+00, 0e+00, 0e+00, 0e+00, 0e+00, 0e+00, 0e+00, 0e+00, 3.01459014415741e-01, 0e+00, 1.312456429004669e-01, 1.957257241010666e-01, 2.133698314428329e-01, 2.035438418388367e-01, 2.081810832023621e-01, 9.76982057094574e-01, 0e+00, 0e+00, 0e+00, 0e+00, 0e+00, 0e+00]
ets.chi.pumCon.m_flow=[0e+00, 0e+00, 0e+00, 0e+00, 0e+00, 0e+00, 0e+00, 0e+00, 0e+00, 0e+00, 0e+00, 0e+00, 0e+00, 0e+00, 0e+00, 0e+00, 0e+00, 0e+00, 2.290396118164062e+01, 2.290396118164062e+01, 2.290396118164062e+01, 2.290396118164062e+01, 2.290396118164062e+01, 2.290396118164062e+01, 2.290396118164062e+01, 2.290396118164062e+01, 0e+00, 0e+00, 0e+00, 0e+00, 0e+00, 0e+00, 0e+00, 2.290396118164062e+01, 2.290396118164062e+01, 2.290396118164062e+01, 2.290396118164062e+01, 2.290396118164062e+01, 2.290396118164062e+01, 2.290396118164062e+01, 2.290396118164062e+01, 2.290396118164062e+01, 2.290396118164062e+01, 2.290396118164062e+01, 2.290396118164062e+01, 2.290396118164062e+01, 0e+00, 0e+00, 0e+00, 0e+00, 0e+00, 2.290396118164062e+01, 2.290396118164062e+01, 2.290396118164062e+01, 2.290396118164062e+01, 2.290396118164062e+01, 2.290396118164062e+01, 2.290396118164062e+01, 2.290396118164062e+01, 2.290396118164062e+01, 2.290396118164062e+01, 2.290396118164062e+01, 2.290396118164062e+01, 0e+00, 0e+00, 0e+00, 0e+00, 0e+00, 2.290396118164062e+01, 2.290396118164062e+01, 2.290396118164062e+01, 2.290396118164062e+01, 2.290396118164062e+01, 2.290396118164062e+01, 2.290396118164062e+01, 2.290396118164062e+01, 2.290396118164062e+01, 2.290396118164062e+01, 0e+00, 0e+00, 0e+00, 0e+00, 0e+00, 0e+00, 0e+00, 0e+00, 0e+00, 2.290396118164062e+01, 2.290396118164062e+01, 2.290396118164062e+01, 2.290396118164062e+01, 2.290396118164062e+01, 2.290396118164062e+01, 2.290396118164062e+01, 2.290396118164062e+01, 0e+00, 0e+00, 0e+00, 0e+00, 0e+00, 0e+00]
ets.chi.pumEva.m_flow=[0e+00, 0e+00, 0e+00, 0e+00, 0e+00, 0e+00, 0e+00, 0e+00, 0e+00, 0e+00, 0e+00, 0e+00, 0e+00, 0e+00, 0e+00, 0e+00, 0e+00, 0e+00, 1.169637870788574e+01, 1.169637870788574e+01, 1.169637870788574e+01, 1.169637870788574e+01, 1.169637870788574e+01, 1.169637870788574e+01, 1.169637870788574e+01, 1.169637870788574e+01, 0e+00, 0e+00, 0e+00, 0e+00, 0e+00, 0e+00, 0e+00, 1.169637870788574e+01, 1.169637870788574e+01, 1.169637870788574e+01, 1.169637870788574e+01, 1.169637870788574e+01, 1.169637870788574e+01, 1.169637870788574e+01, 1.169637870788574e+01, 1.169637870788574e+01, 1.169637870788574e+01, 1.169637870788574e+01, 1.169637870788574e+01, 1.169637870788574e+01, 0e+00, 0e+00, 0e+00, 0e+00, 0e+00, 1.169637870788574e+01, 1.169637870788574e+01, 1.169637870788574e+01, 1.169637870788574e+01, 1.169637870788574e+01, 1.169637870788574e+01, 1.169637870788574e+01, 1.169637870788574e+01, 1.169637870788574e+01, 1.169637870788574e+01, 1.169637870788574e+01, 1.169637870788574e+01, 0e+00, 0e+00, 0e+00, 0e+00, 0e+00, 1.169637870788574e+01, 1.169637870788574e+01, 1.169637870788574e+01, 1.169637870788574e+01, 1.169637870788574e+01, 1.169637870788574e+01, 1.169637870788574e+01, 1.169637870788574e+01, 1.169637870788574e+01, 1.169637870788574e+01, 0e+00, 0e+00, 0e+00, 0e+00, 0e+00, 0e+00, 0e+00, 0e+00, 0e+00, 1.169637870788574e+01, 1.169637870788574e+01, 1.169637870788574e+01, 1.169637870788574e+01, 1.169637870788574e+01, 1.169637870788574e+01, 1.169637870788574e+01, 1.169637870788574e+01, 0e+00, 0e+00, 0e+00, 0e+00, 0e+00, 0e+00]
ets.hex.pum1Hex.m_flow=[0e+00, 0e+00, 0e+00, 0e+00, 0e+00, 0e+00, 0e+00, 0e+00, 0e+00, 0e+00, 0e+00, 0e+00, 0e+00, 0e+00, 0e+00, 0e+00, 0e+00, 0e+00, 2.947095155715942e+00, 0e+00, 1.165739059448242e+00, 1.809964179992676e+00, 1.165739059448242e+00, 0e+00, 2.145497560501099e+00, 0e+00, 7.735432624816895e+00, 0e+00, 0e+00, 0e+00, 0e+00, 0e+00, 0e+00, 9.435185432434082e+00, 2.684566736221313e+00, 4.046801567077637e+00, 1.165739059448242e+00, 0e+00, 1.137483501434326e+01, 1.19598650932312e+00, 0e+00, 1.709656238555908e+00, 1.165739059448242e+00, 1.165739059448242e+00, 1.270103812217712e+00, 1.675798296928406e+00, 0e+00, 0e+00, 0e+00, 0e+00, 0e+00, 4.206321716308594e+00, 4.62034273147583e+00, 1.241355061531067e+00, 1.165739059448242e+00, 0e+00, 3.356472730636597e+00, 9.982970237731934e+00, 1.165739059448242e+00, 9.828807830810547e+00, 1.763684034347534e+00, 1.272602558135986e+00, 1.513197064399719e+00, 0e+00, 0e+00, 0e+00, 0e+00, 0e+00, 3.047152042388916e+00, 3.427641630172729e+00, 2.571814298629761e+00, 5.371364593505859e+00, 2.756238698959351e+00, 8.37062931060791e+00, 0e+00, 2.567702054977417e+00, 2.755014896392822e+00, 1.165739059448242e+00, 0e+00, 0e+00, 0e+00, 0e+00, 0e+00, 0e+00, 0e+00, 0e+00, 0e+00, 3.514225482940674e+00, 0e+00, 1.529981732368469e+00, 2.281651258468628e+00, 2.487335681915283e+00, 2.372790098190308e+00, 2.426848173141479e+00, 1.138906192779541e+01, 0e+00, 0e+00, 0e+00, 0e+00, 0e+00, 0e+00]
ets.hex.pum2Hex.m_flow=[0e+00, 0e+00, 0e+00, 0e+00, 0e+00, 0e+00, 0e+00, 0e+00, 0e+00, 0e+00, 0e+00, 0e+00, 0e+00, 0e+00, 0e+00, 0e+00, 0e+00, 0e+00, 1.165739059448242e+00, 0e+00, 1.165739059448242e+00, 1.165739059448242e+00, 1.165739059448242e+00, 0e+00, 1.165739059448242e+00, 0e+00, 6.61487340927124e+00, 0e+00, 0e+00, 0e+00, 0e+00, 0e+00, 0e+00, 8.80026912689209e+00, 1.165739059448242e+00, 1.872347712516785e+00, 1.165739059448242e+00, 0e+00, 1.129410457611084e+01, 1.165739059448242e+00, 0e+00, 1.165739059448242e+00, 1.165739059448242e+00, 1.165739059448242e+00, 1.165739059448242e+00, 1.165739059448242e+00, 0e+00, 0e+00, 0e+00, 0e+00, 0e+00, 2.077444553375244e+00, 2.609757661819458e+00, 1.165739059448242e+00, 1.165739059448242e+00, 0e+00, 1.165739059448242e+00, 9.50456428527832e+00, 1.165739059448242e+00, 9.306356430053711e+00, 1.165739059448242e+00, 1.165739059448242e+00, 1.165739059448242e+00, 0e+00, 0e+00, 0e+00, 0e+00, 0e+00, 1.165739059448242e+00, 1.165739059448242e+00, 1.165739059448242e+00, 3.575356960296631e+00, 1.165739059448242e+00, 7.431554317474365e+00, 0e+00, 1.165739059448242e+00, 1.165739059448242e+00, 1.165739059448242e+00, 0e+00, 0e+00, 0e+00, 0e+00, 0e+00, 0e+00, 0e+00, 0e+00, 0e+00, 1.187606811523438e+00, 0e+00, 1.165739059448242e+00, 1.165739059448242e+00, 1.165739059448242e+00, 1.165739059448242e+00, 1.165739059448242e+00, 1.131239700317383e+01, 0e+00, 0e+00, 0e+00, 0e+00, 0e+00, 0e+00]
ets.hex.m1_flow_nominal=[1.165739059448242e+01, 1.165739059448242e+01]
ets.hex.m2_flow_nominal=[1.165739059448242e+01, 1.165739059448242e+01]
ets.valIsoEva.y_actual=[0e+00, 0e+00, 0e+00, 0e+00, 0e+00, 0e+00, 0e+00, 0e+00, 0e+00, 0e+00, 0e+00, 0e+00, 0e+00, 0e+00, 0e+00, 0e+00, 0e+00, 0e+00, 1e+00, 0e+00, 0e+00, 0e+00, 0e+00, 0e+00, 0e+00, 0e+00, 0e+00, 0e+00, 0e+00, 0e+00, 0e+00, 0e+00, 0e+00, 1e+00, 1e+00, 1e+00, 0e+00, 0e+00, 1e+00, 1e+00, 0e+00, 0e+00, 0e+00, 1e+00, 1e+00, 1e+00, 0e+00, 0e+00, 0e+00, 0e+00, 0e+00, 1e+00, 1e+00, 1e+00, 0e+00, 0e+00, 1e+00, 0e+00, 0e+00, 1e+00, 1e+00, 1e+00, 1e+00, 0e+00, 0e+00, 0e+00, 0e+00, 0e+00, 1e+00, 1e+00, 1e+00, 0e+00, 0e+00, 1e+00, 0e+00, 0e+00, 0e+00, 0e+00, 0e+00, 0e+00, 0e+00, 0e+00, 0e+00, 0e+00, 0e+00, 0e+00, 0e+00, 1e+00, 0e+00, 0e+00, 0e+00, 0e+00, 0e+00, 0e+00, 1e+00, 0e+00, 0e+00, 0e+00, 0e+00, 0e+00, 0e+00]
ets.valIsoCon.y_actual=[0e+00, 0e+00, 0e+00, 0e+00, 0e+00, 0e+00, 0e+00, 0e+00, 0e+00, 0e+00, 0e+00, 0e+00, 0e+00, 0e+00, 0e+00, 0e+00, 0e+00, 0e+00, 0e+00, 0e+00, 1e+00, 1e+00, 1e+00, 0e+00, 1e+00, 0e+00, 1e+00, 0e+00, 0e+00, 0e+00, 0e+00, 0e+00, 0e+00, 0e+00, 0e+00, 0e+00, 1e+00, 0e+00, 0e+00, 0e+00, 0e+00, 1e+00, 1e+00, 0e+00, 0e+00, 0e+00, 0e+00, 0e+00, 0e+00, 0e+00, 0e+00, 0e+00, 0e+00, 0e+00, 1e+00, 0e+00, 0e+00, 1e+00, 1e+00, 0e+00, 0e+00, 0e+00, 0e+00, 0e+00, 0e+00, 0e+00, 0e+00, 0e+00, 0e+00, 0e+00, 0e+00, 1e+00, 1e+00, 0e+00, 0e+00, 1e+00, 1e+00, 1e+00, 0e+00, 0e+00, 0e+00, 0e+00, 0e+00, 0e+00, 0e+00, 0e+00, 0e+00, 0e+00, 0e+00, 1e+00, 1e+00, 1e+00, 1e+00, 1e+00, 0e+00, 0e+00, 0e+00, 0e+00, 0e+00, 0e+00, 0e+00]
senTDisWatSup.T=[2.931499938964844e+02, 2.931499938964844e+02, 2.931499938964844e+02, 2.931499938964844e+02, 2.931499938964844e+02, 2.931499938964844e+02, 2.931499938964844e+02, 2.931499938964844e+02, 2.931499938964844e+02, 2.931499938964844e+02, 2.931499938964844e+02, 2.931499938964844e+02, 2.931499938964844e+02, 2.931499938964844e+02, 2.931499938964844e+02, 2.931499938964844e+02, 2.931499938964844e+02, 2.931499938964844e+02, 2.866924438476562e+02, 2.866933288574219e+02, 2.866962890625e+02, 2.866982116699219e+02, 2.867001647949219e+02, 2.86700927734375e+02, 2.867040100097656e+02, 2.867057800292969e+02, 2.867078552246094e+02, 2.867082214355469e+02, 2.867082214355469e+02, 2.867082214355469e+02, 2.867082214355469e+02, 2.867082214355469e+02, 2.867082214355469e+02, 2.867213745117188e+02, 2.867232971191406e+02, 2.867252197265625e+02, 2.867271423339844e+02, 2.86728759765625e+02, 2.867310180664062e+02, 2.867329406738281e+02, 2.867344360351562e+02, 2.8673681640625e+02, 2.867387390136719e+02, 2.867406616210938e+02, 2.867425842285156e+02, 2.867445068359375e+02, 2.867458190917969e+02, 2.867458190917969e+02, 2.867458190917969e+02, 2.867458190917969e+02, 2.867458190917969e+02, 2.86756103515625e+02, 2.867580261230469e+02, 2.867599487304688e+02, 2.867618713378906e+02, 2.867633056640625e+02, 2.867657470703125e+02, 2.867676696777344e+02, 2.867695922851562e+02, 2.867715148925781e+02, 2.867734680175781e+02, 2.86775390625e+02, 2.867773132324219e+02, 2.867791442871094e+02, 2.867791442871094e+02, 2.867791442871094e+02, 2.867791442871094e+02, 2.867791442871094e+02, 2.867888793945312e+02, 2.867908020019531e+02, 2.867927551269531e+02, 2.86794677734375e+02, 2.867966003417969e+02, 2.867985229492188e+02, 2.867999572753906e+02, 2.868023986816406e+02, 2.868043212890625e+02, 2.868062438964844e+02, 2.868070068359375e+02, 2.868070068359375e+02, 2.868070068359375e+02, 2.868070068359375e+02, 2.868070068359375e+02, 2.868070068359375e+02, 2.868070068359375e+02, 2.868070068359375e+02, 2.868070068359375e+02, 2.868255310058594e+02, 2.868268127441406e+02, 2.868294067382812e+02, 2.868313293457031e+02, 2.86833251953125e+02, 2.868351745605469e+02, 2.868370971679688e+02, 2.868390502929688e+02, 2.868400268554688e+02, 2.868400268554688e+02, 2.868400268554688e+02, 2.868400268554688e+02, 2.868400268554688e+02, 2.868400268554688e+02]
senTDisWatRet.T=[2.931499938964844e+02, 2.931499938964844e+02, 2.931499938964844e+02, 2.931499938964844e+02, 2.931499938964844e+02, 2.931499938964844e+02, 2.931499938964844e+02, 2.931499938964844e+02, 2.931499938964844e+02, 2.931499938964844e+02, 2.931499938964844e+02, 2.931499938964844e+02, 2.931499938964844e+02, 2.931499938964844e+02, 2.931499938964844e+02, 2.931499938964844e+02, 2.931499938964844e+02, 2.931499938964844e+02, 2.846613464355469e+02, 2.863879089355469e+02, 2.916483764648438e+02, 2.911624145507812e+02, 2.866908874511719e+02, 2.904996032714844e+02, 2.909187927246094e+02, 2.888976440429688e+02, 2.963511352539062e+02, 2.909445190429688e+02, 2.909445190429688e+02, 2.909445190429688e+02, 2.909445190429688e+02, 2.909445190429688e+02, 2.909445190429688e+02, 2.821513061523438e+02, 2.846169128417969e+02, 2.838120422363281e+02, 2.872212829589844e+02, 2.905605773925781e+02, 2.820378723144531e+02, 2.853725891113281e+02, 2.905528564453125e+02, 2.902937622070312e+02, 2.890313110351562e+02, 2.858581848144531e+02, 2.856889343261719e+02, 2.854776306152344e+02, 2.910376892089844e+02, 2.910376892089844e+02, 2.910376892089844e+02, 2.910376892089844e+02, 2.910376892089844e+02, 2.836403503417969e+02, 2.833395385742188e+02, 2.85521484375e+02, 2.866089477539062e+02, 2.905681457519531e+02, 2.846570739746094e+02, 2.985354919433594e+02, 2.880606384277344e+02, 2.821284790039062e+02, 2.852227172851562e+02, 2.857601623535156e+02, 2.856346740722656e+02, 2.907347717285156e+02, 2.907347717285156e+02, 2.907347717285156e+02, 2.907347717285156e+02, 2.907347717285156e+02, 2.858440856933594e+02, 2.846494140625e+02, 2.847062072753906e+02, 2.946979370117188e+02, 2.918329467773438e+02, 2.822361755371094e+02, 2.901151123046875e+02, 2.916897277832031e+02, 2.919608154296875e+02, 2.885465393066406e+02, 2.907849426269531e+02, 2.907849426269531e+02, 2.907849426269531e+02, 2.907849426269531e+02, 2.907849426269531e+02, 2.907849426269531e+02, 2.907849426269531e+02, 2.907849426269531e+02, 2.907849426269531e+02, 2.846865844726562e+02, 2.906047973632812e+02, 2.901208190917969e+02, 2.912283630371094e+02, 2.9159228515625e+02, 2.9141943359375e+02, 2.914853210449219e+02, 2.819479064941406e+02, 2.910089416503906e+02, 2.910089416503906e+02, 2.910089416503906e+02, 2.910089416503906e+02, 2.910089416503906e+02, 2.910089416503906e+02]
ets.hex.senT2HexWatEnt.T=[2.931499938964844e+02, 2.931499938964844e+02, 2.931499938964844e+02, 2.931499938964844e+02, 2.931499938964844e+02, 2.931499938964844e+02, 2.931499938964844e+02, 2.931499938964844e+02, 2.931499938964844e+02, 2.931499938964844e+02, 2.931499938964844e+02, 2.931499938964844e+02, 2.931499938964844e+02, 2.931499938964844e+02, 2.931499938964844e+02, 2.931499938964844e+02, 2.931499938964844e+02, 2.931499938964844e+02, 2.814097290039062e+02, 2.864062805175781e+02, 2.924151611328125e+02, 2.952273864746094e+02, 2.868463745117188e+02, 2.896988525390625e+02, 2.949029235839844e+02, 2.885372619628906e+02, 3.082411193847656e+02, 2.897911376953125e+02, 2.897911376953125e+02, 2.897911376953125e+02, 2.897911376953125e+02, 2.897911376953125e+02, 2.897911376953125e+02, 2.801500549316406e+02, 2.817341918945312e+02, 2.801500244140625e+02, 2.874784545898438e+02, 2.8974853515625e+02, 2.801500549316406e+02, 2.850889892578125e+02, 2.897722473144531e+02, 2.923715209960938e+02, 2.886747741699219e+02, 2.856721801757812e+02, 2.8536083984375e+02, 2.847344360351562e+02, 2.898820495605469e+02, 2.898820495605469e+02, 2.898820495605469e+02, 2.898820495605469e+02, 2.898820495605469e+02, 2.801500244140625e+02, 2.801500244140625e+02, 2.852197265625e+02, 2.866066589355469e+02, 2.897578735351562e+02, 2.805362548828125e+02, 3.032861633300781e+02, 2.887554016113281e+02, 2.801500244140625e+02, 2.842799682617188e+02, 2.854236145019531e+02, 2.850843811035156e+02, 2.896265869140625e+02, 2.896265869140625e+02, 2.896265869140625e+02, 2.896265869140625e+02, 2.896265869140625e+02, 2.838527526855469e+02, 2.803836669921875e+02, 2.820487060546875e+02, 2.998151550292969e+02, 2.992311401367188e+02, 2.801500244140625e+02, 2.892911376953125e+02, 2.979736938476562e+02, 2.993558349609375e+02, 2.8879345703125e+02, 2.900096740722656e+02, 2.900096740722656e+02, 2.900096740722656e+02, 2.900096740722656e+02, 2.900096740722656e+02, 2.900096740722656e+02, 2.900096740722656e+02, 2.900096740722656e+02, 2.900096740722656e+02, 2.802933044433594e+02, 2.897909545898438e+02, 2.916112365722656e+02, 2.958550415039062e+02, 2.973844604492188e+02, 2.965672302246094e+02, 2.969183349609375e+02, 2.799892883300781e+02, 2.90354736328125e+02, 2.90354736328125e+02, 2.90354736328125e+02, 2.90354736328125e+02, 2.90354736328125e+02, 2.90354736328125e+02]
ets.hex.senT2HexWatLvg.T=[2.931499938964844e+02, 2.931499938964844e+02, 2.931499938964844e+02, 2.931499938964844e+02, 2.931499938964844e+02, 2.931499938964844e+02, 2.931499938964844e+02, 2.931499938964844e+02, 2.931499938964844e+02, 2.931499938964844e+02, 2.931499938964844e+02, 2.931499938964844e+02, 2.931499938964844e+02, 2.931499938964844e+02, 2.931499938964844e+02, 2.931499938964844e+02, 2.931499938964844e+02, 2.931499938964844e+02, 2.865615844726562e+02, 2.866367492675781e+02, 2.878087158203125e+02, 2.873636474609375e+02, 2.867289428710938e+02, 2.872916259765625e+02, 2.871373596191406e+02, 2.87066650390625e+02, 2.912969360351562e+02, 2.87315673828125e+02, 2.87315673828125e+02, 2.87315673828125e+02, 2.87315673828125e+02, 2.87315673828125e+02, 2.87315673828125e+02, 2.850568542480469e+02, 2.865709228515625e+02, 2.86418701171875e+02, 2.868751831054688e+02, 2.873237609863281e+02, 2.848814697265625e+02, 2.864253234863281e+02, 2.873330078125e+02, 2.8724365234375e+02, 2.871201782226562e+02, 2.865300903320312e+02, 2.865047302246094e+02, 2.865543823242188e+02, 2.873638000488281e+02, 2.873638000488281e+02, 2.873638000488281e+02, 2.873638000488281e+02, 2.873638000488281e+02, 2.863822021484375e+02, 2.862209777832031e+02, 2.864871826171875e+02, 2.867312316894531e+02, 2.873533630371094e+02, 2.866509704589844e+02, 2.911221313476562e+02, 2.871608581542969e+02, 2.850440368652344e+02, 2.865669555664062e+02, 2.865428466796875e+02, 2.865752868652344e+02, 2.873402099609375e+02, 2.873402099609375e+02, 2.873402099609375e+02, 2.873402099609375e+02, 2.873402099609375e+02, 2.867193908691406e+02, 2.866777648925781e+02, 2.866324768066406e+02, 2.884322814941406e+02, 2.871594543457031e+02, 2.852611083984375e+02, 2.872908020019531e+02, 2.871868896484375e+02, 2.871695556640625e+02, 2.871977844238281e+02, 2.874380798339844e+02, 2.874380798339844e+02, 2.874380798339844e+02, 2.874380798339844e+02, 2.874380798339844e+02, 2.874380798339844e+02, 2.874380798339844e+02, 2.874380798339844e+02, 2.874380798339844e+02, 2.867120056152344e+02, 2.874108581542969e+02, 2.873814697265625e+02, 2.872432250976562e+02, 2.872248840332031e+02, 2.872393188476562e+02, 2.87234130859375e+02, 2.849129943847656e+02, 2.875325622558594e+02, 2.875325622558594e+02, 2.875325622558594e+02, 2.875325622558594e+02, 2.875325622558594e+02, 2.875325622558594e+02]
ets.chi.senTConEnt.T=[2.931499938964844e+02, 2.931499938964844e+02, 2.931499938964844e+02, 2.931499938964844e+02, 2.931499938964844e+02, 2.931499938964844e+02, 2.931499938964844e+02, 2.931499938964844e+02, 2.931499938964844e+02, 2.931499938964844e+02, 2.931499938964844e+02, 2.931499938964844e+02, 2.931499938964844e+02, 2.931499938964844e+02, 2.931499938964844e+02, 2.931499938964844e+02, 2.931499938964844e+02, 2.931499938964844e+02, 3.177416381835938e+02, 3.188826904296875e+02, 2.992594604492188e+02, 3.192138671875e+02, 3.19419921875e+02, 3.041378784179688e+02, 3.038115844726562e+02, 3.179638671875e+02, 3.181695861816406e+02, 3.181695861816406e+02, 3.181695861816406e+02, 3.181695861816406e+02, 3.181695861816406e+02, 3.181695861816406e+02, 3.181695861816406e+02, 3.100285949707031e+02, 3.184709167480469e+02, 3.175625915527344e+02, 3.191342163085938e+02, 3.003667907714844e+02, 3.090798645019531e+02, 3.187495727539062e+02, 3.008600463867188e+02, 3.036038208007812e+02, 3.176439208984375e+02, 3.182007446289062e+02, 3.181012878417969e+02, 3.180308227539062e+02, 3.183871765136719e+02, 3.183871765136719e+02, 3.183871765136719e+02, 3.183871765136719e+02, 3.183871765136719e+02, 3.177928466796875e+02, 3.168857116699219e+02, 3.185204772949219e+02, 3.192382507324219e+02, 3.009624938964844e+02, 3.171319274902344e+02, 3.017355041503906e+02, 3.0478564453125e+02, 3.169600830078125e+02, 3.185552368164062e+02, 3.179490051269531e+02, 3.179545288085938e+02, 3.183846435546875e+02, 3.183846435546875e+02, 3.183846435546875e+02, 3.183846435546875e+02, 3.183846435546875e+02, 3.159191589355469e+02, 3.173768005371094e+02, 3.18419189453125e+02, 2.989855041503906e+02, 3.042822265625e+02, 3.19129638671875e+02, 3.029795532226562e+02, 3.037227478027344e+02, 3.035398254394531e+02, 3.186601867675781e+02, 3.000882263183594e+02, 3.000882263183594e+02, 3.000882263183594e+02, 3.000882263183594e+02, 3.000882263183594e+02, 3.000882263183594e+02, 3.000882263183594e+02, 3.000882263183594e+02, 3.000882263183594e+02, 3.171108093261719e+02, 3.014459838867188e+02, 3.03625244140625e+02, 3.037211303710938e+02, 3.036612854003906e+02, 3.03662109375e+02, 3.036889038085938e+02, 3.12536376953125e+02, 2.986314086914062e+02, 2.986314086914062e+02, 2.986314086914062e+02, 2.986314086914062e+02, 2.986314086914062e+02, 2.986314086914062e+02]
ets.chi.senTConLvg.T=[2.931499938964844e+02, 2.931499938964844e+02, 2.931499938964844e+02, 2.931499938964844e+02, 2.931499938964844e+02, 2.931499938964844e+02, 2.931499938964844e+02, 2.931499938964844e+02, 2.931499938964844e+02, 2.931499938964844e+02, 2.931499938964844e+02, 2.931499938964844e+02, 2.931499938964844e+02, 2.931499938964844e+02, 2.931499938964844e+02, 2.931499938964844e+02, 2.931499938964844e+02, 2.931499938964844e+02, 3.181036376953125e+02, 3.189425964355469e+02, 2.993504943847656e+02, 3.194969482421875e+02, 3.196492919921875e+02, 3.044132385253906e+02, 3.041754150390625e+02, 3.181316833496094e+02, 3.182081909179688e+02, 3.182081909179688e+02, 3.182081909179688e+02, 3.182081909179688e+02, 3.182081909179688e+02, 3.182081909179688e+02, 3.182081909179688e+02, 3.119554138183594e+02, 3.1879296875e+02, 3.183022155761719e+02, 3.193071594238281e+02, 3.005118408203125e+02, 3.115716552734375e+02, 3.190740051269531e+02, 3.010829467773438e+02, 3.038922424316406e+02, 3.179055786132812e+02, 3.18274658203125e+02, 3.181871643066406e+02, 3.181624450683594e+02, 3.184446411132812e+02, 3.184446411132812e+02, 3.184446411132812e+02, 3.184446411132812e+02, 3.184446411132812e+02, 3.186000366210938e+02, 3.178529663085938e+02, 3.187660217285156e+02, 3.193818664550781e+02, 3.011187438964844e+02, 3.177478637695312e+02, 3.024195861816406e+02, 3.050120239257812e+02, 3.196840515136719e+02, 3.187164001464844e+02, 3.180281372070312e+02, 3.180633544921875e+02, 3.184383544921875e+02, 3.184383544921875e+02, 3.184383544921875e+02, 3.184383544921875e+02, 3.184383544921875e+02, 3.162832336425781e+02, 3.178519897460938e+02, 3.188451538085938e+02, 2.993393249511719e+02, 3.046953125e+02, 3.218438110351562e+02, 3.033726501464844e+02, 3.042395629882812e+02, 3.041515197753906e+02, 3.189258728027344e+02, 3.001025695800781e+02, 3.001025695800781e+02, 3.001025695800781e+02, 3.001025695800781e+02, 3.001025695800781e+02, 3.001025695800781e+02, 3.001025695800781e+02, 3.001025695800781e+02, 3.001025695800781e+02, 3.175866088867188e+02, 3.016383361816406e+02, 3.038693542480469e+02, 3.041647338867188e+02, 3.041739196777344e+02, 3.041354370117188e+02, 3.041822509765625e+02, 3.15260009765625e+02, 2.986457214355469e+02, 2.986457214355469e+02, 2.986457214355469e+02, 2.986457214355469e+02, 2.986457214355469e+02, 2.986457214355469e+02]
ets.chi.senTEvaEnt.T=[2.931499938964844e+02, 2.931499938964844e+02, 2.931499938964844e+02, 2.931499938964844e+02, 2.931499938964844e+02, 2.931499938964844e+02, 2.931499938964844e+02, 2.931499938964844e+02, 2.931499938964844e+02, 2.931499938964844e+02, 2.931499938964844e+02, 2.931499938964844e+02, 2.931499938964844e+02, 2.931499938964844e+02, 2.931499938964844e+02, 2.931499938964844e+02, 2.931499938964844e+02, 2.931499938964844e+02, 2.806888732910156e+02, 2.802400512695312e+02, 2.803321228027344e+02, 2.803780517578125e+02, 2.804691162109375e+02, 2.806435546875e+02, 2.806851806640625e+02, 2.803798217773438e+02, 2.802066955566406e+02, 2.802066955566406e+02, 2.802066955566406e+02, 2.802066955566406e+02, 2.802066955566406e+02, 2.802066955566406e+02, 2.802066955566406e+02, 2.837126159667969e+02, 2.806084594726562e+02, 2.811744384765625e+02, 2.803838195800781e+02, 2.804287414550781e+02, 2.84716552734375e+02, 2.806273498535156e+02, 2.805591430664062e+02, 2.80599609375e+02, 2.804412231445312e+02, 2.802351379394531e+02, 2.802636413574219e+02, 2.803310852050781e+02, 2.802359313964844e+02, 2.802359313964844e+02, 2.802359313964844e+02, 2.802359313964844e+02, 2.802359313964844e+02, 2.812868041992188e+02, 2.814936218261719e+02, 2.804771423339844e+02, 2.803525085449219e+02, 2.804476623535156e+02, 2.810607299804688e+02, 2.804952087402344e+02, 2.805120544433594e+02, 2.848438110351562e+02, 2.803738708496094e+02, 2.802636108398438e+02, 2.803000793457031e+02, 2.802298278808594e+02, 2.802298278808594e+02, 2.802298278808594e+02, 2.802298278808594e+02, 2.802298278808594e+02, 2.806440124511719e+02, 2.807884216308594e+02, 2.807511291503906e+02, 2.804947204589844e+02, 2.8069580078125e+02, 2.847629699707031e+02, 2.80859375e+02, 2.809125061035156e+02, 2.810653076171875e+02, 2.805426025390625e+02, 2.80178466796875e+02, 2.80178466796875e+02, 2.80178466796875e+02, 2.80178466796875e+02, 2.80178466796875e+02, 2.80178466796875e+02, 2.80178466796875e+02, 2.80178466796875e+02, 2.80178466796875e+02, 2.808753356933594e+02, 2.805012817382812e+02, 2.805298767089844e+02, 2.80814453125e+02, 2.809155883789062e+02, 2.808581848144531e+02, 2.808877563476562e+02, 2.8487109375e+02, 2.801779479980469e+02, 2.801779479980469e+02, 2.801779479980469e+02, 2.801779479980469e+02, 2.801779479980469e+02, 2.801779479980469e+02]
ets.chi.senTEvaLvg.T=[2.931499938964844e+02, 2.931499938964844e+02, 2.931499938964844e+02, 2.931499938964844e+02, 2.931499938964844e+02, 2.931499938964844e+02, 2.931499938964844e+02, 2.931499938964844e+02, 2.931499938964844e+02, 2.931499938964844e+02, 2.931499938964844e+02, 2.931499938964844e+02, 2.931499938964844e+02, 2.931499938964844e+02, 2.931499938964844e+02, 2.931499938964844e+02, 2.931499938964844e+02, 2.931499938964844e+02, 2.801499938964844e+02, 2.801499938964844e+02, 2.801499938964844e+02, 2.801499938964844e+02, 2.801499938964844e+02, 2.801499938964844e+02, 2.801499938964844e+02, 2.801499938964844e+02, 2.801499938964844e+02, 2.801499938964844e+02, 2.801499938964844e+02, 2.801499938964844e+02, 2.801499938964844e+02, 2.801499938964844e+02, 2.801499938964844e+02, 2.801499938964844e+02, 2.801499938964844e+02, 2.801499938964844e+02, 2.801499938964844e+02, 2.801499938964844e+02, 2.801499938964844e+02, 2.801499938964844e+02, 2.801499938964844e+02, 2.801499938964844e+02, 2.801499938964844e+02, 2.801499938964844e+02, 2.801499938964844e+02, 2.801499938964844e+02, 2.801499938964844e+02, 2.801499938964844e+02, 2.801499938964844e+02, 2.801499938964844e+02, 2.801499938964844e+02, 2.801499938964844e+02, 2.801499938964844e+02, 2.801499938964844e+02, 2.801499938964844e+02, 2.801499938964844e+02, 2.801499938964844e+02, 2.801499938964844e+02, 2.801499938964844e+02, 2.801499938964844e+02, 2.801499938964844e+02, 2.801499938964844e+02, 2.801499938964844e+02, 2.801499938964844e+02, 2.801499938964844e+02, 2.801499938964844e+02, 2.801499938964844e+02, 2.801499938964844e+02, 2.801499938964844e+02, 2.801499938964844e+02, 2.801499938964844e+02, 2.801499938964844e+02, 2.801499938964844e+02, 2.801499938964844e+02, 2.801499938964844e+02, 2.801499938964844e+02, 2.801499938964844e+02, 2.801499938964844e+02, 2.801499938964844e+02, 2.801499938964844e+02, 2.801499938964844e+02, 2.801499938964844e+02, 2.801499938964844e+02, 2.801499938964844e+02, 2.801499938964844e+02, 2.801499938964844e+02, 2.801499938964844e+02, 2.801499938964844e+02, 2.801499938964844e+02, 2.801499938964844e+02, 2.801499938964844e+02, 2.801499938964844e+02, 2.801499938964844e+02, 2.801499938964844e+02, 2.799996032714844e+02, 2.801499938964844e+02, 2.801499938964844e+02, 2.801499938964844e+02, 2.801499938964844e+02, 2.801499938964844e+02, 2.801499938964844e+02]
ets.chi.chi.COP=[0e+00, 0e+00, 0e+00, 0e+00, 0e+00, 0e+00, 0e+00, 0e+00, 0e+00, 0e+00, 0e+00, 0e+00, 0e+00, 0e+00, 0e+00, 0e+00, 0e+00, 0e+00, 2.357342481613159e+00, 2.306371688842773e+00, 3.673220157623291e+00, 2.292144536972046e+00, 2.283114910125732e+00, 3.201436042785645e+00, 3.22934365272522e+00, 2.347276449203491e+00, 0e+00, 0e+00, 0e+00, 0e+00, 0e+00, 0e+00, 0e+00, 3.232063055038452e+00, 2.324501037597656e+00, 2.365587472915649e+00, 2.295432806015015e+00, 3.554314613342285e+00, 3.407757043838501e+00, 2.312172651290894e+00, 3.503779172897339e+00, 3.247206926345825e+00, 2.361936092376709e+00, 2.336613416671753e+00, 2.341073989868164e+00, 2.344249725341797e+00, 0e+00, 0e+00, 0e+00, 0e+00, 0e+00, 2.355000257492065e+00, 2.397162437438965e+00, 2.322335481643677e+00, 2.290926456451416e+00, 3.493488073348999e+00, 2.385517358779907e+00, 3.41901707649231e+00, 3.147871971130371e+00, 2.937007427215576e+00, 2.320779323577881e+00, 2.347948551177979e+00, 2.347702741622925e+00, 0e+00, 0e+00, 0e+00, 0e+00, 0e+00, 2.443761110305786e+00, 2.37420392036438e+00, 2.326802015304565e+00, 3.704353809356689e+00, 3.189603805541992e+00, 2.824550151824951e+00, 3.302048921585083e+00, 3.236984252929688e+00, 3.252800703048706e+00, 2.316118478775024e+00, 0e+00, 0e+00, 0e+00, 0e+00, 0e+00, 0e+00, 0e+00, 0e+00, 0e+00, 2.386498689651489e+00, 3.44563627243042e+00, 3.245360612869263e+00, 3.237102270126343e+00, 3.242271661758423e+00, 3.242195844650269e+00, 3.239885568618774e+00, 3.189775943756104e+00, 0e+00, 0e+00, 0e+00, 0e+00, 0e+00, 0e+00]
ets.datChi.COP_nominal=[3e+00, 3e+00]
ets.chi.chi.PLR2=[0e+00, 0e+00, 0e+00, 0e+00, 0e+00, 0e+00, 0e+00, 0e+00, 0e+00, 0e+00, 0e+00, 0e+00, 0e+00, 0e+00, 0e+00, 0e+00, 0e+00, 0e+00, 3.00000011920929e-01, 3.00000011920929e-01, 3.00000011920929e-01, 3.00000011920929e-01, 3.00000011920929e-01, 3.00000011920929e-01, 3.00000011920929e-01, 3.00000011920929e-01, 0e+00, 0e+00, 0e+00, 0e+00, 0e+00, 0e+00, 0e+00, 6.352567672729492e-01, 3.00000011920929e-01, 3.00000011920929e-01, 3.00000011920929e-01, 3.00000011920929e-01, 8.003700375556946e-01, 3.00000011920929e-01, 3.00000011920929e-01, 3.00000011920929e-01, 3.00000011920929e-01, 3.00000011920929e-01, 3.00000011920929e-01, 3.00000011920929e-01, 0e+00, 0e+00, 0e+00, 0e+00, 0e+00, 3.00000011920929e-01, 3.00000011920929e-01, 3.00000011920929e-01, 3.00000011920929e-01, 3.00000011920929e-01, 3.00000011920929e-01, 3.00000011920929e-01, 3.00000011920929e-01, 9.538463354110718e-01, 3.00000011920929e-01, 3.00000011920929e-01, 3.00000011920929e-01, 0e+00, 0e+00, 0e+00, 0e+00, 0e+00, 3.00000011920929e-01, 3.00000011920929e-01, 3.00000011920929e-01, 3.00000011920929e-01, 3.00000011920929e-01, 9.799494743347168e-01, 3.00000011920929e-01, 3.00000011920929e-01, 3.00000011920929e-01, 3.00000011920929e-01, 0e+00, 0e+00, 0e+00, 0e+00, 0e+00, 0e+00, 0e+00, 0e+00, 0e+00, 3.00000011920929e-01, 3.00000011920929e-01, 3.00000011920929e-01, 3.00000011920929e-01, 3.00000011920929e-01, 3.00000011920929e-01, 3.00000011920929e-01, 9.081328511238098e-01, 0e+00, 0e+00, 0e+00, 0e+00, 0e+00, 0e+00]
ets.QChiWat_flow_nominal=[-2.44805203125e+05, -2.44805203125e+05]
ets.QHeaWat_flow_nominal=[4.7937990625e+05, 4.7937990625e+05]
