last-generated=2023-05-02
statistics-simulation=
{
  "linear": " ",
  "nonlinear": " ",
  "numerical Jacobians": "0"
}
time=[0e+00, 6e+01]
dryWet.fraDry=[1e+00, 1e+00, 1e+00, 1e+00, 1e+00, 1e+00, 1e+00, 1e+00, 1e+00, 1e+00, 1e+00, 1e+00, 1e+00, 1e+00, 1e+00, 1e+00, 1e+00, 1e+00, 1e+00, 1e+00, 1e+00, 1e+00, 1e+00, 1e+00, 1e+00, 1e+00, 1e+00, 1e+00, 1e+00, 1e+00, 1e+00, 1e+00, 1e+00, 1e+00, 1e+00, 1e+00, 1e+00, 1e+00, 1e+00, 1e+00, 1e+00, 1e+00, 1e+00, 1e+00, 1e+00, 1e+00, 1e+00, 1e+00, 1e+00, 1e+00, 1e+00, 3.430263428332568e-01, 0e+00, 0e+00, 0e+00, 0e+00, 0e+00, 0e+00, 0e+00, 0e+00, 0e+00, 0e+00, 0e+00, 0e+00, 0e+00, 0e+00, 0e+00, 0e+00, 0e+00, 0e+00, 0e+00, 0e+00, 0e+00, 0e+00, 0e+00, 0e+00, 0e+00, 0e+00, 0e+00, 0e+00, 0e+00, 0e+00, 0e+00, 0e+00, 0e+00, 0e+00, 0e+00, 0e+00, 0e+00, 0e+00, 0e+00, 0e+00, 0e+00, 0e+00, 0e+00, 0e+00, 0e+00, 0e+00, 0e+00, 0e+00, 0e+00]
dryWet.fraWet=[0e+00, 0e+00, 0e+00, 0e+00, 0e+00, 0e+00, 0e+00, 0e+00, 0e+00, 0e+00, 0e+00, 0e+00, 0e+00, 0e+00, 0e+00, 0e+00, 0e+00, 0e+00, 0e+00, 0e+00, 0e+00, 0e+00, 0e+00, 0e+00, 0e+00, 0e+00, 0e+00, 0e+00, 0e+00, 0e+00, 0e+00, 0e+00, 0e+00, 0e+00, 0e+00, 0e+00, 0e+00, 0e+00, 0e+00, 0e+00, 0e+00, 0e+00, 0e+00, 0e+00, 0e+00, 0e+00, 0e+00, 0e+00, 0e+00, 0e+00, 0e+00, 6.569736571667432e-01, 1e+00, 1e+00, 1e+00, 1e+00, 1e+00, 1e+00, 1e+00, 1e+00, 1e+00, 1e+00, 1e+00, 1e+00, 1e+00, 1e+00, 1e+00, 1e+00, 1e+00, 1e+00, 1e+00, 1e+00, 1e+00, 1e+00, 1e+00, 1e+00, 1e+00, 1e+00, 1e+00, 1e+00, 1e+00, 1e+00, 1e+00, 1e+00, 1e+00, 1e+00, 1e+00, 1e+00, 1e+00, 1e+00, 1e+00, 1e+00, 1e+00, 1e+00, 1e+00, 1e+00, 1e+00, 1e+00, 1e+00, 1e+00, 1e+00]
dryWet.SHR=[1e+00, 1e+00, 1e+00, 1e+00, 1e+00, 1e+00, 1e+00, 1e+00, 1e+00, 1e+00, 1e+00, 1e+00, 1e+00, 1e+00, 1e+00, 1e+00, 1e+00, 1e+00, 1e+00, 1e+00, 1e+00, 1e+00, 1e+00, 1e+00, 1e+00, 1e+00, 1e+00, 1e+00, 1e+00, 1e+00, 1e+00, 1e+00, 1e+00, 1e+00, 1e+00, 1e+00, 1e+00, 1e+00, 1e+00, 1e+00, 1e+00, 1e+00, 1e+00, 1e+00, 1e+00, 1e+00, 1e+00, 1e+00, 1e+00, 1e+00, 1e+00, 6.715131416144955e-01, 5e-01, 5e-01, 5e-01, 5e-01, 5e-01, 5e-01, 5e-01, 5e-01, 5e-01, 5e-01, 5e-01, 5e-01, 5e-01, 5e-01, 5e-01, 5e-01, 5e-01, 5e-01, 5e-01, 5e-01, 5e-01, 5e-01, 5e-01, 5e-01, 5e-01, 5e-01, 5e-01, 5e-01, 5e-01, 5e-01, 5e-01, 5e-01, 5e-01, 5e-01, 5e-01, 5e-01, 5e-01, 5e-01, 5e-01, 5e-01, 5e-01, 5e-01, 5e-01, 5e-01, 5e-01, 5e-01, 5e-01, 5e-01, 5e-01]
dryWet.Q_flow=[-2e+03, -2e+03, -2e+03, -2e+03, -2e+03, -2e+03, -2e+03, -2e+03, -2e+03, -2e+03, -2e+03, -2e+03, -2e+03, -2e+03, -2e+03, -2e+03, -2e+03, -2e+03, -2e+03, -2e+03, -2e+03, -2e+03, -2e+03, -2e+03, -2e+03, -2e+03, -2e+03, -2e+03, -2e+03, -2e+03, -2e+03, -2e+03, -2e+03, -2e+03, -2e+03, -2e+03, -2e+03, -2e+03, -2e+03, -2e+03, -2e+03, -2e+03, -2e+03, -2e+03, -2e+03, -2e+03, -2e+03, -2e+03, -2e+03, -2e+03, -2e+03, -2.656973766361673e+03, -3e+03, -3e+03, -3e+03, -3e+03, -3e+03, -3e+03, -3e+03, -3e+03, -3e+03, -3e+03, -3e+03, -3e+03, -3e+03, -3e+03, -3e+03, -3e+03, -3e+03, -3e+03, -3e+03, -3e+03, -3e+03, -3e+03, -3e+03, -3e+03, -3e+03, -3e+03, -3e+03, -3e+03, -3e+03, -3e+03, -3e+03, -3e+03, -3e+03, -3e+03, -3e+03, -3e+03, -3e+03, -3e+03, -3e+03, -3e+03, -3e+03, -3e+03, -3e+03, -3e+03, -3e+03, -3e+03, -3e+03, -3e+03, -3e+03]
dryWet.EIR=[2.000000029802322e-01, 2.000000029802322e-01, 2.000000029802322e-01, 2.000000029802322e-01, 2.000000029802322e-01, 2.000000029802322e-01, 2.000000029802322e-01, 2.000000029802322e-01, 2.000000029802322e-01, 2.000000029802322e-01, 2.000000029802322e-01, 2.000000029802322e-01, 2.000000029802322e-01, 2.000000029802322e-01, 2.000000029802322e-01, 2.000000029802322e-01, 2.000000029802322e-01, 2.000000029802322e-01, 2.000000029802322e-01, 2.000000029802322e-01, 2.000000029802322e-01, 2.000000029802322e-01, 2.000000029802322e-01, 2.000000029802322e-01, 2.000000029802322e-01, 2.000000029802322e-01, 2.000000029802322e-01, 2.000000029802322e-01, 2.000000029802322e-01, 2.000000029802322e-01, 2.000000029802322e-01, 2.000000029802322e-01, 2.000000029802322e-01, 2.000000029802322e-01, 2.000000029802322e-01, 2.000000029802322e-01, 2.000000029802322e-01, 2.000000029802322e-01, 2.000000029802322e-01, 2.000000029802322e-01, 2.000000029802322e-01, 2.000000029802322e-01, 2.000000029802322e-01, 2.000000029802322e-01, 2.000000029802322e-01, 2.000000029802322e-01, 2.000000029802322e-01, 2.000000029802322e-01, 2.000000029802322e-01, 2.000000029802322e-01, 2.000000029802322e-01, 2.656973597562478e-01, 3.00000011920929e-01, 3.00000011920929e-01, 3.00000011920929e-01, 3.00000011920929e-01, 3.00000011920929e-01, 3.00000011920929e-01, 3.00000011920929e-01, 3.00000011920929e-01, 3.00000011920929e-01, 3.00000011920929e-01, 3.00000011920929e-01, 3.00000011920929e-01, 3.00000011920929e-01, 3.00000011920929e-01, 3.00000011920929e-01, 3.00000011920929e-01, 3.00000011920929e-01, 3.00000011920929e-01, 3.00000011920929e-01, 3.00000011920929e-01, 3.00000011920929e-01, 3.00000011920929e-01, 3.00000011920929e-01, 3.00000011920929e-01, 3.00000011920929e-01, 3.00000011920929e-01, 3.00000011920929e-01, 3.00000011920929e-01, 3.00000011920929e-01, 3.00000011920929e-01, 3.00000011920929e-01, 3.00000011920929e-01, 3.00000011920929e-01, 3.00000011920929e-01, 3.00000011920929e-01, 3.00000011920929e-01, 3.00000011920929e-01, 3.00000011920929e-01, 3.00000011920929e-01, 3.00000011920929e-01, 3.00000011920929e-01, 3.00000011920929e-01, 3.00000011920929e-01, 3.00000011920929e-01, 3.00000011920929e-01, 3.00000011920929e-01, 3.00000011920929e-01, 3.00000011920929e-01, 3.00000011920929e-01]
dryWet.mWat_flow=[0e+00, 0e+00, 0e+00, 0e+00, 0e+00, 0e+00, 0e+00, 0e+00, 0e+00, 0e+00, 0e+00, 0e+00, 0e+00, 0e+00, 0e+00, 0e+00, 0e+00, 0e+00, 0e+00, 0e+00, 0e+00, 0e+00, 0e+00, 0e+00, 0e+00, 0e+00, 0e+00, 0e+00, 0e+00, 0e+00, 0e+00, 0e+00, 0e+00, 0e+00, 0e+00, 0e+00, 0e+00, 0e+00, 0e+00, 0e+00, 0e+00, 0e+00, 0e+00, 0e+00, 0e+00, 0e+00, 0e+00, 0e+00, 0e+00, 0e+00, 0e+00, 6.569736702051645e-03, 9.999999776482582e-03, 9.999999776482582e-03, 9.999999776482582e-03, 9.999999776482582e-03, 9.999999776482582e-03, 9.999999776482582e-03, 9.999999776482582e-03, 9.999999776482582e-03, 9.999999776482582e-03, 9.999999776482582e-03, 9.999999776482582e-03, 9.999999776482582e-03, 9.999999776482582e-03, 9.999999776482582e-03, 9.999999776482582e-03, 9.999999776482582e-03, 9.999999776482582e-03, 9.999999776482582e-03, 9.999999776482582e-03, 9.999999776482582e-03, 9.999999776482582e-03, 9.999999776482582e-03, 9.999999776482582e-03, 9.999999776482582e-03, 9.999999776482582e-03, 9.999999776482582e-03, 9.999999776482582e-03, 9.999999776482582e-03, 9.999999776482582e-03, 9.999999776482582e-03, 9.999999776482582e-03, 9.999999776482582e-03, 9.999999776482582e-03, 9.999999776482582e-03, 9.999999776482582e-03, 9.999999776482582e-03, 9.999999776482582e-03, 9.999999776482582e-03, 9.999999776482582e-03, 9.999999776482582e-03, 9.999999776482582e-03, 9.999999776482582e-03, 9.999999776482582e-03, 9.999999776482582e-03, 9.999999776482582e-03, 9.999999776482582e-03, 9.999999776482582e-03, 9.999999776482582e-03, 9.999999776482582e-03]
