last-generated=2017-09-08
statistics-initialization=
{
  "numerical Jacobians": "0", 
  "nonlinear": "1, 1"
}
statistics-simulation=
{
  "numerical Jacobians": "0", 
  "nonlinear": "0, 1", 
  "number of continuous time states": "21", 
  "linear": "0"
}
hex.sta_a2.T=[3.031499938964844e+02, 3.031499938964844e+02, 3.031499938964844e+02, 3.031499938964844e+02, 3.031499938964844e+02, 3.031499938964844e+02, 3.031499938964844e+02, 3.031499938964844e+02, 3.031499938964844e+02, 3.031499938964844e+02, 3.031499938964844e+02, 3.031499938964844e+02, 3.031499938964844e+02, 3.031499938964844e+02, 3.031499938964844e+02, 3.031499938964844e+02, 3.031499938964844e+02, 3.031499938964844e+02, 3.031499938964844e+02, 3.031499938964844e+02, 3.031499938964844e+02, 3.031499938964844e+02, 3.031499938964844e+02, 3.031499938964844e+02, 3.031499938964844e+02, 3.031499938964844e+02, 3.031499938964844e+02, 3.031499938964844e+02, 3.031499938964844e+02, 3.031499938964844e+02, 3.031499938964844e+02, 3.031499938964844e+02, 3.031499938964844e+02, 3.031499938964844e+02, 3.031499938964844e+02, 3.031499938964844e+02, 3.031499938964844e+02, 3.031499938964844e+02, 3.031499938964844e+02, 3.031499938964844e+02, 3.031499938964844e+02, 3.031499938964844e+02, 3.031499938964844e+02, 3.031499938964844e+02, 3.031499938964844e+02, 3.031499938964844e+02, 3.031499938964844e+02, 3.031499938964844e+02, 3.031499938964844e+02, 3.031499938964844e+02, 3.031499938964844e+02, 3.031499938964844e+02, 3.031499938964844e+02, 3.031499938964844e+02, 3.031499938964844e+02, 3.031499938964844e+02, 3.031499938964844e+02, 3.031499938964844e+02, 3.031499938964844e+02, 3.031499938964844e+02, 3.031499938964844e+02, 3.031499938964844e+02, 3.031499938964844e+02, 3.031499938964844e+02, 3.031499938964844e+02, 3.031499938964844e+02, 3.031499938964844e+02, 3.031499938964844e+02, 3.031499938964844e+02, 3.031499938964844e+02, 3.031499938964844e+02, 3.031499938964844e+02, 3.031499938964844e+02, 3.031499938964844e+02, 3.031499938964844e+02, 3.031499938964844e+02, 3.031499938964844e+02, 3.031499938964844e+02, 3.031499938964844e+02, 3.031499938964844e+02, 3.031499938964844e+02, 3.031499938964844e+02, 3.031499938964844e+02, 3.031499938964844e+02, 3.031499938964844e+02, 3.031499938964844e+02, 3.031499938964844e+02, 3.031499938964844e+02, 3.031499938964844e+02, 3.031499938964844e+02, 3.031499938964844e+02, 3.031499938964844e+02, 3.031499938964844e+02, 3.031499938964844e+02, 3.031499938964844e+02, 3.031499938964844e+02, 3.031499938964844e+02, 3.031499938964844e+02, 3.031499938964844e+02, 3.031499938964844e+02, 3.031499938964844e+02]
hex.sta_b1.T=[2.931499938964844e+02, 2.890139770507812e+02, 2.844501647949219e+02, 2.83468505859375e+02, 2.830034484863281e+02, 2.828148193359375e+02, 2.82778564453125e+02, 2.827731628417969e+02, 2.827724304199219e+02, 2.828471374511719e+02, 2.832431945800781e+02, 2.836819458007812e+02, 2.841221008300781e+02, 2.845622253417969e+02, 2.850024108886719e+02, 2.854425659179688e+02, 2.858827209472656e+02, 2.864130249023438e+02, 2.882598571777344e+02, 2.900205078125e+02, 2.912268371582031e+02, 2.919139099121094e+02, 2.923692626953125e+02, 2.927041931152344e+02, 2.929794006347656e+02, 2.932234497070312e+02, 2.934494323730469e+02, 2.936650390625e+02, 2.938750915527344e+02, 2.940826721191406e+02, 2.942899169921875e+02, 2.944982299804688e+02, 2.947088012695312e+02, 2.949226684570312e+02, 2.951329040527344e+02, 2.951650390625e+02, 2.950147094726562e+02, 2.951823425292969e+02, 2.955737915039062e+02, 2.960072937011719e+02, 2.964466247558594e+02, 2.968866882324219e+02, 2.973268432617188e+02, 2.977669677734375e+02, 2.982071533203125e+02, 2.986473083496094e+02, 2.990874633789062e+02, 2.995276184082031e+02, 2.999677734375e+02, 3.004079284667969e+02, 3.008480834960938e+02, 3.012882385253906e+02, 3.017283935546875e+02, 3.021685485839844e+02, 3.026087036132812e+02, 3.030488891601562e+02, 3.034890441894531e+02, 3.0392919921875e+02, 3.043693542480469e+02, 3.048095092773438e+02, 3.052496643066406e+02, 3.056898193359375e+02, 3.061299743652344e+02, 3.065701293945312e+02, 3.070101623535156e+02, 3.072156372070312e+02, 3.072252197265625e+02, 3.072255249023438e+02, 3.072255249023438e+02, 3.072255249023438e+02, 3.072255249023438e+02, 3.072255249023438e+02, 3.072255249023438e+02, 3.072255249023438e+02, 3.072255249023438e+02, 3.072255249023438e+02, 3.072255249023438e+02, 3.072255249023438e+02, 3.072255249023438e+02, 3.072255249023438e+02, 3.072255249023438e+02, 3.072255249023438e+02, 3.072255249023438e+02, 3.072255249023438e+02, 3.072255249023438e+02, 3.072255249023438e+02, 3.072255249023438e+02, 3.072255249023438e+02, 3.072255249023438e+02, 3.072255249023438e+02, 3.072255249023438e+02, 3.072255249023438e+02, 3.072255249023438e+02, 3.072255249023438e+02, 3.072255249023438e+02, 3.072255249023438e+02, 3.072255249023438e+02, 3.072255249023438e+02, 3.072255249023438e+02, 3.072255249023438e+02, 3.072255249023438e+02]
hex.sta_b2.T=[2.931499938964844e+02, 2.937398376464844e+02, 2.909461059570312e+02, 2.903141479492188e+02, 2.898431701660156e+02, 2.896912536621094e+02, 2.896645202636719e+02, 2.896606750488281e+02, 2.896601867675781e+02, 2.897383422851562e+02, 2.900104675292969e+02, 2.903012084960938e+02, 2.905925903320312e+02, 2.908839721679688e+02, 2.911753540039062e+02, 2.914667358398438e+02, 2.917581176757812e+02, 2.923382568359375e+02, 2.969011535644531e+02, 2.976927490234375e+02, 2.976767272949219e+02, 2.979827270507812e+02, 2.981211242675781e+02, 2.982020263671875e+02, 2.982652587890625e+02, 2.983099060058594e+02, 2.983434448242188e+02, 2.98370849609375e+02, 2.983949584960938e+02, 2.98417724609375e+02, 2.984405212402344e+02, 2.984644165039062e+02, 2.98490478515625e+02, 2.985197448730469e+02, 2.985185241699219e+02, 2.982055053710938e+02, 2.978561706542969e+02, 2.979202270507812e+02, 2.981742248535156e+02, 2.984606018066406e+02, 2.987513732910156e+02, 2.990426635742188e+02, 2.993340454101562e+02, 2.996254272460938e+02, 2.999168090820312e+02, 3.002081909179688e+02, 3.004995727539062e+02, 3.007909545898438e+02, 3.010823364257812e+02, 3.013737182617188e+02, 3.016651000976562e+02, 3.019564819335938e+02, 3.022478637695312e+02, 3.025392456054688e+02, 3.028306274414062e+02, 3.031220092773438e+02, 3.034133911132812e+02, 3.037047729492188e+02, 3.039961547851562e+02, 3.042875366210938e+02, 3.045789184570312e+02, 3.048703002929688e+02, 3.051616821289062e+02, 3.054530639648438e+02, 3.057434997558594e+02, 3.058435974121094e+02, 3.058478393554688e+02, 3.058479919433594e+02, 3.058479919433594e+02, 3.058479919433594e+02, 3.058479919433594e+02, 3.058479919433594e+02, 3.058479919433594e+02, 3.058479919433594e+02, 3.058479919433594e+02, 3.058479919433594e+02, 3.058479919433594e+02, 3.058479919433594e+02, 3.058479919433594e+02, 3.058479919433594e+02, 3.058479919433594e+02, 3.058479919433594e+02, 3.058479919433594e+02, 3.058479919433594e+02, 3.058479919433594e+02, 3.058479919433594e+02, 3.058479919433594e+02, 3.058479919433594e+02, 3.058479919433594e+02, 3.058479919433594e+02, 3.058479919433594e+02, 3.058479919433594e+02, 3.058479919433594e+02, 3.058479919433594e+02, 3.058479919433594e+02, 3.058479919433594e+02, 3.058479919433594e+02, 3.058479919433594e+02, 3.058479919433594e+02, 3.058479919433594e+02, 3.058479919433594e+02]
hex.sta_a1.T=[2.781499938964844e+02, 2.781499938964844e+02, 2.781499938964844e+02, 2.781499938964844e+02, 2.781499938964844e+02, 2.781499938964844e+02, 2.781499938964844e+02, 2.781499938964844e+02, 2.781499938964844e+02, 2.78510009765625e+02, 2.790499877929688e+02, 2.795899963378906e+02, 2.801300048828125e+02, 2.806700134277344e+02, 2.812099914550781e+02, 2.8175e+02, 2.822900085449219e+02, 2.828299865722656e+02, 2.833699951171875e+02, 2.839100036621094e+02, 2.844500122070312e+02, 2.84989990234375e+02, 2.855299987792969e+02, 2.860700073242188e+02, 2.866099853515625e+02, 2.871499938964844e+02, 2.876900024414062e+02, 2.882300109863281e+02, 2.887699890136719e+02, 2.893099975585938e+02, 2.898500061035156e+02, 2.903900146484375e+02, 2.909299926757812e+02, 2.914700012207031e+02, 2.92010009765625e+02, 2.925499877929688e+02, 2.930899963378906e+02, 2.936300048828125e+02, 2.941700134277344e+02, 2.947099914550781e+02, 2.9525e+02, 2.957900085449219e+02, 2.963299865722656e+02, 2.968699951171875e+02, 2.974100036621094e+02, 2.979500122070312e+02, 2.98489990234375e+02, 2.990299987792969e+02, 2.995700073242188e+02, 3.001099853515625e+02, 3.006499938964844e+02, 3.011900024414062e+02, 3.017300109863281e+02, 3.022699890136719e+02, 3.028099975585938e+02, 3.033500061035156e+02, 3.038900146484375e+02, 3.044299926757812e+02, 3.049700012207031e+02, 3.05510009765625e+02, 3.060499877929688e+02, 3.065899963378906e+02, 3.071300048828125e+02, 3.076700134277344e+02, 3.081499938964844e+02, 3.081499938964844e+02, 3.081499938964844e+02, 3.081499938964844e+02, 3.081499938964844e+02, 3.081499938964844e+02, 3.081499938964844e+02, 3.081499938964844e+02, 3.081499938964844e+02, 3.081499938964844e+02, 3.081499938964844e+02, 3.081499938964844e+02, 3.081499938964844e+02, 3.081499938964844e+02, 3.081499938964844e+02, 3.081499938964844e+02, 3.081499938964844e+02, 3.081499938964844e+02, 3.081499938964844e+02, 3.081499938964844e+02, 3.081499938964844e+02, 3.081499938964844e+02, 3.081499938964844e+02, 3.081499938964844e+02, 3.081499938964844e+02, 3.081499938964844e+02, 3.081499938964844e+02, 3.081499938964844e+02, 3.081499938964844e+02, 3.081499938964844e+02, 3.081499938964844e+02, 3.081499938964844e+02, 3.081499938964844e+02, 3.081499938964844e+02, 3.081499938964844e+02, 3.081499938964844e+02, 3.081499938964844e+02]
time=[0e+00, 3.6e+03]
hex.Q1_flow=[0e+00, 1.601969482421875e+03, 1.829473388671875e+03, 1.876948852539062e+03, 1.927361572265625e+03, 1.933416748046875e+03, 1.933935791015625e+03, 1.933977783203125e+03, 1.93398095703125e+03, 1.909261352539062e+03, 1.865941040039062e+03, 1.824110107421875e+03, 1.782336547851562e+03, 1.740561279296875e+03, 1.698787963867188e+03, 1.657013793945312e+03, 1.615240478515625e+03, 1.344541015625e+03, 7.192405395507812e+02, 8.012747802734375e+02, 7.63785888671875e+02, 7.278846435546875e+02, 7.156356201171875e+02, 7.052930908203125e+02, 6.975818481445312e+02, 6.921467895507812e+02, 6.878717651367188e+02, 6.842636108398438e+02, 6.809879150390625e+02, 6.778074340820312e+02, 6.745563354492188e+02, 6.710807495117188e+02, 6.672346801757812e+02, 6.6287060546875e+02, 6.746016845703125e+02, 7.38392333984375e+02, 7.703914184570312e+02, 7.374108276367188e+02, 6.961756591796875e+02, 6.544366455078125e+02, 6.126641235351562e+02, 5.708900756835938e+02, 5.291162719726562e+02, 4.873420104980469e+02, 4.455681457519531e+02, 4.037940063476562e+02, 3.620201416015625e+02, 3.202460632324219e+02, 2.784721069335938e+02, 2.366980590820312e+02, 1.949241180419922e+02, 1.531501312255859e+02, 1.113761291503906e+02, 6.960214233398438e+01, 2.782814788818333e+01, -1.394584465026882e+01, -5.571983718872097e+01, -9.749382781982422e+01, -1.39267822265625e+02, -1.810418090820312e+02, -2.228158111572266e+02, -2.645897827148438e+02, -3.063638000488281e+02, -3.481377868652344e+02, -3.883274536132812e+02, -3.871933288574219e+02, -3.868085632324219e+02, -3.867964782714844e+02, -3.867962036132812e+02, -3.867962341308594e+02, -3.867962341308594e+02, -3.867962036132812e+02, -3.867962341308594e+02, -3.867962341308594e+02, -3.867962341308594e+02, -3.867962341308594e+02, -3.867962036132812e+02, -3.867962036132812e+02, -3.867962341308594e+02, -3.867962341308594e+02, -3.867962341308594e+02, -3.867962341308594e+02, -3.867962341308594e+02, -3.867962341308594e+02, -3.867962341308594e+02, -3.867962341308594e+02, -3.867962341308594e+02, -3.867962341308594e+02, -3.867962341308594e+02, -3.867962341308594e+02, -3.867962341308594e+02, -3.867962341308594e+02, -3.867962341308594e+02, -3.867962341308594e+02, -3.867962341308594e+02, -3.867962341308594e+02, -3.867962341308594e+02, -3.867962341308594e+02, -3.867962341308594e+02, -3.867962341308594e+02, -3.867962341308594e+02]
hex.Q2_flow=[0e+00, -1.394581420898438e+03, -1.765577270507812e+03, -1.846939575195312e+03, -1.911526123046875e+03, -1.930286254882812e+03, -1.933464965820312e+03, -1.933913818359375e+03, -1.93397265625e+03, -1.920602172851562e+03, -1.880673583984375e+03, -1.8389580078125e+03, -1.797184692382812e+03, -1.75541064453125e+03, -1.713636352539062e+03, -1.671862426757812e+03, -1.630088256835938e+03, -1.515854736328125e+03, -8.63614013671875e+02, -7.855305786132812e+02, -7.809554443359375e+02, -7.385111694335938e+02, -7.20056396484375e+02, -7.086971435546875e+02, -6.99878173828125e+02, -6.936558837890625e+02, -6.889462280273438e+02, -6.8507763671875e+02, -6.816576538085938e+02, -6.784146728515625e+02, -6.75157470703125e+02, -6.7172900390625e+02, -6.679791870117188e+02, -6.637625732421875e+02, -6.658682250976562e+02, -7.143298950195312e+02, -7.614805908203125e+02, -7.477684936523438e+02, -7.1039794921875e+02, -6.692052001953125e+02, -6.275029296875e+02, -5.85737548828125e+02, -5.43964111328125e+02, -5.021905212402344e+02, -4.604166259765625e+02, -4.186426696777344e+02, -3.768686828613281e+02, -3.350946655273438e+02, -2.933206787109375e+02, -2.515466613769531e+02, -2.097726593017578e+02, -1.679987182617188e+02, -1.26224723815918e+02, -8.445072937011719e+01, -4.267673873901341e+01, -9.027468562123522e-01, 4.087124633789089e+01, 8.264524078369141e+01, 1.244192276000977e+02, 1.661932220458984e+02, 2.079672088623047e+02, 2.497412109375e+02, 2.915151977539062e+02, 3.332891845703125e+02, 3.74800537109375e+02, 3.86391845703125e+02, 3.867830810546875e+02, 3.867962341308594e+02, 3.867962341308594e+02, 3.867962341308594e+02, 3.867962341308594e+02, 3.867962341308594e+02, 3.867962341308594e+02, 3.867962341308594e+02, 3.867962341308594e+02, 3.867962341308594e+02, 3.867962341308594e+02, 3.867962341308594e+02, 3.867962341308594e+02, 3.867962341308594e+02, 3.867962341308594e+02, 3.867962341308594e+02, 3.867962341308594e+02, 3.867962341308594e+02, 3.867962341308594e+02, 3.867962341308594e+02, 3.867962341308594e+02, 3.867962341308594e+02, 3.867962341308594e+02, 3.867962341308594e+02, 3.867962341308594e+02, 3.867962341308594e+02, 3.867962341308594e+02, 3.867962341308594e+02, 3.867962341308594e+02, 3.867962341308594e+02, 3.867962341308594e+02, 3.867962341308594e+02, 3.867962341308594e+02, 3.867962341308594e+02, 3.867962341308594e+02]
hex.m2_flow=[1.71464279294014e-01, 1.400000005960464e-01, 1.400000005960464e-01, 1.400000005960464e-01, 1.400000005960464e-01, 1.400000005960464e-01, 1.400000005960464e-01, 1.400000005960464e-01, 1.400000005960464e-01, 1.400000005960464e-01, 1.400000005960464e-01, 1.400000005960464e-01, 1.400000005960464e-01, 1.400000005960464e-01, 1.400000005960464e-01, 1.400000005960464e-01, 1.400000005960464e-01, 1.400000005960464e-01, 1.400000005960464e-01, 1.400000005960464e-01, 1.400000005960464e-01, 1.400000005960464e-01, 1.400000005960464e-01, 1.400000005960464e-01, 1.400000005960464e-01, 1.400000005960464e-01, 1.400000005960464e-01, 1.400000005960464e-01, 1.400000005960464e-01, 1.400000005960464e-01, 1.400000005960464e-01, 1.400000005960464e-01, 1.400000005960464e-01, 1.400000005960464e-01, 1.400000005960464e-01, 1.400000005960464e-01, 1.400000005960464e-01, 1.400000005960464e-01, 1.400000005960464e-01, 1.400000005960464e-01, 1.400000005960464e-01, 1.400000005960464e-01, 1.400000005960464e-01, 1.400000005960464e-01, 1.400000005960464e-01, 1.400000005960464e-01, 1.400000005960464e-01, 1.400000005960464e-01, 1.400000005960464e-01, 1.400000005960464e-01, 1.400000005960464e-01, 1.400000005960464e-01, 1.400000005960464e-01, 1.400000005960464e-01, 1.400000005960464e-01, 1.400000005960464e-01, 1.400000005960464e-01, 1.400000005960464e-01, 1.400000005960464e-01, 1.400000005960464e-01, 1.400000005960464e-01, 1.400000005960464e-01, 1.400000005960464e-01, 1.400000005960464e-01, 1.400000005960464e-01, 1.400000005960464e-01, 1.400000005960464e-01, 1.400000005960464e-01, 1.400000005960464e-01, 1.400000005960464e-01, 1.400000005960464e-01, 1.400000005960464e-01, 1.400000005960464e-01, 1.400000005960464e-01, 1.400000005960464e-01, 1.400000005960464e-01, 1.400000005960464e-01, 1.400000005960464e-01, 1.400000005960464e-01, 1.400000005960464e-01, 1.400000005960464e-01, 1.400000005960464e-01, 1.400000005960464e-01, 1.400000005960464e-01, 1.400000005960464e-01, 1.400000005960464e-01, 1.400000005960464e-01, 1.400000005960464e-01, 1.400000005960464e-01, 1.400000005960464e-01, 1.400000005960464e-01, 1.400000005960464e-01, 1.400000005960464e-01, 1.400000005960464e-01, 1.400000005960464e-01, 1.400000005960464e-01, 1.400000005960464e-01, 1.400000005960464e-01, 1.400000005960464e-01, 1.400000005960464e-01, 1.400000005960464e-01]
hex.m1_flow=[1.000000014901161e-01, 5.622685328125954e-02, 7.969669997692108e-02, 8.758144825696945e-02, 9.726312756538391e-02, 9.958739578723907e-02, 9.994535893201828e-02, 9.999311715364456e-02, 9.999916702508926e-02, 9.999990463256836e-02, 9.999998658895493e-02, 1.000000014901161e-01, 1.000000014901161e-01, 1.000000014901161e-01, 1.000000014901161e-01, 1.000000014901161e-01, 1.000000014901161e-01, 7.34177827835083e-02, 1.63609217852354e-02, 2.039696648716927e-02, 2.168889530003071e-02, 2.106169424951077e-02, 2.163411863148212e-02, 2.232765965163708e-02, 2.315826527774334e-02, 2.41947527974844e-02, 2.541024796664715e-02, 2.680756337940693e-02, 2.840205095708371e-02, 3.021814487874508e-02, 3.229083865880966e-02, 3.466522693634033e-02, 3.739920258522034e-02, 4.056829586625099e-02, 4.633435606956482e-02, 6.533548980951309e-02, 9.018618613481522e-02, 9.844554960727692e-02, 9.97893214225769e-02, 9.997320175170898e-02, 9.99966561794281e-02, 9.999959170818329e-02, 9.999983757734299e-02, 9.999993443489075e-02, 1.000000014901161e-01, 9.999998658895493e-02, 1.000000089406967e-01, 9.999999403953552e-02, 1.000000014901161e-01, 9.999997913837433e-02, 9.999997168779373e-02, 9.999999403953552e-02, 1.000000014901161e-01, 1.000000014901161e-01, 1.000000014901161e-01, 1.000000014901161e-01, 1.000000014901161e-01, 1.000000014901161e-01, 1.000000014901161e-01, 1.000000014901161e-01, 1.000000014901161e-01, 1.000000014901161e-01, 1.000000014901161e-01, 1.000000014901161e-01, 1.000000014901161e-01, 1.000000014901161e-01, 1.000000014901161e-01, 1.000000014901161e-01, 1.000000014901161e-01, 1.000000014901161e-01, 1.000000014901161e-01, 1.000000014901161e-01, 1.000000014901161e-01, 1.000000014901161e-01, 1.000000014901161e-01, 1.000000014901161e-01, 1.000000014901161e-01, 1.000000014901161e-01, 1.000000014901161e-01, 1.000000014901161e-01, 1.000000014901161e-01, 1.000000014901161e-01, 1.000000014901161e-01, 1.000000014901161e-01, 1.000000014901161e-01, 1.000000014901161e-01, 1.000000014901161e-01, 1.000000014901161e-01, 1.000000014901161e-01, 1.000000014901161e-01, 1.000000014901161e-01, 1.000000014901161e-01, 1.000000014901161e-01, 1.000000014901161e-01, 1.000000014901161e-01, 1.000000014901161e-01, 1.000000014901161e-01, 1.000000014901161e-01, 1.000000014901161e-01, 1.000000014901161e-01, 1.000000014901161e-01]
con.u_m=[2.931499938964844e+02, 2.938390502929688e+02, 2.909817199707031e+02, 2.903285827636719e+02, 2.898516845703125e+02, 2.896929626464844e+02, 2.89664794921875e+02, 2.896607055664062e+02, 2.896601867675781e+02, 2.897322387695312e+02, 2.9000244140625e+02, 2.902931213378906e+02, 2.905845031738281e+02, 2.908758850097656e+02, 2.911672668457031e+02, 2.914586486816406e+02, 2.917500305175781e+02, 2.922726440429688e+02, 2.968092956542969e+02, 2.977021179199219e+02, 2.9766845703125e+02, 2.979765014648438e+02, 2.981185302734375e+02, 2.981999816894531e+02, 2.982637939453125e+02, 2.98308837890625e+02, 2.983425903320312e+02, 2.983701477050781e+02, 2.983943176269531e+02, 2.984171142578125e+02, 2.984398803710938e+02, 2.984637145996094e+02, 2.984897155761719e+02, 2.985188598632812e+02, 2.985217895507812e+02, 2.982171325683594e+02, 2.9786083984375e+02, 2.979146118164062e+02, 2.981664733886719e+02, 2.984525756835938e+02, 2.987432861328125e+02, 2.990345764160156e+02, 2.993259582519531e+02, 2.996173400878906e+02, 2.999087219238281e+02, 3.002001037597656e+02, 3.004914855957031e+02, 3.007828674316406e+02, 3.010742492675781e+02, 3.013656311035156e+02, 3.016570129394531e+02, 3.019483947753906e+02, 3.022397766113281e+02, 3.025311584472656e+02, 3.028225402832031e+02, 3.031139221191406e+02, 3.034053039550781e+02, 3.036966857910156e+02, 3.039880676269531e+02, 3.042794494628906e+02, 3.045708312988281e+02, 3.048622131347656e+02, 3.051535949707031e+02, 3.054449768066406e+02, 3.0573583984375e+02, 3.058431396484375e+02, 3.058478088378906e+02, 3.058479919433594e+02, 3.058479919433594e+02, 3.058479919433594e+02, 3.058479919433594e+02, 3.058479919433594e+02, 3.058479919433594e+02, 3.058479919433594e+02, 3.058479919433594e+02, 3.058479919433594e+02, 3.058479919433594e+02, 3.058479919433594e+02, 3.058479919433594e+02, 3.058479919433594e+02, 3.058479919433594e+02, 3.058479919433594e+02, 3.058479919433594e+02, 3.058479919433594e+02, 3.058479919433594e+02, 3.058479919433594e+02, 3.058479919433594e+02, 3.058479919433594e+02, 3.058479919433594e+02, 3.058479919433594e+02, 3.058479919433594e+02, 3.058479919433594e+02, 3.058479919433594e+02, 3.058479919433594e+02, 3.058479919433594e+02, 3.058479919433594e+02, 3.058479919433594e+02, 3.058479919433594e+02, 3.058479919433594e+02, 3.058479919433594e+02, 3.058479919433594e+02]
con.u_s=[2.881499938964844e+02, 2.881499938964844e+02, 2.881499938964844e+02, 2.881499938964844e+02, 2.881499938964844e+02, 2.881499938964844e+02, 2.881499938964844e+02, 2.881499938964844e+02, 2.881499938964844e+02, 2.881499938964844e+02, 2.881499938964844e+02, 2.881499938964844e+02, 2.881499938964844e+02, 2.881499938964844e+02, 2.881499938964844e+02, 2.881499938964844e+02, 2.881499938964844e+02, 2.981499938964844e+02, 2.981499938964844e+02, 2.981499938964844e+02, 2.981499938964844e+02, 2.981499938964844e+02, 2.981499938964844e+02, 2.981499938964844e+02, 2.981499938964844e+02, 2.981499938964844e+02, 2.981499938964844e+02, 2.981499938964844e+02, 2.981499938964844e+02, 2.981499938964844e+02, 2.981499938964844e+02, 2.981499938964844e+02, 2.981499938964844e+02, 2.981499938964844e+02, 2.975499877929688e+02, 2.966499938964844e+02, 2.9575e+02, 2.948500061035156e+02, 2.939500122070312e+02, 2.930499877929688e+02, 2.921499938964844e+02, 2.9125e+02, 2.903500061035156e+02, 2.894500122070312e+02, 2.885499877929688e+02, 2.876499938964844e+02, 2.8675e+02, 2.858500061035156e+02, 2.849500122070312e+02, 2.840499877929688e+02, 2.831499938964844e+02, 2.831499938964844e+02, 2.831499938964844e+02, 2.831499938964844e+02, 2.831499938964844e+02, 2.831499938964844e+02, 2.831499938964844e+02, 2.831499938964844e+02, 2.831499938964844e+02, 2.831499938964844e+02, 2.831499938964844e+02, 2.831499938964844e+02, 2.831499938964844e+02, 2.831499938964844e+02, 2.831499938964844e+02, 2.831499938964844e+02, 2.831499938964844e+02, 2.881499938964844e+02, 2.881499938964844e+02, 2.881499938964844e+02, 2.881499938964844e+02, 2.881499938964844e+02, 2.881499938964844e+02, 2.881499938964844e+02, 2.881499938964844e+02, 2.881499938964844e+02, 2.881499938964844e+02, 2.881499938964844e+02, 2.881499938964844e+02, 2.881499938964844e+02, 2.881499938964844e+02, 2.881499938964844e+02, 2.881499938964844e+02, 2.881499938964844e+02, 2.881499938964844e+02, 2.881499938964844e+02, 2.881499938964844e+02, 2.881499938964844e+02, 2.881499938964844e+02, 2.881499938964844e+02, 2.881499938964844e+02, 2.881499938964844e+02, 2.881499938964844e+02, 2.881499938964844e+02, 2.881499938964844e+02, 2.881499938964844e+02, 2.881499938964844e+02, 2.881499938964844e+02, 2.881499938964844e+02, 2.881499938964844e+02, 2.881499938964844e+02]
