last-generated=2026-07-06
statistics-simulation=
{
  "linear": " ",
  "nonlinear": " ",
  "number of continuous time states": "6",
  "numerical Jacobians": "0"
}
time=[0e+00, 1e+02]
spl.port_1.m_flow=[-1e+00, -4.617397785186768e-01, -4.616033732891083e-01, -4.615540504455566e-01, -4.615485072135925e-01, -4.615625143051147e-01, -4.615781903266907e-01, -4.615916907787323e-01, -4.615955948829651e-01, -4.615985155105591e-01, -4.616004228591919e-01, -4.615988433361053e-01, -4.615941345691681e-01, -4.61586982011795e-01, -4.615773558616638e-01, -4.615735411643982e-01, -4.615709185600281e-01, -4.615693688392639e-01, -4.615687429904938e-01, -4.615684449672699e-01, -4.615689516067505e-01, -3.826332688331604e-01, -2.873376309871674e-01, -1.470533758401871e-01, 1.04296617791988e-04, 1.495765894651413e-01, 2.762922644615173e-01, 3.669587373733521e-01, 4.479179084300997e-01, 5.181698799133299e-01, 5.829405188560486e-01, 6.431021094322205e-01, 6.995084285736084e-01, 7.528144121170044e-01, 8.035056591033936e-01, 8.519535064697266e-01, 8.984506130218506e-01, 9.432319402694702e-01, 9.864948391914368e-01, 1.028515577316284e+00, 1.069582104682922e+00, 1.069579243659973e+00, 1.069579243659973e+00, 1.069579243659973e+00, 1.069579243659973e+00, 1.069579243659973e+00, 1.069579243659973e+00, 1.069579243659973e+00, 1.069579243659973e+00, 1.069579243659973e+00, 1.069579243659973e+00, 1.069579243659973e+00, 1.069579243659973e+00, 1.069579243659973e+00, 1.069579243659973e+00, 1.069579243659973e+00, 1.069579243659973e+00, 1.069579243659973e+00, 1.069579243659973e+00, 1.069579243659973e+00, 1.069579243659973e+00, 1.069579243659973e+00, 1.069579243659973e+00, 1.069579243659973e+00, 1.069579243659973e+00, 1.069579243659973e+00, 1.069579243659973e+00, 1.069579243659973e+00, 1.069579243659973e+00, 1.069579243659973e+00, 1.069579243659973e+00, 1.05791163444519e+00, 1.047253131866455e+00, 1.037169337272644e+00, 1.027277588844299e+00, 1.017432451248169e+00, 1.007121324539185e+00, 9.961203336715698e-01, 9.836022853851318e-01, 9.664127826690674e-01, 9.423922300338745e-01, 9.103382229804993e-01, 8.723903298377991e-01, 8.30998420715332e-01, 7.865036129951477e-01, 7.390158176422119e-01, 6.885490417480469e-01, 6.351169347763062e-01, 5.788902044296265e-01, 5.205093622207642e-01, 4.615990519523621e-01, 4.615767598152161e-01, 4.615767598152161e-01, 4.615767598152161e-01, 4.615767598152161e-01, 4.615767598152161e-01, 4.615767598152161e-01, 4.615767598152161e-01, 4.615767598152161e-01, 4.615767598152161e-01, 4.615767598152161e-01]
spl.port_2.m_flow=[0e+00, 1.254429221153259e+00, 1.254529714584351e+00, 1.254565954208374e+00, 1.254570007324219e+00, 1.254559755325317e+00, 1.254548192024231e+00, 1.254538297653198e+00, 1.254535317420959e+00, 1.254533171653748e+00, 1.254531860351562e+00, 1.254532933235168e+00, 1.254536390304565e+00, 1.254541754722595e+00, 1.254548788070679e+00, 1.254551649093628e+00, 1.254553556442261e+00, 1.254554629325867e+00, 1.254555106163025e+00, 1.254555344581604e+00, 1.254554986953735e+00, 1.227674007415771e+00, 1.197793841362e+00, 1.154907703399658e+00, 1.095465421676636e+00, 1.033180475234985e+00, 9.764933586120605e-01, 9.323719143867493e-01, 8.951317667961118e-01, 8.584870696067811e-01, 8.24402391910553e-01, 7.919347286224365e-01, 7.60673463344574e-01, 7.303828597068787e-01, 7.00887143611908e-01, 6.720487475395203e-01, 6.437600255012512e-01, 6.159325242042542e-01, 5.884804129600525e-01, 5.609233379364014e-01, 5.329326391220093e-01, 5.329192280769348e-01, 5.329192280769348e-01, 5.329192280769348e-01, 5.329192280769348e-01, 5.329192280769348e-01, 5.329192280769348e-01, 5.329192280769348e-01, 5.329192280769348e-01, 5.329192280769348e-01, 5.329192280769348e-01, 5.329192280769348e-01, 5.329192280769348e-01, 5.329192280769348e-01, 5.329192280769348e-01, 5.329192280769348e-01, 5.329192280769348e-01, 5.329192280769348e-01, 5.329192280769348e-01, 5.329192280769348e-01, 5.329192280769348e-01, 5.329192280769348e-01, 5.329192280769348e-01, 5.329192280769348e-01, 5.329192280769348e-01, 5.329192280769348e-01, 5.329192280769348e-01, 5.329192280769348e-01, 5.329192280769348e-01, 5.329192280769348e-01, 5.329192280769348e-01, 4.726134538650513e-01, 4.052765667438507e-01, 3.310494720935822e-01, 2.49686062335968e-01, 1.623627096414566e-01, 6.683181971311569e-02, -3.627433255314827e-02, -1.504945307970047e-01, -2.935432195663452e-01, -4.521409869194031e-01, -5.852324962615967e-01, -6.912815570831299e-01, -7.866913676261902e-01, -8.733980655670166e-01, -9.527388215065002e-01, -1.025573253631592e+00, -1.092361211776733e+00, -1.153157472610474e+00, -1.207534670829773e+00, -1.254532814025879e+00, -1.254549264907837e+00, -1.254549264907837e+00, -1.254549264907837e+00, -1.254549264907837e+00, -1.254549264907837e+00, -1.254549264907837e+00, -1.254549264907837e+00, -1.254549264907837e+00, -1.254549264907837e+00, -1.254549264907837e+00]
spl.port_3.m_flow=[-1.732050776481628e+00, -7.933026552200317e-01, -7.93026328086853e-01, -7.929264307022095e-01, -7.929151654243469e-01, -7.9294353723526e-01, -7.929753661155701e-01, -7.930026650428772e-01, -7.930105924606323e-01, -7.930164933204651e-01, -7.930203676223755e-01, -7.930171489715576e-01, -7.930076718330383e-01, -7.929931282997131e-01, -7.929736375808716e-01, -7.929658889770508e-01, -7.929605841636658e-01, -7.929574847221375e-01, -7.929562330245972e-01, -7.929555773735046e-01, -7.929565906524658e-01, -8.592613339424133e-01, -9.208337664604187e-01, -9.996410012245178e-01, -1.095414638519287e+00, -1.182711839675903e+00, -1.252873063087463e+00, -1.302314758300781e+00, -1.340935707092285e+00, -1.376408338546753e+00, -1.407316923141479e+00, -1.435011863708496e+00, -1.460158824920654e+00, -1.483176112174988e+00, -1.504372239112854e+00, -1.523983478546143e+00, -1.542193055152893e+00, -1.559147357940674e+00, -1.574955224990845e+00, -1.589486598968506e+00, -1.602492570877075e+00, -1.602498412132263e+00, -1.602498412132263e+00, -1.602498412132263e+00, -1.602498412132263e+00, -1.602498412132263e+00, -1.602498412132263e+00, -1.602498412132263e+00, -1.602498412132263e+00, -1.602498412132263e+00, -1.602498412132263e+00, -1.602498412132263e+00, -1.602498412132263e+00, -1.602498412132263e+00, -1.602498412132263e+00, -1.602498412132263e+00, -1.602498412132263e+00, -1.602498412132263e+00, -1.602498412132263e+00, -1.602498412132263e+00, -1.602498412132263e+00, -1.602498412132263e+00, -1.602498412132263e+00, -1.602498412132263e+00, -1.602498412132263e+00, -1.602498412132263e+00, -1.602498412132263e+00, -1.602498412132263e+00, -1.602498412132263e+00, -1.602498412132263e+00, -1.602498412132263e+00, -1.530512809753418e+00, -1.452509045600891e+00, -1.368517160415649e+00, -1.278319954872131e+00, -1.18088686466217e+00, -1.075694918632507e+00, -9.608500003814697e-01, -8.332245945930481e-01, -6.729626059532166e-01, -4.902007281780243e-01, -3.250091075897217e-01, -1.809990257024765e-01, -4.423604533076286e-02, 8.696585893630981e-02, 2.137950509786606e-01, 3.370969891548157e-01, 4.573081135749817e-01, 5.743178129196167e-01, 6.870859265327454e-01, 7.930176258087158e-01, 7.929724454879761e-01, 7.929724454879761e-01, 7.929724454879761e-01, 7.929724454879761e-01, 7.929724454879761e-01, 7.929724454879761e-01, 7.929724454879761e-01, 7.929724454879761e-01, 7.929724454879761e-01, 7.929724454879761e-01]
spl.port_1.p=[1.0132e+05, 1.0132e+05, 1.0132e+05, 1.0132e+05, 1.0132e+05, 1.0132e+05, 1.0132e+05, 1.0132e+05, 1.0132e+05, 1.0132e+05, 1.0132e+05, 1.0132e+05, 1.0132e+05, 1.0132e+05, 1.0132e+05, 1.0132e+05, 1.0132e+05, 1.0132e+05, 1.0132e+05, 1.0132e+05, 1.0132e+05, 1.013205e+05, 1.01321e+05, 1.013215e+05, 1.01322e+05, 1.013225e+05, 1.01323e+05, 1.013235e+05, 1.01324e+05, 1.013245e+05, 1.01325e+05, 1.013255e+05, 1.01326e+05, 1.013265e+05, 1.01327e+05, 1.013275e+05, 1.01328e+05, 1.013285e+05, 1.01329e+05, 1.013295e+05, 1.0133e+05, 1.0133e+05, 1.0133e+05, 1.0133e+05, 1.0133e+05, 1.0133e+05, 1.0133e+05, 1.0133e+05, 1.0133e+05, 1.0133e+05, 1.0133e+05, 1.0133e+05, 1.0133e+05, 1.0133e+05, 1.0133e+05, 1.0133e+05, 1.0133e+05, 1.0133e+05, 1.0133e+05, 1.0133e+05, 1.0133e+05, 1.0133e+05, 1.0133e+05, 1.0133e+05, 1.0133e+05, 1.0133e+05, 1.0133e+05, 1.0133e+05, 1.0133e+05, 1.0133e+05, 1.0133e+05, 1.0133e+05, 1.0133e+05, 1.0133e+05, 1.0133e+05, 1.0133e+05, 1.0133e+05, 1.0133e+05, 1.0133e+05, 1.0133e+05, 1.0133e+05, 1.0133e+05, 1.0133e+05, 1.0133e+05, 1.0133e+05, 1.0133e+05, 1.0133e+05, 1.0133e+05, 1.0133e+05, 1.0133e+05, 1.0133e+05, 1.0133e+05, 1.0133e+05, 1.0133e+05, 1.0133e+05, 1.0133e+05, 1.0133e+05, 1.0133e+05, 1.0133e+05, 1.0133e+05, 1.0133e+05]
spl.port_2.p=[1.01325e+05, 1.01325e+05]
spl.port_3.p=[1.0132e+05, 1.0132e+05, 1.0132e+05, 1.0132e+05, 1.0132e+05, 1.0132e+05, 1.0132e+05, 1.0132e+05, 1.0132e+05, 1.0132e+05, 1.0132e+05, 1.0132e+05, 1.0132e+05, 1.0132e+05, 1.0132e+05, 1.0132e+05, 1.0132e+05, 1.0132e+05, 1.0132e+05, 1.0132e+05, 1.0132e+05, 1.0132e+05, 1.0132e+05, 1.0132e+05, 1.0132e+05, 1.0132e+05, 1.0132e+05, 1.0132e+05, 1.0132e+05, 1.0132e+05, 1.0132e+05, 1.0132e+05, 1.0132e+05, 1.0132e+05, 1.0132e+05, 1.0132e+05, 1.0132e+05, 1.0132e+05, 1.0132e+05, 1.0132e+05, 1.0132e+05, 1.0132e+05, 1.0132e+05, 1.0132e+05, 1.0132e+05, 1.0132e+05, 1.0132e+05, 1.0132e+05, 1.0132e+05, 1.0132e+05, 1.0132e+05, 1.0132e+05, 1.0132e+05, 1.0132e+05, 1.0132e+05, 1.0132e+05, 1.0132e+05, 1.0132e+05, 1.0132e+05, 1.0132e+05, 1.0132e+05, 1.0132e+05, 1.0132e+05, 1.0132e+05, 1.0132e+05, 1.0132e+05, 1.0132e+05, 1.0132e+05, 1.0132e+05, 1.0132e+05, 1.0132e+05, 1.013205e+05, 1.01321e+05, 1.013215e+05, 1.01322e+05, 1.013225e+05, 1.01323e+05, 1.013235e+05, 1.01324e+05, 1.013245e+05, 1.01325e+05, 1.013255e+05, 1.01326e+05, 1.013265e+05, 1.01327e+05, 1.013275e+05, 1.01328e+05, 1.013285e+05, 1.01329e+05, 1.013295e+05, 1.0133e+05, 1.0133e+05, 1.0133e+05, 1.0133e+05, 1.0133e+05, 1.0133e+05, 1.0133e+05, 1.0133e+05, 1.0133e+05, 1.0133e+05, 1.0133e+05]
spl.res1.dp=[-5e+00, -1.066018104553223e+00, -1.065388321876526e+00, -1.065160751342773e+00, -1.06513512134552e+00, -1.065199732780457e+00, -1.065272212028503e+00, -1.065334439277649e+00, -1.065352559089661e+00, -1.06536591053009e+00, -1.065374732017517e+00, -1.065367460250854e+00, -1.065345764160156e+00, -1.065312743186951e+00, -1.065268278121948e+00, -1.065250635147095e+00, -1.06523859500885e+00, -1.065231442451477e+00, -1.065228581428528e+00, -1.065227150917053e+00, -1.065229535102844e+00, -7.3204106092453e-01, -4.132246375083923e-01, -1.654702126979828e-01, 1.112497266149148e-04, 1.6865473985672e-01, 3.838483095169067e-01, 6.732935905456543e-01, 1.003152251243592e+00, 1.342500209808348e+00, 1.699098348617554e+00, 2.067901372909546e+00, 2.446560382843018e+00, 2.833647966384888e+00, 3.22810697555542e+00, 3.62912392616272e+00, 4.036067485809326e+00, 4.448432445526123e+00, 4.865860462188721e+00, 5.289220809936523e+00, 5.720029354095459e+00, 5.719998359680176e+00, 5.719998359680176e+00, 5.719998359680176e+00, 5.719998359680176e+00, 5.719998359680176e+00, 5.719998359680176e+00, 5.719998359680176e+00, 5.719998359680176e+00, 5.719998359680176e+00, 5.719998359680176e+00, 5.719998359680176e+00, 5.719998359680176e+00, 5.719998359680176e+00, 5.719998359680176e+00, 5.719998359680176e+00, 5.719998359680176e+00, 5.719998359680176e+00, 5.719998359680176e+00, 5.719998359680176e+00, 5.719998359680176e+00, 5.719998359680176e+00, 5.719998359680176e+00, 5.719998359680176e+00, 5.719998359680176e+00, 5.719998359680176e+00, 5.719998359680176e+00, 5.719998359680176e+00, 5.719998359680176e+00, 5.719998359680176e+00, 5.719998359680176e+00, 5.595884323120117e+00, 5.483695983886719e+00, 5.37860107421875e+00, 5.276496887207031e+00, 5.175843715667725e+00, 5.071467399597168e+00, 4.961278915405273e+00, 4.837367534637451e+00, 4.669768333435059e+00, 4.440515518188477e+00, 4.14357852935791e+00, 3.80532431602478e+00, 3.452791690826416e+00, 3.092939615249634e+00, 2.730721712112427e+00, 2.370498895645142e+00, 2.016867399215698e+00, 1.675569295883179e+00, 1.354649901390076e+00, 1.065368413925171e+00, 1.065265536308289e+00, 1.065265536308289e+00, 1.065265536308289e+00, 1.065265536308289e+00, 1.065265536308289e+00, 1.065265536308289e+00, 1.065265536308289e+00, 1.065265536308289e+00, 1.065265536308289e+00, 1.065265536308289e+00]
spl.res2.dp=[0e+00, 3.933981895446777e+00, 3.934611558914185e+00, 3.934839248657227e+00, 3.93486475944519e+00, 3.934800386428833e+00, 3.934727907180786e+00, 3.934665679931641e+00, 3.934647560119629e+00, 3.93463397026062e+00, 3.934625387191772e+00, 3.934632539749146e+00, 3.934654235839844e+00, 3.93468713760376e+00, 3.934731721878052e+00, 3.934749364852905e+00, 3.934761524200439e+00, 3.934768438339233e+00, 3.934771299362183e+00, 3.934772968292236e+00, 3.934770584106445e+00, 3.767958879470825e+00, 3.586775302886963e+00, 3.334529876708984e+00, 3.00011134147644e+00, 2.668654680252075e+00, 2.383848428726196e+00, 2.173293590545654e+00, 2.003152132034301e+00, 1.84250020980835e+00, 1.699098348617554e+00, 1.567901492118835e+00, 1.446560382843018e+00, 1.333647847175598e+00, 1.22810697555542e+00, 1.12912380695343e+00, 1.036067366600037e+00, 9.484322667121887e-01, 8.658602833747864e-01, 7.892208695411682e-01, 7.20029354095459e-01, 7.199981808662415e-01, 7.199981808662415e-01, 7.199981808662415e-01, 7.199981808662415e-01, 7.199981808662415e-01, 7.199981808662415e-01, 7.199981808662415e-01, 7.199981808662415e-01, 7.199981808662415e-01, 7.199981808662415e-01, 7.199981808662415e-01, 7.199981808662415e-01, 7.199981808662415e-01, 7.199981808662415e-01, 7.199981808662415e-01, 7.199981808662415e-01, 7.199981808662415e-01, 7.199981808662415e-01, 7.199981808662415e-01, 7.199981808662415e-01, 7.199981808662415e-01, 7.199981808662415e-01, 7.199981808662415e-01, 7.199981808662415e-01, 7.199981808662415e-01, 7.199981808662415e-01, 7.199981808662415e-01, 7.199981808662415e-01, 7.199981808662415e-01, 7.199981808662415e-01, 5.958845615386963e-01, 4.836957454681396e-01, 3.786012530326843e-01, 2.764967978000641e-01, 1.758434772491455e-01, 7.146722078323364e-02, -3.872127458453178e-02, -1.626324355602264e-01, -3.302317559719086e-01, -5.59484601020813e-01, -8.564216494560242e-01, -1.19467556476593e+00, -1.547208189964294e+00, -1.907060503959656e+00, -2.269278287887573e+00, -2.629501104354858e+00, -2.983132600784302e+00, -3.324430704116821e+00, -3.645349979400635e+00, -3.934631586074829e+00, -3.934734344482422e+00, -3.934734344482422e+00, -3.934734344482422e+00, -3.934734344482422e+00, -3.934734344482422e+00, -3.934734344482422e+00, -3.934734344482422e+00, -3.934734344482422e+00, -3.934734344482422e+00, -3.934734344482422e+00]
spl.res3.dp=[-5e+00, -1.066018104553223e+00, -1.065388321876526e+00, -1.065160751342773e+00, -1.06513512134552e+00, -1.065199732780457e+00, -1.065272212028503e+00, -1.065334439277649e+00, -1.065352559089661e+00, -1.06536591053009e+00, -1.065374732017517e+00, -1.065367460250854e+00, -1.065345764160156e+00, -1.065312743186951e+00, -1.065268278121948e+00, -1.065250635147095e+00, -1.06523859500885e+00, -1.065231442451477e+00, -1.065228581428528e+00, -1.065227150917053e+00, -1.065229535102844e+00, -1.232041120529175e+00, -1.413224577903748e+00, -1.665470242500305e+00, -1.999888777732849e+00, -2.331345319747925e+00, -2.616151571273804e+00, -2.826706409454346e+00, -2.996847867965699e+00, -3.15749979019165e+00, -3.300901651382446e+00, -3.432098627090454e+00, -3.553439617156982e+00, -3.666352033615112e+00, -3.77189302444458e+00, -3.87087607383728e+00, -3.963932752609253e+00, -4.051567554473877e+00, -4.134139537811279e+00, -4.210779190063477e+00, -4.279970645904541e+00, -4.280001640319824e+00, -4.280001640319824e+00, -4.280001640319824e+00, -4.280001640319824e+00, -4.280001640319824e+00, -4.280001640319824e+00, -4.280001640319824e+00, -4.280001640319824e+00, -4.280001640319824e+00, -4.280001640319824e+00, -4.280001640319824e+00, -4.280001640319824e+00, -4.280001640319824e+00, -4.280001640319824e+00, -4.280001640319824e+00, -4.280001640319824e+00, -4.280001640319824e+00, -4.280001640319824e+00, -4.280001640319824e+00, -4.280001640319824e+00, -4.280001640319824e+00, -4.280001640319824e+00, -4.280001640319824e+00, -4.280001640319824e+00, -4.280001640319824e+00, -4.280001640319824e+00, -4.280001640319824e+00, -4.280001640319824e+00, -4.280001640319824e+00, -4.280001640319824e+00, -3.904115438461304e+00, -3.51630425453186e+00, -3.121398687362671e+00, -2.723503112792969e+00, -2.324156522750854e+00, -1.928532838821411e+00, -1.538721323013306e+00, -1.162632465362549e+00, -8.302317261695862e-01, -5.59484601020813e-01, -3.564216196537018e-01, -1.946755647659302e-01, -4.720819741487503e-02, 9.293954819440842e-02, 2.307218015193939e-01, 3.704988658428192e-01, 5.168673992156982e-01, 6.755693554878235e-01, 8.546499609947205e-01, 1.065368413925171e+00, 1.065265536308289e+00, 1.065265536308289e+00, 1.065265536308289e+00, 1.065265536308289e+00, 1.065265536308289e+00, 1.065265536308289e+00, 1.065265536308289e+00, 1.065265536308289e+00, 1.065265536308289e+00, 1.065265536308289e+00]
senTem1.T=[2.931499938964844e+02, 2.931492309570312e+02, 2.931487731933594e+02, 2.931484985351562e+02, 2.931483154296875e+02, 2.93148193359375e+02, 2.93148193359375e+02, 2.931482543945312e+02, 2.931483154296875e+02, 2.931484680175781e+02, 2.93148681640625e+02, 2.931488037109375e+02, 2.9314892578125e+02, 2.931490173339844e+02, 2.931491394042969e+02, 2.931492004394531e+02, 2.931492614746094e+02, 2.931492919921875e+02, 2.931493225097656e+02, 2.931493530273438e+02, 2.931493835449219e+02, 2.931494140625e+02, 2.931494445800781e+02, 2.931495056152344e+02, 2.93149169921875e+02, 2.924234008789062e+02, 2.906238098144531e+02, 2.885531311035156e+02, 2.867373657226562e+02, 2.853666687011719e+02, 2.844269409179688e+02, 2.838395385742188e+02, 2.83501708984375e+02, 2.833207702636719e+02, 2.832292785644531e+02, 2.831850891113281e+02, 2.8316455078125e+02, 2.831551818847656e+02, 2.831513671875e+02, 2.831500549316406e+02, 2.831497192382812e+02, 2.8314990234375e+02, 2.831499633789062e+02, 2.831499938964844e+02, 2.831499938964844e+02, 2.831499938964844e+02, 2.831499938964844e+02, 2.831499938964844e+02, 2.831499938964844e+02, 2.831499938964844e+02, 2.831499938964844e+02, 2.831499938964844e+02, 2.831499938964844e+02, 2.831499938964844e+02, 2.831499938964844e+02, 2.831499938964844e+02, 2.831499938964844e+02, 2.831499938964844e+02, 2.831499938964844e+02, 2.831499938964844e+02, 2.831499938964844e+02, 2.831499938964844e+02, 2.831499938964844e+02, 2.831499938964844e+02, 2.831499938964844e+02, 2.831499938964844e+02, 2.831499938964844e+02, 2.831499938964844e+02, 2.831499938964844e+02, 2.831499938964844e+02, 2.831499938964844e+02, 2.831499938964844e+02, 2.831499938964844e+02, 2.831499938964844e+02, 2.831499938964844e+02, 2.831499938964844e+02, 2.831499938964844e+02, 2.831499938964844e+02, 2.831499938964844e+02, 2.831499938964844e+02, 2.831499938964844e+02, 2.831499938964844e+02, 2.831499938964844e+02, 2.831499938964844e+02, 2.831499938964844e+02, 2.831499938964844e+02, 2.831499938964844e+02, 2.831499938964844e+02, 2.831499938964844e+02, 2.831499938964844e+02, 2.831499938964844e+02, 2.831499938964844e+02, 2.831499938964844e+02, 2.831499938964844e+02, 2.831499938964844e+02, 2.831499938964844e+02, 2.831499938964844e+02, 2.831499938964844e+02, 2.831499938964844e+02, 2.831499938964844e+02, 2.831499938964844e+02]
senTem2.T=[2.931499938964844e+02, 2.931499938964844e+02, 2.931499938964844e+02, 2.931499938964844e+02, 2.931499938964844e+02, 2.931499938964844e+02, 2.931499938964844e+02, 2.931499938964844e+02, 2.931499938964844e+02, 2.931499938964844e+02, 2.931499938964844e+02, 2.931499938964844e+02, 2.931499938964844e+02, 2.931499938964844e+02, 2.931499938964844e+02, 2.931499938964844e+02, 2.931499938964844e+02, 2.931499938964844e+02, 2.931499938964844e+02, 2.931499938964844e+02, 2.931499938964844e+02, 2.931499938964844e+02, 2.931499938964844e+02, 2.931499938964844e+02, 2.931499938964844e+02, 2.931499938964844e+02, 2.931499938964844e+02, 2.931499938964844e+02, 2.931499938964844e+02, 2.931499938964844e+02, 2.931499938964844e+02, 2.931499938964844e+02, 2.931499938964844e+02, 2.931499938964844e+02, 2.931499938964844e+02, 2.931499938964844e+02, 2.931499938964844e+02, 2.931499938964844e+02, 2.931499938964844e+02, 2.931499938964844e+02, 2.931499938964844e+02, 2.931499938964844e+02, 2.931499938964844e+02, 2.931499938964844e+02, 2.931499938964844e+02, 2.931499938964844e+02, 2.931499938964844e+02, 2.931499938964844e+02, 2.931499938964844e+02, 2.931499938964844e+02, 2.931499938964844e+02, 2.931499938964844e+02, 2.931499938964844e+02, 2.931499938964844e+02, 2.931499938964844e+02, 2.931499938964844e+02, 2.931499938964844e+02, 2.931499938964844e+02, 2.931499938964844e+02, 2.931499938964844e+02, 2.931499938964844e+02, 2.931499938964844e+02, 2.931499938964844e+02, 2.931499938964844e+02, 2.931499938964844e+02, 2.931499938964844e+02, 2.931499938964844e+02, 2.931499938964844e+02, 2.931499938964844e+02, 2.931499938964844e+02, 2.931499938964844e+02, 2.931499938964844e+02, 2.931499938964844e+02, 2.931499938964844e+02, 2.931499938964844e+02, 2.931499938964844e+02, 2.931499938964844e+02, 2.931281127929688e+02, 2.928125e+02, 2.920996398925781e+02, 2.910333251953125e+02, 2.898104553222656e+02, 2.886532592773438e+02, 2.876714782714844e+02, 2.868968811035156e+02, 2.863432922363281e+02, 2.860137023925781e+02, 2.858912658691406e+02, 2.859513244628906e+02, 2.861666259765625e+02, 2.865101623535156e+02, 2.869429626464844e+02, 2.874107360839844e+02, 2.8788330078125e+02, 2.883443298339844e+02, 2.887865295410156e+02, 2.892066345214844e+02, 2.896037902832031e+02, 2.899781799316406e+02, 2.903306579589844e+02, 2.906622314453125e+02]
senTem3.T=[2.931499938964844e+02, 2.931495056152344e+02, 2.93149169921875e+02, 2.9314892578125e+02, 2.931487426757812e+02, 2.931485900878906e+02, 2.931485290527344e+02, 2.931484680175781e+02, 2.931484680175781e+02, 2.931484985351562e+02, 2.931485900878906e+02, 2.931486511230469e+02, 2.931487121582031e+02, 2.931487731933594e+02, 2.931488647460938e+02, 2.9314892578125e+02, 2.931489868164062e+02, 2.931490783691406e+02, 2.931491394042969e+02, 2.931492004394531e+02, 2.931492614746094e+02, 2.931493225097656e+02, 2.931493835449219e+02, 2.931494750976562e+02, 2.931495971679688e+02, 2.931451416015625e+02, 2.931175231933594e+02, 2.930536804199219e+02, 2.929518127441406e+02, 2.928144836425781e+02, 2.926465454101562e+02, 2.92452880859375e+02, 2.922382507324219e+02, 2.920071716308594e+02, 2.917635803222656e+02, 2.915108337402344e+02, 2.912517395019531e+02, 2.909885559082031e+02, 2.907232055664062e+02, 2.904571838378906e+02, 2.901917724609375e+02, 2.899302673339844e+02, 2.896787109375e+02, 2.894404296875e+02, 2.892169494628906e+02, 2.890086059570312e+02, 2.888151550292969e+02, 2.88635986328125e+02, 2.884702758789062e+02, 2.883170776367188e+02, 2.88175537109375e+02, 2.880448303222656e+02, 2.879241027832031e+02, 2.878126525878906e+02, 2.877097473144531e+02, 2.8761474609375e+02, 2.875270690917969e+02, 2.874461059570312e+02, 2.873713684082031e+02, 2.873023681640625e+02, 2.872386474609375e+02, 2.871798706054688e+02, 2.871255493164062e+02, 2.87075439453125e+02, 2.870291748046875e+02, 2.869864807128906e+02, 2.869470520019531e+02, 2.869107055664062e+02, 2.868771362304688e+02, 2.868461608886719e+02, 2.86817626953125e+02, 2.867904663085938e+02, 2.867598266601562e+02, 2.867214660644531e+02, 2.866728210449219e+02, 2.866123962402344e+02, 2.865395202636719e+02, 2.864543762207031e+02, 2.863616638183594e+02, 2.862716979980469e+02, 2.861931762695312e+02, 2.861314392089844e+02, 2.860879821777344e+02, 2.860662231445312e+02, 2.86231201171875e+02, 2.870613403320312e+02, 2.884739685058594e+02, 2.902953491210938e+02, 2.923273315429688e+02, 2.94380615234375e+02, 2.962995300292969e+02, 2.978909606933594e+02, 2.991138305664062e+02, 3.000511474609375e+02, 3.007705688476562e+02, 3.013229064941406e+02, 3.017472534179688e+02, 3.020734252929688e+02, 3.023240966796875e+02, 3.025166320800781e+02, 3.026642761230469e+02]
