last-generated=2018-06-19
statistics-simulation=
{
  "linear": " ",
  "nonlinear": " ",
  "numerical Jacobians": "0"
}
act2.y=[3.00000011920929e-01, 5.2427077293396e-01, 7.37115740776062e-01, 9.276913404464722e-01, 1.086288452148438e+00, 1.204827070236206e+00, 1.277268171310425e+00, 1.299921035766602e+00, 1.271631717681885e+00, 1.193841457366943e+00, 1.070513248443604e+00, 9.07930314540863e-01, 7.143755555152893e-01, 4.997099936008453e-01, 2.748699188232419e-01, 5.131011456251144e-02, -1.595798581838608e-01, -3.47055971622467e-01, -5.01567006111145e-01, -6.152411699295044e-01, -6.822872757911682e-01, -6.992895007133484e-01, -6.653816103935242e-01, -5.822912454605103e-01, -4.542513787746429e-01, -2.877852618694305e-01, -9.137366712093353e-02, 1.249769404530532e-01, 3.502443134784706e-01, 5.729519128799438e-01, 7.817536592483521e-01, 9.660118818283081e-01, 1.116339206695557e+00, 1.225077152252197e+00, 1.286685943603516e+00, 1.29802668094635e+00, 1.258521795272827e+00, 1.170183777809143e+00, 1.037513136863708e+00, 8.672689199447632e-01, 6.681245565414429e-01, 4.502255916595459e-01, 2.246731966733932e-01, 2.9584183357656e-03, -2.036232054233551e-01, -3.845471143722534e-01, -5.305958986282349e-01, -6.343289613723755e-01, -6.904613971710205e-01, -6.961336135864258e-01, -6.510565280914307e-01, -5.575266480445862e-01, -4.203090369701385e-01, -2.463943511247635e-01, -4.464292153715952e-02, 1.746667623519912e-01, 4.003617167472854e-01, 6.209436058998108e-01, 8.251746296882629e-01, 1.002650022506714e+00, 1.144327878952026e+00, 1.242990493774414e+00, 1.293611288070679e+00, 1.293611288070679e+00, 1.242990493774414e+00, 1.144327878952026e+00, 1.002650022506714e+00, 8.251746296882629e-01, 6.209436058998108e-01, 4.003617167472839e-01, 1.746667623519897e-01, -4.464292153716087e-02, -2.463943511247635e-01, -4.203090369701385e-01, -5.575266480445862e-01, -6.510565280914307e-01, -6.961336135864258e-01, -6.904613971710205e-01, -6.343289613723755e-01, -5.305958986282349e-01, -3.845471143722534e-01, -2.036232054233551e-01, 2.9584183357656e-03, 2.246731966733932e-01, 4.502255916595459e-01, 6.681245565414429e-01, 8.672689199447632e-01, 1.037513136863708e+00, 1.170183777809143e+00, 1.258521795272827e+00, 1.29802668094635e+00, 1.286685943603516e+00, 1.225077152252197e+00, 1.116339206695557e+00, 9.660118818283081e-01, 7.817536592483521e-01, 5.729519128799438e-01, 3.502443134784698e-01, 1.249769404530525e-01, -9.137366712093353e-02, -2.877852618694305e-01]
act1.y=[1e+00, 1e+00, 1e+00, 1e+00, 1e+00, 1e+00, 1e+00, 0e+00, 0e+00, 0e+00, 0e+00, 0e+00, 0e+00, 0e+00, 1e+00, 1e+00, 1e+00, 1e+00, 1e+00, 1e+00, 1e+00, 0e+00, 0e+00, 0e+00, 0e+00, 0e+00, 0e+00, 0e+00, 1e+00, 1e+00, 1e+00, 1e+00, 1e+00, 1e+00, 1e+00, 0e+00, 0e+00, 0e+00, 0e+00, 0e+00, 0e+00, 0e+00, 1e+00, 1e+00, 1e+00, 1e+00, 1e+00, 1e+00, 1e+00, 0e+00, 0e+00, 0e+00, 0e+00, 0e+00, 0e+00, 0e+00, 1e+00, 1e+00, 1e+00, 1e+00, 1e+00, 1e+00, 1e+00, 0e+00, 0e+00, 0e+00, 0e+00, 0e+00, 0e+00, 0e+00, 1e+00, 1e+00, 1e+00, 1e+00, 1e+00, 1e+00, 1e+00, 0e+00, 0e+00, 0e+00, 0e+00, 0e+00, 0e+00, 0e+00, 1e+00, 1e+00, 1e+00, 1e+00, 1e+00, 1e+00, 1e+00, 0e+00, 0e+00, 0e+00, 0e+00, 0e+00, 0e+00, 0e+00, 1e+00, 1e+00, 1e+00]
act3.y=[2.000000029802322e-01, 6.371157765388489e-01, 9.862884283065796e-01, 1.177268147468567e+00, 1.171631693840027e+00, 9.705132246017456e-01, 6.143755912780762e-01, 1.748699098825451e-01, -2.595798671245575e-01, -6.015669703483582e-01, -7.822872400283813e-01, -7.653816342353821e-01, -5.542513728141785e-01, -1.913736611604691e-01, 2.50244319438935e-01, 6.817536950111389e-01, 1.016339302062988e+00, 1.186685919761658e+00, 1.158521771430969e+00, 9.375131130218506e-01, 5.68124532699585e-01, 1.246731951832771e-01, -3.036231994628906e-01, -6.305959224700928e-01, -7.904614210128784e-01, -7.510564923286438e-01, -5.203090310096741e-01, -1.446429193019853e-01, 3.003617227077498e-01, 7.25174605846405e-01, 1.044327974319458e+00, 1.193611264228821e+00, 1.142990589141846e+00, 9.02649998664856e-01, 5.209435820579529e-01, 7.466676831245422e-02, -3.463943600654602e-01, -6.575266718864441e-01, -7.961336374282837e-01, -7.343289256095886e-01, -4.845471084117889e-01, -9.704158455133438e-02, 3.502255976200104e-01, 7.6726895570755e-01, 1.070183753967285e+00, 1.198026776313782e+00, 1.125077247619629e+00, 8.660118579864502e-01, 4.729519486427307e-01, 2.497694082558155e-02, -3.877852559089661e-01, -6.822912096977234e-01, -7.992894649505615e-01, -7.152411937713623e-01, -4.470559656620003e-01, -4.868988692760188e-02, 3.997099697589902e-01, 8.079302906990051e-01, 1.093841433525085e+00, 1.199921011924744e+00, 1.104827046394348e+00, 8.27691376209259e-01, 4.242707490921021e-01, -2.427076175808907e-02, -4.276913702487946e-01, -7.048270702362061e-01, -7.999210357666016e-01, -6.938413977622986e-01, -4.079302847385406e-01, 2.900194958783686e-04, 4.48689877986908e-01, 8.47055971622467e-01, 1.115241169929504e+00, 1.199289441108704e+00, 1.08229124546051e+00, 7.877852320671082e-01, 3.750230669975281e-01, -7.295193523168564e-02, -4.660118818283081e-01, -7.25077211856842e-01, -7.980267405509949e-01, -6.701837778091431e-01, -3.672689497470856e-01, 4.97744120657444e-02, 4.970415830612183e-01, 8.845471143722534e-01, 1.134328961372375e+00, 1.196133613586426e+00, 1.057526707649231e+00, 7.463943362236023e-01, 3.253332376480103e-01, -1.209436133503914e-01, -5.026499629020691e-01, -7.429905533790588e-01, -7.936112880706787e-01, -6.443279385566711e-01, -3.251746296882629e-01, 9.963828325271606e-02, 5.446429252624512e-01, 9.203090071678162e-01, 1.151056528091431e+00]
time=[0e+00, 3.6e+03]
triAndRes[1].y=[1.19999997317791e-01, 1.400000005960464e-01, 1.800000071525574e-01, 2.199999988079071e-01, 2.599999904632568e-01, 2.800000011920929e-01, 3.199999928474426e-01, 3.600000143051147e-01, 4.000000059604645e-01, 4.399999976158142e-01, 4.600000083446503e-01, 5e-01, 5.400000214576721e-01, 5.799999833106995e-01, 6.200000047683716e-01, 6.399999856948853e-01, 6.800000071525574e-01, 7.200000286102295e-01, 7.599999904632568e-01, 8.00000011920929e-01, 8.199999928474426e-01, 8.600000143051147e-01, 8.999999761581421e-01, 9.399999976158142e-01, 9.800000190734863e-01, 1e+00, 1e+00, 1e+00, 1e+00, 1e+00, 1e+00, 1e+00, 1e+00, 1e+00, 1e+00, 1e+00, 1e+00, 1e+00, 1e+00, 1e+00, 1e+00, 1e+00, 1e+00, 1e+00, 1e+00, 1e+00, 1e+00, 1e+00, 1e+00, 1e+00, 1e+00, 1e+00, 1e+00, 1e+00, 1e+00, 1e+00, 1e+00, 1e+00, 1e+00, 1e+00, 1e+00, 1e+00, 1e+00, 1e+00, 1e+00, 1e+00, 1e+00, 1e+00, 1e+00, 1e+00, 1e+00, 1e+00, 1e+00, 1e+00, 1e+00, 1e+00, 1e+00, 1e+00, 1e+00, 1e+00, 1e+00, 1e+00, 1e+00, 1e+00, 1e+00, 1e+00, 1e+00, 1e+00, 1e+00, 1e+00, 1e+00, 1e+00, 1e+00, 1e+00, 1e+00, 1e+00, 1e+00, 1e+00, 1e+00, 1e+00, 1e+00]
triAndRes[2].y=[1.19999997317791e-01, 1.400000005960464e-01, 1.800000071525574e-01, 2.199999988079071e-01, 2.599999904632568e-01, 2.800000011920929e-01, 3.199999928474426e-01, 3.600000143051147e-01, 4.000000059604645e-01, 4.399999976158142e-01, 4.600000083446503e-01, 5e-01, 5.400000214576721e-01, 5.799999833106995e-01, 6.200000047683716e-01, 6.399999856948853e-01, 6.499999761581421e-01, 6.299999952316284e-01, 6.100000143051147e-01, 5.899999737739563e-01, 5.799999833106995e-01, 5.600000023841858e-01, 5.400000214576721e-01, 5.199999809265137e-01, 5e-01, 4.900000095367432e-01, 4.699999988079071e-01, 4.799999892711639e-01, 5.199999809265137e-01, 5.600000023841858e-01, 5.799999833106995e-01, 6.200000047683716e-01, 6.600000262260437e-01, 6.99999988079071e-01, 7.400000095367432e-01, 7.599999904632568e-01, 8.00000011920929e-01, 8.399999737739563e-01, 8.799999952316284e-01, 9.200000166893005e-01, 9.399999976158142e-01, 9.800000190734863e-01, 1e+00, 1e+00, 9.800000190734863e-01, 9.700000286102295e-01, 9.49999988079071e-01, 9.300000071525574e-01, 9.100000262260437e-01, 8.899999856948853e-01, 8.799999952316284e-01, 8.600000143051147e-01, 8.399999737739563e-01, 8.199999928474426e-01, 8.00000011920929e-01, 8.199999928474433e-01, 8.600000143051147e-01, 8.999999761581421e-01, 9.399999976158142e-01, 9.800000190734863e-01, 1e+00, 1e+00, 1e+00, 1e+00, 1e+00, 1e+00, 1e+00, 1e+00, 1e+00, 1e+00, 1e+00, 1e+00, 9.800000190734863e-01, 9.599999785423279e-01, 9.399999976158142e-01, 9.300000071525574e-01, 9.100000262260437e-01, 8.899999856948853e-01, 8.700000047683716e-01, 8.500000238418579e-01, 8.399999737739563e-01, 8.199999928474426e-01, 8.00000011920929e-01, 8.399999737739563e-01, 8.799999952316284e-01, 8.999999761581421e-01, 9.399999976158142e-01, 9.800000190734863e-01, 1e+00, 1e+00, 1e+00, 1e+00, 1e+00, 1e+00, 1e+00, 1e+00, 1e+00, 1e+00, 1e+00, 9.900000095367432e-01, 9.800000190734863e-01]
triAndRes[3].y=[1.19999997317791e-01, 1.400000005960464e-01, 1.800000071525574e-01, 2.199999988079071e-01, 2.599999904632568e-01, 2.800000011920929e-01, 3.199999928474426e-01, 3.600000143051147e-01, 3.700000047683716e-01, 3.499999940395355e-01, 3.400000035762787e-01, 3.199999928474426e-01, 3.00000011920929e-01, 2.800000011920929e-01, 2.899999916553497e-01, 3.100000023841858e-01, 3.499999940395355e-01, 3.899999856948853e-01, 4.300000071525574e-01, 4.699999988079071e-01, 4.900000095367432e-01, 5.299999713897705e-01, 5.400000214576721e-01, 5.199999809265137e-01, 5e-01, 4.900000095367432e-01, 4.699999988079071e-01, 4.49999988079071e-01, 4.600000083446503e-01, 5e-01, 5.199999809265137e-01, 5.600000023841858e-01, 6.000000238418579e-01, 6.399999856948853e-01, 6.800000071525574e-01, 6.99999988079071e-01, 7.099999785423279e-01, 6.899999976158142e-01, 6.700000166893005e-01, 6.499999761581421e-01, 6.399999856948853e-01, 6.200000047683716e-01, 6.299999952316284e-01, 6.700000166893005e-01, 7.099999785423279e-01, 7.300000190734863e-01, 7.699999809265137e-01, 8.100000023841858e-01, 8.500000238418579e-01, 8.899999856948853e-01, 8.799999952316284e-01, 8.600000143051147e-01, 8.399999737739563e-01, 8.199999928474426e-01, 8.00000011920929e-01, 7.900000214576718e-01, 8.00000011920929e-01, 8.399999737739563e-01, 8.799999952316284e-01, 9.200000166893005e-01, 9.399999976158142e-01, 9.800000190734863e-01, 1e+00, 1e+00, 9.800000190734863e-01, 9.700000286102295e-01, 9.49999988079071e-01, 9.300000071525574e-01, 9.100000262260437e-01, 8.899999856948853e-01, 9.100000262260437e-01, 9.49999988079071e-01, 9.900000095367432e-01, 1e+00, 1e+00, 1e+00, 1e+00, 1e+00, 9.800000190734863e-01, 9.599999785423279e-01, 9.49999988079071e-01, 9.300000071525574e-01, 9.100000262260437e-01, 8.899999856948853e-01, 9.300000071525574e-01, 9.49999988079071e-01, 9.900000095367432e-01, 1e+00, 1e+00, 1e+00, 1e+00, 1e+00, 9.800000190734863e-01, 9.599999785423279e-01, 9.399999976158142e-01, 9.300000071525574e-01, 9.100000262260437e-01, 8.899999856948853e-01, 9.300000071525574e-01, 9.700000286102295e-01, 9.900000095367432e-01]
