last-generated=2026-02-25
statistics-initialization=
{
  "linear": "0, 0, 0, 0, 0, 0, 0, 0",
  "nonlinear": "43, 43, 1, 0, 0, 0, 0, 1, 0, 0, 0, 0",
  "numerical Jacobians": "0"
}
statistics-simulation=
{
  "linear": "30, 0, 0, 0, 0, 0, 0, 0, 0, 0, 0, 0, 0, 0, 0, 0, 0, 30, 0, 0, 0, 0, 0, 0, 0, 0,   0, 0, 0, 0, 0, 0, 0, 0",
  "nonlinear": "2, 0, 0, 0, 0, 2, 0, 0, 0, 0",
  "number of continuous time states": "122",
  "numerical Jacobians": "0"
}
time=[0e+00, 6.048e+05]
zonAHUG36Con.con.TZonHeaSet=[2.881499938964844e+02, 2.881499938964844e+02, 2.881499938964844e+02, 2.881499938964844e+02, 2.881499938964844e+02, 2.931499938964844e+02, 2.931499938964844e+02, 2.931499938964844e+02, 2.931499938964844e+02, 2.931499938964844e+02, 2.931499938964844e+02, 2.881499938964844e+02, 2.881499938964844e+02, 2.881499938964844e+02, 2.881499938964844e+02, 2.881499938964844e+02, 2.881499938964844e+02, 2.881499938964844e+02, 2.881499938964844e+02, 2.881499938964844e+02, 2.931499938964844e+02, 2.931499938964844e+02, 2.931499938964844e+02, 2.931499938964844e+02, 2.931499938964844e+02, 2.931499938964844e+02, 2.881499938964844e+02, 2.881499938964844e+02, 2.881499938964844e+02, 2.881499938964844e+02, 2.881499938964844e+02, 2.881499938964844e+02, 2.881499938964844e+02, 2.881499938964844e+02, 2.931499938964844e+02, 2.931499938964844e+02, 2.931499938964844e+02, 2.931499938964844e+02, 2.931499938964844e+02, 2.931499938964844e+02, 2.881499938964844e+02, 2.881499938964844e+02, 2.881499938964844e+02, 2.881499938964844e+02, 2.881499938964844e+02, 2.881499938964844e+02, 2.881499938964844e+02, 2.881499938964844e+02, 2.931499938964844e+02, 2.931499938964844e+02, 2.931499938964844e+02, 2.931499938964844e+02, 2.931499938964844e+02, 2.931499938964844e+02, 2.881499938964844e+02, 2.881499938964844e+02, 2.881499938964844e+02, 2.881499938964844e+02, 2.881499938964844e+02, 2.881499938964844e+02, 2.881499938964844e+02, 2.881499938964844e+02, 2.931499938964844e+02, 2.931499938964844e+02, 2.931499938964844e+02, 2.931499938964844e+02, 2.931499938964844e+02, 2.931499938964844e+02, 2.881499938964844e+02, 2.881499938964844e+02, 2.881499938964844e+02, 2.881499938964844e+02, 2.881499938964844e+02, 2.881499938964844e+02, 2.881499938964844e+02, 2.881499938964844e+02, 2.881499938964844e+02, 2.931499938964844e+02, 2.931499938964844e+02, 2.931499938964844e+02, 2.931499938964844e+02, 2.931499938964844e+02, 2.931499938964844e+02, 2.881499938964844e+02, 2.881499938964844e+02, 2.881499938964844e+02, 2.881499938964844e+02, 2.881499938964844e+02, 2.881499938964844e+02, 2.881499938964844e+02, 2.881499938964844e+02, 2.931499938964844e+02, 2.931499938964844e+02, 2.931499938964844e+02, 2.931499938964844e+02, 2.931499938964844e+02, 2.931499938964844e+02, 2.881499938964844e+02, 2.881499938964844e+02, 2.881499938964844e+02, 2.881499938964844e+02]
zonAHUG36Con.con.TZonCooSet=[3.031499938964844e+02, 3.031499938964844e+02, 3.031499938964844e+02, 3.031499938964844e+02, 3.031499938964844e+02, 2.971499938964844e+02, 2.971499938964844e+02, 2.971499938964844e+02, 2.971499938964844e+02, 2.971499938964844e+02, 2.971499938964844e+02, 3.031499938964844e+02, 3.031499938964844e+02, 3.031499938964844e+02, 3.031499938964844e+02, 3.031499938964844e+02, 3.031499938964844e+02, 3.031499938964844e+02, 3.031499938964844e+02, 3.031499938964844e+02, 2.971499938964844e+02, 2.971499938964844e+02, 2.971499938964844e+02, 2.971499938964844e+02, 2.971499938964844e+02, 2.971499938964844e+02, 3.031499938964844e+02, 3.031499938964844e+02, 3.031499938964844e+02, 3.031499938964844e+02, 3.031499938964844e+02, 3.031499938964844e+02, 3.031499938964844e+02, 3.031499938964844e+02, 2.971499938964844e+02, 2.971499938964844e+02, 2.971499938964844e+02, 2.971499938964844e+02, 2.971499938964844e+02, 2.971499938964844e+02, 3.031499938964844e+02, 3.031499938964844e+02, 3.031499938964844e+02, 3.031499938964844e+02, 3.031499938964844e+02, 3.031499938964844e+02, 3.031499938964844e+02, 3.031499938964844e+02, 2.971499938964844e+02, 2.971499938964844e+02, 2.971499938964844e+02, 2.971499938964844e+02, 2.971499938964844e+02, 2.971499938964844e+02, 3.031499938964844e+02, 3.031499938964844e+02, 3.031499938964844e+02, 3.031499938964844e+02, 3.031499938964844e+02, 3.031499938964844e+02, 3.031499938964844e+02, 3.031499938964844e+02, 2.971499938964844e+02, 2.971499938964844e+02, 2.971499938964844e+02, 2.971499938964844e+02, 2.971499938964844e+02, 2.971499938964844e+02, 3.031499938964844e+02, 3.031499938964844e+02, 3.031499938964844e+02, 3.031499938964844e+02, 3.031499938964844e+02, 3.031499938964844e+02, 3.031499938964844e+02, 3.031499938964844e+02, 3.031499938964844e+02, 2.971499938964844e+02, 2.971499938964844e+02, 2.971499938964844e+02, 2.971499938964844e+02, 2.971499938964844e+02, 2.971499938964844e+02, 3.031499938964844e+02, 3.031499938964844e+02, 3.031499938964844e+02, 3.031499938964844e+02, 3.031499938964844e+02, 3.031499938964844e+02, 3.031499938964844e+02, 3.031499938964844e+02, 2.971499938964844e+02, 2.971499938964844e+02, 2.971499938964844e+02, 2.971499938964844e+02, 2.971499938964844e+02, 2.971499938964844e+02, 3.031499938964844e+02, 3.031499938964844e+02, 3.031499938964844e+02, 3.031499938964844e+02]
zonAHUG36Opt.TZon=[2.931499938964844e+02, 2.924904479980469e+02, 2.923275756835938e+02, 2.92142578125e+02, 2.9195361328125e+02, 2.931253356933594e+02, 2.932703552246094e+02, 2.9324853515625e+02, 2.934610900878906e+02, 2.936517639160156e+02, 2.937223205566406e+02, 2.932383117675781e+02, 2.927918395996094e+02, 2.927062072753906e+02, 2.925401000976562e+02, 2.924097290039062e+02, 2.922671203613281e+02, 2.921734008789062e+02, 2.920687561035156e+02, 2.92892333984375e+02, 2.932727966308594e+02, 2.932241516113281e+02, 2.932293701171875e+02, 2.933397216796875e+02, 2.933410034179688e+02, 2.930650329589844e+02, 2.924617309570312e+02, 2.923816833496094e+02, 2.923692932128906e+02, 2.92199462890625e+02, 2.91983154296875e+02, 2.918739929199219e+02, 2.916974182128906e+02, 2.92684326171875e+02, 2.932779846191406e+02, 2.932702026367188e+02, 2.932088623046875e+02, 2.932239379882812e+02, 2.932381591796875e+02, 2.930987548828125e+02, 2.923670043945312e+02, 2.922353820800781e+02, 2.920272216796875e+02, 2.919012145996094e+02, 2.917572937011719e+02, 2.916094360351562e+02, 2.91509765625e+02, 2.924155883789062e+02, 2.931979064941406e+02, 2.932808837890625e+02, 2.93250732421875e+02, 2.932654113769531e+02, 2.931619262695312e+02, 2.930749816894531e+02, 2.9211376953125e+02, 2.918446960449219e+02, 2.916277770996094e+02, 2.915416259765625e+02, 2.913447570800781e+02, 2.913356628417969e+02, 2.910920715332031e+02, 2.920889587402344e+02, 2.93068603515625e+02, 2.933995666503906e+02, 2.933349914550781e+02, 2.933250122070312e+02, 2.931913146972656e+02, 2.931373901367188e+02, 2.927807922363281e+02, 2.923218383789062e+02, 2.921332702636719e+02, 2.91968017578125e+02, 2.917604370117188e+02, 2.916112060546875e+02, 2.914151916503906e+02, 2.911799011230469e+02, 2.92873046875e+02, 2.933856201171875e+02, 2.933142395019531e+02, 2.932222900390625e+02, 2.931920166015625e+02, 2.931594848632812e+02, 2.930336303710938e+02, 2.9181982421875e+02, 2.91711669921875e+02, 2.9137841796875e+02, 2.911295776367188e+02, 2.909364929199219e+02, 2.906842956542969e+02, 2.907257385253906e+02, 2.92844482421875e+02, 2.933768920898438e+02, 2.934077758789062e+02, 2.933132934570312e+02, 2.93295166015625e+02, 2.931976013183594e+02, 2.930622253417969e+02, 2.921786804199219e+02, 2.92006591796875e+02, 2.917522583007812e+02, 2.915824279785156e+02]
zonAHUG36Con.TZon=[2.931499938964844e+02, 2.924904479980469e+02, 2.923275756835938e+02, 2.92142578125e+02, 2.9195361328125e+02, 2.925398559570312e+02, 2.932145385742188e+02, 2.932153015136719e+02, 2.934025573730469e+02, 2.935928344726562e+02, 2.936636352539062e+02, 2.931786499023438e+02, 2.927315979003906e+02, 2.926461486816406e+02, 2.924804382324219e+02, 2.92350341796875e+02, 2.922081298828125e+02, 2.921146850585938e+02, 2.920104064941406e+02, 2.919456481933594e+02, 2.931666870117188e+02, 2.932195739746094e+02, 2.93224853515625e+02, 2.932562561035156e+02, 2.932575378417969e+02, 2.931064758300781e+02, 2.923777770996094e+02, 2.922976989746094e+02, 2.922853393554688e+02, 2.921161193847656e+02, 2.919006958007812e+02, 2.917920532226562e+02, 2.916160278320312e+02, 2.914949951171875e+02, 2.929467163085938e+02, 2.932322082519531e+02, 2.932198791503906e+02, 2.932368469238281e+02, 2.931981811523438e+02, 2.930894775390625e+02, 2.922636108398438e+02, 2.921297302246094e+02, 2.919220275878906e+02, 2.917965393066406e+02, 2.916532897949219e+02, 2.915061340332031e+02, 2.914069519042969e+02, 2.913120727539062e+02, 2.924859924316406e+02, 2.931723937988281e+02, 2.9325634765625e+02, 2.932825317382812e+02, 2.9317822265625e+02, 2.930867919921875e+02, 2.919933471679688e+02, 2.917187194824219e+02, 2.915019836425781e+02, 2.914159851074219e+02, 2.912200012207031e+02, 2.912111206054688e+02, 2.909683227539062e+02, 2.907263488769531e+02, 2.909386596679688e+02, 2.930853576660156e+02, 2.933244934082031e+02, 2.933573608398438e+02, 2.932579956054688e+02, 2.931591186523438e+02, 2.926172790527344e+02, 2.9210302734375e+02, 2.919134521484375e+02, 2.917489624023438e+02, 2.915425720214844e+02, 2.913943786621094e+02, 2.91199462890625e+02, 2.909656066894531e+02, 2.907792053222656e+02, 2.9293603515625e+02, 2.932775268554688e+02, 2.932489624023438e+02, 2.932190551757812e+02, 2.931829223632812e+02, 2.930486755371094e+02, 2.9161328125e+02, 2.915016174316406e+02, 2.9116943359375e+02, 2.909217529296875e+02, 2.90729736328125e+02, 2.904788208007812e+02, 2.903207702636719e+02, 2.901777954101562e+02, 2.922800598144531e+02, 2.932395935058594e+02, 2.933507385253906e+02, 2.9335546875e+02, 2.9325634765625e+02, 2.930826416015625e+02, 2.918722839355469e+02, 2.916918640136719e+02, 2.914378662109375e+02, 2.912691650390625e+02]
optStaHea.tOpt=[0e+00, 0e+00, 0e+00, 3.610212890625e+03, 3.610212890625e+03, 3.610212890625e+03, 3.610212890625e+03, 3.610212890625e+03, 3.610212890625e+03, 3.610212890625e+03, 3.610212890625e+03, 3.610212890625e+03, 3.610212890625e+03, 3.610212890625e+03, 3.610212890625e+03, 3.610212890625e+03, 3.610212890625e+03, 3.610212890625e+03, 3.6832705078125e+03, 3.6832705078125e+03, 3.6832705078125e+03, 3.6832705078125e+03, 3.6832705078125e+03, 3.6832705078125e+03, 3.6832705078125e+03, 3.6832705078125e+03, 3.6832705078125e+03, 3.6832705078125e+03, 3.6832705078125e+03, 3.6832705078125e+03, 3.6832705078125e+03, 3.6832705078125e+03, 4.955869140625e+03, 4.955869140625e+03, 4.955869140625e+03, 4.955869140625e+03, 4.955869140625e+03, 4.955869140625e+03, 4.955869140625e+03, 4.955869140625e+03, 4.955869140625e+03, 4.955869140625e+03, 4.955869140625e+03, 4.955869140625e+03, 4.955869140625e+03, 4.955869140625e+03, 5.85500634765625e+03, 5.85500634765625e+03, 5.85500634765625e+03, 5.85500634765625e+03, 5.85500634765625e+03, 5.85500634765625e+03, 5.85500634765625e+03, 5.85500634765625e+03, 5.85500634765625e+03, 5.85500634765625e+03, 5.85500634765625e+03, 5.85500634765625e+03, 5.85500634765625e+03, 5.85500634765625e+03, 5.85500634765625e+03, 7.54631396484375e+03, 7.54631396484375e+03, 7.54631396484375e+03, 7.54631396484375e+03, 7.54631396484375e+03, 7.54631396484375e+03, 7.54631396484375e+03, 7.54631396484375e+03, 7.54631396484375e+03, 7.54631396484375e+03, 7.54631396484375e+03, 7.54631396484375e+03, 7.54631396484375e+03, 7.54631396484375e+03, 6.65595166015625e+03, 6.65595166015625e+03, 6.65595166015625e+03, 6.65595166015625e+03, 6.65595166015625e+03, 6.65595166015625e+03, 6.65595166015625e+03, 6.65595166015625e+03, 6.65595166015625e+03, 6.65595166015625e+03, 6.65595166015625e+03, 6.65595166015625e+03, 6.65595166015625e+03, 6.65595166015625e+03, 9.20113671875e+03, 9.20113671875e+03, 9.20113671875e+03, 9.20113671875e+03, 9.20113671875e+03, 9.20113671875e+03, 9.20113671875e+03, 9.20113671875e+03, 9.20113671875e+03, 9.20113671875e+03, 9.20113671875e+03, 9.20113671875e+03]
optStaCoo.tOpt=[0e+00, 0e+00, 0e+00, 0e+00, 0e+00, 0e+00, 0e+00, 0e+00, 0e+00, 0e+00, 0e+00, 0e+00, 0e+00, 0e+00, 0e+00, 0e+00, 0e+00, 0e+00, 0e+00, 0e+00, 0e+00, 0e+00, 0e+00, 0e+00, 0e+00, 0e+00, 0e+00, 0e+00, 0e+00, 0e+00, 0e+00, 0e+00, 0e+00, 0e+00, 0e+00, 0e+00, 0e+00, 0e+00, 0e+00, 0e+00, 0e+00, 0e+00, 0e+00, 0e+00, 0e+00, 0e+00, 0e+00, 0e+00, 0e+00, 0e+00, 0e+00, 0e+00, 0e+00, 0e+00, 0e+00, 0e+00, 0e+00, 0e+00, 0e+00, 0e+00, 0e+00, 0e+00, 0e+00, 0e+00, 0e+00, 0e+00, 0e+00, 0e+00, 0e+00, 0e+00, 0e+00, 0e+00, 0e+00, 0e+00, 0e+00, 0e+00, 0e+00, 0e+00, 0e+00, 0e+00, 0e+00, 0e+00, 0e+00, 0e+00, 0e+00, 0e+00, 0e+00, 0e+00, 0e+00, 0e+00, 0e+00, 0e+00, 0e+00, 0e+00, 0e+00, 0e+00, 0e+00, 0e+00, 0e+00, 0e+00, 0e+00]
