last-generated=2022-05-18
statistics-initialization=
{
  "linear": "3, 0, 0",
  "nonlinear": "1, 1, 1, 5, 1, 1, 1, 1",
  "numerical Jacobians": "0"
}
statistics-simulation=
{
  "linear": "0, 0, 2, 0",
  "nonlinear": "1, 1, 4, 1, 1, 1, 1",
  "number of continuous time states": "17",
  "numerical Jacobians": "0"
}
time=[0e+00, 6.048e+05]
bui.maxTSet.y=[2.971499938964844e+02, 2.971499938964844e+02]
bui.minTSet.y=[2.931499938964844e+02, 2.931499938964844e+02]
bui.thermalZoneOneElement.TAir=[2.951499938964844e+02, 2.931500244140625e+02, 2.931499328613281e+02, 2.931499633789062e+02, 2.931502075195312e+02, 2.971508483886719e+02, 2.971495971679688e+02, 2.971498413085938e+02, 2.971499938964844e+02, 2.971499328613281e+02, 2.960455627441406e+02, 2.931499633789062e+02, 2.931499328613281e+02, 2.931499938964844e+02, 2.931499328613281e+02, 2.931498718261719e+02, 2.931499633789062e+02, 2.931500244140625e+02, 2.931500244140625e+02, 2.971401977539062e+02, 2.971497497558594e+02, 2.971496887207031e+02, 2.971502075195312e+02, 2.9714990234375e+02, 2.971499633789062e+02, 2.931499938964844e+02, 2.931499633789062e+02, 2.931499328613281e+02, 2.931499633789062e+02, 2.931499938964844e+02, 2.931500854492188e+02, 2.931499633789062e+02, 2.931499633789062e+02, 2.954242248535156e+02, 2.971502075195312e+02, 2.97149658203125e+02, 2.971500244140625e+02, 2.971499633789062e+02, 2.97149658203125e+02, 2.933812866210938e+02, 2.931497192382812e+02, 2.931499328613281e+02, 2.931499633789062e+02, 2.931499633789062e+02, 2.931499328613281e+02, 2.931498413085938e+02, 2.931500549316406e+02, 2.931503601074219e+02, 2.971500854492188e+02, 2.971501159667969e+02, 2.9714990234375e+02, 2.971499633789062e+02, 2.971498718261719e+02, 2.961890869140625e+02, 2.931499328613281e+02, 2.931499633789062e+02, 2.931499328613281e+02, 2.931500244140625e+02, 2.931499938964844e+02, 2.9314990234375e+02, 2.931499938964844e+02, 2.931500854492188e+02, 2.9714794921875e+02, 2.97150390625e+02, 2.971497192382812e+02, 2.971500244140625e+02, 2.971498718261719e+02, 2.968434143066406e+02, 2.931499328613281e+02, 2.931499633789062e+02, 2.931500244140625e+02, 2.931499633789062e+02, 2.931499633789062e+02, 2.931499938964844e+02, 2.931499633789062e+02, 2.931499633789062e+02, 2.950806884765625e+02, 2.971497802734375e+02, 2.971498107910156e+02, 2.971499938964844e+02, 2.971499328613281e+02, 2.971499633789062e+02, 2.931500244140625e+02, 2.931499633789062e+02, 2.931499633789062e+02, 2.931501770019531e+02, 2.931500244140625e+02, 2.931498413085938e+02, 2.931499938964844e+02, 2.931500854492188e+02, 2.936056213378906e+02, 2.964041748046875e+02, 2.9714990234375e+02, 2.971516418457031e+02, 2.9714990234375e+02, 2.971497497558594e+02, 2.931514587402344e+02, 2.931499633789062e+02, 2.931499633789062e+02, 2.931500244140625e+02, 2.931499633789062e+02]
bui.terUni.QActHea_flow=[-0e+00, 3.571177062988281e+02, 3.681915283203125e+02, 3.890078735351562e+02, 3.756129150390625e+02, 0e+00, 0e+00, 0e+00, 0e+00, 0e+00, 0e+00, 1.998653717041016e+02, 2.140700531005859e+02, 2.359502563476562e+02, 2.724285278320313e+02, 2.628534545898438e+02, 3.02688720703125e+02, 3.208463745117187e+02, 3.012634582519531e+02, 0e+00, 0e+00, 0e+00, 0e+00, 0e+00, 0e+00, 1.3283642578125e+02, 1.355746002197266e+02, 1.793832397460938e+02, 1.933325500488282e+02, 2.067060394287109e+02, 1.981907196044922e+02, 1.638036956787109e+02, 1.904808807373047e+02, 0e+00, 0e+00, 0e+00, 0e+00, 0e+00, 0e+00, 0e+00, 8.975315093994141e+01, 1.295473327636717e+02, 1.574079437255859e+02, 1.741851959228516e+02, 2.020959014892578e+02, 2.243443908691406e+02, 2.69991455078125e+02, 2.530192718505859e+02, 0e+00, 0e+00, 0e+00, 0e+00, 0e+00, 0e+00, 1.540395202636719e+02, 1.71587158203125e+02, 1.817858123779302e+02, 2.03966247558594e+02, 2.2232470703125e+02, 2.721457824707031e+02, 2.894686584472656e+02, 2.940035705566406e+02, 0e+00, 0e+00, 0e+00, 0e+00, 0e+00, 0e+00, 1.600016632080081e+02, 1.846981506347654e+02, 2.016170349121094e+02, 2.197735443115234e+02, 2.354126739501953e+02, 2.529980316162109e+02, 2.62318115234375e+02, 2.810790100097656e+02, 0e+00, 0e+00, 0e+00, 0e+00, 0e+00, 0e+00, 1.542298278808596e+02, 1.829423828125e+02, 2.114766845703125e+02, 1.671368560791016e+02, 2.016630706787109e+02, 2.095221405029297e+02, 2.545675506591797e+02, 2.463214721679688e+02, 0e+00, 0e+00, 0e+00, 0e+00, 0e+00, 0e+00, 1.758148345947266e+02, 2.143149261474609e+02, 2.376281890869141e+02, 2.443915710449219e+02, 2.568797607421875e+02]
bui.terUni.QActCoo_flow=[-0e+00, -0e+00, -0e+00, -0e+00, -0e+00, -6.51696044921875e+02, -7.815693969726562e+02, -2.79059387207031e+02, -2.508728179931641e+02, -2.120380859375e+02, -0e+00, -0e+00, -0e+00, -0e+00, 0e+00, -0e+00, -0e+00, 0e+00, -0e+00, -2.058936767578125e+02, -9.782783203125e+02, -5.313535766601562e+02, -3.750833435058594e+02, -3.028695373535156e+02, -2.399291610717773e+01, -0e+00, -0e+00, -0e+00, 0e+00, -0e+00, -0e+00, -0e+00, -0e+00, -0e+00, -8.456041259765635e+02, -6.459412231445312e+02, -4.422195129394531e+02, -4.348828430175781e+02, -2.270851287841797e+02, -0e+00, -0e+00, 0e+00, -0e+00, -0e+00, -0e+00, -0e+00, -0e+00, -0e+00, -4.130215148925781e+02, -3.711847229003906e+02, -4.067297668457031e+02, -3.799369812011719e+02, -2.381525421142578e+02, -0e+00, -0e+00, -0e+00, 0e+00, 0e+00, -0e+00, -0e+00, -0e+00, -0e+00, -3.258506164550781e+02, -5.758884887695312e+02, -4.103315734863281e+02, -2.745541687011719e+02, -2.672294616699219e+02, -0e+00, 0e+00, 0e+00, -0e+00, -0e+00, -0e+00, -0e+00, -0e+00, -0e+00, -0e+00, -8.460072021484375e+02, -3.680242309570312e+02, -3.218682250976562e+02, -2.652767028808594e+02, -4.432087326049592e+01, 0e+00, -0e+00, -0e+00, -0e+00, -0e+00, -0e+00, -0e+00, -0e+00, -0e+00, -0e+00, -3.002562561035156e+02, -1.799752655029297e+02, -3.001755981445312e+02, -2.076311492919922e+02, -0e+00, -0e+00, -0e+00, -0e+00, -0e+00]
supHeaWat.T_in=[3.131499938964844e+02, 3.131499938964844e+02]
bui.disFloHea.senTSup.T=[2.931499938964844e+02, 3.081499938964844e+02, 3.081500244140625e+02, 3.081500244140625e+02, 3.081499633789062e+02, 3.0814990234375e+02, 3.0814990234375e+02, 3.0814990234375e+02, 3.0814990234375e+02, 3.0814990234375e+02, 3.0814990234375e+02, 3.081500244140625e+02, 3.081500244140625e+02, 3.081499938964844e+02, 3.081500244140625e+02, 3.081500244140625e+02, 3.081500244140625e+02, 3.081499938964844e+02, 3.081499938964844e+02, 3.081498718261719e+02, 3.081498718261719e+02, 3.081498718261719e+02, 3.081498718261719e+02, 3.081498718261719e+02, 3.081498718261719e+02, 3.081500244140625e+02, 3.081500244140625e+02, 3.081500549316406e+02, 3.081499938964844e+02, 3.081499938964844e+02, 3.081499633789062e+02, 3.081499938964844e+02, 3.081500244140625e+02, 3.081498718261719e+02, 3.081498718261719e+02, 3.081498718261719e+02, 3.081498718261719e+02, 3.081498718261719e+02, 3.081498718261719e+02, 3.081498718261719e+02, 3.080863037109375e+02, 3.081500549316406e+02, 3.081500244140625e+02, 3.081500244140625e+02, 3.081500244140625e+02, 3.081500854492188e+02, 3.081499938964844e+02, 3.0814990234375e+02, 3.081498718261719e+02, 3.081498718261719e+02, 3.081498718261719e+02, 3.081498718261719e+02, 3.081498718261719e+02, 3.081498718261719e+02, 3.081500549316406e+02, 3.081500244140625e+02, 3.081500244140625e+02, 3.081499633789062e+02, 3.081499938964844e+02, 3.081500549316406e+02, 3.081499938964844e+02, 3.081499633789062e+02, 3.0814990234375e+02, 3.0814990234375e+02, 3.0814990234375e+02, 3.0814990234375e+02, 3.0814990234375e+02, 3.0814990234375e+02, 3.081500244140625e+02, 3.081500244140625e+02, 3.081499938964844e+02, 3.081500244140625e+02, 3.081500244140625e+02, 3.081499938964844e+02, 3.081500244140625e+02, 3.081500244140625e+02, 3.081498718261719e+02, 3.081498718261719e+02, 3.081498718261719e+02, 3.081498718261719e+02, 3.081498718261719e+02, 3.081498718261719e+02, 3.0814990234375e+02, 3.081499633789062e+02, 3.081500244140625e+02, 3.081498718261719e+02, 3.081499938964844e+02, 3.081500549316406e+02, 3.081499938964844e+02, 3.081499633789062e+02, 3.081499938964844e+02, 3.081499938964844e+02, 3.081499938964844e+02, 3.081499938964844e+02, 3.081499938964844e+02, 3.081499938964844e+02, 3.081497192382812e+02, 3.081500244140625e+02, 3.081500244140625e+02, 3.081499938964844e+02, 3.081500244140625e+02]
bui.terUni.T_aHeaWat_nominal=[3.131499938964844e+02, 3.131499938964844e+02]
bui.disFloHea.mReq_flow[1]=[0e+00, 2.016867324709892e-02, 2.091869339346886e-02, 2.234450541436672e-02, 2.142521180212498e-02, 0e+00, 0e+00, 0e+00, 0e+00, 0e+00, 0e+00, 1.015770062804222e-02, 1.100979559123516e-02, 1.234410423785448e-02, 1.462395768612624e-02, 1.40188978984952e-02, 1.656563580036163e-02, 1.775210164487362e-02, 1.647330261766911e-02, 0e+00, 0e+00, 0e+00, 0e+00, 0e+00, 0e+00, 6.302129942923784e-03, 6.453740876168013e-03, 8.949429728090763e-03, 9.769682772457607e-03, 1.056671887636185e-02, 1.005815248936415e-02, 8.047519251704216e-03, 9.601056575775146e-03, 0e+00, 0e+00, 0e+00, 0e+00, 0e+00, 0e+00, 0e+00, 4.00672247633338e-03, 6.120702251791945e-03, 7.681683637201786e-03, 8.646856993436813e-03, 1.029073540121317e-02, 1.163298357278109e-02, 1.446971949189901e-02, 1.340296678245068e-02, 0e+00, 0e+00, 0e+00, 0e+00, 0e+00, 0e+00, 7.490076124668121e-03, 8.496220223605633e-03, 9.089910425245791e-03, 1.04026459157467e-02, 1.151019893586636e-02, 1.460596919059753e-02, 1.57119557261467e-02, 1.600402779877186e-02, 0e+00, 0e+00, 0e+00, 0e+00, 0e+00, 0e+00, 7.829684764146822e-03, 9.260608814656722e-03, 1.026224344968796e-02, 1.135512348264456e-02, 1.23109882697463e-02, 1.34011609479785e-02, 1.398531440645456e-02, 1.517448015511036e-02, 0e+00, 0e+00, 0e+00, 0e+00, 0e+00, 0e+00, 7.501023355871453e-03, 9.157687425613403e-03, 1.085340976715088e-02, 8.239399641752243e-03, 1.02649824693799e-02, 1.073565427213907e-02, 1.349926274269819e-02, 1.29855228587985e-02, 0e+00, 0e+00, 0e+00, 0e+00, 0e+00, 0e+00, 8.742787875235081e-03, 1.102461200207472e-02, 1.244742143899202e-02, 1.286566071212292e-02, 1.364390552043915e-02]
bui.disFloHea.mAct_flow[1].y=[0e+00, 2.016867324709892e-02, 2.091869339346886e-02, 2.234450541436672e-02, 2.142521180212498e-02, 0e+00, 0e+00, 0e+00, 0e+00, 0e+00, 0e+00, 1.015770062804222e-02, 1.100979559123516e-02, 1.234410423785448e-02, 1.462395768612624e-02, 1.40188978984952e-02, 1.656563580036163e-02, 1.775210164487362e-02, 1.647330261766911e-02, 0e+00, 0e+00, 0e+00, 0e+00, 0e+00, 0e+00, 6.302129942923784e-03, 6.453740876168013e-03, 8.949429728090763e-03, 9.769682772457607e-03, 1.056671887636185e-02, 1.005815248936415e-02, 8.047519251704216e-03, 9.601056575775146e-03, 0e+00, 0e+00, 0e+00, 0e+00, 0e+00, 0e+00, 0e+00, 4.00672247633338e-03, 6.120702251791945e-03, 7.681683637201786e-03, 8.646856993436813e-03, 1.029073540121317e-02, 1.163298357278109e-02, 1.446971949189901e-02, 1.340296678245068e-02, 0e+00, 0e+00, 0e+00, 0e+00, 0e+00, 0e+00, 7.490076124668121e-03, 8.496220223605633e-03, 9.089910425245791e-03, 1.04026459157467e-02, 1.151019893586636e-02, 1.460596919059753e-02, 1.57119557261467e-02, 1.600402779877186e-02, 0e+00, 0e+00, 0e+00, 0e+00, 0e+00, 0e+00, 7.829684764146822e-03, 9.260608814656722e-03, 1.026224344968796e-02, 1.135512348264456e-02, 1.23109882697463e-02, 1.34011609479785e-02, 1.398531440645456e-02, 1.517448015511036e-02, 0e+00, 0e+00, 0e+00, 0e+00, 0e+00, 0e+00, 7.501023355871453e-03, 9.157687425613403e-03, 1.085340976715088e-02, 8.239399641752243e-03, 1.02649824693799e-02, 1.073565427213907e-02, 1.349926274269819e-02, 1.29855228587985e-02, 0e+00, 0e+00, 0e+00, 0e+00, 0e+00, 0e+00, 8.742787875235081e-03, 1.102461200207472e-02, 1.244742143899202e-02, 1.286566071212292e-02, 1.364390552043915e-02]
bui.disFloHea.m_flow_nominal=[4.780114814639091e-02, 4.780114814639091e-02]
supChiWat.T_in=[2.801499938964844e+02, 2.801499938964844e+02]
bui.disFloCoo.senTSup.T=[2.931499938964844e+02, 2.931499938964844e+02, 2.931499938964844e+02, 2.931499938964844e+02, 2.931499938964844e+02, 2.891484375e+02, 2.891500854492188e+02, 2.891505432128906e+02, 2.891499938964844e+02, 2.891506652832031e+02, 2.897851257324219e+02, 2.897851257324219e+02, 2.897851257324219e+02, 2.897851257324219e+02, 2.897851257324219e+02, 2.897851257324219e+02, 2.897851257324219e+02, 2.897851257324219e+02, 2.897851257324219e+02, 2.874926452636719e+02, 2.891500244140625e+02, 2.891501159667969e+02, 2.891499938964844e+02, 2.891500854492188e+02, 2.891502990722656e+02, 2.89150146484375e+02, 2.89150146484375e+02, 2.89150146484375e+02, 2.89150146484375e+02, 2.89150146484375e+02, 2.89150146484375e+02, 2.89150146484375e+02, 2.89150146484375e+02, 2.89150146484375e+02, 2.891499328613281e+02, 2.891501159667969e+02, 2.891500244140625e+02, 2.891500244140625e+02, 2.891501770019531e+02, 2.887947387695312e+02, 2.887947387695312e+02, 2.887947387695312e+02, 2.887947387695312e+02, 2.887947387695312e+02, 2.887947387695312e+02, 2.887947387695312e+02, 2.887947387695312e+02, 2.887947387695312e+02, 2.891495056152344e+02, 2.8914990234375e+02, 2.891500549316406e+02, 2.891500244140625e+02, 2.891500854492188e+02, 2.891492309570312e+02, 2.891492309570312e+02, 2.891492309570312e+02, 2.891492309570312e+02, 2.891492309570312e+02, 2.891492309570312e+02, 2.891492309570312e+02, 2.891492309570312e+02, 2.891492309570312e+02, 2.890562438964844e+02, 2.891498107910156e+02, 2.891501159667969e+02, 2.891499938964844e+02, 2.891500549316406e+02, 2.8914990234375e+02, 2.8914990234375e+02, 2.8914990234375e+02, 2.8914990234375e+02, 2.8914990234375e+02, 2.8914990234375e+02, 2.8914990234375e+02, 2.8914990234375e+02, 2.8914990234375e+02, 2.8914990234375e+02, 2.891500244140625e+02, 2.891501159667969e+02, 2.891499938964844e+02, 2.891500549316406e+02, 2.89162841796875e+02, 2.891221923828125e+02, 2.891221923828125e+02, 2.891221923828125e+02, 2.891221923828125e+02, 2.891221923828125e+02, 2.891221923828125e+02, 2.891221923828125e+02, 2.891221923828125e+02, 2.891221923828125e+02, 2.891221923828125e+02, 2.891495971679688e+02, 2.890075378417969e+02, 2.891498413085938e+02, 2.891501159667969e+02, 2.892038879394531e+02, 2.892038879394531e+02, 2.892038879394531e+02, 2.892038879394531e+02, 2.892038879394531e+02]
bui.terUni.T_aChiWat_nominal=[2.801499938964844e+02, 2.801499938964844e+02]
bui.disFloCoo.mReq_flow[1]=[0e+00, 0e+00, 0e+00, 0e+00, 0e+00, 6.069052964448929e-02, 7.446964830160141e-02, 2.330637723207471e-02, 2.064546011388302e-02, 1.690747961401939e-02, 0e+00, 0e+00, 0e+00, 0e+00, 0e+00, 0e+00, 0e+00, 0e+00, 0e+00, 1.270365342497826e-02, 9.567224979400635e-02, 4.823096469044685e-02, 3.254162520170212e-02, 2.556101977825165e-02, 1.998991938307881e-03, 0e+00, 0e+00, 0e+00, 0e+00, 0e+00, 0e+00, 0e+00, 0e+00, 0e+00, 8.132413774728786e-02, 6.01116269826889e-02, 3.919593617320061e-02, 3.846250101923943e-02, 1.837419718503952e-02, 0e+00, 0e+00, 0e+00, 0e+00, 0e+00, 0e+00, 0e+00, 0e+00, 0e+00, 3.628216311335564e-02, 3.215982764959335e-02, 3.566181659698486e-02, 3.30190397799015e-02, 1.943646371364594e-02, 0e+00, 0e+00, 0e+00, 0e+00, 0e+00, 0e+00, 0e+00, 0e+00, 0e+00, 2.740594744682312e-02, 5.280881002545357e-02, 3.602020069956779e-02, 2.287930436432362e-02, 2.219007350504398e-02, 0e+00, 0e+00, 0e+00, 0e+00, 0e+00, 0e+00, 0e+00, 0e+00, 0e+00, 0e+00, 8.137333393096924e-02, 3.185288235545158e-02, 2.737786993384361e-02, 2.2005844861269e-02, 2.258854685351144e-03, 0e+00, 0e+00, 0e+00, 0e+00, 0e+00, 0e+00, 0e+00, 0e+00, 0e+00, 0e+00, 2.531044185161591e-02, 1.333705056458712e-02, 2.530361898243427e-02, 1.647116988897324e-02, 0e+00, 0e+00, 0e+00, 0e+00, 0e+00]
bui.disFloCoo.mAct_flow[1].y=[0e+00, 0e+00, 0e+00, 0e+00, 0e+00, 6.069052964448929e-02, 7.446964830160141e-02, 2.330637723207471e-02, 2.064546011388302e-02, 1.690747961401939e-02, 0e+00, 0e+00, 0e+00, 0e+00, 0e+00, 0e+00, 0e+00, 0e+00, 0e+00, 1.270365342497826e-02, 9.567224979400635e-02, 4.823096469044685e-02, 3.254162520170212e-02, 2.556101977825165e-02, 1.998991938307881e-03, 0e+00, 0e+00, 0e+00, 0e+00, 0e+00, 0e+00, 0e+00, 0e+00, 0e+00, 8.132413774728786e-02, 6.01116269826889e-02, 3.919593617320061e-02, 3.846250101923943e-02, 1.837419718503952e-02, 0e+00, 0e+00, 0e+00, 0e+00, 0e+00, 0e+00, 0e+00, 0e+00, 0e+00, 3.628216311335564e-02, 3.215982764959335e-02, 3.566181659698486e-02, 3.30190397799015e-02, 1.943646371364594e-02, 0e+00, 0e+00, 0e+00, 0e+00, 0e+00, 0e+00, 0e+00, 0e+00, 0e+00, 2.740594744682312e-02, 5.280881002545357e-02, 3.602020069956779e-02, 2.287930436432362e-02, 2.219007350504398e-02, 0e+00, 0e+00, 0e+00, 0e+00, 0e+00, 0e+00, 0e+00, 0e+00, 0e+00, 0e+00, 8.137333393096924e-02, 3.185288235545158e-02, 2.737786993384361e-02, 2.2005844861269e-02, 2.258854685351144e-03, 0e+00, 0e+00, 0e+00, 0e+00, 0e+00, 0e+00, 0e+00, 0e+00, 0e+00, 0e+00, 2.531044185161591e-02, 1.333705056458712e-02, 2.530361898243427e-02, 1.647116988897324e-02, 0e+00, 0e+00, 0e+00, 0e+00, 0e+00]
bui.disFloCoo.m_flow_nominal=[2.390057295560837e-01, 2.390057295560837e-01]
