last-generated=2024-08-16
statistics-simulation=
{
  "linear": " ",
  "nonlinear": " ",
  "number of continuous time states": "6",
  "numerical Jacobians": "0"
}
time=[0e+00, 1.2e+03]
heaHigPow.mWat_flow=[0e+00, 1.397665764670819e-04, 1.818654127418995e-04, 1.945404801517725e-04, 1.983531255973503e-04, 1.995001221075654e-04, 1.99848465854302e-04, 1.999570231419057e-04, 1.999895321205258e-04, 1.999962551053613e-04, 1.999991800403222e-04, 1.999997039092705e-04, 1.999999803956598e-04, 2.000001404667273e-04, 2.000001259148121e-04, 2.000001986743882e-04, 2.000002423301339e-04, 2.000002277782187e-04, 2.000001550186425e-04, 2.000000968109816e-04, 2.000000822590664e-04, 2.000000677071512e-04, 2.000000386033207e-04, 2.000000240514055e-04, 2.000000094994903e-04, 2.000000094994903e-04, 2.000000094994903e-04, 1.99999994947575e-04, 1.99999994947575e-04, 1.99999994947575e-04, 1.99999994947575e-04, 1.99999994947575e-04, 1.99999994947575e-04, 1.99999994947575e-04, 1.99999994947575e-04, 1.99999994947575e-04, 1.99999994947575e-04, 1.99999994947575e-04, 1.99999994947575e-04, 1.99999994947575e-04, 1.99999994947575e-04, 1.99999994947575e-04, 4.637759120669216e-04, 8.384688990190625e-04, 9.513734257780015e-04, 9.853610536083579e-04, 9.955958230420947e-04, 9.986724471673369e-04, 9.995928267017007e-04, 9.998711757361889e-04, 9.999707108363509e-04, 9.999924805015326e-04, 9.99999581836164e-04, 1.000001910142601e-03, 1.000000862404704e-03, 1.000000047497451e-03, 1.000000280328095e-03, 1.000000047497451e-03, 9.999998146668077e-04, 9.99999581836164e-04, 9.99999581836164e-04, 9.999996982514858e-04, 9.999999310821295e-04, 9.999999310821295e-04, 1.000000047497451e-03, 1.000000047497451e-03, 1.000000047497451e-03, 5.054259672760963e-04, -1.970667071873353e-04, -4.087323031853873e-04, -4.725298495031893e-04, -4.917489131912589e-04, -4.975131014361978e-04, -4.992490285076201e-04, -4.997900105081499e-04, -4.999438533559442e-04, -4.999842494726181e-04, -5.000040400773287e-04, -5.00015274155885e-04, -5.000135861337185e-04, -5.000054952688515e-04, -5.000000819563866e-04, -4.999994416721165e-04, -5.000005476176739e-04, -4.200010152999312e-04, -3.000003343913704e-04, -1.800001482479274e-04, -6.000002395012416e-05, -0e+00, -0e+00, -0e+00, -0e+00, -0e+00, -0e+00, -0e+00, -0e+00, -0e+00, -0e+00, -0e+00, -0e+00, -0e+00]
cooLimPow.mWat_flow=[0e+00, -1.397665764670819e-04, -1.818654127418995e-04, -1.945404801517725e-04, -1.983531255973503e-04, -1.995001221075654e-04, -1.99848465854302e-04, -1.999570231419057e-04, -1.999895321205258e-04, -1.999962551053613e-04, -1.999991800403222e-04, -1.999997039092705e-04, -1.999999803956598e-04, -2.000001404667273e-04, -2.000001259148121e-04, -2.000001986743882e-04, -2.000002423301339e-04, -2.000002277782187e-04, -2.000001550186425e-04, -2.000000968109816e-04, -2.000000822590664e-04, -2.000000677071512e-04, -2.000000386033207e-04, -2.000000240514055e-04, -2.000000094994903e-04, -2.000000094994903e-04, -2.000000094994903e-04, -1.99999994947575e-04, -1.99999994947575e-04, -1.99999994947575e-04, -1.99999994947575e-04, -1.99999994947575e-04, -1.99999994947575e-04, -1.99999994947575e-04, -1.99999994947575e-04, -1.99999994947575e-04, -1.99999994947575e-04, -1.99999994947575e-04, -1.99999994947575e-04, -1.99999994947575e-04, -1.99999994947575e-04, -1.99999994947575e-04, -3.318879462312907e-04, -5.192344542592764e-04, -5.756866885349154e-04, -5.926805315539241e-04, -5.977979162707925e-04, -5.993362283334136e-04, -5.997964181005955e-04, -5.999355926178396e-04, -5.999809945933521e-04, -5.999936256557703e-04, -5.999996210448444e-04, -6.000020657666028e-04, -6.000008434057236e-04, -6.000000284984708e-04, -6.000002613291144e-04, -6.000000867061317e-04, -5.999997956678271e-04, -5.999996210448444e-04, -5.999996210448444e-04, -5.999997374601662e-04, -5.99999912083149e-04, -5.999999702908099e-04, -6.000000284984708e-04, -6.000000284984708e-04, -6.000000284984708e-04, -2.373123716097325e-04, 2.778489142656349e-04, 4.330703523010007e-04, 4.798552254214883e-04, 4.93949162773788e-04, 4.981762613169849e-04, 4.994493210688233e-04, 4.998460062779486e-04, 4.999588127247989e-04, 4.999884404242039e-04, 5.000029923394322e-04, 5.00011199619621e-04, 5.000099772587419e-04, 5.000040400773287e-04, 5.000000819563866e-04, 4.999995580874383e-04, 5.00000431202352e-04, 4.200007533654571e-04, 3.00000247079879e-04, 1.800001045921817e-04, 6.000001667416655e-05, 0e+00, 0e+00, 0e+00, 0e+00, 0e+00, 0e+00, 0e+00, 0e+00, 0e+00, 0e+00, 0e+00, 0e+00, 0e+00]
heaCooUnl.mWat_flow=[0e+00, 1.397665764670819e-04, 1.818654127418995e-04, 1.945404801517725e-04, 1.983531255973503e-04, 1.995001221075654e-04, 1.99848465854302e-04, 1.999570231419057e-04, 1.999895321205258e-04, 1.999962551053613e-04, 1.999991800403222e-04, 1.999997039092705e-04, 1.999999803956598e-04, 2.000001404667273e-04, 2.000001259148121e-04, 2.000001986743882e-04, 2.000002423301339e-04, 2.000002277782187e-04, 2.000001550186425e-04, 2.000000968109816e-04, 2.000000822590664e-04, 2.000000677071512e-04, 2.000000386033207e-04, 2.000000240514055e-04, 2.000000094994903e-04, 2.000000094994903e-04, 2.000000094994903e-04, 1.99999994947575e-04, 1.99999994947575e-04, 1.99999994947575e-04, 1.99999994947575e-04, 1.99999994947575e-04, 1.99999994947575e-04, 1.99999994947575e-04, 1.99999994947575e-04, 1.99999994947575e-04, 1.99999994947575e-04, 1.99999994947575e-04, 1.99999994947575e-04, 1.99999994947575e-04, 1.99999994947575e-04, 1.99999994947575e-04, 6.811204366385937e-05, -1.192344570881687e-04, -1.756867131916806e-04, -1.926805562106892e-04, -1.977979409275576e-04, -1.993362529901788e-04, -1.997964282054454e-04, -1.999356027226895e-04, -1.999810192501172e-04, -1.999936357606202e-04, -1.999996020458639e-04, -2.000020613195375e-04, -2.000008535105735e-04, -2.000000386033207e-04, -2.000002568820491e-04, -2.000000822590664e-04, -1.999997766688466e-04, -1.999996165977791e-04, -1.999996165977791e-04, -1.999997475650162e-04, -1.999999076360837e-04, -1.999999803956598e-04, -2.000000386033207e-04, -2.000000531552359e-04, -2.000000386033207e-04, -2.989148488268256e-04, -4.394133575260645e-04, -4.81746479636058e-04, -4.945059772580862e-04, -4.983497783541679e-04, -4.995026392862201e-04, -4.99849789775908e-04, -4.999579978175461e-04, -4.999887896701694e-04, -4.999968805350363e-04, -5.000008386559784e-04, -5.000030505470932e-04, -5.000027013011277e-04, -5.000010714866221e-04, -5.000000237487257e-04, -4.999999073334038e-04, -5.000001401640475e-04, -4.200002003926784e-04, -3.000000724568963e-04, -1.800000318326056e-04, -6.000000576023012e-05, -0e+00, -0e+00, -0e+00, -0e+00, -0e+00, -0e+00, -0e+00, -0e+00, -0e+00, -0e+00, -0e+00, -0e+00, -0e+00]
steSta.mWat_flow=[1.99999994947575e-04, 1.99999994947575e-04, 1.99999994947575e-04, 1.99999994947575e-04, 1.99999994947575e-04, 1.99999994947575e-04, 1.99999994947575e-04, 1.99999994947575e-04, 1.99999994947575e-04, 1.99999994947575e-04, 1.99999994947575e-04, 1.99999994947575e-04, 1.99999994947575e-04, 1.99999994947575e-04, 1.99999994947575e-04, 1.99999994947575e-04, 1.99999994947575e-04, 1.99999994947575e-04, 1.99999994947575e-04, 1.99999994947575e-04, 1.99999994947575e-04, 1.99999994947575e-04, 1.99999994947575e-04, 1.99999994947575e-04, 1.99999994947575e-04, 1.99999994947575e-04, 1.99999994947575e-04, 1.99999994947575e-04, 1.99999994947575e-04, 1.99999994947575e-04, 1.99999994947575e-04, 1.99999994947575e-04, 1.99999994947575e-04, 1.99999994947575e-04, 1.99999994947575e-04, 1.99999994947575e-04, 1.99999994947575e-04, 1.99999994947575e-04, 1.99999994947575e-04, 1.99999994947575e-04, 1.99999994947575e-04, 1.99999994947575e-04, -1.99999994947575e-04, -1.99999994947575e-04, -1.99999994947575e-04, -1.99999994947575e-04, -1.99999994947575e-04, -1.99999994947575e-04, -1.99999994947575e-04, -1.99999994947575e-04, -1.99999994947575e-04, -1.99999994947575e-04, -1.99999994947575e-04, -1.99999994947575e-04, -1.99999994947575e-04, -1.99999994947575e-04, -1.99999994947575e-04, -1.99999994947575e-04, -1.99999994947575e-04, -1.99999994947575e-04, -1.99999994947575e-04, -1.99999994947575e-04, -1.99999994947575e-04, -1.99999994947575e-04, -1.99999994947575e-04, -1.99999994947575e-04, -1.99999994947575e-04, -5.000000237487257e-04, -5.000000237487257e-04, -5.000000237487257e-04, -5.000000237487257e-04, -5.000000237487257e-04, -5.000000237487257e-04, -5.000000237487257e-04, -5.000000237487257e-04, -5.000000237487257e-04, -5.000000237487257e-04, -5.000000237487257e-04, -5.000000237487257e-04, -5.000000237487257e-04, -5.000000237487257e-04, -5.000000237487257e-04, -5.000000237487257e-04, -5.000000237487257e-04, -4.199999966658652e-04, -3.000000142492354e-04, -1.800000027287751e-04, -5.999999848427251e-05, -0e+00, -0e+00, -0e+00, -0e+00, -0e+00, -0e+00, -0e+00, -0e+00, -0e+00, -0e+00, -0e+00, -0e+00, -0e+00]
THeaHigPowIn.T=[2.931499938964844e+02, 2.931499938964844e+02, 2.931499938964844e+02, 2.931499938964844e+02, 2.931499938964844e+02, 2.931499938964844e+02, 2.931499938964844e+02, 2.931499938964844e+02, 2.931499938964844e+02, 2.931499938964844e+02, 2.931499938964844e+02, 2.931499938964844e+02, 2.931499938964844e+02, 2.931499938964844e+02, 2.931499938964844e+02, 2.931499938964844e+02, 2.931499938964844e+02, 2.931499938964844e+02, 2.931499938964844e+02, 2.931499938964844e+02, 2.931499938964844e+02, 2.931499938964844e+02, 2.931499938964844e+02, 2.931499938964844e+02, 2.931499938964844e+02, 2.931499938964844e+02, 2.931499938964844e+02, 2.931499938964844e+02, 2.931499938964844e+02, 2.931499938964844e+02, 2.931499938964844e+02, 2.931499938964844e+02, 2.931499938964844e+02, 2.931499938964844e+02, 2.931499938964844e+02, 2.931499938964844e+02, 2.931499938964844e+02, 2.931499938964844e+02, 2.931499938964844e+02, 2.931499938964844e+02, 2.931499938964844e+02, 2.931499938964844e+02, 2.931499938964844e+02, 2.931499938964844e+02, 2.931499938964844e+02, 2.931499938964844e+02, 2.931499938964844e+02, 2.931499938964844e+02, 2.931499938964844e+02, 2.931499938964844e+02, 2.931499938964844e+02, 2.931499938964844e+02, 2.931499938964844e+02, 2.931499938964844e+02, 2.931499938964844e+02, 2.931499938964844e+02, 2.931499938964844e+02, 2.931499938964844e+02, 2.931499938964844e+02, 2.931499938964844e+02, 2.931499938964844e+02, 2.931499938964844e+02, 2.931499938964844e+02, 2.931499938964844e+02, 2.931499938964844e+02, 2.931499938964844e+02, 2.931499938964844e+02, 2.931499938964844e+02, 2.931499938964844e+02, 2.931499938964844e+02, 2.931499938964844e+02, 2.931499938964844e+02, 2.931499938964844e+02, 2.931499938964844e+02, 2.931499938964844e+02, 2.931499938964844e+02, 2.931499938964844e+02, 2.931499938964844e+02, 2.931499938964844e+02, 2.931499938964844e+02, 2.931499938964844e+02, 2.931499938964844e+02, 2.931499938964844e+02, 2.931499938964844e+02, 2.931499938964844e+02, 2.931499938964844e+02, 2.931499938964844e+02, 2.931499938964844e+02, 2.931499938964844e+02, 2.931499938964844e+02, 2.931499938964844e+02, 2.931499938964844e+02, 2.931499938964844e+02, 2.931499938964844e+02, 2.931499938964844e+02, 2.931499938964844e+02, 2.931499938964844e+02, 2.931499938964844e+02, 2.931499938964844e+02, 2.931499938964844e+02, 2.931499938964844e+02]
THeaHigPowOut.T=[2.931499938964844e+02, 2.931499938964844e+02, 2.931499938964844e+02, 2.931499938964844e+02, 2.931499938964844e+02, 2.931499938964844e+02, 2.931499938964844e+02, 2.931499938964844e+02, 2.931499938964844e+02, 2.931499938964844e+02, 2.931499938964844e+02, 2.931499938964844e+02, 2.931499938964844e+02, 2.931499938964844e+02, 2.931499938964844e+02, 2.931499938964844e+02, 2.931499938964844e+02, 2.931499938964844e+02, 2.931499938964844e+02, 2.931499938964844e+02, 2.931499938964844e+02, 2.931499938964844e+02, 2.931499938964844e+02, 2.931499938964844e+02, 2.931499938964844e+02, 2.931499938964844e+02, 2.931499938964844e+02, 2.931499938964844e+02, 2.931499938964844e+02, 2.931499938964844e+02, 2.931499938964844e+02, 2.931499938964844e+02, 2.931499938964844e+02, 2.931499938964844e+02, 2.931499938964844e+02, 2.931499938964844e+02, 2.931499938964844e+02, 2.931499938964844e+02, 2.931499938964844e+02, 2.931499938964844e+02, 2.931499938964844e+02, 2.931499938964844e+02, 3.063388061523438e+02, 3.250734558105469e+02, 3.307186584472656e+02, 3.324180603027344e+02, 3.329297790527344e+02, 3.330836181640625e+02, 3.33129638671875e+02, 3.331435546875e+02, 3.331481018066406e+02, 3.331493530273438e+02, 3.331499633789062e+02, 3.331502075195312e+02, 3.331500854492188e+02, 3.331499938964844e+02, 3.331500244140625e+02, 3.331499938964844e+02, 3.331499633789062e+02, 3.331499633789062e+02, 3.331499633789062e+02, 3.331499633789062e+02, 3.331499938964844e+02, 3.331499938964844e+02, 3.331499938964844e+02, 3.331499938964844e+02, 3.331499938964844e+02, 3.166642150878906e+02, 2.932477722167968e+02, 2.861922607421876e+02, 2.84065673828125e+02, 2.83425048828125e+02, 2.8323291015625e+02, 2.831750183105469e+02, 2.831570129394531e+02, 2.831518859863281e+02, 2.831505126953125e+02, 2.831498718261719e+02, 2.831495056152344e+02, 2.831495361328125e+02, 2.831498107910156e+02, 2.831499938964844e+02, 2.831500244140625e+02, 2.831499938964844e+02, 2.831499633789062e+02, 2.831499938964844e+02, 2.831499938964844e+02, 2.831499938964844e+02, 2.931499938964844e+02, 2.931499938964844e+02, 2.931499938964844e+02, 2.931499938964844e+02, 2.931499938964844e+02, 2.931499938964844e+02, 2.931499938964844e+02, 2.931499938964844e+02, 2.931499938964844e+02, 2.931499938964844e+02, 2.931499938964844e+02, 2.931499938964844e+02, 2.931499938964844e+02]
TCooLimPowIn.T=[2.931499938964844e+02, 2.931499938964844e+02, 2.931499938964844e+02, 2.931499938964844e+02, 2.931499938964844e+02, 2.931499938964844e+02, 2.931499938964844e+02, 2.931499938964844e+02, 2.931499938964844e+02, 2.931499938964844e+02, 2.931499938964844e+02, 2.931499938964844e+02, 2.931499938964844e+02, 2.931499938964844e+02, 2.931499938964844e+02, 2.931499938964844e+02, 2.931499938964844e+02, 2.931499938964844e+02, 2.931499938964844e+02, 2.931499938964844e+02, 2.931499938964844e+02, 2.931499938964844e+02, 2.931499938964844e+02, 2.931499938964844e+02, 2.931499938964844e+02, 2.931499938964844e+02, 2.931499938964844e+02, 2.931499938964844e+02, 2.931499938964844e+02, 2.931499938964844e+02, 2.931499938964844e+02, 2.931499938964844e+02, 2.931499938964844e+02, 2.931499938964844e+02, 2.931499938964844e+02, 2.931499938964844e+02, 2.931499938964844e+02, 2.931499938964844e+02, 2.931499938964844e+02, 2.931499938964844e+02, 2.931499938964844e+02, 2.931499938964844e+02, 2.931499938964844e+02, 2.931499938964844e+02, 2.931499938964844e+02, 2.931499938964844e+02, 2.931499938964844e+02, 2.931499938964844e+02, 2.931499938964844e+02, 2.931499938964844e+02, 2.931499938964844e+02, 2.931499938964844e+02, 2.931499938964844e+02, 2.931499938964844e+02, 2.931499938964844e+02, 2.931499938964844e+02, 2.931499938964844e+02, 2.931499938964844e+02, 2.931499938964844e+02, 2.931499938964844e+02, 2.931499938964844e+02, 2.931499938964844e+02, 2.931499938964844e+02, 2.931499938964844e+02, 2.931499938964844e+02, 2.931499938964844e+02, 2.931499938964844e+02, 2.931499938964844e+02, 2.931499938964844e+02, 2.931499938964844e+02, 2.931499938964844e+02, 2.931499938964844e+02, 2.931499938964844e+02, 2.931499938964844e+02, 2.931499938964844e+02, 2.931499938964844e+02, 2.931499938964844e+02, 2.931499938964844e+02, 2.931499938964844e+02, 2.931499938964844e+02, 2.931499938964844e+02, 2.931499938964844e+02, 2.931499938964844e+02, 2.931499938964844e+02, 2.931499938964844e+02, 2.931499938964844e+02, 2.931499938964844e+02, 2.931499938964844e+02, 2.931499938964844e+02, 2.931499938964844e+02, 2.931499938964844e+02, 2.931499938964844e+02, 2.931499938964844e+02, 2.931499938964844e+02, 2.931499938964844e+02, 2.931499938964844e+02, 2.931499938964844e+02, 2.931499938964844e+02, 2.931499938964844e+02, 2.931499938964844e+02, 2.931499938964844e+02]
TCooLimPowOut.T=[2.931499938964844e+02, 2.931499938964844e+02, 2.931499938964844e+02, 2.931499938964844e+02, 2.931499938964844e+02, 2.931499938964844e+02, 2.931499938964844e+02, 2.931499938964844e+02, 2.931499938964844e+02, 2.931499938964844e+02, 2.931499938964844e+02, 2.931499938964844e+02, 2.931499938964844e+02, 2.931499938964844e+02, 2.931499938964844e+02, 2.931499938964844e+02, 2.931499938964844e+02, 2.931499938964844e+02, 2.931499938964844e+02, 2.931499938964844e+02, 2.931499938964844e+02, 2.931499938964844e+02, 2.931499938964844e+02, 2.931499938964844e+02, 2.931499938964844e+02, 2.931499938964844e+02, 2.931499938964844e+02, 2.931499938964844e+02, 2.931499938964844e+02, 2.931499938964844e+02, 2.931499938964844e+02, 2.931499938964844e+02, 2.931499938964844e+02, 2.931499938964844e+02, 2.931499938964844e+02, 2.931499938964844e+02, 2.931499938964844e+02, 2.931499938964844e+02, 2.931499938964844e+02, 2.931499938964844e+02, 2.931499938964844e+02, 2.931499938964844e+02, 2.915262451171875e+02, 2.961940612792969e+02, 2.976034851074219e+02, 2.980280151367188e+02, 2.981558837890625e+02, 2.981943359375e+02, 2.982058410644531e+02, 2.982092895507812e+02, 2.9821044921875e+02, 2.982107543945312e+02, 2.982109069824219e+02, 2.982109680175781e+02, 2.982109375e+02, 2.982109069824219e+02, 2.982109069824219e+02, 2.982109069824219e+02, 2.982109069824219e+02, 2.982109069824219e+02, 2.982109069824219e+02, 2.982109069824219e+02, 2.982109069824219e+02, 2.982109069824219e+02, 2.982109069824219e+02, 2.982109069824219e+02, 2.982109069824219e+02, 3.029872131347656e+02, 3.240620117187501e+02, 3.304119567871093e+02, 3.323258972167969e+02, 3.329024658203125e+02, 3.330753784179688e+02, 3.331274719238281e+02, 3.331437072753906e+02, 3.331483154296875e+02, 3.331495361328125e+02, 3.331501159667969e+02, 3.331504516601562e+02, 3.331504211425781e+02, 3.331501770019531e+02, 3.331499938964844e+02, 3.331499938964844e+02, 3.331500244140625e+02, 3.331500244140625e+02, 3.331500244140625e+02, 3.331500244140625e+02, 3.331499938964844e+02, 2.931499938964844e+02, 2.931499938964844e+02, 2.931499938964844e+02, 2.931499938964844e+02, 2.931499938964844e+02, 2.931499938964844e+02, 2.931499938964844e+02, 2.931499938964844e+02, 2.931499938964844e+02, 2.931499938964844e+02, 2.931499938964844e+02, 2.931499938964844e+02, 2.931499938964844e+02]
THeaCooUnlIn.T=[2.931499938964844e+02, 2.931499938964844e+02, 2.931499938964844e+02, 2.931499938964844e+02, 2.931499938964844e+02, 2.931499938964844e+02, 2.931499938964844e+02, 2.931499938964844e+02, 2.931499938964844e+02, 2.931499938964844e+02, 2.931499938964844e+02, 2.931499938964844e+02, 2.931499938964844e+02, 2.931499938964844e+02, 2.931499938964844e+02, 2.931499938964844e+02, 2.931499938964844e+02, 2.931499938964844e+02, 2.931499938964844e+02, 2.931499938964844e+02, 2.931499938964844e+02, 2.931499938964844e+02, 2.931499938964844e+02, 2.931499938964844e+02, 2.931499938964844e+02, 2.931499938964844e+02, 2.931499938964844e+02, 2.931499938964844e+02, 2.931499938964844e+02, 2.931499938964844e+02, 2.931499938964844e+02, 2.931499938964844e+02, 2.931499938964844e+02, 2.931499938964844e+02, 2.931499938964844e+02, 2.931499938964844e+02, 2.931499938964844e+02, 2.931499938964844e+02, 2.931499938964844e+02, 2.931499938964844e+02, 2.931499938964844e+02, 2.931499938964844e+02, 2.931499938964844e+02, 2.931499938964844e+02, 2.931499938964844e+02, 2.931499938964844e+02, 2.931499938964844e+02, 2.931499938964844e+02, 2.931499938964844e+02, 2.931499938964844e+02, 2.931499938964844e+02, 2.931499938964844e+02, 2.931499938964844e+02, 2.931499938964844e+02, 2.931499938964844e+02, 2.931499938964844e+02, 2.931499938964844e+02, 2.931499938964844e+02, 2.931499938964844e+02, 2.931499938964844e+02, 2.931499938964844e+02, 2.931499938964844e+02, 2.931499938964844e+02, 2.931499938964844e+02, 2.931499938964844e+02, 2.931499938964844e+02, 2.931499938964844e+02, 2.931499938964844e+02, 2.931499938964844e+02, 2.931499938964844e+02, 2.931499938964844e+02, 2.931499938964844e+02, 2.931499938964844e+02, 2.931499938964844e+02, 2.931499938964844e+02, 2.931499938964844e+02, 2.931499938964844e+02, 2.931499938964844e+02, 2.931499938964844e+02, 2.931499938964844e+02, 2.931499938964844e+02, 2.931499938964844e+02, 2.931499938964844e+02, 2.931499938964844e+02, 2.931499938964844e+02, 2.931499938964844e+02, 2.931499938964844e+02, 2.931499938964844e+02, 2.931499938964844e+02, 2.931499938964844e+02, 2.931499938964844e+02, 2.931499938964844e+02, 2.931499938964844e+02, 2.931499938964844e+02, 2.931499938964844e+02, 2.931499938964844e+02, 2.931499938964844e+02, 2.931499938964844e+02, 2.931499938964844e+02, 2.931499938964844e+02, 2.931499938964844e+02]
THeaCooUnlOut.T=[2.931499938964844e+02, 2.931499938964844e+02, 2.931499938964844e+02, 2.931499938964844e+02, 2.931499938964844e+02, 2.931499938964844e+02, 2.931499938964844e+02, 2.931499938964844e+02, 2.931499938964844e+02, 2.931499938964844e+02, 2.931499938964844e+02, 2.931499938964844e+02, 2.931499938964844e+02, 2.931499938964844e+02, 2.931499938964844e+02, 2.931499938964844e+02, 2.931499938964844e+02, 2.931499938964844e+02, 2.931499938964844e+02, 2.931499938964844e+02, 2.931499938964844e+02, 2.931499938964844e+02, 2.931499938964844e+02, 2.931499938964844e+02, 2.931499938964844e+02, 2.931499938964844e+02, 2.931499938964844e+02, 2.931499938964844e+02, 2.931499938964844e+02, 2.931499938964844e+02, 2.931499938964844e+02, 2.931499938964844e+02, 2.931499938964844e+02, 2.931499938964844e+02, 2.931499938964844e+02, 2.931499938964844e+02, 2.931499938964844e+02, 2.931499938964844e+02, 2.931499938964844e+02, 2.931499938964844e+02, 2.931499938964844e+02, 2.931499938964844e+02, 2.915014038085938e+02, 2.891595764160156e+02, 2.884539184570312e+02, 2.882414855957031e+02, 2.881775207519531e+02, 2.881582946777344e+02, 2.881525573730469e+02, 2.881508178710938e+02, 2.881502380371094e+02, 2.881500854492188e+02, 2.881499938964844e+02, 2.881499633789062e+02, 2.881499938964844e+02, 2.881499938964844e+02, 2.881499938964844e+02, 2.881499938964844e+02, 2.881499938964844e+02, 2.881499938964844e+02, 2.881499938964844e+02, 2.881499938964844e+02, 2.881499938964844e+02, 2.881499938964844e+02, 2.881499938964844e+02, 2.881499938964844e+02, 2.881499938964844e+02, 2.865014343261719e+02, 2.841597900390625e+02, 2.834542236328125e+02, 2.832415771484375e+02, 2.83177490234375e+02, 2.831582946777344e+02, 2.831524963378906e+02, 2.831506958007812e+02, 2.831501770019531e+02, 2.831500549316406e+02, 2.831499938964844e+02, 2.831499633789062e+02, 2.831499633789062e+02, 2.831499938964844e+02, 2.831499938964844e+02, 2.831499938964844e+02, 2.831499938964844e+02, 2.831499938964844e+02, 2.831499938964844e+02, 2.831499938964844e+02, 2.831499938964844e+02, 2.931499938964844e+02, 2.931499938964844e+02, 2.931499938964844e+02, 2.931499938964844e+02, 2.931499938964844e+02, 2.931499938964844e+02, 2.931499938964844e+02, 2.931499938964844e+02, 2.931499938964844e+02, 2.931499938964844e+02, 2.931499938964844e+02, 2.931499938964844e+02, 2.931499938964844e+02]
heaCooUnl.TSet=[2.931499938964844e+02, 2.931499938964844e+02, 2.931499938964844e+02, 2.931499938964844e+02, 2.931499938964844e+02, 2.931499938964844e+02, 2.931499938964844e+02, 2.931499938964844e+02, 2.931499938964844e+02, 2.931499938964844e+02, 2.931499938964844e+02, 2.931499938964844e+02, 2.931499938964844e+02, 2.931499938964844e+02, 2.931499938964844e+02, 2.931499938964844e+02, 2.931499938964844e+02, 2.931499938964844e+02, 2.931499938964844e+02, 2.931499938964844e+02, 2.931499938964844e+02, 2.931499938964844e+02, 2.931499938964844e+02, 2.931499938964844e+02, 2.931499938964844e+02, 2.931499938964844e+02, 2.931499938964844e+02, 2.931499938964844e+02, 2.931499938964844e+02, 2.931499938964844e+02, 2.931499938964844e+02, 2.931499938964844e+02, 2.931499938964844e+02, 2.931499938964844e+02, 2.931499938964844e+02, 2.931499938964844e+02, 2.931499938964844e+02, 2.931499938964844e+02, 2.931499938964844e+02, 2.931499938964844e+02, 2.931499938964844e+02, 2.931499938964844e+02, 2.881499938964844e+02, 2.881499938964844e+02, 2.881499938964844e+02, 2.881499938964844e+02, 2.881499938964844e+02, 2.881499938964844e+02, 2.881499938964844e+02, 2.881499938964844e+02, 2.881499938964844e+02, 2.881499938964844e+02, 2.881499938964844e+02, 2.881499938964844e+02, 2.881499938964844e+02, 2.881499938964844e+02, 2.881499938964844e+02, 2.881499938964844e+02, 2.881499938964844e+02, 2.881499938964844e+02, 2.881499938964844e+02, 2.881499938964844e+02, 2.881499938964844e+02, 2.881499938964844e+02, 2.881499938964844e+02, 2.881499938964844e+02, 2.881499938964844e+02, 2.831499938964844e+02, 2.831499938964844e+02, 2.831499938964844e+02, 2.831499938964844e+02, 2.831499938964844e+02, 2.831499938964844e+02, 2.831499938964844e+02, 2.831499938964844e+02, 2.831499938964844e+02, 2.831499938964844e+02, 2.831499938964844e+02, 2.831499938964844e+02, 2.831499938964844e+02, 2.831499938964844e+02, 2.831499938964844e+02, 2.831499938964844e+02, 2.831499938964844e+02, 2.831499938964844e+02, 2.831499938964844e+02, 2.831499938964844e+02, 2.831499938964844e+02, 2.831499938964844e+02, 2.831499938964844e+02, 2.831499938964844e+02, 2.831499938964844e+02, 2.831499938964844e+02, 2.831499938964844e+02, 2.831499938964844e+02, 2.831499938964844e+02, 2.831499938964844e+02, 2.831499938964844e+02, 2.831499938964844e+02, 2.831499938964844e+02, 2.831499938964844e+02]
TSteStaIn.T=[2.931499938964844e+02, 2.931499938964844e+02, 2.931499938964844e+02, 2.931499938964844e+02, 2.931499938964844e+02, 2.931499938964844e+02, 2.931499938964844e+02, 2.931499938964844e+02, 2.931499938964844e+02, 2.931499938964844e+02, 2.931499938964844e+02, 2.931499938964844e+02, 2.931499938964844e+02, 2.931499938964844e+02, 2.931499938964844e+02, 2.931499938964844e+02, 2.931499938964844e+02, 2.931499938964844e+02, 2.931499938964844e+02, 2.931499938964844e+02, 2.931499938964844e+02, 2.931499938964844e+02, 2.931499938964844e+02, 2.931499938964844e+02, 2.931499938964844e+02, 2.931499938964844e+02, 2.931499938964844e+02, 2.931499938964844e+02, 2.931499938964844e+02, 2.931499938964844e+02, 2.931499938964844e+02, 2.931499938964844e+02, 2.931499938964844e+02, 2.931499938964844e+02, 2.931499938964844e+02, 2.931499938964844e+02, 2.931499938964844e+02, 2.931499938964844e+02, 2.931499938964844e+02, 2.931499938964844e+02, 2.931499938964844e+02, 2.931499938964844e+02, 2.931499938964844e+02, 2.931499938964844e+02, 2.931499938964844e+02, 2.931499938964844e+02, 2.931499938964844e+02, 2.931499938964844e+02, 2.931499938964844e+02, 2.931499938964844e+02, 2.931499938964844e+02, 2.931499938964844e+02, 2.931499938964844e+02, 2.931499938964844e+02, 2.931499938964844e+02, 2.931499938964844e+02, 2.931499938964844e+02, 2.931499938964844e+02, 2.931499938964844e+02, 2.931499938964844e+02, 2.931499938964844e+02, 2.931499938964844e+02, 2.931499938964844e+02, 2.931499938964844e+02, 2.931499938964844e+02, 2.931499938964844e+02, 2.931499938964844e+02, 2.931499938964844e+02, 2.931499938964844e+02, 2.931499938964844e+02, 2.931499938964844e+02, 2.931499938964844e+02, 2.931499938964844e+02, 2.931499938964844e+02, 2.931499938964844e+02, 2.931499938964844e+02, 2.931499938964844e+02, 2.931499938964844e+02, 2.931499938964844e+02, 2.931499938964844e+02, 2.931499938964844e+02, 2.931499938964844e+02, 2.931499938964844e+02, 2.931499938964844e+02, 2.931499938964844e+02, 2.931499938964844e+02, 2.931499938964844e+02, 2.931499938964844e+02, 2.931499938964844e+02, 2.931499938964844e+02, 2.931499938964844e+02, 2.931499938964844e+02, 2.931499938964844e+02, 2.931499938964844e+02, 2.931499938964844e+02, 2.931499938964844e+02, 2.931499938964844e+02, 2.931499938964844e+02, 2.931499938964844e+02, 2.931499938964844e+02, 2.931499938964844e+02]
TSteStaOut.T=[2.931499938964844e+02, 2.931499938964844e+02, 2.931499938964844e+02, 2.931499938964844e+02, 2.931499938964844e+02, 2.931499938964844e+02, 2.931499938964844e+02, 2.931499938964844e+02, 2.931499938964844e+02, 2.931499938964844e+02, 2.931499938964844e+02, 2.931499938964844e+02, 2.931499938964844e+02, 2.931499938964844e+02, 2.931499938964844e+02, 2.931499938964844e+02, 2.931499938964844e+02, 2.931499938964844e+02, 2.931499938964844e+02, 2.931499938964844e+02, 2.931499938964844e+02, 2.931499938964844e+02, 2.931499938964844e+02, 2.931499938964844e+02, 2.931499938964844e+02, 2.931499938964844e+02, 2.931499938964844e+02, 2.931499938964844e+02, 2.931499938964844e+02, 2.931499938964844e+02, 2.931499938964844e+02, 2.931499938964844e+02, 2.931499938964844e+02, 2.931499938964844e+02, 2.931499938964844e+02, 2.931499938964844e+02, 2.931499938964844e+02, 2.931499938964844e+02, 2.931499938964844e+02, 2.931499938964844e+02, 2.931499938964844e+02, 2.931499938964844e+02, 2.881499938964844e+02, 2.881499938964844e+02, 2.881499938964844e+02, 2.881499938964844e+02, 2.881499938964844e+02, 2.881499938964844e+02, 2.881499938964844e+02, 2.881499938964844e+02, 2.881499938964844e+02, 2.881499938964844e+02, 2.881499938964844e+02, 2.881499938964844e+02, 2.881499938964844e+02, 2.881499938964844e+02, 2.881499938964844e+02, 2.881499938964844e+02, 2.881499938964844e+02, 2.881499938964844e+02, 2.881499938964844e+02, 2.881499938964844e+02, 2.881499938964844e+02, 2.881499938964844e+02, 2.881499938964844e+02, 2.881499938964844e+02, 2.881499938964844e+02, 2.831499938964844e+02, 2.831499938964844e+02, 2.831499938964844e+02, 2.831499938964844e+02, 2.831499938964844e+02, 2.831499938964844e+02, 2.831499938964844e+02, 2.831499938964844e+02, 2.831499938964844e+02, 2.831499938964844e+02, 2.831499938964844e+02, 2.831499938964844e+02, 2.831499938964844e+02, 2.831499938964844e+02, 2.831499938964844e+02, 2.831499938964844e+02, 2.831499938964844e+02, 2.831499938964844e+02, 2.831499938964844e+02, 2.831499938964844e+02, 2.831499938964844e+02, 2.931499938964844e+02, 2.931499938964844e+02, 2.931499938964844e+02, 2.931499938964844e+02, 2.931499938964844e+02, 2.931499938964844e+02, 2.931499938964844e+02, 2.931499938964844e+02, 2.931499938964844e+02, 2.931499938964844e+02, 2.931499938964844e+02, 2.931499938964844e+02, 2.931499938964844e+02]
heaHigPow.Q_flow=[0e+00, 3.519454650878906e+02, 4.579543151855469e+02, 4.898713073730469e+02, 4.99471923828125e+02, 5.023601379394531e+02, 5.032373046875e+02, 5.035106811523438e+02, 5.03592529296875e+02, 5.036094665527344e+02, 5.036168212890625e+02, 5.036181640625e+02, 5.036188659667969e+02, 5.036192626953125e+02, 5.036192321777344e+02, 5.03619384765625e+02, 5.036195068359375e+02, 5.036194763183594e+02, 5.036192932128906e+02, 5.03619140625e+02, 5.036191101074219e+02, 5.036190795898438e+02, 5.036190185546875e+02, 5.036189575195312e+02, 5.036189270019531e+02, 5.036189270019531e+02, 5.03618896484375e+02, 5.03618896484375e+02, 5.03618896484375e+02, 5.03618896484375e+02, 5.03618896484375e+02, 5.03618896484375e+02, 5.03618896484375e+02, 5.03618896484375e+02, 5.03618896484375e+02, 5.03618896484375e+02, 5.03618896484375e+02, 5.03618896484375e+02, 5.03618896484375e+02, 5.03618896484375e+02, 5.03618896484375e+02, 5.03618896484375e+02, 2.511111328125e+03, 5.3729638671875e+03, 6.23766357421875e+03, 6.498177734375e+03, 6.57664599609375e+03, 6.60023583984375e+03, 6.60729248046875e+03, 6.60942724609375e+03, 6.6101455078125e+03, 6.610330078125e+03, 6.6104091796875e+03, 6.6104404296875e+03, 6.61042529296875e+03, 6.6104150390625e+03, 6.61041796875e+03, 6.61041552734375e+03, 6.61041162109375e+03, 6.61040966796875e+03, 6.61040966796875e+03, 6.6104111328125e+03, 6.6104130859375e+03, 6.61041455078125e+03, 6.6104150390625e+03, 6.6104150390625e+03, 6.6104150390625e+03, 3.668469482421875e+03, -4.863292236328305e+02, -1.732688842773431e+03, -2.107850341796875e+03, -2.220822509765625e+03, -2.254701171875e+03, -2.26490380859375e+03, -2.268083251953125e+03, -2.2689873046875e+03, -2.269224853515625e+03, -2.269341064453125e+03, -2.269406982421875e+03, -2.269397216796875e+03, -2.269349609375e+03, -2.269317626953125e+03, -2.269313720703125e+03, -2.269320556640625e+03, -1.906232421875e+03, -1.361592407226562e+03, -8.169550170898438e+02, -2.723182067871094e+02, -0e+00, -0e+00, -0e+00, -0e+00, -0e+00, -0e+00, -0e+00, -0e+00, -0e+00, -0e+00, -0e+00, -0e+00, -0e+00]
cooLimPow.Q_flow=[0e+00, -3.519454650878906e+02, -4.579543151855469e+02, -4.898713073730469e+02, -4.99471923828125e+02, -5.023601379394531e+02, -5.032373046875e+02, -5.035106811523438e+02, -5.03592529296875e+02, -5.036094665527344e+02, -5.036168212890625e+02, -5.036181640625e+02, -5.036188659667969e+02, -5.036192626953125e+02, -5.036192321777344e+02, -5.03619384765625e+02, -5.036195068359375e+02, -5.036194763183594e+02, -5.036192932128906e+02, -5.03619140625e+02, -5.036191101074219e+02, -5.036190795898438e+02, -5.036190185546875e+02, -5.036189575195312e+02, -5.036189270019531e+02, -5.036189270019531e+02, -5.03618896484375e+02, -5.03618896484375e+02, -5.03618896484375e+02, -5.03618896484375e+02, -5.03618896484375e+02, -5.03618896484375e+02, -5.03618896484375e+02, -5.03618896484375e+02, -5.03618896484375e+02, -5.03618896484375e+02, -5.03618896484375e+02, -5.03618896484375e+02, -5.03618896484375e+02, -5.03618896484375e+02, -5.03618896484375e+02, -5.03618896484375e+02, -1e+03, -1e+03, -1e+03, -1e+03, -1e+03, -1e+03, -1e+03, -1e+03, -1e+03, -1e+03, -1e+03, -1e+03, -1e+03, -1e+03, -1e+03, -1e+03, -1e+03, -1e+03, -1e+03, -1e+03, -1e+03, -1e+03, -1e+03, -1e+03, -1e+03, 3.984569396972656e+02, 3.84313110351564e+03, 4.884668945312495e+03, 5.19892626953125e+03, 5.29362646484375e+03, 5.32203173828125e+03, 5.33058642578125e+03, 5.33325244140625e+03, 5.3340107421875e+03, 5.3342099609375e+03, 5.33430712890625e+03, 5.3343623046875e+03, 5.3343544921875e+03, 5.334314453125e+03, 5.33428759765625e+03, 5.3342841796875e+03, 5.3342900390625e+03, 4.48080615234375e+03, 3.200573974609375e+03, 1.920344116210938e+03, 6.401145629882812e+02, 0e+00, 0e+00, 0e+00, 0e+00, 0e+00, 0e+00, 0e+00, 0e+00, 0e+00, 0e+00, 0e+00, 0e+00, 0e+00]
heaCooUnl.Q_flow=[0e+00, 3.519454650878906e+02, 4.579543151855469e+02, 4.898713073730469e+02, 4.99471923828125e+02, 5.023601379394531e+02, 5.032373046875e+02, 5.035106811523438e+02, 5.03592529296875e+02, 5.036094665527344e+02, 5.036168212890625e+02, 5.036181640625e+02, 5.036188659667969e+02, 5.036192626953125e+02, 5.036192321777344e+02, 5.03619384765625e+02, 5.036195068359375e+02, 5.036194763183594e+02, 5.036192932128906e+02, 5.03619140625e+02, 5.036191101074219e+02, 5.036190795898438e+02, 5.036190185546875e+02, 5.036189575195312e+02, 5.036189270019531e+02, 5.036189270019531e+02, 5.03618896484375e+02, 5.03618896484375e+02, 5.03618896484375e+02, 5.03618896484375e+02, 5.03618896484375e+02, 5.03618896484375e+02, 5.03618896484375e+02, 5.03618896484375e+02, 5.03618896484375e+02, 5.03618896484375e+02, 5.03618896484375e+02, 5.03618896484375e+02, 5.03618896484375e+02, 5.03618896484375e+02, 5.03618896484375e+02, 5.03618896484375e+02, 4.159657001495361e+00, -7.046824340820312e+02, -9.18127685546875e+02, -9.823677978515625e+02, -1.001711364746094e+03, -1.007526000976562e+03, -1.009265441894531e+03, -1.00979150390625e+03, -1.009963134765625e+03, -1.010010864257812e+03, -1.010033386230469e+03, -1.010042724609375e+03, -1.010038146972656e+03, -1.010035034179688e+03, -1.010035888671875e+03, -1.010035217285156e+03, -1.010034057617188e+03, -1.010033447265625e+03, -1.010033447265625e+03, -1.010033935546875e+03, -1.010034545898438e+03, -1.010034851074219e+03, -1.010035034179688e+03, -1.010035095214844e+03, -1.010035034179688e+03, -1.425523803710938e+03, -2.015204711914065e+03, -2.192769287109374e+03, -2.246278564453125e+03, -2.262397216796875e+03, -2.2672314453125e+03, -2.2686875e+03, -2.26914111328125e+03, -2.269270263671875e+03, -2.269303955078125e+03, -2.269320556640625e+03, -2.269330078125e+03, -2.26932861328125e+03, -2.26932177734375e+03, -2.2693173828125e+03, -2.269316650390625e+03, -2.269317626953125e+03, -1.906227294921875e+03, -1.361590698242188e+03, -8.16954345703125e+02, -2.723180847167969e+02, -0e+00, -0e+00, -0e+00, -0e+00, -0e+00, -0e+00, -0e+00, -0e+00, -0e+00, -0e+00, -0e+00, -0e+00, -0e+00]
steSta.Q_flow=[5.03618896484375e+02, 5.03618896484375e+02, 5.03618896484375e+02, 5.03618896484375e+02, 5.03618896484375e+02, 5.03618896484375e+02, 5.03618896484375e+02, 5.03618896484375e+02, 5.03618896484375e+02, 5.03618896484375e+02, 5.03618896484375e+02, 5.03618896484375e+02, 5.03618896484375e+02, 5.03618896484375e+02, 5.03618896484375e+02, 5.03618896484375e+02, 5.03618896484375e+02, 5.03618896484375e+02, 5.03618896484375e+02, 5.03618896484375e+02, 5.03618896484375e+02, 5.03618896484375e+02, 5.03618896484375e+02, 5.03618896484375e+02, 5.03618896484375e+02, 5.03618896484375e+02, 5.03618896484375e+02, 5.03618896484375e+02, 5.03618896484375e+02, 5.03618896484375e+02, 5.03618896484375e+02, 5.03618896484375e+02, 5.03618896484375e+02, 5.03618896484375e+02, 5.03618896484375e+02, 5.03618896484375e+02, 5.03618896484375e+02, 5.03618896484375e+02, 5.03618896484375e+02, 5.03618896484375e+02, 5.03618896484375e+02, 5.03618896484375e+02, -1.010034912109375e+03, -1.010034912109375e+03, -1.010034912109375e+03, -1.010034912109375e+03, -1.010034912109375e+03, -1.010034912109375e+03, -1.010034912109375e+03, -1.010034912109375e+03, -1.010034912109375e+03, -1.010034912109375e+03, -1.010034912109375e+03, -1.010034912109375e+03, -1.010034912109375e+03, -1.010034912109375e+03, -1.010034912109375e+03, -1.010034912109375e+03, -1.010034912109375e+03, -1.010034912109375e+03, -1.010034912109375e+03, -1.010034912109375e+03, -1.010034912109375e+03, -1.010034912109375e+03, -1.010034912109375e+03, -1.010034912109375e+03, -1.010034912109375e+03, -2.269317138671875e+03, -2.269317138671875e+03, -2.269317138671875e+03, -2.269317138671875e+03, -2.269317138671875e+03, -2.269317138671875e+03, -2.269317138671875e+03, -2.269317138671875e+03, -2.269317138671875e+03, -2.269317138671875e+03, -2.269317138671875e+03, -2.269317138671875e+03, -2.269317138671875e+03, -2.269317138671875e+03, -2.269317138671875e+03, -2.269317138671875e+03, -2.269317138671875e+03, -1.906226440429688e+03, -1.36159033203125e+03, -8.169542236328125e+02, -2.723180847167969e+02, -0e+00, -0e+00, -0e+00, -0e+00, -0e+00, -0e+00, -0e+00, -0e+00, -0e+00, -0e+00, -0e+00, -0e+00, -0e+00]
setHeaHigPow.y[2]=[1.200000010430813e-02, 1.200000010430813e-02, 1.200000010430813e-02, 1.200000010430813e-02, 1.200000010430813e-02, 1.200000010430813e-02, 1.200000010430813e-02, 1.200000010430813e-02, 1.200000010430813e-02, 1.200000010430813e-02, 1.200000010430813e-02, 1.200000010430813e-02, 1.200000010430813e-02, 1.200000010430813e-02, 1.200000010430813e-02, 1.200000010430813e-02, 1.200000010430813e-02, 1.200000010430813e-02, 1.200000010430813e-02, 1.200000010430813e-02, 1.200000010430813e-02, 1.200000010430813e-02, 1.200000010430813e-02, 1.200000010430813e-02, 1.200000010430813e-02, 1.200000010430813e-02, 1.200000010430813e-02, 1.200000010430813e-02, 1.200000010430813e-02, 1.200000010430813e-02, 1.200000010430813e-02, 1.200000010430813e-02, 1.200000010430813e-02, 1.200000010430813e-02, 1.200000010430813e-02, 1.200000010430813e-02, 1.200000010430813e-02, 1.200000010430813e-02, 1.200000010430813e-02, 1.200000010430813e-02, 1.200000010430813e-02, 1.200000010430813e-02, 1.999999955296516e-02, 1.999999955296516e-02, 1.999999955296516e-02, 1.999999955296516e-02, 1.999999955296516e-02, 1.999999955296516e-02, 1.999999955296516e-02, 1.999999955296516e-02, 1.999999955296516e-02, 1.999999955296516e-02, 1.999999955296516e-02, 1.999999955296516e-02, 1.999999955296516e-02, 1.999999955296516e-02, 1.999999955296516e-02, 1.999999955296516e-02, 1.999999955296516e-02, 1.999999955296516e-02, 1.999999955296516e-02, 1.999999955296516e-02, 1.999999955296516e-02, 1.999999955296516e-02, 1.999999955296516e-02, 1.999999955296516e-02, 1.999999955296516e-02, 4.999999888241291e-03, 4.999999888241291e-03, 4.999999888241291e-03, 4.999999888241291e-03, 4.999999888241291e-03, 4.999999888241291e-03, 4.999999888241291e-03, 4.999999888241291e-03, 4.999999888241291e-03, 4.999999888241291e-03, 4.999999888241291e-03, 4.999999888241291e-03, 4.999999888241291e-03, 4.999999888241291e-03, 4.999999888241291e-03, 4.999999888241291e-03, 4.999999888241291e-03, 4.999999888241291e-03, 4.999999888241291e-03, 4.999999888241291e-03, 4.999999888241291e-03, 4.999999888241291e-03, 4.999999888241291e-03, 4.999999888241291e-03, 4.999999888241291e-03, 4.999999888241291e-03, 4.999999888241291e-03, 4.999999888241291e-03, 4.999999888241291e-03, 4.999999888241291e-03, 4.999999888241291e-03, 4.999999888241291e-03, 4.999999888241291e-03, 4.999999888241291e-03]
heaHigPow.port_b.Xi_outflow[1]=[9.999999776482582e-03, 1.139766536653042e-02, 1.181865390390158e-02, 1.194540504366159e-02, 1.19835315272212e-02, 1.199500076472759e-02, 1.199848484247923e-02, 1.199956983327866e-02, 1.19998948648572e-02, 1.199996285140514e-02, 1.199999172240496e-02, 1.19999973103404e-02, 1.200000010430813e-02, 1.20000010356307e-02, 1.20000010356307e-02, 1.200000196695328e-02, 1.200000196695328e-02, 1.200000196695328e-02, 1.200000196695328e-02, 1.20000010356307e-02, 1.20000010356307e-02, 1.20000010356307e-02, 1.200000010430813e-02, 1.200000010430813e-02, 1.200000010430813e-02, 1.200000010430813e-02, 1.200000010430813e-02, 1.200000010430813e-02, 1.200000010430813e-02, 1.200000010430813e-02, 1.200000010430813e-02, 1.200000010430813e-02, 1.200000010430813e-02, 1.200000010430813e-02, 1.200000010430813e-02, 1.200000010430813e-02, 1.200000010430813e-02, 1.200000010430813e-02, 1.200000010430813e-02, 1.200000010430813e-02, 1.200000010430813e-02, 1.200000010430813e-02, 1.463775895535946e-02, 1.838468946516514e-02, 1.951373368501663e-02, 1.98536105453968e-02, 1.995595917105675e-02, 1.99867244809866e-02, 1.999592781066895e-02, 1.999871246516705e-02, 1.999970711767673e-02, 1.999992504715919e-02, 1.999999582767487e-02, 2.000002004206181e-02, 2.000000886619091e-02, 1.999999955296516e-02, 2.000000327825546e-02, 2.000000141561031e-02, 1.999999769032001e-02, 1.999999582767487e-02, 1.999999582767487e-02, 1.999999769032001e-02, 1.999999955296516e-02, 1.999999955296516e-02, 1.999999955296516e-02, 1.999999955296516e-02, 1.999999955296516e-02, 1.505425944924355e-02, 8.029333315789668e-03, 5.912676919251693e-03, 5.274701397866011e-03, 5.082510877400637e-03, 5.024868994951248e-03, 5.007509607821703e-03, 5.002099554985762e-03, 5.000561475753784e-03, 5.000157281756401e-03, 4.999959375709295e-03, 4.999847617000341e-03, 4.999863915145397e-03, 4.999944940209389e-03, 4.999998956918716e-03, 5.000005941838026e-03, 4.999994300305843e-03, 4.999987781047821e-03, 4.999994300305843e-03, 4.999996162950993e-03, 4.999998025596142e-03, 4.999998491257429e-03, 4.999998956918716e-03, 4.999998956918716e-03, 4.999999422580004e-03, 4.999999888241291e-03, 4.999999888241291e-03, 4.999999888241291e-03, 4.999999888241291e-03, 4.999999888241291e-03, 4.999999888241291e-03, 4.999999888241291e-03, 4.999999888241291e-03, 4.999999888241291e-03]
setCooLimPow.y[2]=[8.00000037997961e-03, 8.00000037997961e-03, 8.00000037997961e-03, 8.00000037997961e-03, 8.00000037997961e-03, 8.00000037997961e-03, 8.00000037997961e-03, 8.00000037997961e-03, 8.00000037997961e-03, 8.00000037997961e-03, 8.00000037997961e-03, 8.00000037997961e-03, 8.00000037997961e-03, 8.00000037997961e-03, 8.00000037997961e-03, 8.00000037997961e-03, 8.00000037997961e-03, 8.00000037997961e-03, 8.00000037997961e-03, 8.00000037997961e-03, 8.00000037997961e-03, 8.00000037997961e-03, 8.00000037997961e-03, 8.00000037997961e-03, 8.00000037997961e-03, 8.00000037997961e-03, 8.00000037997961e-03, 8.00000037997961e-03, 8.00000037997961e-03, 8.00000037997961e-03, 8.00000037997961e-03, 8.00000037997961e-03, 8.00000037997961e-03, 8.00000037997961e-03, 8.00000037997961e-03, 8.00000037997961e-03, 8.00000037997961e-03, 8.00000037997961e-03, 8.00000037997961e-03, 8.00000037997961e-03, 8.00000037997961e-03, 8.00000037997961e-03, 4.000000189989805e-03, 4.000000189989805e-03, 4.000000189989805e-03, 4.000000189989805e-03, 4.000000189989805e-03, 4.000000189989805e-03, 4.000000189989805e-03, 4.000000189989805e-03, 4.000000189989805e-03, 4.000000189989805e-03, 4.000000189989805e-03, 4.000000189989805e-03, 4.000000189989805e-03, 4.000000189989805e-03, 4.000000189989805e-03, 4.000000189989805e-03, 4.000000189989805e-03, 4.000000189989805e-03, 4.000000189989805e-03, 4.000000189989805e-03, 4.000000189989805e-03, 4.000000189989805e-03, 4.000000189989805e-03, 4.000000189989805e-03, 4.000000189989805e-03, 1.499999966472387e-02, 1.499999966472387e-02, 1.499999966472387e-02, 1.499999966472387e-02, 1.499999966472387e-02, 1.499999966472387e-02, 1.499999966472387e-02, 1.499999966472387e-02, 1.499999966472387e-02, 1.499999966472387e-02, 1.499999966472387e-02, 1.499999966472387e-02, 1.499999966472387e-02, 1.499999966472387e-02, 1.499999966472387e-02, 1.499999966472387e-02, 1.499999966472387e-02, 1.499999966472387e-02, 1.499999966472387e-02, 1.499999966472387e-02, 1.499999966472387e-02, 1.499999966472387e-02, 1.499999966472387e-02, 1.499999966472387e-02, 1.499999966472387e-02, 1.499999966472387e-02, 1.499999966472387e-02, 1.499999966472387e-02, 1.499999966472387e-02, 1.499999966472387e-02, 1.499999966472387e-02, 1.499999966472387e-02, 1.499999966472387e-02, 1.499999966472387e-02]
cooLimPow.port_b.Xi_outflow[1]=[9.999999776482582e-03, 8.602334186434746e-03, 8.181345649063587e-03, 8.054595440626144e-03, 8.016468957066536e-03, 8.004998788237572e-03, 8.00151564180851e-03, 8.000429719686508e-03, 8.000104688107967e-03, 8.000037632882595e-03, 8.000007830560207e-03, 8.000003173947334e-03, 8.00000037997961e-03, 7.999998517334461e-03, 7.999998517334461e-03, 7.999997586011887e-03, 7.999997586011887e-03, 7.999997586011887e-03, 7.999998517334461e-03, 7.999999448657036e-03, 7.999999448657036e-03, 7.999999448657036e-03, 7.999999448657036e-03, 7.999999448657036e-03, 7.999999448657036e-03, 8.00000037997961e-03, 8.00000037997961e-03, 8.00000037997961e-03, 8.00000037997961e-03, 8.00000037997961e-03, 8.00000037997961e-03, 8.00000037997961e-03, 8.00000037997961e-03, 8.00000037997961e-03, 8.00000037997961e-03, 8.00000037997961e-03, 8.00000037997961e-03, 8.00000037997961e-03, 8.00000037997961e-03, 8.00000037997961e-03, 8.00000037997961e-03, 8.00000037997961e-03, 6.681120488792658e-03, 4.807655233889818e-03, 4.243132658302784e-03, 4.073194693773985e-03, 4.022020380944014e-03, 4.006637260317802e-03, 4.002035595476627e-03, 4.000643733888865e-03, 4.000189714133739e-03, 4.000063519924879e-03, 4.000003915280104e-03, 3.999979235231876e-03, 3.999991342425346e-03, 3.999999724328518e-03, 3.999997396022081e-03, 3.999999258667231e-03, 4.000002052634954e-03, 4.000003915280104e-03, 4.000003915280104e-03, 4.000002518296242e-03, 4.00000112131238e-03, 4.000000189989805e-03, 3.999999724328518e-03, 3.999999724328518e-03, 3.999999724328518e-03, 7.62687623500824e-03, 1.277848891913893e-02, 1.433070376515388e-02, 1.47985527291894e-02, 1.493949163705111e-02, 1.498176250606775e-02, 1.499449275434017e-02, 1.499846018850803e-02, 1.499958802014589e-02, 1.49998851120472e-02, 1.500002946704626e-02, 1.500011142343283e-02, 1.500009931623936e-02, 1.500004064291716e-02, 1.500000059604645e-02, 1.499999593943357e-02, 1.500000432133675e-02, 1.500000897794962e-02, 1.500000432133675e-02, 1.50000024586916e-02, 1.500000152736902e-02, 1.500000059604645e-02, 1.500000059604645e-02, 1.500000059604645e-02, 1.500000059604645e-02, 1.500000059604645e-02, 1.500000059604645e-02, 1.499999966472387e-02, 1.499999966472387e-02, 1.499999966472387e-02, 1.499999966472387e-02, 1.499999966472387e-02, 1.499999966472387e-02, 1.499999966472387e-02]
setHeaCooUnl.y[2]=[1.200000010430813e-02, 1.200000010430813e-02, 1.200000010430813e-02, 1.200000010430813e-02, 1.200000010430813e-02, 1.200000010430813e-02, 1.200000010430813e-02, 1.200000010430813e-02, 1.200000010430813e-02, 1.200000010430813e-02, 1.200000010430813e-02, 1.200000010430813e-02, 1.200000010430813e-02, 1.200000010430813e-02, 1.200000010430813e-02, 1.200000010430813e-02, 1.200000010430813e-02, 1.200000010430813e-02, 1.200000010430813e-02, 1.200000010430813e-02, 1.200000010430813e-02, 1.200000010430813e-02, 1.200000010430813e-02, 1.200000010430813e-02, 1.200000010430813e-02, 1.200000010430813e-02, 1.200000010430813e-02, 1.200000010430813e-02, 1.200000010430813e-02, 1.200000010430813e-02, 1.200000010430813e-02, 1.200000010430813e-02, 1.200000010430813e-02, 1.200000010430813e-02, 1.200000010430813e-02, 1.200000010430813e-02, 1.200000010430813e-02, 1.200000010430813e-02, 1.200000010430813e-02, 1.200000010430813e-02, 1.200000010430813e-02, 1.200000010430813e-02, 8.00000037997961e-03, 8.00000037997961e-03, 8.00000037997961e-03, 8.00000037997961e-03, 8.00000037997961e-03, 8.00000037997961e-03, 8.00000037997961e-03, 8.00000037997961e-03, 8.00000037997961e-03, 8.00000037997961e-03, 8.00000037997961e-03, 8.00000037997961e-03, 8.00000037997961e-03, 8.00000037997961e-03, 8.00000037997961e-03, 8.00000037997961e-03, 8.00000037997961e-03, 8.00000037997961e-03, 8.00000037997961e-03, 8.00000037997961e-03, 8.00000037997961e-03, 8.00000037997961e-03, 8.00000037997961e-03, 8.00000037997961e-03, 8.00000037997961e-03, 4.999999888241291e-03, 4.999999888241291e-03, 4.999999888241291e-03, 4.999999888241291e-03, 4.999999888241291e-03, 4.999999888241291e-03, 4.999999888241291e-03, 4.999999888241291e-03, 4.999999888241291e-03, 4.999999888241291e-03, 4.999999888241291e-03, 4.999999888241291e-03, 4.999999888241291e-03, 4.999999888241291e-03, 4.999999888241291e-03, 4.999999888241291e-03, 4.999999888241291e-03, 4.999999888241291e-03, 4.999999888241291e-03, 4.999999888241291e-03, 4.999999888241291e-03, 4.999999888241291e-03, 4.999999888241291e-03, 4.999999888241291e-03, 4.999999888241291e-03, 4.999999888241291e-03, 4.999999888241291e-03, 4.999999888241291e-03, 4.999999888241291e-03, 4.999999888241291e-03, 4.999999888241291e-03, 4.999999888241291e-03, 4.999999888241291e-03, 4.999999888241291e-03]
heaCooUnl.port_b.Xi_outflow[1]=[9.999999776482582e-03, 1.139766536653042e-02, 1.181865390390158e-02, 1.194540504366159e-02, 1.19835315272212e-02, 1.199500076472759e-02, 1.199848484247923e-02, 1.199956983327866e-02, 1.19998948648572e-02, 1.199996285140514e-02, 1.199999172240496e-02, 1.19999973103404e-02, 1.200000010430813e-02, 1.20000010356307e-02, 1.20000010356307e-02, 1.200000196695328e-02, 1.200000196695328e-02, 1.200000196695328e-02, 1.200000196695328e-02, 1.20000010356307e-02, 1.20000010356307e-02, 1.20000010356307e-02, 1.200000010430813e-02, 1.200000010430813e-02, 1.200000010430813e-02, 1.200000010430813e-02, 1.200000010430813e-02, 1.200000010430813e-02, 1.200000010430813e-02, 1.200000010430813e-02, 1.200000010430813e-02, 1.200000010430813e-02, 1.200000010430813e-02, 1.200000010430813e-02, 1.200000010430813e-02, 1.200000010430813e-02, 1.200000010430813e-02, 1.200000010430813e-02, 1.200000010430813e-02, 1.200000010430813e-02, 1.200000010430813e-02, 1.200000010430813e-02, 1.068112067878246e-02, 8.807655423879623e-03, 8.243132382631302e-03, 8.07319488376379e-03, 8.022020570933819e-03, 8.006637915968895e-03, 8.002035319805145e-03, 8.00064392387867e-03, 8.000189438462257e-03, 8.000063709914684e-03, 8.000004105269909e-03, 7.999978959560394e-03, 7.999991066753864e-03, 7.999999448657036e-03, 7.999997586011887e-03, 7.999999448657036e-03, 8.00000224262476e-03, 8.000004105269909e-03, 8.000004105269909e-03, 8.00000224262476e-03, 8.000001311302185e-03, 8.00000037997961e-03, 7.999999448657036e-03, 7.999999448657036e-03, 7.999999448657036e-03, 7.01085152104497e-03, 5.605866201221937e-03, 5.182535387575629e-03, 5.054940469563007e-03, 5.016501992940903e-03, 5.004973616451025e-03, 5.001502111554146e-03, 5.000419914722443e-03, 5.000112112611532e-03, 5.000031553208828e-03, 4.999991971999407e-03, 4.999969620257616e-03, 4.999972879886627e-03, 4.999989178031683e-03, 4.999999888241291e-03, 5.000001285225153e-03, 4.999998956918716e-03, 4.999997559934855e-03, 4.999998956918716e-03, 4.999999422580004e-03, 4.999999422580004e-03, 4.999999888241291e-03, 4.999999888241291e-03, 4.999999888241291e-03, 4.999999888241291e-03, 4.999999888241291e-03, 4.999999888241291e-03, 4.999999888241291e-03, 4.999999888241291e-03, 4.999999888241291e-03, 4.999999888241291e-03, 4.999999888241291e-03, 4.999999888241291e-03, 4.999999888241291e-03]
steSta.port_b.Xi_outflow[1]=[1.200000010430813e-02, 1.200000010430813e-02, 1.200000010430813e-02, 1.200000010430813e-02, 1.200000010430813e-02, 1.200000010430813e-02, 1.200000010430813e-02, 1.200000010430813e-02, 1.200000010430813e-02, 1.200000010430813e-02, 1.200000010430813e-02, 1.200000010430813e-02, 1.200000010430813e-02, 1.200000010430813e-02, 1.200000010430813e-02, 1.200000010430813e-02, 1.200000010430813e-02, 1.200000010430813e-02, 1.200000010430813e-02, 1.200000010430813e-02, 1.200000010430813e-02, 1.200000010430813e-02, 1.200000010430813e-02, 1.200000010430813e-02, 1.200000010430813e-02, 1.200000010430813e-02, 1.200000010430813e-02, 1.200000010430813e-02, 1.200000010430813e-02, 1.200000010430813e-02, 1.200000010430813e-02, 1.200000010430813e-02, 1.200000010430813e-02, 1.200000010430813e-02, 1.200000010430813e-02, 1.200000010430813e-02, 1.200000010430813e-02, 1.200000010430813e-02, 1.200000010430813e-02, 1.200000010430813e-02, 1.200000010430813e-02, 1.200000010430813e-02, 8.00000037997961e-03, 8.00000037997961e-03, 8.00000037997961e-03, 8.00000037997961e-03, 8.00000037997961e-03, 8.00000037997961e-03, 8.00000037997961e-03, 8.00000037997961e-03, 8.00000037997961e-03, 8.00000037997961e-03, 8.00000037997961e-03, 8.00000037997961e-03, 8.00000037997961e-03, 8.00000037997961e-03, 8.00000037997961e-03, 8.00000037997961e-03, 8.00000037997961e-03, 8.00000037997961e-03, 8.00000037997961e-03, 8.00000037997961e-03, 8.00000037997961e-03, 8.00000037997961e-03, 8.00000037997961e-03, 8.00000037997961e-03, 8.00000037997961e-03, 4.999999888241291e-03, 4.999999888241291e-03, 4.999999888241291e-03, 4.999999888241291e-03, 4.999999888241291e-03, 4.999999888241291e-03, 4.999999888241291e-03, 4.999999888241291e-03, 4.999999888241291e-03, 4.999999888241291e-03, 4.999999888241291e-03, 4.999999888241291e-03, 4.999999888241291e-03, 4.999999888241291e-03, 4.999999888241291e-03, 4.999999888241291e-03, 4.999999888241291e-03, 4.999999888241291e-03, 4.999999888241291e-03, 4.999999888241291e-03, 4.999999888241291e-03, 4.999999888241291e-03, 4.999999888241291e-03, 4.999999888241291e-03, 4.999999888241291e-03, 4.999999888241291e-03, 4.999999888241291e-03, 4.999999888241291e-03, 4.999999888241291e-03, 4.999999888241291e-03, 4.999999888241291e-03, 4.999999888241291e-03, 4.999999888241291e-03, 4.999999888241291e-03]
heaCooUnl.X_wSet=[1.200000010430813e-02, 1.200000010430813e-02, 1.200000010430813e-02, 1.200000010430813e-02, 1.200000010430813e-02, 1.200000010430813e-02, 1.200000010430813e-02, 1.200000010430813e-02, 1.200000010430813e-02, 1.200000010430813e-02, 1.200000010430813e-02, 1.200000010430813e-02, 1.200000010430813e-02, 1.200000010430813e-02, 1.200000010430813e-02, 1.200000010430813e-02, 1.200000010430813e-02, 1.200000010430813e-02, 1.200000010430813e-02, 1.200000010430813e-02, 1.200000010430813e-02, 1.200000010430813e-02, 1.200000010430813e-02, 1.200000010430813e-02, 1.200000010430813e-02, 1.200000010430813e-02, 1.200000010430813e-02, 1.200000010430813e-02, 1.200000010430813e-02, 1.200000010430813e-02, 1.200000010430813e-02, 1.200000010430813e-02, 1.200000010430813e-02, 1.200000010430813e-02, 1.200000010430813e-02, 1.200000010430813e-02, 1.200000010430813e-02, 1.200000010430813e-02, 1.200000010430813e-02, 1.200000010430813e-02, 1.200000010430813e-02, 1.200000010430813e-02, 8.00000037997961e-03, 8.00000037997961e-03, 8.00000037997961e-03, 8.00000037997961e-03, 8.00000037997961e-03, 8.00000037997961e-03, 8.00000037997961e-03, 8.00000037997961e-03, 8.00000037997961e-03, 8.00000037997961e-03, 8.00000037997961e-03, 8.00000037997961e-03, 8.00000037997961e-03, 8.00000037997961e-03, 8.00000037997961e-03, 8.00000037997961e-03, 8.00000037997961e-03, 8.00000037997961e-03, 8.00000037997961e-03, 8.00000037997961e-03, 8.00000037997961e-03, 8.00000037997961e-03, 8.00000037997961e-03, 8.00000037997961e-03, 8.00000037997961e-03, 4.999999888241291e-03, 4.999999888241291e-03, 4.999999888241291e-03, 4.999999888241291e-03, 4.999999888241291e-03, 4.999999888241291e-03, 4.999999888241291e-03, 4.999999888241291e-03, 4.999999888241291e-03, 4.999999888241291e-03, 4.999999888241291e-03, 4.999999888241291e-03, 4.999999888241291e-03, 4.999999888241291e-03, 4.999999888241291e-03, 4.999999888241291e-03, 4.999999888241291e-03, 4.999999888241291e-03, 4.999999888241291e-03, 4.999999888241291e-03, 4.999999888241291e-03, 4.999999888241291e-03, 4.999999888241291e-03, 4.999999888241291e-03, 4.999999888241291e-03, 4.999999888241291e-03, 4.999999888241291e-03, 4.999999888241291e-03, 4.999999888241291e-03, 4.999999888241291e-03, 4.999999888241291e-03, 4.999999888241291e-03, 4.999999888241291e-03, 4.999999888241291e-03]
heaCooUnl.sta_b.X[1]=[9.999999776482582e-03, 1.139766536653042e-02, 1.181865390390158e-02, 1.194540504366159e-02, 1.19835315272212e-02, 1.199500076472759e-02, 1.199848484247923e-02, 1.199956983327866e-02, 1.19998948648572e-02, 1.199996285140514e-02, 1.199999172240496e-02, 1.19999973103404e-02, 1.200000010430813e-02, 1.20000010356307e-02, 1.20000010356307e-02, 1.200000196695328e-02, 1.200000196695328e-02, 1.200000196695328e-02, 1.200000196695328e-02, 1.20000010356307e-02, 1.20000010356307e-02, 1.20000010356307e-02, 1.200000010430813e-02, 1.200000010430813e-02, 1.200000010430813e-02, 1.200000010430813e-02, 1.200000010430813e-02, 1.200000010430813e-02, 1.200000010430813e-02, 1.200000010430813e-02, 1.200000010430813e-02, 1.200000010430813e-02, 1.200000010430813e-02, 1.200000010430813e-02, 1.200000010430813e-02, 1.200000010430813e-02, 1.200000010430813e-02, 1.200000010430813e-02, 1.200000010430813e-02, 1.200000010430813e-02, 1.200000010430813e-02, 1.200000010430813e-02, 1.068112067878246e-02, 8.807655423879623e-03, 8.243132382631302e-03, 8.07319488376379e-03, 8.022020570933819e-03, 8.006637915968895e-03, 8.002035319805145e-03, 8.00064392387867e-03, 8.000189438462257e-03, 8.000063709914684e-03, 8.000004105269909e-03, 7.999978959560394e-03, 7.999991066753864e-03, 7.999999448657036e-03, 7.999997586011887e-03, 7.999999448657036e-03, 8.00000224262476e-03, 8.000004105269909e-03, 8.000004105269909e-03, 8.00000224262476e-03, 8.000001311302185e-03, 8.00000037997961e-03, 7.999999448657036e-03, 7.999999448657036e-03, 7.999999448657036e-03, 7.01085152104497e-03, 5.605866201221937e-03, 5.182535387575629e-03, 5.054940469563007e-03, 5.016501992940903e-03, 5.004973616451025e-03, 5.001502111554146e-03, 5.000419914722443e-03, 5.000112112611532e-03, 5.000031553208828e-03, 4.999991971999407e-03, 4.999969620257616e-03, 4.999972879886627e-03, 4.999989178031683e-03, 4.999999888241291e-03, 5.000001285225153e-03, 4.999998956918716e-03, 4.999997559934855e-03, 4.999998956918716e-03, 4.999999422580004e-03, 4.999999422580004e-03, 9.999999776482582e-03, 9.999999776482582e-03, 9.999999776482582e-03, 9.999999776482582e-03, 9.999999776482582e-03, 9.999999776482582e-03, 9.999999776482582e-03, 9.999999776482582e-03, 9.999999776482582e-03, 9.999999776482582e-03, 9.999999776482582e-03, 9.999999776482582e-03, 9.999999776482582e-03]
