last-generated=2024-02-01
statistics-simulation=
{
  "linear": " ",
  "nonlinear": " ",
  "number of continuous time states": "3",
  "numerical Jacobians": "0"
}
time=[0e+00, 6e+01]
senHeaFlo.Q_flow=[0e+00, 6.135302814887254e+03, 2.024211004943313e+04, 3.806596635045912e+04, 5.735886017640069e+04, 7.69003203125e+04, 9.605505767047344e+04, 1.145098494566929e+05, 1.321029788968033e+05, 1.487847005315746e+05, 1.645585e+05, 1.794507366602567e+05, 1.934949730579872e+05, 2.067290271429792e+05, 2.191943982694409e+05, 2.30933234375e+05, 2.41987868139305e+05, 2.523970031914593e+05, 2.621994657085459e+05, 2.714292556591234e+05, 2.8011971875e+05, 2.883016199230112e+05, 2.960048461113893e+05, 3.032570914998232e+05, 3.100849416862036e+05, 3.16513375e+05, 3.225658712441389e+05, 3.282644616773623e+05, 3.336297565791147e+05, 3.38681284347135e+05, 3.4343725e+05, 3.479150597213503e+05, 3.521309010177422e+05, 3.561000986168839e+05, 3.598370335411865e+05, 3.6335534375e+05, 3.666678729444488e+05, 3.697867773791028e+05, 3.727235973512874e+05, 3.754886266952436e+05, 3.780919375e+05, 3.805429672290988e+05, 3.828506533860168e+05, 3.85023346414309e+05, 3.870689075040729e+05, 3.8899471875e+05, 3.908079051247715e+05, 3.925150603812684e+05, 3.941224394709131e+05, 3.956357509278391e+05, 3.97060625e+05, 3.984022804174283e+05, 3.996654359322101e+05, 4.008547202083168e+05, 4.019744347208977e+05, 4.0302865625e+05, 4.040212211838006e+05, 4.04955686340282e+05, 4.058354698288537e+05, 4.066638104436868e+05, 4.0744371875e+05, 4.081780018008138e+05, 4.088693741418842e+05, 4.09520344548312e+05, 4.101332484785269e+05, 4.107103125e+05, 4.11253626332332e+05, 4.117651556152049e+05, 4.122467818404886e+05, 4.127002176242927e+05, 4.13127125e+05, 4.135290322358382e+05, 4.139074682803112e+05, 4.142637504369059e+05, 4.145992179171435e+05, 4.149150625e+05, 4.152124382295441e+05, 4.154924371525018e+05, 4.157560628232587e+05, 4.160042806340994e+05, 4.1623796875e+05, 4.164580005396084e+05, 4.16665155992903e+05, 4.168601564892154e+05, 4.170437807942336e+05, 4.172166875e+05, 4.17379437899342e+05, 4.175326873098595e+05, 4.176770001768287e+05, 4.178128434126455e+05, 4.1794075e+05, 4.180611877956323e+05, 4.181745936091331e+05, 4.182813438809327e+05, 4.183818435008583e+05, 4.1847646875e+05, 4.185655627185454e+05, 4.186494373958896e+05, 4.187283750967591e+05, 4.188026873156272e+05, 4.1887265625e+05]
heaFloRat.Q_flow=[4.2e+05, 4.2e+05]
