last-generated=2016-03-16
statistics-simulation=
{
  "numerical Jacobians": "0", 
  "nonlinear": " ", 
  "linear": " "
}
smoLim[2].y=[0., 0.01000000000000000021, 0.02000000000000000042, 0.02999999999999999889, 0.04000000000000000083, 0.05000000000000000278, 0.05999999999999999778, 0.07000000000000000666, 0.08000000000000000167, 0.08999999999999999667, 0.10000000000000000555, 0.11000000000000000056, 0.11999999999999999556, 0.13000000000000000444, 0.14000000000000001332, 0.14999999999999999445, 0.16000000000000000333, 0.17000000000000001221, 0.17999999999999999334, 0.19000000000000000222, 0.2000000000000000111, 0.20999999999999999223, 0.22000000000000000111, 0.23000000000000000999, 0.23999999999999999112, 0.25, 0.26000000000000000888, 0.27000000000000001776, 0.28000000000000002665, 0.28999999999999998002, 0.2999999999999999889, 0.30999999999999999778, 0.32000000000000000666, 0.33000000000000001554, 0.34000000000000002442, 0.3499999999999999778, 0.35999999999999998668, 0.36999999999999999556, 0.38000000000000000444, 0.39000000000000001332, 0.4000000000000000222, 0.40999999999999997558, 0.41999999999999998446, 0.42999999999999999334, 0.44000000000000000222, 0.4500000000000000111, 0.46000000000000001998, 0.46999999999999997335, 0.48000000070007853292, 0.49156247465861574453, 0.5, 0.5015624746586381244, 0.5, 0.5, 0.5, 0.5, 0.5, 0.5, 0.5, 0.5, 0.5, 0.5, 0.5, 0.5, 0.5, 0.5, 0.5, 0.5, 0.5, 0.5, 0.5, 0.5, 0.5, 0.5, 0.5, 0.5, 0.5, 0.5, 0.5, 0.5, 0.5, 0.5, 0.5, 0.5, 0.5, 0.5, 0.5, 0.5, 0.5, 0.5, 0.5, 0.5, 0.5, 0.5, 0.5, 0.5, 0.5, 0.5, 0.5, 0.5, 0.5]
smoLim[1].y=[0., 0.01000000000000000021, 0.02000000000000000042, 0.02999999999999999889, 0.04000000000000000083, 0.05000000000000000278, 0.05999999999999999778, 0.07000000000000000666, 0.08000000000000000167, 0.08999999999999999667, 0.10000000000000000555, 0.11000000000000000056, 0.11999999999999999556, 0.13000000000000000444, 0.14000000000000001332, 0.14999999999999999445, 0.16000000000000000333, 0.17000000000000001221, 0.17999999999999999334, 0.19000000000000000222, 0.2000000000000000111, 0.20999999999999999223, 0.22000000000000000111, 0.23000000000000000999, 0.23999999999999999112, 0.25, 0.26000000000000000888, 0.27000000000000001776, 0.28000000000000002665, 0.28999999999999998002, 0.2999999999999999889, 0.30999999999999999778, 0.32000000000000000666, 0.33000000000000001554, 0.34000000000000002442, 0.3499999999999999778, 0.35999999999999998668, 0.36999999999999999556, 0.38000000000000000444, 0.39000000000000001332, 0.4000000000000000222, 0.41065249251110347295, 0.42224000467145500481, 0.43425249190076770089, 0.44624001068963675687, 0.45781250139834528401, 0.4686399908993159058, 0.4784525047666767783, 0.48704002142306007661, 0.49425249658916786677, 0.5, 0.50425249658912008055, 0.50704002750927068544, 0.50845247692543849016, 0.50863999183400698811, 0.50781250139832445623, 0.50624001068964319394, 0.5042524919008963824, 0.50223999909298766564, 0.50065248912635917922, 0.50000000034816005634, 0.5, 0.5, 0.5, 0.5, 0.5, 0.5, 0.5, 0.5, 0.5, 0.5, 0.5, 0.5, 0.5, 0.5, 0.5, 0.5, 0.5, 0.5, 0.5, 0.5, 0.5, 0.5, 0.5, 0.5, 0.5, 0.5, 0.5, 0.5, 0.5, 0.5, 0.5, 0.5, 0.5, 0.5, 0.5, 0.5, 0.5, 0.5, 0.5, 0.5]
time=[0., 1.]
