last-generated=2026-07-06
statistics-initialization=
{
  "linear": "19",
  "nonlinear": "14, 1",
  "numerical Jacobians": "0"
}
statistics-simulation=
{
  "linear": "0, 0, 11, 0, 0, 0, 0, 0, 0, 0, 0, 0, 0",
  "nonlinear": "2",
  "number of continuous time states": "77",
  "numerical Jacobians": "0"
}
time=[0e+00, 8.64e+05]
con.TZonCooSet=[3.031499938964844e+02, 3.031499938964844e+02, 3.031499938964844e+02, 3.031499938964844e+02, 2.981499938964844e+02, 2.981499938964844e+02, 2.981499938964844e+02, 2.981499938964844e+02, 3.031499938964844e+02, 3.031499938964844e+02, 3.031499938964844e+02, 3.031499938964844e+02, 3.031499938964844e+02, 3.031499938964844e+02, 2.981499938964844e+02, 2.981499938964844e+02, 2.981499938964844e+02, 2.981499938964844e+02, 3.031499938964844e+02, 3.031499938964844e+02, 3.031499938964844e+02, 3.031499938964844e+02, 3.031499938964844e+02, 3.031499938964844e+02, 2.981499938964844e+02, 2.981499938964844e+02, 2.981499938964844e+02, 2.981499938964844e+02, 3.031499938964844e+02, 3.031499938964844e+02, 3.031499938964844e+02, 3.031499938964844e+02, 3.031499938964844e+02, 3.031499938964844e+02, 2.981499938964844e+02, 2.981499938964844e+02, 2.981499938964844e+02, 2.981499938964844e+02, 3.031499938964844e+02, 3.031499938964844e+02, 3.031499938964844e+02, 3.031499938964844e+02, 3.031499938964844e+02, 3.031499938964844e+02, 2.981499938964844e+02, 2.981499938964844e+02, 2.981499938964844e+02, 2.981499938964844e+02, 3.031499938964844e+02, 3.031499938964844e+02, 3.031499938964844e+02, 3.031499938964844e+02, 3.031499938964844e+02, 3.031499938964844e+02, 2.981499938964844e+02, 2.981499938964844e+02, 2.981499938964844e+02, 2.981499938964844e+02, 3.031499938964844e+02, 3.031499938964844e+02, 3.031499938964844e+02, 3.031499938964844e+02, 3.031499938964844e+02, 3.031499938964844e+02, 2.981499938964844e+02, 2.981499938964844e+02, 2.981499938964844e+02, 2.981499938964844e+02, 3.031499938964844e+02, 3.031499938964844e+02, 3.031499938964844e+02, 3.031499938964844e+02, 3.031499938964844e+02, 3.031499938964844e+02, 2.981499938964844e+02, 2.981499938964844e+02, 2.981499938964844e+02, 2.981499938964844e+02, 3.031499938964844e+02, 3.031499938964844e+02, 3.031499938964844e+02, 3.031499938964844e+02, 3.031499938964844e+02, 3.031499938964844e+02, 2.981499938964844e+02, 2.981499938964844e+02, 2.981499938964844e+02, 2.981499938964844e+02, 3.031499938964844e+02, 3.031499938964844e+02, 3.031499938964844e+02, 3.031499938964844e+02, 3.031499938964844e+02, 3.031499938964844e+02, 2.981499938964844e+02, 2.981499938964844e+02, 2.981499938964844e+02, 2.981499938964844e+02, 3.031499938964844e+02, 3.031499938964844e+02, 3.031499938964844e+02]
con.TZonHeaSet=[2.881499938964844e+02, 2.881499938964844e+02, 2.881499938964844e+02, 2.881499938964844e+02, 2.931499938964844e+02, 2.931499938964844e+02, 2.931499938964844e+02, 2.931499938964844e+02, 2.881499938964844e+02, 2.881499938964844e+02, 2.881499938964844e+02, 2.881499938964844e+02, 2.881499938964844e+02, 2.881499938964844e+02, 2.931499938964844e+02, 2.931499938964844e+02, 2.931499938964844e+02, 2.931499938964844e+02, 2.881499938964844e+02, 2.881499938964844e+02, 2.881499938964844e+02, 2.881499938964844e+02, 2.881499938964844e+02, 2.881499938964844e+02, 2.931499938964844e+02, 2.931499938964844e+02, 2.931499938964844e+02, 2.931499938964844e+02, 2.881499938964844e+02, 2.881499938964844e+02, 2.881499938964844e+02, 2.881499938964844e+02, 2.881499938964844e+02, 2.881499938964844e+02, 2.931499938964844e+02, 2.931499938964844e+02, 2.931499938964844e+02, 2.931499938964844e+02, 2.881499938964844e+02, 2.881499938964844e+02, 2.881499938964844e+02, 2.881499938964844e+02, 2.881499938964844e+02, 2.881499938964844e+02, 2.931499938964844e+02, 2.931499938964844e+02, 2.931499938964844e+02, 2.931499938964844e+02, 2.881499938964844e+02, 2.881499938964844e+02, 2.881499938964844e+02, 2.881499938964844e+02, 2.881499938964844e+02, 2.881499938964844e+02, 2.931499938964844e+02, 2.931499938964844e+02, 2.931499938964844e+02, 2.931499938964844e+02, 2.881499938964844e+02, 2.881499938964844e+02, 2.881499938964844e+02, 2.881499938964844e+02, 2.881499938964844e+02, 2.881499938964844e+02, 2.931499938964844e+02, 2.931499938964844e+02, 2.931499938964844e+02, 2.931499938964844e+02, 2.881499938964844e+02, 2.881499938964844e+02, 2.881499938964844e+02, 2.881499938964844e+02, 2.881499938964844e+02, 2.881499938964844e+02, 2.931499938964844e+02, 2.931499938964844e+02, 2.931499938964844e+02, 2.931499938964844e+02, 2.881499938964844e+02, 2.881499938964844e+02, 2.881499938964844e+02, 2.881499938964844e+02, 2.881499938964844e+02, 2.881499938964844e+02, 2.931499938964844e+02, 2.931499938964844e+02, 2.931499938964844e+02, 2.931499938964844e+02, 2.881499938964844e+02, 2.881499938964844e+02, 2.881499938964844e+02, 2.881499938964844e+02, 2.881499938964844e+02, 2.881499938964844e+02, 2.931499938964844e+02, 2.931499938964844e+02, 2.931499938964844e+02, 2.931499938964844e+02, 2.881499938964844e+02, 2.881499938964844e+02, 2.881499938964844e+02]
con.TZon=[2.931499938964844e+02, 2.88130746378991e+02, 2.881454162597656e+02, 2.881584838867187e+02, 2.93213753455768e+02, 2.981741333007812e+02, 2.981406799316406e+02, 2.980881381898986e+02, 2.921724548339844e+02, 2.881494922362391e+02, 2.881338806152344e+02, 2.881412841796875e+02, 2.881448120117187e+02, 2.881476379394531e+02, 2.931741333007812e+02, 2.931488037109375e+02, 2.931476806640625e+02, 2.931412841796875e+02, 2.881209838867188e+02, 2.881438110351563e+02, 2.881502075195312e+02, 2.881508972167969e+02, 2.881469116210938e+02, 2.881535400390625e+02, 2.9322783203125e+02, 2.949077758789062e+02, 2.981099958548586e+02, 2.930055226849856e+02, 2.880986572265625e+02, 2.881424560546875e+02, 2.881440734863281e+02, 2.881482727050781e+02, 2.881494262695313e+02, 2.881643676757812e+02, 2.932557250976562e+02, 2.981781311035156e+02, 2.981404908320778e+02, 2.957285041700072e+02, 2.880909851074219e+02, 2.881398864746094e+02, 2.881473083496094e+02, 2.881533508300781e+02, 2.881434204101562e+02, 2.881690063476562e+02, 2.958420907088735e+02, 2.981610107421875e+02, 2.981418640136719e+02, 2.978601891179185e+02, 2.903953136490318e+02, 2.88131221677223e+02, 2.881471862792969e+02, 2.881530395507813e+02, 2.881435668945313e+02, 2.881657775878906e+02, 2.970983773549458e+02, 2.981617126464844e+02, 2.981373352050781e+02, 2.98086915139994e+02, 2.919900512695313e+02, 2.882490177955617e+02, 2.881525268554688e+02, 2.881448120117187e+02, 2.88149072265625e+02, 2.881661686911194e+02, 2.974315965802056e+02, 2.981593017578125e+02, 2.981388854980469e+02, 2.980834036315956e+02, 2.912727722167969e+02, 2.881268020039162e+02, 2.881434326171875e+02, 2.881489440917969e+02, 2.881539672851562e+02, 2.881634155273438e+02, 2.961245105181693e+02, 2.981611938476562e+02, 2.98139306640625e+02, 2.980846762638755e+02, 2.915293090820313e+02, 2.881259882518596e+02, 2.881437072753906e+02, 2.881488647460938e+02, 2.881504089355469e+02, 2.881716186523437e+02, 2.9751568243628e+02, 2.981603088378906e+02, 2.981392883300781e+02, 2.980509239138183e+02, 2.921844604492188e+02, 2.881229181406852e+02, 2.881443481445312e+02, 2.881521362304687e+02, 2.881460571289062e+02, 2.881637837361861e+02, 2.976143686428876e+02, 2.981616821289062e+02, 2.981401245117187e+02, 2.980489486761359e+02, 2.927119200320561e+02, 2.882405114032092e+02, 2.881438598632812e+02]
con.ySupFan=[0e+00, 1.000000014901161e-01, 1.000000014901161e-01, 1.000000014901161e-01, 1.000000014901161e-01, 1e+00, 1e+00, 3.813168250900749e-01, -1.138941291649238e-16, 1.000000014901161e-01, 1.000000014901161e-01, 1.000000014901161e-01, 1.000000014901161e-01, 1.000000014901161e-01, 1.000000014901161e-01, 1.000000014901161e-01, 1.000000014901161e-01, 1.000000014901161e-01, 1.000000014901161e-01, 1.000000014901161e-01, 1.000000014901161e-01, 1.000000014901161e-01, 1.000000014901161e-01, 1.000000014901161e-01, 1.002893790602684e-01, 1.000000014901161e-01, 1.000000014901161e-01, 1.000000014901161e-01, 1.000000014901161e-01, 1.000000014901161e-01, 1.000000014901161e-01, 1.000000014901161e-01, 1.000000014901161e-01, 1.000000014901161e-01, 1.000000014901161e-01, 3.24003130197525e-01, 1e+00, 1.000000014901161e-01, 1.000000014901161e-01, 1.000000014901161e-01, 1.000000014901161e-01, 1.000000014901161e-01, 1.000000014901161e-01, 1.000000014901161e-01, 1.000000014901161e-01, 1e+00, 1e+00, 3.246547017839254e-01, -1.476349622145746e-12, 1.000000014901161e-01, 1.000000014901161e-01, 1.000000014901161e-01, 1.000000014901161e-01, 1.000000014901161e-01, 1.000000014901161e-01, 1e+00, 1e+00, 4.005604936615794e-01, 4.920945400693823e-16, 1.000000014901161e-01, 1.000000014901161e-01, 1.000000014901161e-01, 1.000000014901161e-01, 1.000000014901161e-01, 1.000000014901161e-01, 1e+00, 1e+00, 3.772504743210431e-01, 3.140791228439018e-11, 1.000000014901161e-01, 1.000000014901161e-01, 1.000000014901161e-01, 1.000000014901161e-01, 1.000000014901161e-01, 1.000000014901161e-01, 1e+00, 1e+00, 3.931436245851075e-01, -1.708040480555584e-18, 1.000000014901161e-01, 1.000000014901161e-01, 1.000000014901161e-01, 1.000000014901161e-01, 1.000000014901161e-01, 1.000000014901161e-01, 1e+00, 1e+00, 4.59416523987155e-01, 1.064696654235453e-17, 1.000000014901161e-01, 1.000000014901161e-01, 1.000000014901161e-01, 1.000000014901161e-01, 1.000000014901161e-01, 1.000000014901161e-01, 1e+00, 1e+00, 6.753701241700576e-01, -1.888362358551991e-15, 9.999893068293149e-02, 1.000000014901161e-01]
con.yHeaCoi=[0e+00, 1.33394194779466e-01, 1.891135603189468e-01, 1.708564966917038e-01, 1.397828197124676e-01, 0e+00, 0e+00, 0e+00, 0e+00, 1.111025884684805e-01, 2.246846705675125e-01, 2.943142116069793e-01, 3.373192250728607e-01, 3.675934314727783e-01, 5.667412281036375e-01, 5.206568241119385e-01, 5.390207171440125e-01, 5.988649368286133e-01, 3.701951861381531e-01, 4.445299446582794e-01, 4.642496705055237e-01, 4.638349115848541e-01, 4.747206389904022e-01, 4.854948937892914e-01, 6.697942018508911e-01, 1.8796406686306e-01, 1.36359165645104e-01, 3.642593087284162e-01, 3.502746820449835e-01, 4.593067884445189e-01, 4.97344970703125e-01, 5.323794722557068e-01, 5.356213450431824e-01, 5.054506719112396e-01, 2.656440198421478e-01, 0e+00, 0e+00, 1.455693913720439e-01, 2.979655742645264e-01, 4.397372424602509e-01, 4.599513411521912e-01, 4.52915632724762e-01, 3.470395863056183e-01, 3.222822040319443e-01, 8.743856570033161e-02, 0e+00, 0e+00, 0e+00, 0e+00, 1.742383370371354e-01, 2.252316623926163e-01, 2.402723789215088e-01, 2.34004670381546e-01, 2.171752780675888e-01, 3.332012262278546e-02, 0e+00, 0e+00, 0e+00, 0e+00, 1.060658392583205e-01, 1.47607833147049e-01, 2.093059092760086e-01, 2.359658449888229e-01, 2.071802649311557e-01, 2.571817327664917e-02, 0e+00, 0e+00, 0e+00, 0e+00, 1.670683955815197e-01, 2.423880398273468e-01, 2.601718485355377e-01, 2.472648203372955e-01, 2.254888325929642e-01, 7.759486080714582e-02, 0e+00, 0e+00, 0e+00, 0e+00, 1.637730264549542e-01, 2.501716613769531e-01, 2.710408568382263e-01, 2.687522053718567e-01, 2.208813577890396e-01, 2.187684788602143e-02, 0e+00, 0e+00, 0e+00, 0e+00, 1.212254300710327e-01, 1.885096728801727e-01, 1.6806460916996e-01, 1.684567719697952e-01, 1.610714818147369e-01, 1.488086991274441e-02, 0e+00, 0e+00, 0e+00, 0e+00, 1.055959894517096e-01, 1.857098340988159e-01]
con.yCooCoi=[0e+00, 0e+00, 0e+00, 0e+00, 0e+00, 1.510743051767349e-01, 2.017315417528152e-01, 1.681298302982913e-02, 0e+00, 0e+00, 0e+00, 0e+00, 0e+00, 0e+00, 0e+00, 0e+00, 0e+00, 0e+00, 0e+00, 0e+00, 0e+00, 0e+00, 0e+00, 0e+00, 0e+00, 0e+00, 0e+00, 0e+00, 0e+00, 0e+00, 0e+00, 0e+00, 0e+00, 0e+00, 0e+00, 0e+00, 9.260810997252737e-02, 0e+00, 0e+00, 0e+00, 0e+00, 0e+00, 0e+00, 0e+00, 0e+00, 1.597896814346313e-01, 1.772952795028687e-01, 1.306289226240822e-02, 0e+00, 0e+00, 0e+00, 0e+00, 0e+00, 0e+00, 0e+00, 2.40404725074769e-01, 2.338665485382067e-01, 1.778385889931974e-02, 0e+00, 0e+00, 0e+00, 0e+00, 0e+00, 0e+00, 0e+00, 2.44172528386116e-01, 2.06535467505455e-01, 1.606634527218256e-02, 0e+00, 0e+00, 0e+00, 0e+00, 0e+00, 0e+00, 0e+00, 2.218232303857803e-01, 2.028358608484268e-01, 1.656739019634181e-02, 0e+00, 0e+00, 0e+00, 0e+00, 0e+00, 0e+00, 0e+00, 2.387380301952362e-01, 2.261526346206665e-01, 1.936946782588728e-02, 0e+00, 0e+00, 0e+00, 0e+00, 0e+00, 0e+00, 0e+00, 2.450820803642273e-01, 2.30403345823288e-01, 2.259248215841514e-02, 0e+00, 0e+00, 0e+00]
