last-generated=2023-05-02
statistics-simulation=
{
  "linear": " ",
  "nonlinear": " ",
  "numerical Jacobians": "0"
}
time=[0e+00, 3.6e+03]
mWat.mWat_flow=[0e+00, 0e+00, 0e+00, 0e+00, 0e+00, 0e+00, 0e+00, 0e+00, 0e+00, 0e+00, 0e+00, 0e+00, 0e+00, 0e+00, 0e+00, 0e+00, 0e+00, -3.998377360403538e-05, -1.599350944161415e-04, -2.798864152282476e-04, -3.998377360403538e-04, -5.197890568524599e-04, -6.39740377664566e-04, -7.596916984766722e-04, -8.796430192887783e-04, -9.995943401008844e-04, -1.119545660912991e-03, -1.239496981725097e-03, -1.359448302537203e-03, -1.479399623349309e-03, -1.599350944161415e-03, -1.719302264973521e-03, -1.839253585785627e-03, -1.959204906597733e-03, -2.07915622740984e-03, -2.199107548221946e-03, -2.319058869034052e-03, -2.439010189846158e-03, -2.558961510658264e-03, -2.67891283147037e-03, -2.798864152282476e-03, -2.918815473094583e-03, -3.038766793906689e-03, -3.158718114718795e-03, -3.278669435530901e-03, -3.398620756343007e-03, -3.518572077155113e-03, -3.638523397967219e-03, -3.758474718779325e-03, -3.878426039591432e-03, -3.998377360403538e-03, -3.994778729975224e-03, -3.983983304351568e-03, -3.965990617871284e-03, -3.940800670534372e-03, -3.908413928002119e-03, -3.868829924613237e-03, -3.822049126029015e-03, -3.76807083375752e-03, -3.706895746290684e-03, -3.638523397967219e-03, -3.562954254448414e-03, -3.48018785007298e-03, -3.390224184840918e-03, -3.293063724413514e-03, -3.188706003129482e-03, -3.077151253819466e-03, -2.958399476483464e-03, -2.832450671121478e-03, -2.699304604902864e-03, -2.558961510658264e-03, -2.41142138838768e-03, -2.256684238091111e-03, -2.094750059768558e-03, -1.925618620589375e-03, -1.749290153384209e-03, -1.565764658153057e-03, -1.375042018480599e-03, -1.177122350782156e-03, -9.720055386424065e-04, -7.596916984766722e-04, -5.401807720772922e-04, -3.13472788548097e-04, -7.956771150929853e-05, -0e+00, -0e+00, -0e+00, -0e+00, -0e+00, -0e+00, -0e+00, -0e+00, -0e+00, -0e+00, -0e+00, -0e+00, -0e+00, -0e+00, -0e+00, -0e+00, -0e+00]
Q_flow.y=[0e+00, 0e+00, 0e+00, 0e+00, 0e+00, 0e+00, 0e+00, 0e+00, 0e+00, 0e+00, 0e+00, 0e+00, 0e+00, 0e+00, 0e+00, 0e+00, 0e+00, -1e+02, -4e+02, -7e+02, -1e+03, -1.3e+03, -1.6e+03, -1.9e+03, -2.2e+03, -2.5e+03, -2.8e+03, -3.100000000000001e+03, -3.400000000000001e+03, -3.7e+03, -4e+03, -4.3e+03, -4.6e+03, -4.9e+03, -5.2e+03, -5.5e+03, -5.8e+03, -6.1e+03, -6.4e+03, -6.7e+03, -7e+03, -7.3e+03, -7.6e+03, -7.9e+03, -8.2e+03, -8.5e+03, -8.8e+03, -9.1e+03, -9.4e+03, -9.7e+03, -1e+04, -1.03e+04, -1.06e+04, -1.09e+04, -1.12e+04, -1.15e+04, -1.18e+04, -1.21e+04, -1.24e+04, -1.27e+04, -1.3e+04, -1.33e+04, -1.36e+04, -1.39e+04, -1.42e+04, -1.45e+04, -1.48e+04, -1.51e+04, -1.54e+04, -1.57e+04, -1.6e+04, -1.63e+04, -1.66e+04, -1.69e+04, -1.72e+04, -1.75e+04, -1.78e+04, -1.81e+04, -1.84e+04, -1.87e+04, -1.9e+04, -1.93e+04, -1.96e+04, -1.99e+04, -2e+04, -2e+04, -2e+04, -2e+04, -2e+04, -2e+04, -2e+04, -2e+04, -2e+04, -2e+04, -2e+04, -2e+04, -2e+04, -2e+04, -2e+04, -2e+04, -2e+04]
shr.y=[0e+00, 0e+00, 0e+00, 0e+00, 0e+00, 0e+00, 0e+00, 0e+00, 0e+00, 0e+00, 0e+00, 0e+00, 0e+00, 0e+00, 0e+00, 0e+00, 0e+00, 0e+00, 0e+00, 0e+00, 0e+00, 0e+00, 0e+00, 0e+00, 0e+00, 0e+00, 0e+00, 0e+00, 0e+00, 0e+00, 0e+00, 0e+00, 0e+00, 0e+00, 0e+00, 0e+00, 0e+00, 0e+00, 0e+00, 0e+00, 0e+00, 0e+00, 0e+00, 0e+00, 0e+00, 0e+00, 0e+00, 0e+00, 0e+00, 0e+00, 0e+00, 2.999999932944775e-02, 5.999999865889549e-02, 9.000000357627869e-02, 1.199999973177912e-01, 1.500000059604647e-01, 1.800000071525576e-01, 2.099999934434891e-01, 2.39999994635582e-01, 2.700000107288361e-01, 3.00000011920929e-01, 3.300000131130219e-01, 3.600000143051147e-01, 3.899999856948853e-01, 4.199999868869781e-01, 4.49999988079071e-01, 4.799999892711639e-01, 5.099999904632568e-01, 5.400000214576721e-01, 5.699999928474426e-01, 6.000000238418579e-01, 6.299999952316284e-01, 6.600000262260437e-01, 6.899999976158142e-01, 7.200000286102295e-01, 7.5e-01, 7.799999713897705e-01, 8.100000023841858e-01, 8.399999737739563e-01, 8.700000047683716e-01, 8.999999761581421e-01, 9.300000071525574e-01, 9.599999785423279e-01, 9.900000095367432e-01, 1e+00, 1e+00, 1e+00, 1e+00, 1e+00, 1e+00, 1e+00, 1e+00, 1e+00, 1e+00, 1e+00, 1e+00, 1e+00, 1e+00, 1e+00, 1e+00, 1e+00]
