last-generated=2018-05-01
statistics-simulation=
{
  "linear": " ",
  "nonlinear": " ",
  "number of continuous time states": "3",
  "numerical Jacobians": "0"
}
der(hLiqCod)=[0e+00, 1.002100574179458e+02, 4.008402287758378e+02, 9.018905445911794e+02, 1.603360913311447e+03, 2.505251147534107e+03, 3.607562175677098e+03, 4.91029243925511e+03, 6.413443649661546e+03, 8.117013522243197e+03, 1.002100458715092e+04, 1.212541614822498e+04, 1.443024869733163e+04, 1.693549929881215e+04, 1.964116975582635e+04, 2.254725993880408e+04, 2.565377459147967e+04, 2.896070447246563e+04, 3.246805407463627e+04, 3.617582903767099e+04, 4.00840183426287e+04, 4.419263558515577e+04, 4.850166459051226e+04, 5.301111527256963e+04, 5.772099477857152e+04, 6.263128125e+04, 6.77419971761379e+04, 7.305311921578608e+04, 7.856467902091655e+04, 8.427666111677921e+04, 9.018903973130466e+04, 9.630185789848419e+04, 1.026150983515717e+05, 1.091287413535163e+05, 1.15842817882689e+05, 1.227573166930385e+05, 1.29872216269879e+05, 1.371875589735728e+05, 1.447033161411286e+05, 1.524194955851581e+05, 1.603360733585939e+05, 1.684530966958698e+05, 1.767705423142946e+05, 1.852883844752101e+05, 1.940066583572621e+05, 2.029253701501941e+05, 2.120444610735241e+05, 2.213640011253148e+05, 2.308839790927446e+05, 2.406043344034891e+05, 2.50525125e+05, 2.606463535168008e+05, 2.709679886662569e+05, 2.814900616974743e+05, 2.922124768207421e+05, 3.031353931334749e+05, 3.14258716078858e+05, 3.25582476935181e+05, 3.371066444333184e+05, 3.488312185638131e+05, 3.607561588779615e+05, 3.728815762902324e+05, 3.852074315844881e+05, 3.977336935302488e+05, 4.10460393377291e+05, 4.23387499856765e+05, 4.365149653617196e+05, 4.49842915123156e+05, 4.633712715166518e+05, 4.771000658019162e+05, 4.910292667480628e+05, 5.051589055763299e+05, 5.194888650229101e+05, 5.340193471329161e+05, 5.487502358754284e+05, 5.636815625e+05, 5.788132645453733e+05, 5.941454044728059e+05, 6.096779822822978e+05, 6.254109035692893e+05, 6.413442934108181e+05, 6.574781211342911e+05, 6.738123867691103e+05, 6.903470902955595e+05, 7.070821692040679e+05, 7.240175844322754e+05, 7.411535378723737e+05, 7.584898666952765e+05, 7.760266334194606e+05, 7.937638380449263e+05, 8.117014805524512e+05, 8.298393897218746e+05, 8.481778442614365e+05, 8.667167366828342e+05, 8.854560044965576e+05, 9.043957727205334e+05, 9.235359163274474e+05, 9.428763194380867e+05, 9.624173375760691e+05, 9.821587310970048e+05, 1.0021005e+06]
der(hLiqSym)=[0e+00, 1.002100574179458e+02, 4.008402287758378e+02, 9.018905445911794e+02, 1.603360913311447e+03, 2.505251147534107e+03, 3.607562175677098e+03, 4.91029243925511e+03, 6.413443649661546e+03, 8.117013522243197e+03, 1.002100458715092e+04, 1.212541614822498e+04, 1.443024869733163e+04, 1.693549929881215e+04, 1.964116975582635e+04, 2.254725993880408e+04, 2.565377459147967e+04, 2.896070447246563e+04, 3.246805407463627e+04, 3.617582903767099e+04, 4.00840183426287e+04, 4.419263558515577e+04, 4.850166459051226e+04, 5.301111527256963e+04, 5.772099477857152e+04, 6.263128125e+04, 6.77419971761379e+04, 7.305311921578608e+04, 7.856467902091655e+04, 8.427666111677921e+04, 9.018903973130466e+04, 9.630185789848419e+04, 1.026150983515717e+05, 1.091287413535163e+05, 1.15842817882689e+05, 1.227573166930385e+05, 1.29872216269879e+05, 1.371875589735728e+05, 1.447033161411286e+05, 1.524194955851581e+05, 1.603360733585939e+05, 1.684530966958698e+05, 1.767705423142946e+05, 1.852883844752101e+05, 1.940066583572621e+05, 2.029253701501941e+05, 2.120444610735241e+05, 2.213640011253148e+05, 2.308839790927446e+05, 2.406043344034891e+05, 2.50525125e+05, 2.606463535168008e+05, 2.709679886662569e+05, 2.814900616974743e+05, 2.922124768207421e+05, 3.031353931334749e+05, 3.14258716078858e+05, 3.25582476935181e+05, 3.371066444333184e+05, 3.488312185638131e+05, 3.607561588779615e+05, 3.728815762902324e+05, 3.852074315844881e+05, 3.977336935302488e+05, 4.10460393377291e+05, 4.23387499856765e+05, 4.365149653617196e+05, 4.49842915123156e+05, 4.633712715166518e+05, 4.771000658019162e+05, 4.910292667480628e+05, 5.051589055763299e+05, 5.194888650229101e+05, 5.340193471329161e+05, 5.487502358754284e+05, 5.636815625e+05, 5.788132645453733e+05, 5.941454044728059e+05, 6.096779822822978e+05, 6.254109035692893e+05, 6.413442934108181e+05, 6.574781211342911e+05, 6.738123867691103e+05, 6.903470902955595e+05, 7.070821692040679e+05, 7.240175844322754e+05, 7.411535378723737e+05, 7.584898666952765e+05, 7.760266334194606e+05, 7.937638380449263e+05, 8.117014805524512e+05, 8.298393897218746e+05, 8.481778442614365e+05, 8.667167366828342e+05, 8.854560044965576e+05, 9.043957727205334e+05, 9.235359163274474e+05, 9.428763194380867e+05, 9.624173375760691e+05, 9.821587310970048e+05, 1.0021005e+06]
der(cvCod)=[0e+00, 0e+00]
der(cpSym)=[0e+00, 0e+00, 0e+00, 0e+00, 0e+00, 0e+00, 0e+00, 0e+00, 0e+00, 0e+00, 0e+00, 0e+00, 0e+00, 0e+00, 0e+00, 0e+00, 0e+00, 0e+00, 0e+00, 0e+00, 0e+00, 0e+00, 0e+00, 0e+00, 0e+00, 0e+00, 0e+00, 0e+00, 0e+00, 0e+00, 0e+00, 0e+00, 0e+00, 0e+00, 0e+00, 0e+00, 0e+00, 0e+00, 0e+00, 0e+00, 0e+00, 0e+00, 0e+00, 0e+00, 0e+00, 0e+00, 0e+00, 0e+00, 0e+00, 0e+00, 0e+00, 0e+00, 0e+00, 0e+00, 0e+00, 0e+00, 0e+00, 0e+00, 0e+00, 0e+00, 0e+00, 0e+00, 0e+00, 0e+00, 0e+00, 0e+00, 0e+00, 0e+00, 0e+00, 0e+00, 0e+00, 0e+00, 0e+00, 0e+00, 0e+00, 0e+00, 0e+00, 0e+00, 0e+00, 0e+00, 0e+00, 0e+00, 0e+00, 0e+00, 0e+00, 0e+00, 0e+00, 0e+00, 0e+00, 0e+00, 0e+00, 0e+00, 0e+00, 0e+00, 0e+00, 0e+00, 0e+00, 0e+00, 0e+00, 0e+00, 0e+00]
time=[0e+00, 1e+00]
der(cpCod)=[0e+00, 0e+00]
der(cvSym)=[0e+00, 0e+00, 0e+00, 0e+00, 0e+00, 0e+00, 0e+00, 0e+00, 0e+00, 0e+00, 0e+00, 0e+00, 0e+00, 0e+00, 0e+00, 0e+00, 0e+00, 0e+00, 0e+00, 0e+00, 0e+00, 0e+00, 0e+00, 0e+00, 0e+00, 0e+00, 0e+00, 0e+00, 0e+00, 0e+00, 0e+00, 0e+00, 0e+00, 0e+00, 0e+00, 0e+00, 0e+00, 0e+00, 0e+00, 0e+00, 0e+00, 0e+00, 0e+00, 0e+00, 0e+00, 0e+00, 0e+00, 0e+00, 0e+00, 0e+00, 0e+00, 0e+00, 0e+00, 0e+00, 0e+00, 0e+00, 0e+00, 0e+00, 0e+00, 0e+00, 0e+00, 0e+00, 0e+00, 0e+00, 0e+00, 0e+00, 0e+00, 0e+00, 0e+00, 0e+00, 0e+00, 0e+00, 0e+00, 0e+00, 0e+00, 0e+00, 0e+00, 0e+00, 0e+00, 0e+00, 0e+00, 0e+00, 0e+00, 0e+00, 0e+00, 0e+00, 0e+00, 0e+00, 0e+00, 0e+00, 0e+00, 0e+00, 0e+00, 0e+00, 0e+00, 0e+00, 0e+00, 0e+00, 0e+00, 0e+00, 0e+00]
