last-generated=2020-05-01
statistics-initialization=
{
  "nonlinear": "1, 2, 1, 1, 17",
  "numerical Jacobians": "0"
}
statistics-simulation=
{
  "linear": "0, 2",
  "nonlinear": "1, 0, 1, 1",
  "number of continuous time states": "36",
  "numerical Jacobians": "0"
}
time=[1.30464e+07, 1.36512e+07]
TAirSup.T=[2.931499938964844e+02, 3.001499938964844e+02, 3.001499938964844e+02, 3.001499938964844e+02, 3.001499938964844e+02, 3.001499938964844e+02, 3.001499938964844e+02, 3.001499938964844e+02, 3.001499938964844e+02, 3.001499938964844e+02, 3.001499938964844e+02, 3.001499938964844e+02, 3.001499938964844e+02, 3.001499938964844e+02, 3.001499938964844e+02, 3.001499938964844e+02, 3.001499938964844e+02, 3.001499938964844e+02, 3.001499938964844e+02, 3.001499938964844e+02, 3.001499938964844e+02, 3.001499938964844e+02, 3.001499938964844e+02, 3.001499938964844e+02, 3.001499938964844e+02, 3.001499938964844e+02, 3.001499938964844e+02, 3.001499938964844e+02, 3.001499938964844e+02, 3.001499938964844e+02, 3.001499938964844e+02, 3.001499938964844e+02, 3.001499938964844e+02, 3.001499938964844e+02, 3.001499938964844e+02, 3.001499938964844e+02, 3.001499938964844e+02, 3.001499938964844e+02, 3.001499938964844e+02, 3.001499938964844e+02, 3.001499938964844e+02, 3.001499938964844e+02, 3.001499938964844e+02, 3.001499938964844e+02, 3.001499938964844e+02, 3.001499938964844e+02, 3.001499938964844e+02, 3.001499938964844e+02, 3.001499938964844e+02, 3.001499938964844e+02, 3.001499938964844e+02, 3.001499938964844e+02, 3.001499938964844e+02, 3.001499938964844e+02, 3.001499938964844e+02, 3.001499938964844e+02, 3.001499938964844e+02, 3.001499938964844e+02, 3.001499938964844e+02, 3.001499938964844e+02, 3.001499938964844e+02, 3.001499938964844e+02, 3.001499938964844e+02, 3.001499938964844e+02, 3.001499938964844e+02, 3.001499938964844e+02, 3.001499938964844e+02, 3.001499938964844e+02, 3.001499938964844e+02, 3.001499938964844e+02, 3.001499938964844e+02, 3.001499938964844e+02, 3.001499938964844e+02, 3.001499938964844e+02, 3.001499938964844e+02, 3.001499938964844e+02, 3.001499938964844e+02, 3.001499938964844e+02, 3.001499938964844e+02, 3.001499938964844e+02, 3.001499938964844e+02, 3.001499938964844e+02, 3.001499938964844e+02, 3.001499938964844e+02, 3.001499938964844e+02, 3.001499938964844e+02, 3.001499938964844e+02, 3.001499938964844e+02, 3.001499938964844e+02, 3.001499938964844e+02, 3.001499938964844e+02, 3.001499938964844e+02, 3.001499938964844e+02, 3.001499938964844e+02, 3.001499938964844e+02, 3.001499938964844e+02, 3.001499938964844e+02, 3.001499938964844e+02, 3.001499938964844e+02, 3.001499938964844e+02, 3.001499938964844e+02]
wseCon.TWetBul=[2.844858093261719e+02, 2.834715576171875e+02, 2.829568786621094e+02, 2.828070983886719e+02, 2.848774719238281e+02, 2.875459594726562e+02, 2.884844360351562e+02, 2.896076049804688e+02, 2.909797973632812e+02, 2.8903076171875e+02, 2.872432250976562e+02, 2.870641174316406e+02, 2.849694213867188e+02, 2.843607788085938e+02, 2.845770874023438e+02, 2.85535400390625e+02, 2.845386047363281e+02, 2.850776977539062e+02, 2.872312622070312e+02, 2.895999145507812e+02, 2.900781860351562e+02, 2.908323974609375e+02, 2.903692626953125e+02, 2.933598937988281e+02, 2.907900695800781e+02, 2.897002868652344e+02, 2.878341674804688e+02, 2.864609985351562e+02, 2.858329772949219e+02, 2.84898681640625e+02, 2.845455017089844e+02, 2.840979614257812e+02, 2.846915588378906e+02, 2.866980895996094e+02, 2.894844360351562e+02, 2.905605773925781e+02, 2.898400573730469e+02, 2.892135925292969e+02, 2.886842651367188e+02, 2.876805419921875e+02, 2.861279602050781e+02, 2.854315185546875e+02, 2.850214538574219e+02, 2.846820678710938e+02, 2.84269775390625e+02, 2.839901123046875e+02, 2.835350952148438e+02, 2.850743103027344e+02, 2.860832214355469e+02, 2.87207763671875e+02, 2.876419067382812e+02, 2.873394470214844e+02, 2.874885559082031e+02, 2.862336730957031e+02, 2.851725463867188e+02, 2.844575805664062e+02, 2.840713806152344e+02, 2.840713806152344e+02, 2.836749572753906e+02, 2.833572692871094e+02, 2.843591613769531e+02, 2.8663427734375e+02, 2.889064636230469e+02, 2.899183349609375e+02, 2.91707763671875e+02, 2.919206848144531e+02, 2.900424194335938e+02, 2.880520935058594e+02, 2.860263671875e+02, 2.851222534179688e+02, 2.845104064941406e+02, 2.84646240234375e+02, 2.840740661621094e+02, 2.839281616210938e+02, 2.838663330078125e+02, 2.845386047363281e+02, 2.870645446777344e+02, 2.886944580078125e+02, 2.896856689453125e+02, 2.909143676757812e+02, 2.893129577636719e+02, 2.881046752929688e+02, 2.864642639160156e+02, 2.849936828613281e+02, 2.841958312988281e+02, 2.842282104492188e+02, 2.844829711914062e+02, 2.843398742675781e+02, 2.840713806152344e+02, 2.842675476074219e+02, 2.858031921386719e+02, 2.865771179199219e+02, 2.870211791992188e+02, 2.871326904296875e+02, 2.867579345703125e+02, 2.865194702148438e+02, 2.860513000488281e+02, 2.847625427246094e+02, 2.838861694335938e+02, 2.837900695800781e+02, 2.835923156738281e+02]
wseCon.y1=[0e+00, 1e+00, 1e+00, 1e+00, 1e+00, 1e+00, 1e+00, 1e+00, 1e+00, 1e+00, 1e+00, 1e+00, 1e+00, 1e+00, 1e+00, 1e+00, 1e+00, 1e+00, 1e+00, 1e+00, 1e+00, 1e+00, 1e+00, 1e+00, 1e+00, 1e+00, 1e+00, 1e+00, 1e+00, 1e+00, 1e+00, 1e+00, 1e+00, 1e+00, 1e+00, 1e+00, 1e+00, 1e+00, 1e+00, 1e+00, 1e+00, 1e+00, 1e+00, 1e+00, 1e+00, 1e+00, 1e+00, 1e+00, 1e+00, 1e+00, 1e+00, 1e+00, 1e+00, 1e+00, 1e+00, 1e+00, 1e+00, 1e+00, 1e+00, 1e+00, 1e+00, 1e+00, 1e+00, 1e+00, 1e+00, 1e+00, 1e+00, 1e+00, 1e+00, 1e+00, 1e+00, 1e+00, 1e+00, 1e+00, 1e+00, 1e+00, 1e+00, 1e+00, 1e+00, 1e+00, 1e+00, 1e+00, 1e+00, 1e+00, 1e+00, 1e+00, 1e+00, 1e+00, 1e+00, 1e+00, 1e+00, 1e+00, 1e+00, 1e+00, 1e+00, 1e+00, 1e+00, 1e+00, 1e+00, 1e+00, 1e+00]
chiCon.y=[0e+00, 1e+00, 1e+00, 1e+00, 1e+00, 1e+00, 1e+00, 1e+00, 1e+00, 1e+00, 1e+00, 1e+00, 1e+00, 1e+00, 1e+00, 1e+00, 1e+00, 1e+00, 1e+00, 1e+00, 1e+00, 1e+00, 1e+00, 1e+00, 1e+00, 1e+00, 1e+00, 1e+00, 1e+00, 1e+00, 1e+00, 1e+00, 1e+00, 1e+00, 1e+00, 1e+00, 1e+00, 1e+00, 1e+00, 1e+00, 1e+00, 1e+00, 1e+00, 1e+00, 1e+00, 1e+00, 1e+00, 1e+00, 1e+00, 1e+00, 1e+00, 1e+00, 1e+00, 1e+00, 1e+00, 1e+00, 1e+00, 1e+00, 1e+00, 1e+00, 1e+00, 1e+00, 1e+00, 1e+00, 1e+00, 1e+00, 1e+00, 1e+00, 1e+00, 1e+00, 1e+00, 1e+00, 1e+00, 1e+00, 1e+00, 1e+00, 1e+00, 1e+00, 1e+00, 1e+00, 1e+00, 1e+00, 1e+00, 1e+00, 1e+00, 1e+00, 1e+00, 1e+00, 1e+00, 1e+00, 1e+00, 1e+00, 1e+00, 1e+00, 1e+00, 1e+00, 1e+00, 1e+00, 1e+00, 1e+00, 1e+00]
pumCHW.m_flow=[4.995555400848389e+00, 7.858957767486572e+00, 7.858957767486572e+00, 7.858957767486572e+00, 7.858957767486572e+00, 7.858957767486572e+00, 7.858957767486572e+00, 7.858957767486572e+00, 7.858957767486572e+00, 7.858957767486572e+00, 7.858957767486572e+00, 7.858957767486572e+00, 7.858957767486572e+00, 7.858957767486572e+00, 7.858957767486572e+00, 7.858957767486572e+00, 7.858957767486572e+00, 7.858957767486572e+00, 7.858957767486572e+00, 7.858957767486572e+00, 7.858957767486572e+00, 7.858957767486572e+00, 7.858957767486572e+00, 7.858957767486572e+00, 7.858957767486572e+00, 7.858957767486572e+00, 7.858957767486572e+00, 7.858957767486572e+00, 7.858957767486572e+00, 7.858957767486572e+00, 7.858957767486572e+00, 7.858957767486572e+00, 7.858957767486572e+00, 7.858957767486572e+00, 7.858957767486572e+00, 7.858957767486572e+00, 7.858957767486572e+00, 7.858957767486572e+00, 7.858957767486572e+00, 7.858957767486572e+00, 7.858957767486572e+00, 7.858957767486572e+00, 7.858957767486572e+00, 7.858957767486572e+00, 7.858957767486572e+00, 7.858957767486572e+00, 7.858957767486572e+00, 7.858957767486572e+00, 7.858957767486572e+00, 7.858957767486572e+00, 7.858957767486572e+00, 7.858957767486572e+00, 7.858957767486572e+00, 7.858957767486572e+00, 7.858957767486572e+00, 7.858957767486572e+00, 7.858957767486572e+00, 7.858957767486572e+00, 7.858957767486572e+00, 7.858957767486572e+00, 7.858957767486572e+00, 7.858957767486572e+00, 7.858957767486572e+00, 7.858957767486572e+00, 7.858957767486572e+00, 7.858957767486572e+00, 7.858957767486572e+00, 7.858957767486572e+00, 7.858957767486572e+00, 7.858957767486572e+00, 7.858957767486572e+00, 7.858957767486572e+00, 7.858957767486572e+00, 7.858957767486572e+00, 7.858957767486572e+00, 7.858957767486572e+00, 7.858957767486572e+00, 7.858957767486572e+00, 7.858957767486572e+00, 7.858957767486572e+00, 7.858957767486572e+00, 7.858957767486572e+00, 7.858957767486572e+00, 7.858957767486572e+00, 7.858957767486572e+00, 7.858957767486572e+00, 7.858957767486572e+00, 7.858957767486572e+00, 7.858957767486572e+00, 7.858957767486572e+00, 7.858957767486572e+00, 7.858957767486572e+00, 7.858957767486572e+00, 7.858957767486572e+00, 7.858957767486572e+00, 7.858957767486572e+00, 7.858957767486572e+00, 7.858957767486572e+00, 7.858957767486572e+00, 7.858957767486572e+00, 7.858957767486572e+00]
