last-generated=2022-11-01
statistics-simulation=
{
  "linear": " ",
  "nonlinear": " ",
  "number of continuous time states": "20",
  "numerical Jacobians": "0"
}
time=[0e+00, 3.6e+03]
oriWesTop.port_a.m_flow=[5.965141952037811e-02, 3.255993127822876e-03, 2.93861678801477e-03, 2.666717628017068e-03, 2.424743957817554e-03, 2.200253307819366e-03, 1.995222177356482e-03, 1.800205325707793e-03, 1.641540555283427e-03, 1.480129081755877e-03, 1.342821284197271e-03, 1.211598515510559e-03, 1.087016426026821e-03, 9.694929467514157e-04, 8.57031380292028e-04, 7.488589035347104e-04, 6.436181138269603e-04, 5.383367533795536e-04, 4.347780195530504e-04, 3.418395353946835e-04, 1.716525875963271e-04, 1.240236888406798e-04, 4.528306817519478e-05, -4.134233313379809e-05, -1.222000137204304e-04, -1.967850694200024e-04, -2.651223039720207e-04, -3.27299232594669e-04, -3.835120005533101e-04, -4.340456507634372e-04, -4.792589461430907e-04, -5.1957304822281e-04, -5.554258241318166e-04, -5.872438196092844e-04, -6.154373404569924e-04, -6.403939914889634e-04, -6.6247588256374e-04, -6.8201421527192e-04, -6.993083516135812e-04, -7.146272691898048e-04, -7.282106089405715e-04, -7.402708870358765e-04, -7.509954739362001e-04, -7.605496793985367e-04, -7.690790225751698e-04, -7.767082424834371e-04, -7.835500291548669e-04, -7.896958268247545e-04, -7.952339947223663e-04, -8.002339163795114e-04, -8.047581650316715e-04, -8.088603499345481e-04, -8.125893655233085e-04, -8.159881690517068e-04, -8.190912776626647e-04, -8.219321025535464e-04, -8.245380595326424e-04, -8.269345853477716e-04, -8.291414123959839e-04, -8.311764104291797e-04, -8.330559358000755e-04, -8.347937255166471e-04, -8.36401479318738e-04, -8.378899656236172e-04, -8.392686722800136e-04, -8.405463304370642e-04, -8.417298085987568e-04, -8.428251603618264e-04, -8.438393124379218e-04, -8.447776781395078e-04, -8.456445066258311e-04, -8.464456186629832e-04, -8.471853216178715e-04, -8.4786576917395e-04, -8.484913851134479e-04, -8.490653708577156e-04, -8.495894144289196e-04, -8.500661351718009e-04, -8.504973957315087e-04, -8.508857572451234e-04, -8.512326166965067e-04, -8.515393128618598e-04, -8.518071845173836e-04, -8.520375122316182e-04, -8.522330899722874e-04, -8.523944416083395e-04, -8.525229641236365e-04, -8.526200545020401e-04, -8.526865276508033e-04, -8.52722383569926e-04, -8.527292520739138e-04, -8.527079480700195e-04, -8.526595192961395e-04, -8.525850716978312e-04, -8.524858276359737e-04, -8.523628348484635e-04, -8.52217257488519e-04, -8.5205037612468e-04, -8.518616668879986e-04, -8.51651537232101e-04, -8.514210931025445e-04]
oriEasTop.port_a.m_flow=[-5.94506673514843e-02, 3.256224095821381e-03, 2.938731340691447e-03, 2.667386317625642e-03, 2.415829570963979e-03, 2.190709812566638e-03, 1.988173928111792e-03, 1.813885755836963e-03, 1.636531203985214e-03, 1.490285038016737e-03, 1.343621523119509e-03, 1.210523420013487e-03, 1.086923643015325e-03, 9.69270127825439e-04, 8.567897602915762e-04, 7.477623876184225e-04, 6.413433002308011e-04, 5.384029354900122e-04, 4.351887037046254e-04, 3.236635529901832e-04, 2.942351857200265e-04, 1.494891766924411e-04, 4.470318526728079e-05, -4.174288915237412e-05, -1.223129947902635e-04, -1.968831347767264e-04, -2.652235270943493e-04, -3.274002228863539e-04, -3.836145624518396e-04, -4.341494350228459e-04, -4.793637490365654e-04, -5.196788697503507e-04, -5.555325769819319e-04, -5.873513291589916e-04, -6.155456067062914e-04, -6.405028398148715e-04, -6.625851383432746e-04, -6.821239367127419e-04, -6.994184223003685e-04, -7.147375727072358e-04, -7.283210870809853e-04, -7.40381539799273e-04, -7.511061266995966e-04, -7.606603321619332e-04, -7.691896171309054e-04, -7.768187788315117e-04, -7.836603908799589e-04, -7.898061303421855e-04, -7.953442400321364e-04, -8.003442198969424e-04, -8.048682939261198e-04, -8.089698967523873e-04, -8.126983884721994e-04, -8.16097017377615e-04, -8.191999513655901e-04, -8.22040718048811e-04, -8.246465004049242e-04, -8.270425023511052e-04, -8.292488055303693e-04, -8.312835125252604e-04, -8.331626886501908e-04, -8.349001873284578e-04, -8.365082903765142e-04, -8.379968930967152e-04, -8.393751922994852e-04, -8.406522683799267e-04, -8.418349898420274e-04, -8.429296431131661e-04, -8.439435623586178e-04, -8.448822190985084e-04, -8.457490475848317e-04, -8.465501014143229e-04, -8.472896879538894e-04, -8.479699608869851e-04, -8.48594936542213e-04, -8.491677581332624e-04, -8.496909285895526e-04, -8.501671836711466e-04, -8.505987352691591e-04, -8.509866311214864e-04, -8.513330831192434e-04, -8.516397210769355e-04, -8.519082912243903e-04, -8.521401905454695e-04, -8.523353608325124e-04, -8.524960721842945e-04, -8.526236633770168e-04, -8.527197642251849e-04, -8.527853060513735e-04, -8.528197649866343e-04, -8.528255857527256e-04, -8.528041071258485e-04, -8.527569007128477e-04, -8.52684082929045e-04, -8.525854791514575e-04, -8.524630684405565e-04, -8.523177239112556e-04, -8.521504350937903e-04, -8.519612019881606e-04, -8.517505484633148e-04, -8.515192312188447e-04]
oriOutTop.port_a.m_flow=[3.666715025901794e-01, 9.229369461536407e-03, 9.139980189502239e-03, 9.073544293642044e-03, 9.021734818816185e-03, 8.979838341474533e-03, 8.944342844188213e-03, 8.913646452128887e-03, 8.88616219162941e-03, 8.861620910465717e-03, 8.838595822453499e-03, 8.81711021065712e-03, 8.796783164143562e-03, 8.77731665968895e-03, 8.758509531617165e-03, 8.740188553929329e-03, 8.722218684852123e-03, 8.704466745257378e-03, 8.686854504048824e-03, 8.669192902743816e-03, 8.654286153614521e-03, 8.633954450488091e-03, 8.618783205747604e-03, 8.602856658399105e-03, 8.587336167693138e-03, 8.572426624596119e-03, 8.558079600334167e-03, 8.544287644326687e-03, 8.531038649380207e-03, 8.518311195075512e-03, 8.506076410412788e-03, 8.494297973811626e-03, 8.482939563691616e-03, 8.471962064504623e-03, 8.461331017315388e-03, 8.451011031866074e-03, 8.440968580543995e-03, 8.431173861026764e-03, 8.421598002314568e-03, 8.41221772134304e-03, 8.403008803725243e-03, 8.393951691687107e-03, 8.385029621422291e-03, 8.376224897801876e-03, 8.367526344954967e-03, 8.358919993042946e-03, 8.35039559751749e-03, 8.341945707798004e-03, 8.333560079336166e-03, 8.325233124196529e-03, 8.31696018576622e-03, 8.308733813464642e-03, 8.30055121332407e-03, 8.292407728731632e-03, 8.284300565719604e-03, 8.276226930320263e-03, 8.268184028565884e-03, 8.260169066488743e-03, 8.252180181443691e-03, 8.244217373430729e-03, 8.236278779804707e-03, 8.2283616065979e-03, 8.220466785132885e-03, 8.212592452764511e-03, 8.204738609492779e-03, 8.196904323995113e-03, 8.18908866494894e-03, 8.181291632354259e-03, 8.173512294888496e-03, 8.165750652551651e-03, 8.158005774021149e-03, 8.150278590619564e-03, 8.142569102346897e-03, 8.134874515235424e-03, 8.127195760607719e-03, 8.119532838463783e-03, 8.11188668012619e-03, 8.104256354272366e-03, 8.096642792224884e-03, 8.089044131338596e-03, 8.081459440290928e-03, 8.073889650404453e-03, 8.066335693001747e-03, 8.05879570543766e-03, 8.051271550357342e-03, 8.043762296438217e-03, 8.03627073764801e-03, 8.028795942664146e-03, 8.021337911486626e-03, 8.01389105618e-03, 8.006458170711994e-03, 7.999037392437458e-03, 7.991628721356392e-03, 7.984234020113945e-03, 7.976858876645565e-03, 7.969501428306103e-03, 7.962162606418133e-03, 7.954846136271954e-03, 7.94754084199667e-03, 7.940242998301983e-03, 7.932953536510468e-03]
oriOutBot.port_a.m_flow=[3.664178252220154e-01, -9.229788556694984e-03, -9.140221402049065e-03, -9.073677472770214e-03, -9.021913632750511e-03, -8.979668840765953e-03, -8.944328874349594e-03, -8.913564495742321e-03, -8.886382915079594e-03, -8.861293084919453e-03, -8.838487789034843e-03, -8.817055262625217e-03, -8.796712383627892e-03, -8.777243085205555e-03, -8.758435025811195e-03, -8.740120567381382e-03, -8.722157217562199e-03, -8.704422973096371e-03, -8.686770685017109e-03, -8.669449016451836e-03, -8.649876341223717e-03, -8.636419661343098e-03, -8.618656545877457e-03, -8.602632209658623e-03, -8.5872458294034e-03, -8.57234001159668e-03, -8.55798926204443e-03, -8.544196374714375e-03, -8.530944585800171e-03, -8.518215268850327e-03, -8.505977690219879e-03, -8.494197390973568e-03, -8.482837118208408e-03, -8.471858687698841e-03, -8.461226709187031e-03, -8.450905792415142e-03, -8.440862409770489e-03, -8.431065827608109e-03, -8.421489968895912e-03, -8.41210875660181e-03, -8.402899838984013e-03, -8.393842726945877e-03, -8.384919725358486e-03, -8.376115001738071e-03, -8.367416448891163e-03, -8.358810096979141e-03, -8.350285701453686e-03, -8.3418358117342e-03, -8.333450183272362e-03, -8.325124159455299e-03, -8.316850289702415e-03, -8.308624848723412e-03, -8.30044224858284e-03, -8.292298763990402e-03, -8.284192532300949e-03, -8.276117965579033e-03, -8.268075063824654e-03, -8.260061033070087e-03, -8.25207307934761e-03, -8.244110271334648e-03, -8.236170746386051e-03, -8.22825450450182e-03, -8.220360614359379e-03, -8.212486281991005e-03, -8.204632438719273e-03, -8.196798153221607e-03, -8.188983425498009e-03, -8.181186392903328e-03, -8.173407986760139e-03, -8.165646344423294e-03, -8.157902397215366e-03, -8.150175213813782e-03, -8.142463862895966e-03, -8.134770207107067e-03, -8.127092383801937e-03, -8.11943132430315e-03, -8.111785165965557e-03, -8.104154840111732e-03, -8.096539415419102e-03, -8.088940754532814e-03, -8.081357926130295e-03, -8.073790930211544e-03, -8.066238835453987e-03, -8.058703504502773e-03, -8.051183074712753e-03, -8.043677546083927e-03, -8.036185055971146e-03, -8.028704673051834e-03, -8.021238259971142e-03, -8.013790473341942e-03, -8.00635851919651e-03, -7.998943328857422e-03, -7.991546764969826e-03, -7.984164170920849e-03, -7.976791821420193e-03, -7.969431579113007e-03, -7.962080650031567e-03, -7.954736240208149e-03, -7.947409525513649e-03, -7.94010516256094e-03, -7.932820357382298e-03]
dooOpeClo.port_a1.m_flow=[4.811525940895081e-01, 2.420848160982132e-01, 2.034276127815247e-01, 1.71556755900383e-01, 1.454123109579086e-01, 1.238989755511284e-01, 1.059842333197594e-01, 9.081981331109999e-02, 7.777012139558792e-02, 6.633514165878296e-02, 5.613856762647629e-02, 4.686161875724792e-02, 3.830048814415932e-02, 3.032374754548073e-02, 2.282628789544104e-02, 1.564031094312668e-02, 8.474486880004406e-03, 1.121253706514835e-03, 3.462543012574315e-03, 1.06963524594903e-02, 1.723253913223743e-02, 2.338805422186852e-02, 2.924949303269386e-02, 3.477291017770767e-02, 3.989959135651588e-02, 4.459872469305992e-02, 4.885990172624588e-02, 5.268971994519235e-02, 5.61056211590767e-02, 5.913163349032402e-02, 6.179666891694069e-02, 6.413304060697556e-02, 6.617246568202972e-02, 6.79444819688797e-02, 6.947723031044006e-02, 7.079723477363586e-02, 7.192929834127426e-02, 7.28960707783699e-02, 7.371801137924194e-02, 7.44134858250618e-02, 7.499881833791733e-02, 7.548847794532776e-02, 7.589518278837204e-02, 7.623013108968735e-02, 7.650316506624222e-02, 7.672266662120819e-02, 7.689619064331055e-02, 7.702983170747757e-02, 7.712946087121964e-02, 7.719964534044266e-02, 7.724446803331375e-02, 7.726740837097168e-02, 7.727160304784775e-02, 7.725981622934341e-02, 7.723420858383179e-02, 7.71968811750412e-02, 7.714951783418655e-02, 7.709366828203201e-02, 7.70304948091507e-02, 7.696104794740677e-02, 7.688626646995544e-02, 7.680691778659821e-02, 7.672365009784698e-02, 7.663701474666595e-02, 7.654749602079391e-02, 7.645554095506668e-02, 7.636146992444992e-02, 7.626556605100632e-02, 7.616817206144333e-02, 7.606954127550125e-02, 7.596980035305023e-02, 7.586924731731415e-02, 7.576806098222733e-02, 7.566626369953156e-02, 7.556405663490295e-02, 7.546153664588928e-02, 7.535874843597412e-02, 7.525577396154404e-02, 7.515265792608261e-02, 7.504945993423462e-02, 7.494619488716125e-02, 7.48429000377655e-02, 7.473957538604736e-02, 7.463624328374863e-02, 7.453295588493347e-02, 7.44297131896019e-02, 7.432654500007629e-02, 7.422348111867905e-02, 7.412052154541016e-02, 7.401760667562485e-02, 7.391480356454849e-02, 7.381212711334229e-02, 7.370962202548981e-02, 7.360726594924927e-02, 7.350506633520126e-02, 7.340306788682938e-02, 7.330130040645599e-02, 7.31997936964035e-02, 7.309848815202713e-02, 7.299736887216568e-02, 7.289647310972214e-02]
dooOpeClo.port_a2.m_flow=[1.375604569911957e-01, 2.388290166854858e-01, 2.004891186952591e-01, 1.688865572214127e-01, 1.429997980594635e-01, 1.217060312628746e-01, 1.039904728531837e-01, 8.901751786470412e-02, 7.61297196149826e-02, 6.485207378864288e-02, 5.479590967297554e-02, 4.565010592341423e-02, 3.721350058913231e-02, 2.935431152582169e-02, 2.196932584047316e-02, 1.489183865487576e-02, 7.831739261746407e-03, 5.828699213452637e-04, 3.027582075446844e-03, 1.036253944039345e-02, 1.700911112129688e-02, 2.325445786118507e-02, 2.920435555279255e-02, 3.481432050466537e-02, 4.002181068062782e-02, 4.479552060365677e-02, 4.912503436207771e-02, 5.301702767610551e-02, 5.648913979530335e-02, 5.95657080411911e-02, 6.227594614028931e-02, 6.465262174606323e-02, 6.67278990149498e-02, 6.853172928094864e-02, 7.009267061948776e-02, 7.143763452768326e-02, 7.259176671504974e-02, 7.357808202505112e-02, 7.441732287406921e-02, 7.512810826301575e-02, 7.572703063488007e-02, 7.622875273227692e-02, 7.664617896080017e-02, 7.699068635702133e-02, 7.727224379777908e-02, 7.749937474727631e-02, 7.767974585294724e-02, 7.781952619552612e-02, 7.792471349239349e-02, 7.799992710351944e-02, 7.804927229881287e-02, 7.807626575231552e-02, 7.808416336774826e-02, 7.807579636573792e-02, 7.80533030629158e-02, 7.801881432533264e-02, 7.797405123710632e-02, 7.79205858707428e-02, 7.785961031913757e-02, 7.77922049164772e-02, 7.77193084359169e-02, 7.764170318841934e-02, 7.756006717681885e-02, 7.74749293923378e-02, 7.738678157329559e-02, 7.729608565568924e-02, 7.72031843662262e-02, 7.710836082696915e-02, 7.701198011636734e-02, 7.691430300474167e-02, 7.681544125080109e-02, 7.671568542718887e-02, 7.661523669958115e-02, 7.65141174197197e-02, 7.641252130270004e-02, 7.631056010723114e-02, 7.620829343795776e-02, 7.610580325126648e-02, 7.600314170122147e-02, 7.590033859014511e-02, 7.57974237203598e-02, 7.569443434476852e-02, 7.559138536453247e-02, 7.548830658197403e-02, 7.53851979970932e-02, 7.528209686279297e-02, 7.517904043197632e-02, 7.507608085870743e-02, 7.49732032418251e-02, 7.487031072378159e-02, 7.476750016212463e-02, 7.466480135917664e-02, 7.456224411725998e-02, 7.445982843637466e-02, 7.43575319647789e-02, 7.425540685653687e-02, 7.415349781513214e-02, 7.405182719230652e-02, 7.395032793283463e-02, 7.384900003671646e-02, 7.374787330627441e-02]
volBotWes.T=[2.951499938964844e+02, 2.946032409667969e+02, 2.948128051757812e+02, 2.949517517089844e+02, 2.950464477539062e+02, 2.951123962402344e+02, 2.951589965820312e+02, 2.951922302246094e+02, 2.952159118652344e+02, 2.95232666015625e+02, 2.952442932128906e+02, 2.952521362304688e+02, 2.952571105957031e+02, 2.952599487304688e+02, 2.952612609863281e+02, 2.952615356445312e+02, 2.952611694335938e+02, 2.952605285644531e+02, 2.952598876953125e+02, 2.952591857910156e+02, 2.95258056640625e+02, 2.952562255859375e+02, 2.952534484863281e+02, 2.952495727539062e+02, 2.952443542480469e+02, 2.952376403808594e+02, 2.952294311523438e+02, 2.952197570800781e+02, 2.952086181640625e+02, 2.951961364746094e+02, 2.951823425292969e+02, 2.951673583984375e+02, 2.951513366699219e+02, 2.951343383789062e+02, 2.95116455078125e+02, 2.950978393554688e+02, 2.950785522460938e+02, 2.950586853027344e+02, 2.95038330078125e+02, 2.950175476074219e+02, 2.949963989257812e+02, 2.949749450683594e+02, 2.949532165527344e+02, 2.949313049316406e+02, 2.949092102050781e+02, 2.94886962890625e+02, 2.948645935058594e+02, 2.948421630859375e+02, 2.948196411132812e+02, 2.947970886230469e+02, 2.947745056152344e+02, 2.947519226074219e+02, 2.947293090820312e+02, 2.947067260742188e+02, 2.946841430664062e+02, 2.946615600585938e+02, 2.946390380859375e+02, 2.946165466308594e+02, 2.945940856933594e+02, 2.945716857910156e+02, 2.9454931640625e+02, 2.945270080566406e+02, 2.945047302246094e+02, 2.944825134277344e+02, 2.944603576660156e+02, 2.944382629394531e+02, 2.944162292480469e+02, 2.943942565917969e+02, 2.943723449707031e+02, 2.943504943847656e+02, 2.943287048339844e+02, 2.943069763183594e+02, 2.942852783203125e+02, 2.942637023925781e+02, 2.942421569824219e+02, 2.942206726074219e+02, 2.941992492675781e+02, 2.941778869628906e+02, 2.941566162109375e+02, 2.941353759765625e+02, 2.941142272949219e+02, 2.940931396484375e+02, 2.940720825195312e+02, 2.940511169433594e+02, 2.940302124023438e+02, 2.940093688964844e+02, 2.939885864257812e+02, 2.939678649902344e+02, 2.939472045898438e+02, 2.939266052246094e+02, 2.939060668945312e+02, 2.938855895996094e+02, 2.938651733398438e+02, 2.938448181152344e+02, 2.938245239257812e+02, 2.938042907714844e+02, 2.937841186523438e+02, 2.937640075683594e+02, 2.937439575195312e+02, 2.937239685058594e+02, 2.937040405273438e+02]
volBotEas.T=[2.981499938964844e+02, 2.968542175292969e+02, 2.965776062011719e+02, 2.963741455078125e+02, 2.962168579101562e+02, 2.960898742675781e+02, 2.959834899902344e+02, 2.958915710449219e+02, 2.958101196289062e+02, 2.957364501953125e+02, 2.956686096191406e+02, 2.956052551269531e+02, 2.955453796386719e+02, 2.954881896972656e+02, 2.9543310546875e+02, 2.953795776367188e+02, 2.953272094726562e+02, 2.952756042480469e+02, 2.952244262695312e+02, 2.951737976074219e+02, 2.951239929199219e+02, 2.950753173828125e+02, 2.950279846191406e+02, 2.94982177734375e+02, 2.949379577636719e+02, 2.948953857421875e+02, 2.948545227050781e+02, 2.948152770996094e+02, 2.947776794433594e+02, 2.947416076660156e+02, 2.947070007324219e+02, 2.946737365722656e+02, 2.946416931152344e+02, 2.946108093261719e+02, 2.945809020996094e+02, 2.945519409179688e+02, 2.945237731933594e+02, 2.944963684082031e+02, 2.944696044921875e+02, 2.944433898925781e+02, 2.94417724609375e+02, 2.943924865722656e+02, 2.9436767578125e+02, 2.943432006835938e+02, 2.943190612792969e+02, 2.942952270507812e+02, 2.942716064453125e+02, 2.942482299804688e+02, 2.942250671386719e+02, 2.942021179199219e+02, 2.941792907714844e+02, 2.941566467285156e+02, 2.941341552734375e+02, 2.941117858886719e+02, 2.940895385742188e+02, 2.940674133300781e+02, 2.940453796386719e+02, 2.940234680175781e+02, 2.940016479492188e+02, 2.939799194335938e+02, 2.939582824707031e+02, 2.939367370605469e+02, 2.939152526855469e+02, 2.938938598632812e+02, 2.9387255859375e+02, 2.93851318359375e+02, 2.938301391601562e+02, 2.938090515136719e+02, 2.937880554199219e+02, 2.9376708984375e+02, 2.937462158203125e+02, 2.937254028320312e+02, 2.937046508789062e+02, 2.936839904785156e+02, 2.936633605957031e+02, 2.93642822265625e+02, 2.936223449707031e+02, 2.936019287109375e+02, 2.935815734863281e+02, 2.93561279296875e+02, 2.935410461425781e+02, 2.935209045410156e+02, 2.935007934570312e+02, 2.934807434082031e+02, 2.934607849121094e+02, 2.934408569335938e+02, 2.934209899902344e+02, 2.934012145996094e+02, 2.933814697265625e+02, 2.933617858886719e+02, 2.933421936035156e+02, 2.933226318359375e+02, 2.933031311035156e+02, 2.9328369140625e+02, 2.932643432617188e+02, 2.932450256347656e+02, 2.932257385253906e+02, 2.9320654296875e+02, 2.931874084472656e+02, 2.931683349609375e+02, 2.931492919921875e+02]
volTopWes.T=[2.931499938964844e+02, 2.923880920410156e+02, 2.924149475097656e+02, 2.924391174316406e+02, 2.924610290527344e+02, 2.924809265136719e+02, 2.924990844726562e+02, 2.925156860351562e+02, 2.925309448242188e+02, 2.925450134277344e+02, 2.925580139160156e+02, 2.925700378417969e+02, 2.925812377929688e+02, 2.925916442871094e+02, 2.926013488769531e+02, 2.926104125976562e+02, 2.926189270019531e+02, 2.926268920898438e+02, 2.926343994140625e+02, 2.926414489746094e+02, 2.926481323242188e+02, 2.926544189453125e+02, 2.926603698730469e+02, 2.92666015625e+02, 2.9267138671875e+02, 2.92676513671875e+02, 2.926814575195312e+02, 2.926861877441406e+02, 2.926907348632812e+02, 2.926951293945312e+02, 2.926993408203125e+02, 2.92703369140625e+02, 2.92707275390625e+02, 2.927110290527344e+02, 2.927146606445312e+02, 2.927181701660156e+02, 2.927215270996094e+02, 2.927247924804688e+02, 2.927279357910156e+02, 2.927309875488281e+02, 2.927339172363281e+02, 2.927367553710938e+02, 2.927395324707031e+02, 2.927421875e+02, 2.927447814941406e+02, 2.927472534179688e+02, 2.927496948242188e+02, 2.927520446777344e+02, 2.927543334960938e+02, 2.927565307617188e+02, 2.927586975097656e+02, 2.927607727050781e+02, 2.927628173828125e+02, 2.927647705078125e+02, 2.927666931152344e+02, 2.927685546875e+02, 2.927703857421875e+02, 2.927721557617188e+02, 2.927738647460938e+02, 2.927755432128906e+02, 2.927771911621094e+02, 2.927787780761719e+02, 2.927803344726562e+02, 2.927818298339844e+02, 2.927833251953125e+02, 2.927847595214844e+02, 2.927861633300781e+02, 2.927875366210938e+02, 2.927888793945312e+02, 2.927901916503906e+02, 2.927914428710938e+02, 2.927926940917969e+02, 2.927939147949219e+02, 2.927951049804688e+02, 2.927962646484375e+02, 2.927974243164062e+02, 2.927985229492188e+02, 2.927996215820312e+02, 2.928006896972656e+02, 2.928017272949219e+02, 2.92802734375e+02, 2.928037414550781e+02, 2.928047180175781e+02, 2.928056640625e+02, 2.928066101074219e+02, 2.928075256347656e+02, 2.928084106445312e+02, 2.928092956542969e+02, 2.928101501464844e+02, 2.928109741210938e+02, 2.928117980957031e+02, 2.928126220703125e+02, 2.928134155273438e+02, 2.928141784667969e+02, 2.9281494140625e+02, 2.92815673828125e+02, 2.9281640625e+02, 2.928171081542969e+02, 2.928178100585938e+02, 2.928184814453125e+02, 2.928191528320312e+02]
volTopEas.T=[2.941499938964844e+02, 2.933304748535156e+02, 2.93306884765625e+02, 2.932854614257812e+02, 2.932659301757812e+02, 2.932481079101562e+02, 2.932317504882812e+02, 2.932167053222656e+02, 2.932028503417969e+02, 2.931900024414062e+02, 2.931781005859375e+02, 2.931670227050781e+02, 2.931566772460938e+02, 2.931470031738281e+02, 2.931379089355469e+02, 2.9312939453125e+02, 2.93121337890625e+02, 2.931137390136719e+02, 2.931065673828125e+02, 2.930997314453125e+02, 2.9309326171875e+02, 2.930870971679688e+02, 2.930812072753906e+02, 2.930755920410156e+02, 2.930702514648438e+02, 2.93065185546875e+02, 2.930603942871094e+02, 2.930557861328125e+02, 2.930514221191406e+02, 2.930472717285156e+02, 2.930433044433594e+02, 2.930395202636719e+02, 2.93035888671875e+02, 2.930324096679688e+02, 2.930290832519531e+02, 2.930259094238281e+02, 2.930228576660156e+02, 2.930199279785156e+02, 2.930171508789062e+02, 2.930144348144531e+02, 2.930118408203125e+02, 2.930093383789062e+02, 2.930069580078125e+02, 2.93004638671875e+02, 2.930024108886719e+02, 2.930002746582031e+02, 2.929981994628906e+02, 2.929962158203125e+02, 2.929942626953125e+02, 2.929924011230469e+02, 2.929906005859375e+02, 2.929888610839844e+02, 2.929871826171875e+02, 2.929855346679688e+02, 2.929839782714844e+02, 2.929824523925781e+02, 2.9298095703125e+02, 2.929795227050781e+02, 2.929781188964844e+02, 2.929767761230469e+02, 2.929754638671875e+02, 2.929741821289062e+02, 2.929729309082031e+02, 2.929717407226562e+02, 2.929705505371094e+02, 2.929694213867188e+02, 2.929683227539062e+02, 2.929672241210938e+02, 2.929661865234375e+02, 2.929651794433594e+02, 2.929641723632812e+02, 2.929631958007812e+02, 2.929622497558594e+02, 2.929613342285156e+02, 2.929604187011719e+02, 2.929595642089844e+02, 2.929587097167969e+02, 2.929578552246094e+02, 2.929570617675781e+02, 2.929562377929688e+02, 2.929554748535156e+02, 2.929547119140625e+02, 2.929539794921875e+02, 2.929532470703125e+02, 2.929525451660156e+02, 2.929518432617188e+02, 2.92951171875e+02, 2.929505004882812e+02, 2.929498596191406e+02, 2.9294921875e+02, 2.929485778808594e+02, 2.929479675292969e+02, 2.929473876953125e+02, 2.9294677734375e+02, 2.929462280273438e+02, 2.929456481933594e+02, 2.929450988769531e+02, 2.929445495605469e+02, 2.929440307617188e+02, 2.929435119628906e+02, 2.929429931640625e+02]
volOut.T=[2.831499938964844e+02, 2.831499938964844e+02]
oriWesTop.dp=[3.509163665771484e+01, 1.045512035489082e-01, 8.534298092126846e-02, 7.15816468000412e-02, 6.148196011781693e-02, 5.346440896391869e-02, 4.696307331323624e-02, 4.13181260228157e-02, 3.702501952648163e-02, 3.287724032998085e-02, 2.94920988380909e-02, 2.635945752263069e-02, 2.346369996666908e-02, 2.079145796597004e-02, 1.828035339713096e-02, 1.590117625892162e-02, 1.361527852714062e-02, 1.135226245969534e-02, 9.145267307758331e-03, 7.177430670708418e-03, 3.596300259232521e-03, 2.597521757707e-03, 9.480856242589653e-04, -8.65571666508913e-04, -2.559298649430275e-03, -4.12379577755928e-03, -5.560203921049833e-03, -6.870472338050608e-03, -8.058470673859123e-03, -9.129717014729977e-03, -1.009117159992456e-02, -1.095109898597002e-02, -1.171815767884254e-02, -1.240084134042263e-02, -1.30073893815279e-02, -1.354564633220434e-02, -1.40230068936944e-02, -1.444627903401852e-02, -1.48216625675559e-02, -1.515476126223803e-02, -1.545059494674206e-02, -1.57136395573616e-02, -1.59478597342968e-02, -1.61567684262991e-02, -1.634346880018711e-02, -1.651062816381454e-02, -1.66606679558754e-02, -1.679555326700211e-02, -1.691718772053719e-02, -1.702707447111607e-02, -1.712656766176224e-02, -1.721682958304882e-02, -1.729891821742058e-02, -1.737377420067787e-02, -1.744214631617069e-02, -1.750476285815239e-02, -1.756222359836102e-02, -1.761508360505104e-02, -1.766377314925194e-02, -1.770868338644505e-02, -1.775017566978931e-02, -1.778854615986347e-02, -1.782405562698841e-02, -1.785693503916264e-02, -1.788739673793316e-02, -1.79156307131052e-02, -1.794178783893585e-02, -1.796600036323071e-02, -1.7988421022892e-02, -1.800916902720928e-02, -1.802833937108517e-02, -1.80460549890995e-02, -1.806241646409035e-02, -1.807746849954128e-02, -1.809130981564522e-02, -1.810400933027267e-02, -1.811560243368149e-02, -1.812615059316158e-02, -1.813569478690624e-02, -1.814428903162479e-02, -1.815196499228477e-02, -1.815875433385372e-02, -1.816468313336372e-02, -1.816978119313717e-02, -1.817410998046398e-02, -1.817768067121506e-02, -1.818052493035793e-02, -1.818267442286015e-02, -1.818414777517319e-02, -1.818494126200676e-02, -1.818509213626385e-02, -1.818462088704109e-02, -1.818354800343513e-02, -1.818189956247807e-02, -1.817970350384712e-02, -1.817698031663895e-02, -1.817375794053078e-02, -1.8170066177845e-02, -1.816588826477528e-02, -1.816123723983765e-02, -1.815613731741905e-02]
oriEasTop.dp=[-3.485583877563477e+01, 1.045660302042961e-01, 8.534937351942062e-02, 7.161213457584381e-02, 6.114169582724571e-02, 5.31463660299778e-02, 4.675080254673958e-02, 4.16998565196991e-02, 3.689319640398026e-02, 3.313251584768295e-02, 2.951149269938469e-02, 2.633416093885899e-02, 2.346156723797321e-02, 2.078644186258316e-02, 1.827500015497207e-02, 1.587722077965736e-02, 1.356614660471678e-02, 1.135367713868618e-02, 9.153988212347031e-03, 6.793754175305367e-03, 6.173258647322655e-03, 3.131403122097254e-03, 9.35943506192416e-04, -8.739587501622736e-04, -2.561666769906878e-03, -4.125854931771755e-03, -5.562334321439266e-03, -6.872603669762616e-03, -8.060642518103126e-03, -9.131921455264091e-03, -1.009340491145849e-02, -1.095335930585861e-02, -1.17204450070858e-02, -1.240315195173025e-02, -1.300972141325474e-02, -1.354799699038267e-02, -1.402537152171135e-02, -1.444865856319666e-02, -1.482405420392752e-02, -1.515716221183538e-02, -1.545300334692001e-02, -1.571605540812016e-02, -1.595027931034565e-02, -1.61591898649931e-02, -1.634589210152626e-02, -1.651305146515369e-02, -1.66630893945694e-02, -1.679797470569611e-02, -1.691961102187634e-02, -1.702950149774551e-02, -1.712899096310139e-02, -1.721923984587193e-02, -1.730131916701794e-02, -1.737617142498493e-02, -1.74445416778326e-02, -1.750715635716915e-02, -1.756461523473263e-02, -1.761746406555176e-02, -1.766614243388176e-02, -1.771104894578457e-02, -1.775253191590309e-02, -1.77908968180418e-02, -1.782641373574734e-02, -1.785929687321186e-02, -1.788975112140179e-02, -1.791797205805779e-02, -1.794411242008209e-02, -1.796831004321575e-02, -1.79907251149416e-02, -1.801148056983948e-02, -1.803065091371536e-02, -1.80483665317297e-02, -1.806472614407539e-02, -1.807977259159088e-02, -1.809359900653362e-02, -1.810627430677414e-02, -1.811785064637661e-02, -1.812838762998581e-02, -1.813793741166592e-02, -1.814652234315872e-02, -1.815418899059296e-02, -1.816097646951675e-02, -1.816692017018795e-02, -1.817205362021923e-02, -1.81763730943203e-02, -1.817993074655533e-02, -1.818275451660156e-02, -1.818488352000713e-02, -1.818633265793324e-02, -1.818709634244442e-02, -1.818722486495972e-02, -1.818674989044666e-02, -1.818570494651794e-02, -1.818409375846386e-02, -1.818191073834896e-02, -1.817920058965683e-02, -1.817598193883896e-02, -1.817227900028229e-02, -1.816809177398682e-02, -1.816342957317829e-02, -1.815830916166306e-02]
oriOutTop.dp=[1.3259169921875e+03, 8.400519490242004e-01, 8.238582611083984e-01, 8.119251132011414e-01, 8.026794791221619e-01, 7.9524165391922e-01, 7.889671325683594e-01, 7.83561110496521e-01, 7.787364721298218e-01, 7.744410634040833e-01, 7.704218626022339e-01, 7.66680896282196e-01, 7.631499171257019e-01, 7.597760558128357e-01, 7.565234899520874e-01, 7.533619403839111e-01, 7.502672076225281e-01, 7.472163438796997e-01, 7.441956400871277e-01, 7.411726713180542e-01, 7.386258840560913e-01, 7.351593971252441e-01, 7.325780391693115e-01, 7.298731207847595e-01, 7.272419929504395e-01, 7.247189879417419e-01, 7.222951650619507e-01, 7.199690341949463e-01, 7.177379727363586e-01, 7.15597927570343e-01, 7.13543713092804e-01, 7.115690112113953e-01, 7.096672654151917e-01, 7.07831859588623e-01, 7.060564756393433e-01, 7.043352127075195e-01, 7.026622891426086e-01, 7.010324597358704e-01, 6.994410157203674e-01, 6.97883665561676e-01, 6.963565349578857e-01, 6.948562860488892e-01, 6.93379819393158e-01, 6.919245719909668e-01, 6.904881000518799e-01, 6.890684366226196e-01, 6.876637935638428e-01, 6.862727403640747e-01, 6.848937273025513e-01, 6.835258007049561e-01, 6.821678876876831e-01, 6.808191537857056e-01, 6.794788241386414e-01, 6.781462430953979e-01, 6.768209338188171e-01, 6.755023002624512e-01, 6.741899847984314e-01, 6.728835105895996e-01, 6.715826988220215e-01, 6.702872514724731e-01, 6.689968705177307e-01, 6.677114367485046e-01, 6.664307117462158e-01, 6.651546359062195e-01, 6.638829708099365e-01, 6.626157760620117e-01, 6.61352813243866e-01, 6.600940227508545e-01, 6.588392853736877e-01, 6.575886011123657e-01, 6.563418507575989e-01, 6.55099093914032e-01, 6.538602113723755e-01, 6.526250839233398e-01, 6.513936519622803e-01, 6.50165855884552e-01, 6.489418745040894e-01, 6.477216482162476e-01, 6.465052366256714e-01, 6.452922224998474e-01, 6.440827250480652e-01, 6.428766846656799e-01, 6.416742205619812e-01, 6.404752731323242e-01, 6.392797827720642e-01, 6.380879282951355e-01, 6.368998289108276e-01, 6.35715663433075e-01, 6.345351338386536e-01, 6.333575248718262e-01, 6.321831345558167e-01, 6.310118436813354e-01, 6.298434138298035e-01, 6.286784410476685e-01, 6.275175213813782e-01, 6.263604164123535e-01, 6.252074241638184e-01, 6.240589618682861e-01, 6.229133009910583e-01, 6.217698454856873e-01, 6.206287145614624e-01]
oriOutBot.dp=[1.3240830078125e+03, -8.401281833648682e-01, -8.239019513130188e-01, -8.119488954544067e-01, -8.027113676071167e-01, -7.952116131782532e-01, -7.889646887779236e-01, -7.835467457771301e-01, -7.787752151489258e-01, -7.743837833404541e-01, -7.704029679298401e-01, -7.666712403297424e-01, -7.631376385688782e-01, -7.59763240814209e-01, -7.565106749534607e-01, -7.533501982688904e-01, -7.502566576004028e-01, -7.472088932991028e-01, -7.441813349723816e-01, -7.412164807319641e-01, -7.378734350204468e-01, -7.355793714523315e-01, -7.325565814971924e-01, -7.298351526260376e-01, -7.272267937660217e-01, -7.247043251991272e-01, -7.22279965877533e-01, -7.199535369873047e-01, -7.177220582962036e-01, -7.155817151069641e-01, -7.135272026062012e-01, -7.115522623062134e-01, -7.096502184867859e-01, -7.078145742416382e-01, -7.060390114784241e-01, -7.04317569732666e-01, -7.026444673538208e-01, -7.010145783424377e-01, -6.994230151176453e-01, -6.978656053543091e-01, -6.963384747505188e-01, -6.948381662368774e-01, -6.933616995811462e-01, -6.919063925743103e-01, -6.904699802398682e-01, -6.890503168106079e-01, -6.876456737518311e-01, -6.86254620552063e-01, -6.848756670951843e-01, -6.835077404975891e-01, -6.821498870849609e-01, -6.808012127876282e-01, -6.794609427452087e-01, -6.781284213066101e-01, -6.768031716346741e-01, -6.754845380783081e-01, -6.741722822189331e-01, -6.728659272193909e-01, -6.715651154518127e-01, -6.702697277069092e-01, -6.689794063568115e-01, -6.676940321922302e-01, -6.66413426399231e-01, -6.651374101638794e-01, -6.63865864276886e-01, -6.625986695289612e-01, -6.613357663154602e-01, -6.600770354270935e-01, -6.588224172592163e-01, -6.575717926025391e-01, -6.563251614570618e-01, -6.550824046134949e-01, -6.538434028625488e-01, -6.526082754135132e-01, -6.513770222663879e-01, -6.501495242118835e-01, -6.489256620407104e-01, -6.477054357528687e-01, -6.464886665344238e-01, -6.452757120132446e-01, -6.440664529800415e-01, -6.428608894348145e-01, -6.416589021682739e-01, -6.404605507850647e-01, -6.392657160758972e-01, -6.380743980407715e-01, -6.368862390518188e-01, -6.357011795043945e-01, -6.345193386077881e-01, -6.333415508270264e-01, -6.321673989295959e-01, -6.309970021247864e-01, -6.29830539226532e-01, -6.28667414188385e-01, -6.275070309638977e-01, -6.263495087623596e-01, -6.251945495605469e-01, -6.24041736125946e-01, -6.228927373886108e-01, -6.217482089996338e-01, -6.206079125404358e-01]
dooOpeClo.dpAB[1]=[1.630439311265945e-01, 8.670248091220856e-02, 6.804648041725159e-02, 5.489110201597214e-02, 4.520207643508911e-02, 3.777940571308136e-02, 3.18903848528862e-02, 2.707090228796005e-02, 2.30207908898592e-02, 1.953391171991825e-02, 1.646901667118073e-02, 1.372353173792362e-02, 1.122156996279955e-02, 8.904683403670788e-03, 6.726209539920088e-03, 4.647961817681789e-03, 2.638400066643953e-03, 6.693158065900207e-04, -1.284471829421818e-03, -3.215515054762363e-03, -5.099496338516474e-03, -6.911825854331255e-03, -8.637628518044949e-03, -1.026254519820213e-02, -1.177370827645063e-02, -1.31648164242506e-02, -1.443353667855263e-02, -1.558100152760744e-02, -1.661069132387638e-02, -1.752776280045509e-02, -1.833893544971943e-02, -1.905235275626183e-02, -1.967659220099449e-02, -2.022007293999195e-02, -2.069098316133022e-02, -2.109712176024914e-02, -2.144583873450756e-02, -2.174391038715839e-02, -2.199748530983925e-02, -2.221211604773998e-02, -2.239276468753815e-02, -2.254384383559227e-02, -2.266924455761909e-02, -2.27724090218544e-02, -2.285636402666569e-02, -2.292369492352009e-02, -2.297674119472504e-02, -2.301738411188126e-02, -2.304744906723499e-02, -2.306835167109966e-02, -2.308135293424129e-02, -2.308752574026585e-02, -2.308786474168301e-02, -2.308323420584202e-02, -2.307429537177086e-02, -2.306170202791691e-02, -2.30459813028574e-02, -2.302761189639568e-02, -2.300696261227131e-02, -2.298436313867569e-02, -2.296010032296181e-02, -2.293441444635391e-02, -2.290751226246357e-02, -2.287955954670906e-02, -2.285070531070232e-02, -2.282109297811985e-02, -2.27908231317997e-02, -2.275998517870903e-02, -2.27286908775568e-02, -2.269701473414898e-02, -2.26649958640337e-02, -2.263272553682327e-02, -2.260025776922703e-02, -2.256760746240616e-02, -2.253482677042484e-02, -2.250195667147636e-02, -2.246900647878647e-02, -2.243600599467754e-02, -2.240297012031078e-02, -2.236990816891193e-02, -2.233683131635189e-02, -2.230374701321125e-02, -2.227066084742546e-02, -2.223758026957512e-02, -2.220451273024082e-02, -2.217146195471287e-02, -2.213844284415245e-02, -2.210546471178532e-02, -2.207252942025661e-02, -2.203960530459881e-02, -2.200672402977943e-02, -2.197389118373394e-02, -2.194111607968807e-02, -2.190839871764183e-02, -2.187573350965977e-02, -2.184313721954823e-02, -2.181061916053295e-02, -2.177818864583969e-02, -2.174582704901695e-02, -2.171353064477444e-02, -2.168130874633789e-02]
