last-generated=2025-02-18
statistics-initialization=
{
  "nonlinear": "1, 1, 1, 1, 1, 1, 1, 1, 2, 0, 2, 0, 2, 0, 6, 2, 1, 1, 4, 4, 1, 4, 1, 4, 1, 1, 1",
  "numerical Jacobians": "0"
}
statistics-simulation=
{
  "linear": "2, 2, 2",
  "nonlinear": "2, 2, 2, 6, 1, 1, 1, 1, 1, 1, 1, 1, 4, 4, 1, 4, 1, 4, 1, 1, 1",
  "number of continuous time states": "94",
  "numerical Jacobians": "0"
}
time=[1.57248e+07, 1.63296e+07]
buiETS[1].bui.loa.y[1]=[-2.4388994140625e+04, -1.774241796875e+04, -6.2987041015625e+03, -5.855327987670898e+01, -4.81743671875e+04, -6.99113125e+04, -8.679734375e+04, -9.772246875e+04, -1.10600515625e+05, -1.1817521875e+05, -8.012528125e+04, -6.08387265625e+04, -3.2724228515625e+04, -2.983555078125e+04, -1.644755859375e+04, -1.1454892578125e+04, -1.15669189453125e+04, 0e+00, -4.40561015625e+04, -8.8414328125e+04, -1.0259009375e+05, -1.017396015625e+05, -1.126247109375e+05, -1.21759296875e+05, -9.35282421875e+04, -7.10233828125e+04, -4.088201953125e+04, -3.1098158203125e+04, -1.42047236328125e+04, -1.40410185546875e+04, -1.7363619140625e+04, 0e+00, -2.674072265625e+04, -8.8479015625e+04, -1.018514453125e+05, -1.009191953125e+05, -1.132543828125e+05, -1.17946015625e+05, -1.016161640625e+05, -5.7920171875e+04, -4.265353125e+04, -3.588146484375e+04, -2.597984765625e+04, -2.9420017578125e+04, -2.240338671875e+04, -3.370173828125e+03, -2.670845458984375e+03, -6.211120703125e+04, -8.43412890625e+04, -9.05156875e+04, -9.22042109375e+04, -9.961028125e+04, -1.097420625e+05, -5.39711328125e+04, -3.974344140625e+04, -2.50212890625e+04, -2.706841015625e+04, -1.8023958984375e+04, -1.0587740234375e+04, -6.7289091796875e+03, 0e+00, -2.513470703125e+04, -4.662909375e+04, -5.7853296875e+04, -4.961234765625e+04, -5.29463046875e+04, -5.779320703125e+04, -5.141301953125e+04, -1.04561484375e+05, -2.8282466796875e+04, -1.02067822265625e+04, -5.83602685546875e+03, -8.2139775390625e+03, -9.1650712890625e+03, -8.00997607421875e+03, 0e+00, -1.0791517578125e+04, -6.9691140625e+04, -8.72946640625e+04, -8.54310546875e+04, -7.59839453125e+04, -2.426187890625e+04, -2.806167578125e+04, -2.6305537109375e+04, -1.6329326171875e+04, -1.108777734375e+04, -1.32617294921875e+04, -1.07503447265625e+04, -9.448137817382812e+02, -5.9982353515625e+03, -5.98985625e+04, -8.2853625e+04, -7.9296640625e+04, -9.79795546875e+04, -1.090249609375e+05, -1.057464765625e+05, -7.3402515625e+04, -5.3531421875e+04, -2.7772689453125e+04, -2.656124609375e+04, -2.1502421875e+04]
dis.mCon_flow[1]=[6.32854551076889e-02, 5.665487051010132e-01, 1.925774663686752e-01, 8.771455846726894e-03, 1.629890441894531e+00, 2.493464469909668e+00, 3.171991586685181e+00, 3.555508136749268e+00, 4.102622509002686e+00, 4.4217529296875e+00, 2.952259302139282e+00, 2.197926759719849e+00, 1.129686832427979e+00, 1.009514570236206e+00, 5.2777498960495e-01, 3.518055081367493e-01, 3.750380277633667e-01, 2.698846533894539e-02, 1.460847020149231e+00, 3.215329647064209e+00, 3.778449773788452e+00, 3.749604940414429e+00, 4.184607028961182e+00, 4.546902179718018e+00, 3.48506498336792e+00, 2.578594446182251e+00, 1.439103364944458e+00, 1.046745300292969e+00, 4.59892213344574e-01, 4.731694459915161e-01, 5.779444575309753e-01, 3.553010895848274e-02, 8.329259753227234e-01, 3.211094856262207e+00, 3.755115032196045e+00, 3.738012790679932e+00, 4.203216075897217e+00, 4.395871162414551e+00, 3.822649717330933e+00, 2.077413558959961e+00, 1.494719862937927e+00, 1.232931971549988e+00, 9.243941903114319e-01, 1.022949576377869e+00, 7.368694543838501e-01, 1.006766259670258e-01, 7.21002072095871e-02, 2.164233207702637e+00, 3.058983087539673e+00, 3.320426225662231e+00, 3.3835768699646e+00, 3.644101142883301e+00, 4.110552310943604e+00, 1.937709212303162e+00, 1.385190367698669e+00, 8.484696745872498e-01, 9.168030619621277e-01, 5.821950435638428e-01, 3.150473833084106e-01, 1.997151672840118e-01, 2.527470700442791e-02, 8.140475749969482e-01, 1.620337843894958e+00, 2.043020725250244e+00, 1.74534285068512e+00, 1.862032890319824e+00, 2.048956155776978e+00, 1.817939758300781e+00, 4.020524501800537e+00, 9.456847906112671e-01, 2.969674468040466e-01, 1.534016281366348e-01, 2.427938282489777e-01, 2.738790810108185e-01, 2.25348949432373e-01, 4.103146865963936e-02, 3.006370961666107e-01, 2.634043216705322e+00, 3.17546820640564e+00, 2.96843409538269e+00, 2.537070512771606e+00, 8.025195598602295e-01, 1.062225222587585e+00, 9.508781433105469e-01, 5.398800373077393e-01, 3.352184593677521e-01, 4.096160233020782e-01, 3.302687704563141e-01, 6.16443008184433e-02, 1.482880264520645e-01, 2.102281332015991e+00, 2.997629642486572e+00, 2.908945798873901e+00, 3.589493036270142e+00, 4.039565563201904e+00, 3.963371515274048e+00, 2.667696714401245e+00, 1.916884183883667e+00, 9.534227252006531e-01, 9.236915707588196e-01, 7.115406394004822e-01]
pla.senMasFlo.m_flow=[1.898556798696518e-01, 1.701634764671326e+00, 5.78758180141449e-01, 2.631431631743908e-02, 4.891220092773438e+00, 7.481606483459473e+00, 9.51689624786377e+00, 1.066727161407471e+01, 1.230829620361328e+01, 1.303524398803711e+01, 8.858039855957031e+00, 6.595058917999268e+00, 3.390543699264526e+00, 3.030086517333984e+00, 1.585074067115784e+00, 1.057026743888855e+00, 1.126524806022644e+00, 8.100280910730362e-02, 4.384188652038574e+00, 9.646896362304688e+00, 1.133597183227539e+01, 1.124945259094238e+01, 1.255420112609863e+01, 1.316944599151611e+01, 1.045845413208008e+01, 7.737011909484863e+00, 4.318749904632568e+00, 3.141800403594971e+00, 1.381004333496094e+00, 1.420812129974365e+00, 1.735320806503296e+00, 1.066316664218903e-01, 2.503769874572754e+00, 9.634190559387207e+00, 1.126597690582275e+01, 1.121466255187988e+01, 1.261001777648926e+01, 1.299933242797852e+01, 1.147658538818359e+01, 6.233707427978516e+00, 4.485610485076904e+00, 3.700297832489014e+00, 2.77453875541687e+00, 3.070318937301636e+00, 2.212311267852783e+00, 3.025669753551483e-01, 2.164450585842133e-01, 6.494050025939941e+00, 9.17792797088623e+00, 9.962130546569824e+00, 1.015156269073486e+01, 1.093300437927246e+01, 1.233207130432129e+01, 5.814465045928955e+00, 4.157036304473877e+00, 2.546899080276489e+00, 2.75195574760437e+00, 1.748366236686707e+00, 9.471514225006104e-01, 6.002975106239319e-01, 7.586858421564102e-02, 2.443952798843384e+00, 4.862467288970947e+00, 6.13041353225708e+00, 5.237439632415771e+00, 5.587491512298584e+00, 6.148209095001221e+00, 5.455204486846924e+00, 1.210073566436768e+01, 2.838704586029053e+00, 8.934897184371948e-01, 4.613043665885925e-01, 7.298423051834106e-01, 8.23484480381012e-01, 6.778576970100403e-01, 1.231007799506187e-01, 9.087376594543457e-01, 7.903226852416992e+00, 9.527329444885254e+00, 8.906394004821777e+00, 7.612559795379639e+00, 2.409669399261475e+00, 3.187975168228149e+00, 2.853993892669678e+00, 1.621303200721741e+00, 1.008558034896851e+00, 1.23090648651123e+00, 9.923712015151978e-01, 1.849882453680038e-01, 4.469945132732391e-01, 6.308192729949951e+00, 8.993897438049316e+00, 8.727864265441895e+00, 1.076919651031494e+01, 1.211916637420654e+01, 1.189069175720215e+01, 8.004222869873047e+00, 5.751998901367188e+00, 2.861733436584473e+00, 2.772538423538208e+00, 2.136261701583862e+00]
pla.senTCHWSup.T=[2.931499938964844e+02, 2.801499938964844e+02, 2.801499938964844e+02, 2.801499938964844e+02, 2.801499938964844e+02, 2.801500244140625e+02, 2.801500244140625e+02, 2.801500244140625e+02, 2.801500244140625e+02, 2.801500244140625e+02, 2.801500244140625e+02, 2.801500244140625e+02, 2.801499938964844e+02, 2.801499938964844e+02, 2.801499938964844e+02, 2.801499938964844e+02, 2.801499938964844e+02, 2.801499938964844e+02, 2.801499938964844e+02, 2.801500244140625e+02, 2.801500244140625e+02, 2.801500244140625e+02, 2.801500244140625e+02, 2.801500244140625e+02, 2.801500244140625e+02, 2.801500244140625e+02, 2.801499938964844e+02, 2.801499938964844e+02, 2.801499938964844e+02, 2.801499938964844e+02, 2.801499938964844e+02, 2.801499938964844e+02, 2.801499938964844e+02, 2.801500244140625e+02, 2.801500244140625e+02, 2.801500244140625e+02, 2.801500244140625e+02, 2.801500244140625e+02, 2.801500244140625e+02, 2.801500244140625e+02, 2.801499938964844e+02, 2.801499938964844e+02, 2.801499938964844e+02, 2.801499938964844e+02, 2.801499938964844e+02, 2.801499938964844e+02, 2.801499938964844e+02, 2.801500244140625e+02, 2.801500244140625e+02, 2.801500244140625e+02, 2.801500244140625e+02, 2.801500244140625e+02, 2.801500244140625e+02, 2.801500244140625e+02, 2.801499938964844e+02, 2.801499938964844e+02, 2.801499938964844e+02, 2.801499938964844e+02, 2.801499938964844e+02, 2.801499938964844e+02, 2.801499938964844e+02, 2.801499938964844e+02, 2.801499938964844e+02, 2.801500244140625e+02, 2.801499938964844e+02, 2.801499938964844e+02, 2.801500244140625e+02, 2.801499938964844e+02, 2.801500244140625e+02, 2.801499938964844e+02, 2.801499938964844e+02, 2.801499938964844e+02, 2.801499938964844e+02, 2.801499938964844e+02, 2.801499938964844e+02, 2.801499938964844e+02, 2.801499938964844e+02, 2.801500244140625e+02, 2.801500244140625e+02, 2.801500244140625e+02, 2.801500244140625e+02, 2.801499938964844e+02, 2.801499938964844e+02, 2.801499938964844e+02, 2.801499938964844e+02, 2.801499938964844e+02, 2.801499938964844e+02, 2.801499938964844e+02, 2.801499938964844e+02, 2.801499938964844e+02, 2.801500244140625e+02, 2.801500244140625e+02, 2.801500244140625e+02, 2.801500244140625e+02, 2.801500244140625e+02, 2.801500244140625e+02, 2.801500244140625e+02, 2.801500244140625e+02, 2.801499938964844e+02, 2.801499938964844e+02, 2.801499938964844e+02]
buiETS[2].ets.senTBuiSup.T=[2.931499938964844e+02, 2.801676940917969e+02, 2.801774597167969e+02, 2.802381896972656e+02, 2.801556091308594e+02, 2.80153564453125e+02, 2.801527709960938e+02, 2.801524963378906e+02, 2.801521606445312e+02, 2.801520385742188e+02, 2.801529541015625e+02, 2.801539306640625e+02, 2.801576232910156e+02, 2.801587219238281e+02, 2.801679077148438e+02, 2.801751708984375e+02, 2.80170166015625e+02, 2.802152099609375e+02, 2.801564331054688e+02, 2.801527404785156e+02, 2.8015234375e+02, 2.801523742675781e+02, 2.801521301269531e+02, 2.802739868164062e+02, 2.801524963378906e+02, 2.801533813476562e+02, 2.801559753417969e+02, 2.801585388183594e+02, 2.801670532226562e+02, 2.801656494140625e+02, 2.801645202636719e+02, 2.801947326660156e+02, 2.801644592285156e+02, 2.801527709960938e+02, 2.8015234375e+02, 2.8015234375e+02, 2.80152099609375e+02, 2.801520385742188e+02, 2.801522827148438e+02, 2.801542053222656e+02, 2.801557922363281e+02, 2.801571044921875e+02, 2.801585388183594e+02, 2.801582336425781e+02, 2.801625061035156e+02, 2.801807250976562e+02, 2.802609558105469e+02, 2.801541442871094e+02, 2.801528930664062e+02, 2.801526489257812e+02, 2.801526184082031e+02, 2.801524353027344e+02, 2.801521301269531e+02, 2.801544494628906e+02, 2.8015625e+02, 2.801600646972656e+02, 2.801595153808594e+02, 2.801663208007812e+02, 2.801840209960938e+02, 2.801808166503906e+02, 2.802361145019531e+02, 2.80161865234375e+02, 2.801554565429688e+02, 2.801543273925781e+02, 2.801549987792969e+02, 2.801547241210938e+02, 2.80154296875e+02, 2.8015478515625e+02, 2.801521606445312e+02, 2.801595764160156e+02, 2.80198486328125e+02, 2.802005615234375e+02, 2.80181640625e+02, 2.801831359863281e+02, 2.801942138671875e+02, 2.801885070800781e+02, 2.802994995117188e+02, 2.801532287597656e+02, 2.801528015136719e+02, 2.80153076171875e+02, 2.801537170410156e+02, 2.801603393554688e+02, 2.80156982421875e+02, 2.801582336425781e+02, 2.801662292480469e+02, 2.801872253417969e+02, 2.801756591796875e+02, 2.801756896972656e+02, 2.801819152832031e+02, 2.803006591796875e+02, 2.801542358398438e+02, 2.801529541015625e+02, 2.801529846191406e+02, 2.801524658203125e+02, 2.801521911621094e+02, 2.801522216796875e+02, 2.801532897949219e+02, 2.801545104980469e+02, 2.801588745117188e+02, 2.801590270996094e+02, 2.801626281738281e+02]
buiETS[2].ets.senTBuiRet.T=[2.931499938964844e+02, 2.878582763671875e+02, 2.879170532226562e+02, 2.872673645019531e+02, 2.871233825683594e+02, 2.868292541503906e+02, 2.867048950195312e+02, 2.866640625e+02, 2.865869140625e+02, 2.865515747070312e+02, 2.867090759277344e+02, 2.868538513183594e+02, 2.871653137207031e+02, 2.872680358886719e+02, 2.876123657226562e+02, 2.878213500976562e+02, 2.876966857910156e+02, 2.875807495117188e+02, 2.872135314941406e+02, 2.86707275390625e+02, 2.866264038085938e+02, 2.866233520507812e+02, 2.86576904296875e+02, 2.8658203125e+02, 2.866343994140625e+02, 2.867854614257812e+02, 2.87046875e+02, 2.872527465820312e+02, 2.874786376953125e+02, 2.875008850097656e+02, 2.875425720214844e+02, 2.878741149902344e+02, 2.875020446777344e+02, 2.867154235839844e+02, 2.866275329589844e+02, 2.866202392578125e+02, 2.865777587890625e+02, 2.865542297363281e+02, 2.865905456542969e+02, 2.868783264160156e+02, 2.870463562011719e+02, 2.871562805175781e+02, 2.8719873046875e+02, 2.872500610351562e+02, 2.875237426757812e+02, 2.880166625976562e+02, 2.870794982910156e+02, 2.869429016113281e+02, 2.867277526855469e+02, 2.866788635253906e+02, 2.866708984375e+02, 2.866457214355469e+02, 2.865781555175781e+02, 2.868915710449219e+02, 2.870838623046875e+02, 2.873078918457031e+02, 2.873236389160156e+02, 2.876351013183594e+02, 2.880972290039062e+02, 2.881057739257812e+02, 2.8756103515625e+02, 2.875415954589844e+02, 2.870433349609375e+02, 2.86923828125e+02, 2.869831848144531e+02, 2.869623718261719e+02, 2.869129943847656e+02, 2.86959716796875e+02, 2.865934448242188e+02, 2.873381042480469e+02, 2.882295227050781e+02, 2.885433654785156e+02, 2.883170471191406e+02, 2.884592895507812e+02, 2.886731262207031e+02, 2.882215576171875e+02, 2.87734375e+02, 2.867639770507812e+02, 2.867372131347656e+02, 2.868077392578125e+02, 2.868958435058594e+02, 2.871319580078125e+02, 2.87037353515625e+02, 2.871883239746094e+02, 2.877303466796875e+02, 2.883907165527344e+02, 2.880844116210938e+02, 2.87874267578125e+02, 2.881335754394531e+02, 2.873551330566406e+02, 2.8693701171875e+02, 2.867408447265625e+02, 2.867291259765625e+02, 2.866553039550781e+02, 2.865936279296875e+02, 2.865870666503906e+02, 2.867660522460938e+02, 2.869164733886719e+02, 2.872337646484375e+02, 2.87265869140625e+02, 2.875091857910156e+02]
