last-generated=2016-06-24
statistics-simulation=
{
  "numerical Jacobians": "0", 
  "nonlinear": " ", 
  "number of continuous time states": "6", 
  "linear": "0"
}
TSet.y=[289.149993896484375, 289.149993896484375, 289.149993896484375, 289.149993896484375, 289.149993896484375, 289.149993896484375, 289.149993896484375, 289.149993896484375, 289.149993896484375, 289.149993896484375, 289.149993896484375, 289.149993896484375, 289.149993896484375, 289.149993896484375, 289.149993896484375, 293.149993896484375, 293.149993896484375, 293.149993896484375, 293.149993896484375, 293.149993896484375, 293.149993896484375, 293.149993896484375, 293.149993896484375, 293.149993896484375, 293.149993896484375, 293.149993896484375, 293.149993896484375, 293.149993896484375, 293.149993896484375, 293.149993896484375, 293.149993896484375, 293.149993896484375, 293.149993896484375, 293.149993896484375, 293.149993896484375, 293.149993896484375, 293.149993896484375, 293.149993896484375, 293.149993896484375, 293.149993896484375, 289.149993896484375, 289.149993896484375, 289.149993896484375, 289.149993896484375, 289.149993896484375, 289.149993896484375, 289.149993896484375, 289.149993896484375, 289.149993896484375, 289.149993896484375, 289.149993896484375, 289.149993896484375, 289.149993896484375, 289.149993896484375, 289.149993896484375, 289.149993896484375, 289.149993896484375, 289.149993896484375, 289.149993896484375, 289.149993896484375, 289.149993896484375, 289.149993896484375, 289.149993896484375, 289.149993896484375, 289.149993896484375, 293.149993896484375, 293.149993896484375, 293.149993896484375, 293.149993896484375, 293.149993896484375, 293.149993896484375, 293.149993896484375, 293.149993896484375, 293.149993896484375, 293.149993896484375, 293.149993896484375, 293.149993896484375, 293.149993896484375, 293.149993896484375, 293.149993896484375, 293.149993896484375, 293.149993896484375, 293.149993896484375, 293.149993896484375, 293.149993896484375, 293.149993896484375, 293.149993896484375, 293.149993896484375, 293.149993896484375, 293.149993896484375, 289.149993896484375, 289.149993896484375, 289.149993896484375, 289.149993896484375, 289.149993896484375, 289.149993896484375, 289.149993896484375, 289.149993896484375, 289.149993896484375, 289.149993896484375, 289.149993896484375]
vol.T=[293.149993896484375, 290.668365478515625, 288.96282958984375, 289.096923828125, 289.13653564453125, 289.14862060546875, 289.152313232421875, 289.15362548828125, 289.15411376953125, 289.15460205078125, 289.154876708984375, 289.155029296875, 289.155120849609375, 289.17803955078125, 289.3482666015625, 290.69219970703125, 293.1640625, 293.102020263671875, 293.139495849609375, 293.149566650390625, 293.152374267578125, 293.21484375, 293.344268798828125, 293.501800537109375, 293.65850830078125, 293.792938232421875, 293.889251708984375, 293.93609619140625, 293.9256591796875, 293.852935791015625, 293.715423583984375, 293.512664794921875, 293.246002197265625, 293.164886474609375, 293.15093994140625, 293.14666748046875, 293.1453857421875, 293.144989013671875, 293.1448974609375, 293.144927978515625, 292.47705078125, 291.02423095703125, 289.8199462890625, 289.06719970703125, 289.12554931640625, 289.141510009765625, 289.1461181640625, 289.147735595703125, 289.1485595703125, 289.1492919921875, 289.14996337890625, 289.150604248046875, 289.1512451171875, 289.15185546875, 289.152435302734375, 289.152984619140625, 289.153472900390625, 289.1539306640625, 289.154327392578125, 289.154632568359375, 289.154876708984375, 289.155029296875, 289.155120849609375, 289.17816162109375, 289.349151611328125, 290.693267822265625, 293.164825439453125, 293.102142333984375, 293.13946533203125, 293.149566650390625, 293.15240478515625, 293.21484375, 293.34423828125, 293.50177001953125, 293.658477783203125, 293.79290771484375, 293.88922119140625, 293.936065673828125, 293.925628662109375, 293.852935791015625, 293.715423583984375, 293.512664794921875, 293.2459716796875, 293.1649169921875, 293.1510009765625, 293.14666748046875, 293.1453857421875, 293.144989013671875, 293.144927978515625, 293.144927978515625, 292.47705078125, 291.02423095703125, 289.8199462890625, 289.06719970703125, 289.12554931640625, 289.141510009765625, 289.1461181640625, 289.147735595703125, 289.1485595703125, 289.1492919921875, 289.14996337890625]
time=[0., 172800.]
