<<<<<<< HEAD
last-generated=2019-04-16
=======
last-generated=2021-03-25
>>>>>>> master
statistics-simulation=
{
  "linear": "0",
  "nonlinear": " ",
  "number of continuous time states": "6",
  "numerical Jacobians": "0"
}
THeaOut.T=[2.891499938964844e+02, 2.891500549316406e+02, 2.891502075195312e+02, 2.891502075195312e+02, 2.891502075195312e+02, 2.891501770019531e+02, 2.891501770019531e+02, 2.89150146484375e+02, 2.89150146484375e+02, 2.891501159667969e+02, 2.891500854492188e+02, 2.891500549316406e+02, 2.891500244140625e+02, 2.891502380371094e+02, 2.891515197753906e+02, 2.893255615234375e+02, 2.897401123046875e+02, 2.901549682617188e+02, 2.90570068359375e+02, 2.909852905273438e+02, 2.914005737304688e+02, 2.918157348632812e+02, 2.922306823730469e+02, 2.926452331542969e+02, 2.930592651367188e+02, 2.931883544921875e+02, 2.931903076171875e+02, 2.931920776367188e+02, 2.931935424804688e+02, 2.931945190429688e+02, 2.931949157714844e+02, 2.931944885253906e+02, 2.931932067871094e+02, 2.931909484863281e+02, 2.931875915527344e+02, 2.931830749511719e+02, 2.931773376464844e+02, 2.931703491210938e+02, 2.93162109375e+02, 2.93152587890625e+02, 2.93145263671875e+02, 2.931332702636719e+02, 2.931201171875e+02, 2.931059265136719e+02, 2.930907897949219e+02, 2.930747680664062e+02, 2.930580444335938e+02, 2.930407104492188e+02, 2.9302294921875e+02, 2.930048828125e+02, 2.929866638183594e+02, 2.92968505859375e+02, 2.929505920410156e+02, 2.929330749511719e+02, 2.929160461425781e+02, 2.92899658203125e+02, 2.92884033203125e+02, 2.928692932128906e+02, 2.928555603027344e+02, 2.928429260253906e+02, 2.928312683105469e+02, 2.928211059570312e+02, 2.928123474121094e+02, 2.928049926757812e+02, 2.927989501953125e+02, 2.92965576171875e+02, 2.931849365234375e+02, 2.931815795898438e+02, 2.931793212890625e+02, 2.931780700683594e+02, 2.931777038574219e+02, 2.931781005859375e+02, 2.931791076660156e+02, 2.931806030273438e+02, 2.931824035644531e+02, 2.931843566894531e+02, 2.931863098144531e+02, 2.93188232421875e+02, 2.931898193359375e+02, 2.931907653808594e+02, 2.931910400390625e+02, 2.931905212402344e+02, 2.931891479492188e+02, 2.931868286132812e+02, 2.931834716796875e+02, 2.931790161132812e+02, 2.931733703613281e+02, 2.931664733886719e+02, 2.93158203125e+02, 2.931494140625e+02, 2.931457824707031e+02, 2.931337890625e+02, 2.931206665039062e+02, 2.931064758300781e+02, 2.9309130859375e+02, 2.930752868652344e+02, 2.930585632324219e+02, 2.930412292480469e+02, 2.930234680175781e+02, 2.930054016113281e+02, 2.929872436523438e+02]
TSet.y=[2.891499938964844e+02, 2.891499938964844e+02, 2.891499938964844e+02, 2.891499938964844e+02, 2.891499938964844e+02, 2.891499938964844e+02, 2.891499938964844e+02, 2.891499938964844e+02, 2.891499938964844e+02, 2.891499938964844e+02, 2.891499938964844e+02, 2.891499938964844e+02, 2.891499938964844e+02, 2.891499938964844e+02, 2.891499938964844e+02, 2.931499938964844e+02, 2.931499938964844e+02, 2.931499938964844e+02, 2.931499938964844e+02, 2.931499938964844e+02, 2.931499938964844e+02, 2.931499938964844e+02, 2.931499938964844e+02, 2.931499938964844e+02, 2.931499938964844e+02, 2.931499938964844e+02, 2.931499938964844e+02, 2.931499938964844e+02, 2.931499938964844e+02, 2.931499938964844e+02, 2.931499938964844e+02, 2.931499938964844e+02, 2.931499938964844e+02, 2.931499938964844e+02, 2.931499938964844e+02, 2.931499938964844e+02, 2.931499938964844e+02, 2.931499938964844e+02, 2.931499938964844e+02, 2.931499938964844e+02, 2.891499938964844e+02, 2.891499938964844e+02, 2.891499938964844e+02, 2.891499938964844e+02, 2.891499938964844e+02, 2.891499938964844e+02, 2.891499938964844e+02, 2.891499938964844e+02, 2.891499938964844e+02, 2.891499938964844e+02, 2.891499938964844e+02, 2.891499938964844e+02, 2.891499938964844e+02, 2.891499938964844e+02, 2.891499938964844e+02, 2.891499938964844e+02, 2.891499938964844e+02, 2.891499938964844e+02, 2.891499938964844e+02, 2.891499938964844e+02, 2.891499938964844e+02, 2.891499938964844e+02, 2.891499938964844e+02, 2.891499938964844e+02, 2.891499938964844e+02, 2.931499938964844e+02, 2.931499938964844e+02, 2.931499938964844e+02, 2.931499938964844e+02, 2.931499938964844e+02, 2.931499938964844e+02, 2.931499938964844e+02, 2.931499938964844e+02, 2.931499938964844e+02, 2.931499938964844e+02, 2.931499938964844e+02, 2.931499938964844e+02, 2.931499938964844e+02, 2.931499938964844e+02, 2.931499938964844e+02, 2.931499938964844e+02, 2.931499938964844e+02, 2.931499938964844e+02, 2.931499938964844e+02, 2.931499938964844e+02, 2.931499938964844e+02, 2.931499938964844e+02, 2.931499938964844e+02, 2.931499938964844e+02, 2.931499938964844e+02, 2.891499938964844e+02, 2.891499938964844e+02, 2.891499938964844e+02, 2.891499938964844e+02, 2.891499938964844e+02, 2.891499938964844e+02, 2.891499938964844e+02, 2.891499938964844e+02, 2.891499938964844e+02, 2.891499938964844e+02, 2.891499938964844e+02]
TVol.T=[2.891499938964844e+02, 2.891498413085938e+02, 2.891499938964844e+02, 2.891499938964844e+02, 2.891500244140625e+02, 2.891500244140625e+02, 2.891500244140625e+02, 2.891500244140625e+02, 2.891500244140625e+02, 2.891500244140625e+02, 2.891500244140625e+02, 2.891500244140625e+02, 2.891499938964844e+02, 2.891502685546875e+02, 2.891515502929688e+02, 2.893241577148438e+02, 2.897387084960938e+02, 2.90153564453125e+02, 2.905686645507812e+02, 2.909839172363281e+02, 2.91399169921875e+02, 2.918143310546875e+02, 2.922292785644531e+02, 2.926438293457031e+02, 2.930578308105469e+02, 2.931883850097656e+02, 2.931903381347656e+02, 2.931921081542969e+02, 2.931935729980469e+02, 2.931945495605469e+02, 2.931949157714844e+02, 2.931944885253906e+02, 2.931931762695312e+02, 2.931908874511719e+02, 2.931875305175781e+02, 2.931829833984375e+02, 2.9317724609375e+02, 2.931702270507812e+02, 2.931619567871094e+02, 2.931524047851562e+02, 2.931450500488281e+02, 2.931330261230469e+02, 2.93119873046875e+02, 2.931056823730469e+02, 2.930904846191406e+02, 2.93074462890625e+02, 2.930577392578125e+02, 2.930403747558594e+02, 2.930226135253906e+02, 2.930045776367188e+02, 2.92986328125e+02, 2.929681701660156e+02, 2.929502563476562e+02, 2.929327392578125e+02, 2.929157409667969e+02, 2.928993835449219e+02, 2.928837585449219e+02, 2.928690490722656e+02, 2.928553466796875e+02, 2.928427124023438e+02, 2.928310546875e+02, 2.928209228515625e+02, 2.928122253417969e+02, 2.928048706054688e+02, 2.927988586425781e+02, 2.929640197753906e+02, 2.931848754882812e+02, 2.931815490722656e+02, 2.931792907714844e+02, 2.931780700683594e+02, 2.931777038574219e+02, 2.931781005859375e+02, 2.931791381835938e+02, 2.931806335449219e+02, 2.931824340820312e+02, 2.931843872070312e+02, 2.931863403320312e+02, 2.931882629394531e+02, 2.931898193359375e+02, 2.931907653808594e+02, 2.931910400390625e+02, 2.931904907226562e+02, 2.931891174316406e+02, 2.93186767578125e+02, 2.931834106445312e+02, 2.931789245605469e+02, 2.931732482910156e+02, 2.931663208007812e+02, 2.931580505371094e+02, 2.931492004394531e+02, 2.931455688476562e+02, 2.931335754394531e+02, 2.931204223632812e+02, 2.93106201171875e+02, 2.930910339355469e+02, 2.930749816894531e+02, 2.930582580566406e+02, 2.930409240722656e+02, 2.930231323242188e+02, 2.930050964355469e+02, 2.929869079589844e+02]
TOut.y=[2.841499938964844e+02, 2.841894226074219e+02, 2.843070983886719e+02, 2.845011291503906e+02, 2.847684631347656e+02, 2.851049194335938e+02, 2.855051574707031e+02, 2.85962890625e+02, 2.864708557128906e+02, 2.870211181640625e+02, 2.876049194335938e+02, 2.882131042480469e+02, 2.888360595703125e+02, 2.894639587402344e+02, 2.900869140625e+02, 2.906950988769531e+02, 2.912789001464844e+02, 2.918291320800781e+02, 2.923371276855469e+02, 2.927948303222656e+02, 2.931950988769531e+02, 2.935315246582031e+02, 2.937988891601562e+02, 2.93992919921875e+02, 2.941105651855469e+02, 2.941499938964844e+02, 2.941105651855469e+02, 2.93992919921875e+02, 2.937988891601562e+02, 2.935315246582031e+02, 2.931950988769531e+02, 2.927948303222656e+02, 2.923371276855469e+02, 2.918291320800781e+02, 2.912789001464844e+02, 2.906950988769531e+02, 2.900869140625e+02, 2.894639587402344e+02, 2.888360595703125e+02, 2.882131042480469e+02, 2.876049194335938e+02, 2.870211181640625e+02, 2.864708557128906e+02, 2.85962890625e+02, 2.855051574707031e+02, 2.851049194335938e+02, 2.847684631347656e+02, 2.845011291503906e+02, 2.843070983886719e+02, 2.841894226074219e+02, 2.841499938964844e+02, 2.841894226074219e+02, 2.843070983886719e+02, 2.845011291503906e+02, 2.847684631347656e+02, 2.851049194335938e+02, 2.855051574707031e+02, 2.85962890625e+02, 2.864708557128906e+02, 2.870211181640625e+02, 2.876049194335938e+02, 2.882131042480469e+02, 2.888360595703125e+02, 2.894639587402344e+02, 2.900869140625e+02, 2.906950988769531e+02, 2.912789001464844e+02, 2.918291320800781e+02, 2.923371276855469e+02, 2.927948303222656e+02, 2.931950988769531e+02, 2.935315246582031e+02, 2.937988891601562e+02, 2.93992919921875e+02, 2.941105651855469e+02, 2.941499938964844e+02, 2.941105651855469e+02, 2.93992919921875e+02, 2.937988891601562e+02, 2.935315246582031e+02, 2.931950988769531e+02, 2.927948303222656e+02, 2.923371276855469e+02, 2.918291320800781e+02, 2.912789001464844e+02, 2.906950988769531e+02, 2.900869140625e+02, 2.894639587402344e+02, 2.888360595703125e+02, 2.882131042480469e+02, 2.876049194335938e+02, 2.870211181640625e+02, 2.864708557128906e+02, 2.85962890625e+02, 2.855051574707031e+02, 2.851049194335938e+02, 2.847684631347656e+02, 2.845011291503906e+02, 2.843070983886719e+02, 2.841894226074219e+02, 2.841499938964844e+02]
<<<<<<< HEAD
time=[0e+00, 1.728e+05]
hea.Q_flow=[0e+00, 2.457174682617188e+01, 2.441871452331543e+01, 2.319295120239258e+01, 2.190069961547852e+01, 2.019745635986328e+01, 1.819766235351562e+01, 1.589641571044922e+01, 1.335178089141846e+01, 1.059920692443848e+01, 7.675788402557373e+00, 4.631927967071533e+00, 1.667204141616821e+00, 0e+00, 0e+00, 1e+03, 1e+03, 1e+03, 1e+03, 1e+03, 1e+03, 1e+03, 1e+03, 1e+03, 1e+03, 0e+00, 0e+00, 0e+00, 0e+00, 0e+00, 0e+00, 0e+00, 0e+00, 0e+00, 0e+00, 0e+00, 0e+00, 0e+00, 0e+00, 0e+00, 0e+00, 0e+00, 0e+00, 0e+00, 0e+00, 0e+00, 0e+00, 0e+00, 0e+00, 0e+00, 0e+00, 0e+00, 0e+00, 0e+00, 0e+00, 0e+00, 0e+00, 0e+00, 0e+00, 0e+00, 0e+00, 0e+00, 0e+00, 0e+00, 0e+00, 1e+03, 0e+00, 0e+00, 0e+00, 0e+00, 0e+00, 0e+00, 0e+00, 0e+00, 0e+00, 0e+00, 0e+00, 0e+00, 0e+00, 0e+00, 0e+00, 0e+00, 0e+00, 0e+00, 0e+00, 0e+00, 0e+00, 0e+00, 0e+00, 2.098236083984375e+01, 0e+00, 0e+00, 0e+00, 0e+00, 0e+00, 0e+00, 0e+00, 0e+00, 0e+00, 0e+00, 0e+00]
=======
TVol.T=[2.891499938964844e+02, 2.891498107910156e+02, 2.891499938964844e+02, 2.891500244140625e+02, 2.891499938964844e+02, 2.891500244140625e+02, 2.891500244140625e+02, 2.891500244140625e+02, 2.891500244140625e+02, 2.891500244140625e+02, 2.891500244140625e+02, 2.891500244140625e+02, 2.891500244140625e+02, 2.891502075195312e+02, 2.891514892578125e+02, 2.893240966796875e+02, 2.897386474609375e+02, 2.901535034179688e+02, 2.90568603515625e+02, 2.909838256835938e+02, 2.913991088867188e+02, 2.918142700195312e+02, 2.922292175292969e+02, 2.926437683105469e+02, 2.930577697753906e+02, 2.931883850097656e+02, 2.931903381347656e+02, 2.931921081542969e+02, 2.931935729980469e+02, 2.931945190429688e+02, 2.931948852539062e+02, 2.931944580078125e+02, 2.931931762695312e+02, 2.9319091796875e+02, 2.931875610351562e+02, 2.931830444335938e+02, 2.931773071289062e+02, 2.931703186035156e+02, 2.931620483398438e+02, 2.931524963378906e+02, 2.931449890136719e+02, 2.931329956054688e+02, 2.931198425292969e+02, 2.931056213378906e+02, 2.930904541015625e+02, 2.930744323730469e+02, 2.930576782226562e+02, 2.930403442382812e+02, 2.930225524902344e+02, 2.930045166015625e+02, 2.92986328125e+02, 2.929682006835938e+02, 2.929502563476562e+02, 2.929326782226562e+02, 2.929156188964844e+02, 2.928992004394531e+02, 2.928835754394531e+02, 2.928688659667969e+02, 2.928551940917969e+02, 2.928426208496094e+02, 2.928312377929688e+02, 2.928211059570312e+02, 2.928122863769531e+02, 2.928047790527344e+02, 2.927985534667969e+02, 2.929636535644531e+02, 2.931850891113281e+02, 2.931817626953125e+02, 2.931795349121094e+02, 2.931782836914062e+02, 2.931779479980469e+02, 2.931783142089844e+02, 2.931793212890625e+02, 2.931808166503906e+02, 2.931826171875e+02, 2.931845703125e+02, 2.931865234375e+02, 2.931882934570312e+02, 2.931897583007812e+02, 2.931907653808594e+02, 2.931911315917969e+02, 2.931907653808594e+02, 2.931894836425781e+02, 2.931871948242188e+02, 2.93183837890625e+02, 2.931793212890625e+02, 2.93173583984375e+02, 2.931665954589844e+02, 2.931583251953125e+02, 2.93149169921875e+02, 2.931456298828125e+02, 2.931336364746094e+02, 2.931204833984375e+02, 2.931062622070312e+02, 2.930910949707031e+02, 2.930750732421875e+02, 2.930583190917969e+02, 2.930409851074219e+02, 2.930232238769531e+02, 2.930051574707031e+02, 2.929869995117188e+02]
THeaOut.T=[2.891499938964844e+02, 2.891500549316406e+02, 2.891502075195312e+02, 2.891502075195312e+02, 2.891502075195312e+02, 2.891501770019531e+02, 2.891501770019531e+02, 2.89150146484375e+02, 2.89150146484375e+02, 2.891501159667969e+02, 2.891500854492188e+02, 2.891500549316406e+02, 2.891500244140625e+02, 2.891501770019531e+02, 2.891514587402344e+02, 2.893255004882812e+02, 2.897400512695312e+02, 2.901549072265625e+02, 2.905700073242188e+02, 2.909852294921875e+02, 2.914005126953125e+02, 2.91815673828125e+02, 2.922306213378906e+02, 2.926451721191406e+02, 2.930592041015625e+02, 2.931883544921875e+02, 2.931902770996094e+02, 2.931920776367188e+02, 2.931935424804688e+02, 2.931945190429688e+02, 2.931948852539062e+02, 2.931944885253906e+02, 2.931932067871094e+02, 2.931909484863281e+02, 2.931876220703125e+02, 2.931831359863281e+02, 2.931773986816406e+02, 2.931704406738281e+02, 2.931622009277344e+02, 2.931526794433594e+02, 2.931452026367188e+02, 2.931332092285156e+02, 2.931200866699219e+02, 2.931058959960938e+02, 2.930907287597656e+02, 2.9307470703125e+02, 2.930579833984375e+02, 2.930406494140625e+02, 2.930228881835938e+02, 2.930048217773438e+02, 2.929866638183594e+02, 2.929685363769531e+02, 2.929505920410156e+02, 2.929329833984375e+02, 2.929159240722656e+02, 2.928994750976562e+02, 2.928838500976562e+02, 2.92869140625e+02, 2.928554077148438e+02, 2.928428344726562e+02, 2.928314208984375e+02, 2.928212890625e+02, 2.928124389648438e+02, 2.928049011230469e+02, 2.927986755371094e+02, 2.929652099609375e+02, 2.931851806640625e+02, 2.931818237304688e+02, 2.931795654296875e+02, 2.931783142089844e+02, 2.931779479980469e+02, 2.931783142089844e+02, 2.931793212890625e+02, 2.931807861328125e+02, 2.931825866699219e+02, 2.931845397949219e+02, 2.931864929199219e+02, 2.931882629394531e+02, 2.931897583007812e+02, 2.931907653808594e+02, 2.931911315917969e+02, 2.931907653808594e+02, 2.931895141601562e+02, 2.93187255859375e+02, 2.931838989257812e+02, 2.931794128417969e+02, 2.931737060546875e+02, 2.93166748046875e+02, 2.931585083007812e+02, 2.931493835449219e+02, 2.931458435058594e+02, 2.931338500976562e+02, 2.931207275390625e+02, 2.931065368652344e+02, 2.930913696289062e+02, 2.930753479003906e+02, 2.930586242675781e+02, 2.930412902832031e+02, 2.930235290527344e+02, 2.930054931640625e+02, 2.929873046875e+02]
hea.Q_flow=[0e+00, 2.49478702545166e+01, 2.455959701538086e+01, 2.32348804473877e+01, 2.189424324035645e+01, 2.023769187927246e+01, 1.822459602355957e+01, 1.590580081939697e+01, 1.338290309906006e+01, 1.063841342926025e+01, 7.727400302886963e+00, 4.683653831481934e+00, 1.562721610069275e+00, 0e+00, 0e+00, 1e+03, 1e+03, 1e+03, 1e+03, 1e+03, 1e+03, 1e+03, 1e+03, 1e+03, 1e+03, 0e+00, 0e+00, 0e+00, 0e+00, 0e+00, 0e+00, 0e+00, 0e+00, 0e+00, 0e+00, 0e+00, 0e+00, 0e+00, 0e+00, 0e+00, 0e+00, 0e+00, 0e+00, 0e+00, 0e+00, 0e+00, 0e+00, 0e+00, 0e+00, 0e+00, 0e+00, 0e+00, 0e+00, 0e+00, 0e+00, 0e+00, 0e+00, 0e+00, 0e+00, 0e+00, 0e+00, 0e+00, 0e+00, 0e+00, 0e+00, 1e+03, 0e+00, 0e+00, 0e+00, 0e+00, 0e+00, 0e+00, 0e+00, 0e+00, 0e+00, 0e+00, 0e+00, 0e+00, 0e+00, 0e+00, 0e+00, 0e+00, 0e+00, 0e+00, 0e+00, 0e+00, 0e+00, 0e+00, 0e+00, 1.699076652526855e+01, 0e+00, 0e+00, 0e+00, 0e+00, 0e+00, 0e+00, 0e+00, 0e+00, 0e+00, 0e+00, 0e+00]
>>>>>>> master
