last-generated=2017-09-08
statistics-simulation=
{
  "numerical Jacobians": "0", 
  "nonlinear": " ", 
  "number of continuous time states": "25", 
  "linear": "0"
}
hex.sta_b1.T=[2.931499938964844e+02, 2.930801696741085e+02, 2.929312438893539e+02, 2.928542785647118e+02, 2.930207519923343e+02, 2.935433044433594e+02, 2.944438475457042e+02, 2.956706540135335e+02, 2.971333316295441e+02, 2.987335503333027e+02, 3.00383544921875e+02, 3.020141913501353e+02, 3.035760799989549e+02, 3.050371707050746e+02, 3.06379180360664e+02, 3.075940551757812e+02, 3.08680969667077e+02, 3.096439512221198e+02, 3.104901421429187e+02, 3.112285153293056e+02, 3.118697814941406e+02, 3.124258119839162e+02, 3.129092105825218e+02, 3.133322140150192e+02, 3.137060545363544e+02, 3.140404663085938e+02, 3.143436890866916e+02, 3.146224367494122e+02, 3.148821714161381e+02, 3.151272276814693e+02, 3.153609924316406e+02, 3.155861817343392e+02, 3.158049013056893e+02, 3.160187376130427e+02, 3.162294310630921e+02, 3.164432067871094e+02, 3.166671138695034e+02, 3.169052431297278e+02, 3.171591184316724e+02, 3.174289860693833e+02, 3.177146606445312e+02, 3.18016417934198e+02, 3.183354189812149e+02, 3.186739804186191e+02, 3.190356146536964e+02, 3.194250793457031e+02, 3.198483879283704e+02, 3.203127445580379e+02, 3.208260188337371e+02, 3.213953562500973e+02, 3.220225830078125e+02, 3.226956165093017e+02, 3.234035040336754e+02, 3.241408074713944e+02, 3.249022229900044e+02, 3.256805114746094e+02, 3.264666734703115e+02, 3.272509467052543e+02, 3.280238640966267e+02, 3.287769482725589e+02, 3.295032043457031e+02, 3.301972949892923e+02, 3.308553777357503e+02, 3.314749750739696e+02, 3.320548105124989e+02, 3.325945434570312e+02, 3.33094573153236e+02, 3.335546268289644e+02, 3.339625240861599e+02, 3.343208013434057e+02, 3.346360778808594e+02, 3.349138789472385e+02, 3.351587211353097e+02, 3.353742987719456e+02, 3.355637820350105e+02, 3.357297668457031e+02, 3.358745420045327e+02, 3.35999908047315e+02, 3.361073306513324e+02, 3.361978455958368e+02, 3.362720336914062e+02, 3.363297118279153e+02, 3.363693236238842e+02, 3.363855590592656e+02, 3.36363677942815e+02, 3.363464660644531e+02, 3.363371276971884e+02, 3.363328247163445e+02, 3.363318481460835e+02, 3.363330383336999e+02, 3.363356018066406e+02, 3.363391113216575e+02, 3.363431701515284e+02, 3.363476562660394e+02, 3.363523864828878e+02, 3.363572387695312e+02, 3.36362152091331e+02, 3.363670959301914e+02, 3.363720092939006e+02, 3.363768920981221e+02, 3.363817749023438e+02]
time=[0e+00, 3.6e+02]
hex.sta_a1.T=[3.331499938964844e+02, 3.331499938964844e+02, 3.331499938964844e+02, 3.331499938964844e+02, 3.331499938964844e+02, 3.331499938964844e+02, 3.331499938964844e+02, 3.331499938964844e+02, 3.331499938964844e+02, 3.331499938964844e+02, 3.331499938964844e+02, 3.331499938964844e+02, 3.331499938964844e+02, 3.331499938964844e+02, 3.331499938964844e+02, 3.331499938964844e+02, 3.331499938964844e+02, 3.332499999364244e+02, 3.335499875386664e+02, 3.338500059763645e+02, 3.341499938964844e+02, 3.344500123341824e+02, 3.347500002543024e+02, 3.350499875386664e+02, 3.353500059763645e+02, 3.356499938964844e+02, 3.359500123341824e+02, 3.362500002543024e+02, 3.365499875386664e+02, 3.368500059763645e+02, 3.371499938964844e+02, 3.374500123341824e+02, 3.377500002543024e+02, 3.380499875386664e+02, 3.381499938964844e+02, 3.381499938964844e+02, 3.381499938964844e+02, 3.381499938964844e+02, 3.381499938964844e+02, 3.381499938964844e+02, 3.381499938964844e+02, 3.381499938964844e+02, 3.381499938964844e+02, 3.381499938964844e+02, 3.381499938964844e+02, 3.381499938964844e+02, 3.381499938964844e+02, 3.381499938964844e+02, 3.381499938964844e+02, 3.381499938964844e+02, 3.381499938964844e+02, 3.381499938964844e+02, 3.381499938964844e+02, 3.381499938964844e+02, 3.381499938964844e+02, 3.381499938964844e+02, 3.381499938964844e+02, 3.381499938964844e+02, 3.381499938964844e+02, 3.381499938964844e+02, 3.381499938964844e+02, 3.381499938964844e+02, 3.381499938964844e+02, 3.381499938964844e+02, 3.381499938964844e+02, 3.381499938964844e+02, 3.381499938964844e+02, 3.381499938964844e+02, 3.381499938964844e+02, 3.381499938964844e+02, 3.381499938964844e+02, 3.381499938964844e+02, 3.381499938964844e+02, 3.381499938964844e+02, 3.381499938964844e+02, 3.381499938964844e+02, 3.381499938964844e+02, 3.381499938964844e+02, 3.381499938964844e+02, 3.381499938964844e+02, 3.381499938964844e+02, 3.381499938964844e+02, 3.381499938964844e+02, 3.381499938964844e+02, 3.381499938964844e+02, 3.381499938964844e+02, 3.381499938964844e+02, 3.381499938964844e+02, 3.381499938964844e+02, 3.381499938964844e+02, 3.381499938964844e+02, 3.381499938964844e+02, 3.381499938964844e+02, 3.381499938964844e+02, 3.381499938964844e+02, 3.381499938964844e+02, 3.381499938964844e+02, 3.381499938964844e+02, 3.381499938964844e+02, 3.381499938964844e+02, 3.381499938964844e+02]
hex.sta_b2.T=[2.931499938964844e+02, 2.839106445286266e+02, 2.839249267663011e+02, 2.84156524642479e+02, 2.845254822229423e+02, 2.849794921875e+02, 2.854819945743528e+02, 2.860058897808519e+02, 2.865306397582557e+02, 2.870410459299265e+02, 2.875260925292969e+02, 2.879785463251558e+02, 2.883940734015068e+02, 2.887707825455645e+02, 2.891085508887322e+02, 2.894085388183594e+02, 2.896727906307592e+02, 2.899039306177228e+02, 2.901055906583661e+02, 2.902823790792481e+02, 2.904383544921875e+02, 2.905769959045832e+02, 2.907014161148365e+02, 2.908141783746996e+02, 2.90917602496571e+02, 2.910134887695312e+02, 2.911034546267085e+02, 2.911887512910696e+02, 2.912704467091762e+02, 2.913493346837479e+02, 2.914260864257812e+02, 2.915012512521999e+02, 2.915751648571393e+02, 2.916482238152531e+02, 2.920821835636683e+02, 2.927729797363281e+02, 2.935402818477942e+02, 2.943910835309769e+02, 2.953356009716855e+02, 2.963870563466173e+02, 2.975620727539062e+02, 2.988812537596911e+02, 3.003697828529638e+02, 3.020578903400675e+02, 3.039811131480711e+02, 3.061786193847656e+02, 3.086876175932455e+02, 3.115264307868934e+02, 3.146423312816038e+02, 3.177655077125382e+02, 3.199412536621094e+02, 3.210623150681073e+02, 3.220838020967254e+02, 3.23036437198728e+02, 3.239434829483611e+02, 3.2481884765625e+02, 3.256695237194937e+02, 3.264978034249754e+02, 3.273028557711395e+02, 3.280822766838677e+02, 3.288330383300781e+02, 3.295519702393168e+02, 3.302364202396314e+02, 3.30884276807335e+02, 3.314941111018657e+02, 3.320651550292969e+02, 3.325973196806815e+02, 3.330910343344627e+02, 3.335458065127546e+02, 3.339604498810227e+02, 3.343353881835938e+02, 3.346722711821407e+02, 3.349734792493093e+02, 3.352417305827954e+02, 3.35479797738138e+02, 3.356903686523438e+02, 3.358760067812793e+02, 3.360390314588125e+02, 3.361815800342908e+02, 3.363054811492456e+02, 3.364123229980469e+02, 3.36503448342232e+02, 3.365797727101797e+02, 3.366416932947724e+02, 3.366878357554475e+02, 3.367192687988281e+02, 3.367406005551522e+02, 3.367553100156495e+02, 3.36765625028457e+02, 3.367729797464174e+02, 3.367783203125e+02, 3.367822875917062e+02, 3.367853088285774e+02, 3.367875671448807e+02, 3.367892761256339e+02, 3.367905883789062e+02, 3.367916259750103e+02, 3.36792388913946e+02, 3.367929382339741e+02, 3.367933044436181e+02, 3.3679345703125e+02]
hex.hexReg[1].ele[1, 1].vol2.T=[2.931499938964844e+02, 2.81748199478255e+02, 2.824408874929035e+02, 2.832266234942573e+02, 2.8394134528327e+02, 2.845374145507812e+02, 2.850139464874293e+02, 2.853863219504065e+02, 2.856735840361474e+02, 2.858935546040692e+02, 2.860612487792969e+02, 2.861887512663637e+02, 2.862855529601803e+02, 2.863589477670353e+02, 2.864146117953222e+02, 2.864567565917969e+02, 2.864887085074766e+02, 2.865129699660465e+02, 2.865339965639222e+02, 2.865569457904979e+02, 2.865836486816406e+02, 2.866141662736061e+02, 2.866480408017523e+02, 2.866846923509923e+02, 2.867235412429501e+02, 2.867640686035156e+02, 2.868059387387474e+02, 2.868488159547042e+02, 2.868924560174347e+02, 2.86936645488992e+02, 2.869812927246094e+02, 2.870262756539095e+02, 2.87071533241542e+02, 2.871169433208287e+02, 2.874446409059976e+02, 2.879661254882812e+02, 2.885449818869967e+02, 2.891894537090159e+02, 2.899117425223565e+02, 2.907278762498535e+02, 2.916587524414062e+02, 2.927314433844068e+02, 2.939819957964206e+02, 2.954590440689247e+02, 2.972301974603332e+02, 2.993921508789062e+02, 3.020877025105765e+02, 3.055365024486292e+02, 3.100950579124111e+02, 3.163767526351314e+02, 3.255271301269531e+02, 3.279588898216011e+02, 3.295193493102347e+02, 3.307894887543662e+02, 3.318297439965186e+02, 3.326847839355469e+02, 3.333889759474246e+02, 3.339696659653233e+02, 3.344488216458516e+02, 3.348442999132278e+02, 3.351708374023438e+02, 3.354404902996813e+02, 3.356631471405527e+02, 3.358469847191852e+02, 3.359988405612397e+02, 3.361242370605469e+02, 3.362277830406612e+02, 3.36313293521577e+02, 3.363836974547918e+02, 3.364411621950048e+02, 3.364877014160156e+02, 3.365252379789018e+02, 3.365552977584304e+02, 3.365791626675053e+02, 3.365978393826323e+02, 3.366121826171875e+02, 3.366228332361724e+02, 3.366302795198022e+02, 3.366349182232386e+02, 3.36636932373823e+02, 3.366364440917969e+02, 3.366333618236499e+02, 3.366274109129897e+02, 3.36617736773462e+02, 3.366019286762717e+02, 3.365789794921875e+02, 3.365512390630836e+02, 3.365205384366627e+02, 3.364880369965817e+02, 3.36454467716006e+02, 3.364203491210938e+02, 3.363859863863325e+02, 3.363515626169325e+02, 3.363172301081942e+02, 3.362830504794192e+02, 3.362490844726562e+02, 3.362154236408985e+02, 3.361820679838871e+02, 3.361490172227433e+02, 3.361163024351312e+02, 3.360838928222656e+02]
hex.hexReg[1].ele[1, 1].vol1.T=[2.931499938964844e+02, 3.088021853317048e+02, 3.169315798829516e+02, 3.213822324802686e+02, 3.239714357488717e+02, 3.255743713378906e+02, 3.26624420071493e+02, 3.273445738428016e+02, 3.27855590909079e+02, 3.282268370196691e+02, 3.285007629394531e+02, 3.287048950920967e+02, 3.288580016801393e+02, 3.289732666220968e+02, 3.290602111487857e+02, 3.291259460449219e+02, 3.29175628679895e+02, 3.292215270851868e+02, 3.293506468356745e+02, 3.295433043546898e+02, 3.297691345214844e+02, 3.300135499114014e+02, 3.302689821541358e+02, 3.305313718461487e+02, 3.307984007650781e+02, 3.31068603515625e+02, 3.313410950866655e+02, 3.316152346080889e+02, 3.318906247662643e+02, 3.32166961552666e+02, 3.324439697265625e+02, 3.327214966998046e+02, 3.329994509193991e+02, 3.332776792074247e+02, 3.335251769155472e+02, 3.336786193847656e+02, 3.337813108827818e+02, 3.338592529885418e+02, 3.339252929151991e+02, 3.339864808150772e+02, 3.340469970703125e+02, 3.341096800668684e+02, 3.341769104605385e+02, 3.342510070144976e+02, 3.343343812566662e+02, 3.3443017578125e+02, 3.345423887126772e+02, 3.346764832818361e+02, 3.348404234327741e+02, 3.350463260884597e+02, 3.353138427734375e+02, 3.356535028162319e+02, 3.360054934509611e+02, 3.363293759592865e+02, 3.366124271942398e+02, 3.368534545898438e+02, 3.370558773668282e+02, 3.372246400203761e+02, 3.373647154662243e+02, 3.374807435836019e+02, 3.375767211914062e+02, 3.376560362525183e+02, 3.377215881843067e+02, 3.377757567933813e+02, 3.378204651554114e+02, 3.37857421875e+02, 3.378879088876873e+02, 3.379129333673304e+02, 3.379314880232689e+02, 3.379450073433626e+02, 3.379549560546875e+02, 3.379620971576207e+02, 3.379669799664989e+02, 3.37969879156082e+02, 3.379709777834618e+02, 3.37970458984375e+02, 3.379683227585629e+02, 3.379645080721626e+02, 3.379589233170781e+02, 3.379512939300492e+02, 3.379411315917969e+02, 3.379276123305575e+02, 3.379091187242624e+02, 3.378817747729936e+02, 3.378352660333429e+02, 3.37789794921875e+02, 3.377475891811772e+02, 3.377076112174737e+02, 3.376692198429052e+02, 3.376319579457244e+02, 3.375956115722656e+02, 3.375599671010341e+02, 3.375248719446566e+02, 3.374903258118367e+02, 3.374562377355373e+02, 3.374225463867188e+02, 3.373892517651223e+02, 3.373563233534286e+02, 3.373237303590611e+02, 3.372915038519229e+02, 3.372595825195312e+02]
hex.sta_a2.T=[2.781499938964844e+02, 2.781499938964844e+02, 2.781499938964844e+02, 2.781499938964844e+02, 2.781499938964844e+02, 2.781499938964844e+02, 2.781499938964844e+02, 2.781499938964844e+02, 2.781499938964844e+02, 2.781499938964844e+02, 2.781499938964844e+02, 2.781499938964844e+02, 2.781499938964844e+02, 2.781499938964844e+02, 2.781499938964844e+02, 2.781499938964844e+02, 2.781499938964844e+02, 2.781499938964844e+02, 2.781499938964844e+02, 2.781499938964844e+02, 2.781499938964844e+02, 2.781499938964844e+02, 2.781499938964844e+02, 2.781499938964844e+02, 2.781499938964844e+02, 2.781499938964844e+02, 2.781499938964844e+02, 2.781499938964844e+02, 2.781499938964844e+02, 2.781499938964844e+02, 2.781499938964844e+02, 2.781499938964844e+02, 2.781499938964844e+02, 2.781499938964844e+02, 2.781499938964844e+02, 2.781499938964844e+02, 2.781499938964844e+02, 2.781499938964844e+02, 2.781499938964844e+02, 2.781499938964844e+02, 2.781499938964844e+02, 2.781499938964844e+02, 2.781499938964844e+02, 2.781499938964844e+02, 2.781499938964844e+02, 2.781499938964844e+02, 2.781499938964844e+02, 2.781499938964844e+02, 2.781499938964844e+02, 2.781499938964844e+02, 2.781499938964844e+02, 2.781499938964844e+02, 2.781499938964844e+02, 2.781499938964844e+02, 2.781499938964844e+02, 2.781499938964844e+02, 2.781499938964844e+02, 2.781499938964844e+02, 2.781499938964844e+02, 2.781499938964844e+02, 2.781499938964844e+02, 2.781499938964844e+02, 2.781499938964844e+02, 2.781499938964844e+02, 2.781499938964844e+02, 2.781499938964844e+02, 2.781499938964844e+02, 2.781499938964844e+02, 2.781499938964844e+02, 2.781499938964844e+02, 2.781499938964844e+02, 2.781499938964844e+02, 2.781499938964844e+02, 2.781499938964844e+02, 2.781499938964844e+02, 2.781499938964844e+02, 2.781499938964844e+02, 2.781499938964844e+02, 2.781499938964844e+02, 2.781499938964844e+02, 2.781499938964844e+02, 2.781499938964844e+02, 2.781499938964844e+02, 2.781499938964844e+02, 2.781499938964844e+02, 2.781499938964844e+02, 2.781499938964844e+02, 2.781499938964844e+02, 2.781499938964844e+02, 2.781499938964844e+02, 2.781499938964844e+02, 2.781499938964844e+02, 2.781499938964844e+02, 2.781499938964844e+02, 2.781499938964844e+02, 2.781499938964844e+02, 2.781499938964844e+02, 2.781499938964844e+02, 2.781499938964844e+02, 2.781499938964844e+02, 2.781499938964844e+02]
hex.hexReg[1].ele[1, 2].vol1.T=[2.931499938964844e+02, 2.968262941031805e+02, 3.029751590076677e+02, 3.085027157968677e+02, 3.128031925198511e+02, 3.159991760253906e+02, 3.183525083248973e+02, 3.200959469381751e+02, 3.214021913953923e+02, 3.223922420561371e+02, 3.231499633789062e+02, 3.23734100553543e+02, 3.241867064564982e+02, 3.245384827300116e+02, 3.248124388600054e+02, 3.250259399414062e+02, 3.251924133906787e+02, 3.253227233632869e+02, 3.254458311884924e+02, 3.255923461245322e+02, 3.257660217285156e+02, 3.259617615621148e+02, 3.261738893465498e+02, 3.263978879903447e+02, 3.266304625467554e+02, 3.26869384765625e+02, 3.271130372136312e+02, 3.27360260220865e+02, 3.276102292794065e+02, 3.278623350979115e+02, 3.281160888671875e+02, 3.283711548935516e+02, 3.286272585182188e+02, 3.288841550553532e+02, 3.291384276294074e+02, 3.293645629882812e+02, 3.295522152817709e+02, 3.29708892943208e+02, 3.298448790401843e+02, 3.299687807206578e+02, 3.300873718261719e+02, 3.30205993449264e+02, 3.303291016707661e+02, 3.304609984195172e+02, 3.30606079364402e+02, 3.307694396972656e+02, 3.309575497101895e+02, 3.311789247691887e+02, 3.314455563960239e+02, 3.317754217851896e+02, 3.321969299316406e+02, 3.327335195394974e+02, 3.333247075350688e+02, 3.339092402375932e+02, 3.34453919327299e+02, 3.349441528320312e+02, 3.353760674221763e+02, 3.357516177230665e+02, 3.360755002302277e+02, 3.363532719127826e+02, 3.365906372070312e+02, 3.367929684286943e+02, 3.369651490579771e+02, 3.371114805967342e+02, 3.372356874465215e+02, 3.373410339355469e+02, 3.374303282276315e+02, 3.375055847725468e+02, 3.375652770538194e+02, 3.376119690624375e+02, 3.376487121582031e+02, 3.376776732953473e+02, 3.377002257612638e+02, 3.377173767571026e+02, 3.377297973798381e+02, 3.377380065917969e+02, 3.377423706005534e+02, 3.377430725123526e+02, 3.37740142804674e+02, 3.377334289395561e+02, 3.377225646972656e+02, 3.377068786923773e+02, 3.376848755731349e+02, 3.376533812074407e+02, 3.376051024567958e+02, 3.375580749511719e+02, 3.375139160890959e+02, 3.374716798287503e+02, 3.374307249605451e+02, 3.373905944151598e+02, 3.3735107421875e+02, 3.373119507495623e+02, 3.372731324551211e+02, 3.372345274575057e+02, 3.371961364096756e+02, 3.371578674316406e+02, 3.371197205236595e+02, 3.370816651678952e+02, 3.370437315606204e+02, 3.37005859311101e+02, 3.369681091308594e+02]
hex.hexReg[1].ele[1, 2].vol2.T=[2.931499938964844e+02, 2.813599853511381e+02, 2.814823913736149e+02, 2.818721008055905e+02, 2.823921204195358e+02, 2.829406127929688e+02, 2.834588317343507e+02, 2.839192503962486e+02, 2.843134461200743e+02, 2.846429747242302e+02, 2.849141235351562e+02, 2.851348267423583e+02, 2.853130187642917e+02, 2.854561157491407e+02, 2.855704955612957e+02, 2.856615905761719e+02, 2.857339477805524e+02, 2.85791290272176e+02, 2.8583706661469e+02, 2.858754577482146e+02, 2.859101257324219e+02, 2.859435424945679e+02, 2.859770508099657e+02, 2.860113525097e+02, 2.860467223969108e+02, 2.860831909179688e+02, 2.861206970375885e+02, 2.861591492029062e+02, 2.861983642243108e+02, 2.862382812329905e+02, 2.862787780761719e+02, 2.863197021658997e+02, 2.86361022984402e+02, 2.864026488904686e+02, 2.867044980998361e+02, 2.871880493164062e+02, 2.877290029477655e+02, 2.883341985473969e+02, 2.890139764465868e+02, 2.897826246980864e+02, 2.906592407226562e+02, 2.916691266029276e+02, 2.928461314699232e+02, 2.942362353099376e+02, 2.959033540014848e+02, 2.979391784667969e+02, 3.004790602203849e+02, 3.0373147906215e+02, 3.08035060594926e+02, 3.139728822973864e+02, 3.226349182128906e+02, 3.250270355531169e+02, 3.266307385323497e+02, 3.279920338284139e+02, 3.291625994741369e+02, 3.301764831542969e+02, 3.310575852581945e+02, 3.318239752064553e+02, 3.3249023384156e+02, 3.33068695968119e+02, 3.335701293945312e+02, 3.340039360745201e+02, 3.343786013646098e+02, 3.347015683458501e+02, 3.349795536526161e+02, 3.352183837890625e+02, 3.354233089996922e+02, 3.355988770884252e+02, 3.357486876252678e+02, 3.358753664041866e+02, 3.359817504882812e+02, 3.360705565009268e+02, 3.361443479132532e+02, 3.362053224487848e+02, 3.362552796160387e+02, 3.362958679199219e+02, 3.363283080555396e+02, 3.363536986533761e+02, 3.363728333052454e+02, 3.363863525566541e+02, 3.363946838378906e+02, 3.363980407691561e+02, 3.363963012824663e+02, 3.363889770124936e+02, 3.363742065093377e+02, 3.363517150878906e+02, 3.363239136241479e+02, 3.362926636839077e+02, 3.362592161916612e+02, 3.362243041389416e+02, 3.361884460449219e+02, 3.361519776011506e+02, 3.361151429474766e+02, 3.360780333215373e+02, 3.360408019385716e+02, 3.360034790039062e+02, 3.359661560692409e+02, 3.359288636516363e+02, 3.358916014362543e+02, 3.358543700540646e+02, 3.358172302246094e+02]
hex.hexReg[1].ele[1, 1].Gc_2=[2.8041591796875e+03, 2.8041591796875e+03]
hex.hexReg[1].ele[1, 1].Gc_1=[5.608318359375e+03, 5.608318359375e+03]
hex.Q1_flow=[0e+00, -1.355241590281859e+05, -2.25140066208699e+05, -2.8555284101356e+05, -3.273243785596212e+05, -3.566768125e+05, -3.772943106200727e+05, -3.914670912060449e+05, -4.007495327083576e+05, -4.062986231818628e+05, -4.090308125e+05, -4.096894061187375e+05, -4.088755002713e+05, -4.070662495263094e+05, -4.046317198569888e+05, -4.0185128125e+05, -3.989298112548611e+05, -3.960606568197201e+05, -3.938772203378651e+05, -3.924039067688907e+05, -3.915104375e+05, -3.911072186903292e+05, -3.911248127063642e+05, -3.915038745671386e+05, -3.921912809114462e+05, -3.9313875e+05, -3.943029067912092e+05, -3.956456262164625e+05, -3.971339986949254e+05, -3.987399680518984e+05, -4.0044015625e+05, -4.02215250768435e+05, -4.040495953301827e+05, -4.059303733921343e+05, -4.072544998089343e+05, -4.0645690625e+05, -4.040250362970479e+05, -4.003431838261084e+05, -3.956074418498071e+05, -3.89898583091383e+05, -3.83217e+05, -3.755009200748103e+05, -3.666320543333828e+05, -3.564308841457212e+05, -3.446464156714915e+05, -3.30938875e+05, -3.148537478582101e+05, -2.957876070427405e+05, -2.729539270717216e+05, -2.453870570630059e+05, -2.1213984375e+05, -1.807450930874624e+05, -1.58240640472611e+05, -1.415736063653679e+05, -1.287053950330871e+05, -1.183007187499999e+05, -1.094952015983951e+05, -1.017402516352176e+05, -9.469820890041541e+04, -8.816669247505885e+04, -8.203025e+04, -7.62284939988821e+04, -7.073296424207526e+04, -6.553199259123798e+04, -6.062216775294843e+04, -5.600336328125e+04, -5.167528839128659e+04, -4.761412549572766e+04, -4.360695258958561e+04, -3.973419678549387e+04, -3.610392187500003e+04, -3.276620467127432e+04, -2.973302940600099e+04, -2.699685067416049e+04, -2.45377304701739e+04, -2.23313984375e+04, -2.035097587171644e+04, -1.856893938989452e+04, -1.695729366766294e+04, -1.548741071578764e+04, -1.41287646484375e+04, -1.284550214246048e+04, -1.158597988789545e+04, -1.024718912767591e+04, -8.607349228692377e+03, -7.4339296875e+03, -6.664041622163317e+03, -6.156355456593158e+03, -5.820145597724298e+03, -5.59688447136482e+03, -5.44831005859375e+03, -5.349012838173001e+03, -5.282270210199563e+03, -5.239179577248151e+03, -5.211595668065938e+03, -5.1935908203125e+03, -5.181044940025411e+03, -5.171965358058567e+03, -5.165377423259978e+03, -5.160557610146713e+03, -5.1568623046875e+03]
hex.Q2_flow=[0e+00, 1.63622265558634e+05, 1.64276297125298e+05, 1.709933432977292e+05, 1.815414387884615e+05, 1.9446215625e+05, 2.087323734515485e+05, 2.235934812070516e+05, 2.384708624875327e+05, 2.5293494709908e+05, 2.66677875e+05, 2.794945676716213e+05, 2.912643413480362e+05, 3.019335333700674e+05, 3.114989648802744e+05, 3.19994125e+05, 3.274770029275103e+05, 3.340216549380709e+05, 3.397337141633641e+05, 3.447425917339757e+05, 3.4916325e+05, 3.530945015583277e+05, 3.566224090641292e+05, 3.598214036361421e+05, 3.62754905045922e+05, 3.6547621875e+05, 3.680295947965896e+05, 3.704512519971496e+05, 3.727704355636471e+05, 3.750106553118907e+05, 3.7719053125e+05, 3.79324719645194e+05, 3.814246580161488e+05, 3.834992169984211e+05, 3.805265961736532e+05, 3.74617e+05, 3.681943238338702e+05, 3.610292434689315e+05, 3.529076322534756e+05, 3.436046390918387e+05, 3.32865e+05, 3.203818974910461e+05, 3.057726738616857e+05, 2.885482343571186e+05, 2.680708676318187e+05, 2.43499046875e+05, 2.137173983259071e+05, 1.772584181611735e+05, 1.322888851661512e+05, 7.689025396462924e+04, 1.07036533203125e+04, 6.71398889413786e+03, 6.670735823473196e+03, 6.663409176576888e+03, 6.679360883839354e+03, 6.71017578125e+03, 6.750134205164303e+03, 6.795330118033139e+03, 6.843085408286157e+03, 6.891545003731906e+03, 6.9394345703125e+03, 6.985897383389505e+03, 7.030368200601327e+03, 7.072487269831259e+03, 7.112045474529157e+03, 7.148943359375e+03, 7.183160100047882e+03, 7.214610376107982e+03, 7.241672830140047e+03, 7.264671910555766e+03, 7.28448583984375e+03, 7.3017104215937e+03, 7.316742139253433e+03, 7.329865275311732e+03, 7.341282732592658e+03, 7.35115234375e+03, 7.359592271774202e+03, 7.366689919104217e+03, 7.372500505409278e+03, 7.377044928278349e+03, 7.38029638671875e+03, 7.38215624786831e+03, 7.382367189420591e+03, 7.380253402661972e+03, 7.373877431405932e+03, 7.3688994140625e+03, 7.365723637262145e+03, 7.363709478302125e+03, 7.362448239008591e+03, 7.361674803735483e+03, 7.36121728515625e+03, 7.360961426112386e+03, 7.360831543275051e+03, 7.360788085912664e+03, 7.360794433635142e+03, 7.3608232421875e+03, 7.360856933535802e+03, 7.36088623036941e+03, 7.360906738322642e+03, 7.3609150390625e+03, 7.36090869140625e+03]
hex.m2_flow=[2.8e+01, 2.8e+01, 2.8e+01, 2.8e+01, 2.8e+01, 2.8e+01, 2.8e+01, 2.8e+01, 2.8e+01, 2.8e+01, 2.8e+01, 2.8e+01, 2.8e+01, 2.8e+01, 2.8e+01, 2.8e+01, 2.8e+01, 2.8e+01, 2.8e+01, 2.8e+01, 2.8e+01, 2.8e+01, 2.8e+01, 2.8e+01, 2.8e+01, 2.8e+01, 2.8e+01, 2.8e+01, 2.8e+01, 2.8e+01, 2.8e+01, 2.8e+01, 2.8e+01, 2.8e+01, 2.688506197296577e+01, 2.521248817443848e+01, 2.353991792054961e+01, 2.186734057738389e+01, 2.019477032349501e+01, 1.852219298032929e+01, 1.684962272644043e+01, 1.517705247255157e+01, 1.350447512938584e+01, 1.183190487549697e+01, 1.015932753232316e+01, 8.486736297607422e+00, 6.814202760135276e+00, 5.141608250868238e+00, 3.469042526924294e+00, 1.798007463690372e+00, 1.238994598388672e-01, 1.239999979734421e-01, 1.239999979734421e-01, 1.239999979734421e-01, 1.239999979734421e-01, 1.239999979734421e-01, 1.239999979734421e-01, 1.239999979734421e-01, 1.239999979734421e-01, 1.239999979734421e-01, 1.239999979734421e-01, 1.239999979734421e-01, 1.239999979734421e-01, 1.239999979734421e-01, 1.239999979734421e-01, 1.239999979734421e-01, 1.239999979734421e-01, 1.239999979734421e-01, 1.239999979734421e-01, 1.239999979734421e-01, 1.239999979734421e-01, 1.239999979734421e-01, 1.239999979734421e-01, 1.239999979734421e-01, 1.239999979734421e-01, 1.239999979734421e-01, 1.239999979734421e-01, 1.239999979734421e-01, 1.239999979734421e-01, 1.239999979734421e-01, 1.239999979734421e-01, 1.239999979734421e-01, 1.239999979734421e-01, 1.239999979734421e-01, 1.239999979734421e-01, 1.239999979734421e-01, 1.239999979734421e-01, 1.239999979734421e-01, 1.239999979734421e-01, 1.239999979734421e-01, 1.239999979734421e-01, 1.239999979734421e-01, 1.239999979734421e-01, 1.239999979734421e-01, 1.239999979734421e-01, 1.239999979734421e-01, 1.239999979734421e-01, 1.239999979734421e-01, 1.239999979734421e-01, 1.239999979734421e-01, 1.239999979734421e-01]
hex.m1_flow=[5e+00, 5e+00, 5e+00, 5e+00, 5e+00, 5e+00, 5e+00, 5e+00, 5e+00, 5e+00, 5e+00, 5e+00, 5e+00, 5e+00, 5e+00, 5e+00, 5e+00, 5e+00, 5e+00, 5e+00, 5e+00, 5e+00, 5e+00, 5e+00, 5e+00, 5e+00, 5e+00, 5e+00, 5e+00, 5e+00, 5e+00, 5e+00, 5e+00, 5e+00, 5e+00, 5e+00, 5e+00, 5e+00, 5e+00, 5e+00, 5e+00, 5e+00, 5e+00, 5e+00, 5e+00, 5e+00, 5e+00, 5e+00, 5e+00, 5e+00, 5e+00, 5e+00, 5e+00, 5e+00, 5e+00, 5e+00, 5e+00, 5e+00, 5e+00, 5e+00, 5e+00, 5e+00, 5e+00, 5e+00, 5e+00, 5e+00, 5e+00, 4.949848523303864e+00, 4.796248567840523e+00, 4.637563907683278e+00, 4.473253726959229e+00, 4.302674110435072e+00, 4.1250459121242e+00, 3.939415522714712e+00, 3.744595663763673e+00, 3.53906774520874e+00, 3.32084359933708e+00, 3.087232690216632e+00, 2.83443026748209e+00, 2.556755279016255e+00, 2.244994401931763e+00, 1.88228649387918e+00, 1.43038623053662e+00, 7.409412473875931e-01, 1.384000033140182e-01, 1.384000033140182e-01, 1.384000033140182e-01, 1.384000033140182e-01, 1.384000033140182e-01, 1.384000033140182e-01, 1.384000033140182e-01, 1.384000033140182e-01, 1.384000033140182e-01, 1.384000033140182e-01, 1.384000033140182e-01, 1.384000033140182e-01, 1.384000033140182e-01, 1.384000033140182e-01, 1.384000033140182e-01, 1.384000033140182e-01, 1.384000033140182e-01]
