last-generated=2022-03-16
statistics-initialization=
{
  "nonlinear": "2, 0, 1, 1",
  "numerical Jacobians": "0"
}
statistics-simulation=
{
  "linear": "0",
  "nonlinear": "1, 1, 1",
  "number of continuous time states": "18",
  "numerical Jacobians": "0"
}
time=[0e+00, 3.6e+03]
chiBra.m_flow=[0e+00, 4.999552965164185e-01, 5e-01, 5e-01, 5e-01, 5e-01, 5e-01, 5e-01, 5e-01, 5e-01, 5e-01, 5e-01, 5e-01, 5e-01, 5e-01, 5e-01, 5e-01, 5e-01, 5e-01, 5e-01, 5e-01, 5e-01, 5e-01, 5e-01, 5e-01, 5e-01, 5e-01, 5e-01, 5e-01, 5e-01, 5e-01, 5e-01, 5e-01, 5e-01, 5e-01, 5e-01, 5e-01, 5e-01, 5e-01, 5e-01, 5e-01, 5e-01, 5e-01, 5e-01, 5e-01, 5e-01, 5e-01, 5e-01, 5e-01, 5e-01, 5e-01, 5e-01, 5e-01, 5e-01, 5e-01, 5e-01, 5e-01, 5e-01, 5e-01, 5e-01, 5e-01, 5e-01, 5e-01, 5e-01, 5e-01, 5e-01, 5e-01, 5e-01, 5e-01, 5e-01, 5e-01, 5e-01, 5e-01, 5e-01, 5e-01, 5e-01, 5e-01, 5e-01, 5e-01, 5e-01, 5e-01, 5e-01, 5e-01, 5e-01, 5e-01, 5e-01, 5e-01, 5e-01, 5e-01, 5e-01, 5e-01, 5e-01, 5e-01, 5e-01, 5e-01, 5e-01, 5e-01, 5e-01, 5e-01, 5e-01, 5e-01]
tanBra.mTan_flow=[0e+00, -4.999551773071289e-01, -4.999998807907104e-01, -4.999998807907104e-01, -4.999998807907104e-01, -4.999998807907104e-01, -4.999998807907104e-01, -4.999998807907104e-01, -4.999998807907104e-01, -4.999998807907104e-01, -4.999998807907104e-01, -4.999998807907104e-01, -4.999998807907104e-01, -4.999998807907104e-01, -4.999998807907104e-01, -4.999998807907104e-01, -4.999998807907104e-01, -4.999998807907104e-01, -4.999998807907104e-01, -4.999998807907104e-01, -4.999998807907104e-01, -4.999998807907104e-01, -4.999998807907104e-01, -4.999998807907104e-01, -4.999998807907104e-01, -4.999998807907104e-01, -4.999998807907104e-01, -4.999998807907104e-01, -4.999998807907104e-01, -4.999998807907104e-01, -4.999998807907104e-01, -4.999998807907104e-01, -4.999998807907104e-01, -4.999998807907104e-01, 2.893969118595123e-01, 3.502776324748993e-01, 3.745020627975464e-01, 3.929356336593628e-01, 4.070073962211609e-01, 4.177742600440979e-01, 4.260265231132507e-01, 4.31829422712326e-01, 4.110587537288666e-01, 4.04619425535202e-01, 4.037974178791046e-01, 4.040806889533997e-01, 4.045733511447906e-01, 4.05122309923172e-01, 4.056960344314575e-01, 4.062855541706085e-01, 4.068860113620758e-01, 4.074938297271729e-01, 4.081068336963654e-01, 4.087235927581787e-01, 4.093431234359741e-01, 4.099647402763367e-01, 4.105879962444305e-01, 4.112125039100647e-01, 4.118382036685944e-01, 4.1246497631073e-01, 4.130928516387939e-01, 4.137217998504639e-01, 4.143518507480621e-01, 4.149830341339111e-01, 4.156154692173004e-01, 4.162492156028748e-01, 4.168843924999237e-01, -2.810051441192627e-01, -4.999998211860657e-01, -4.999998509883881e-01, -4.999998509883881e-01, -4.999998509883881e-01, -4.999998509883881e-01, -4.999998509883881e-01, -4.999998509883881e-01, -4.999998509883881e-01, -4.999998509883881e-01, -4.999998509883881e-01, -4.999998509883881e-01, -4.999998509883881e-01, -4.999998509883881e-01, -4.999998807907104e-01, -4.999998807907104e-01, -4.999998807907104e-01, -4.999998807907104e-01, -4.999998807907104e-01, -4.999998807907104e-01, -4.999998807907104e-01, -4.999998807907104e-01, -4.999998807907104e-01, -4.999998807907104e-01, -4.999998807907104e-01, -4.999998807907104e-01, -4.999998807907104e-01, -4.999998807907104e-01, -4.999998807907104e-01, -4.999998807907104e-01, -4.999998807907104e-01, -4.999998807907104e-01, -4.999998807907104e-01, -4.999998807907104e-01]
tanBra.pum.m_flow=[0e+00, 1.074193249905875e-07, 1.138746412721048e-07, 1.187569793614784e-07, 1.22431416116342e-07, 1.251885208830572e-07, 1.272531306995006e-07, 1.28796955323196e-07, 1.299502088158988e-07, 1.30811088183691e-07, 1.314534330276729e-07, 1.319324240967035e-07, 1.322895428756965e-07, 1.325555700759651e-07, 1.327538541318063e-07, 1.329015901774255e-07, 1.330116958797589e-07, 1.330937067223203e-07, 1.331548276084504e-07, 1.332003449761032e-07, 1.33234237864599e-07, 1.332594905534279e-07, 1.332782773033614e-07, 1.332922892061106e-07, 1.33302748395181e-07, 1.333105359435649e-07, 1.333163339722887e-07, 1.333206682829768e-07, 1.333238941469972e-07, 1.333262957814441e-07, 1.333280863491382e-07, 1.333294221694814e-07, 1.333304027184568e-07, 1.333311274720472e-07, 7.893968820571899e-01, 8.502776026725769e-01, 8.745020627975464e-01, 8.929356336593628e-01, 9.070073962211609e-01, 9.177742600440979e-01, 9.260265231132507e-01, 9.318294525146484e-01, 9.110587239265442e-01, 9.046193957328796e-01, 9.037973880767822e-01, 9.040806889533997e-01, 9.045733213424683e-01, 9.051223397254944e-01, 9.056960344314575e-01, 9.062855839729309e-01, 9.068859815597534e-01, 9.074938297271729e-01, 9.08106803894043e-01, 9.087235927581787e-01, 9.093431234359741e-01, 9.099647402763367e-01, 9.105879664421082e-01, 9.112125039100647e-01, 9.11838173866272e-01, 9.1246497631073e-01, 9.130928516387939e-01, 9.137217998504639e-01, 9.143518209457397e-01, 9.149830341339111e-01, 9.15615439414978e-01, 9.162492156028748e-01, 9.168843626976013e-01, 2.189948409795761e-01, 1.645938851879691e-07, 1.559465232503499e-07, 1.500948343391428e-07, 1.457721339193085e-07, 1.425725457693261e-07, 1.402011520212909e-07, 1.384413650384886e-07, 1.371335400790485e-07, 1.361614749839646e-07, 1.354385688046023e-07, 1.349009863815809e-07, 1.345005529174159e-07, 1.342024944506193e-07, 1.339805777433867e-07, 1.338153907681772e-07, 1.336923389771982e-07, 1.336007642294135e-07, 1.335325094942164e-07, 1.334817198994642e-07, 1.334438479716482e-07, 1.33415667846748e-07, 1.333946499926242e-07, 1.333790180524375e-07, 1.333673367298616e-07, 1.333586681084853e-07, 1.333522021695899e-07, 1.33347356268132e-07, 1.33343760921889e-07, 1.333410892812026e-07, 1.333390997615425e-07, 1.333376218326521e-07, 1.33336527596839e-07, 1.333357033672655e-07]
usr.yVal_actual=[0e+00, 0e+00, 0e+00, 0e+00, 0e+00, 0e+00, 0e+00, 0e+00, 0e+00, 0e+00, 0e+00, 0e+00, 0e+00, 0e+00, 0e+00, 0e+00, 0e+00, 0e+00, 0e+00, 0e+00, 0e+00, 0e+00, 0e+00, 0e+00, 0e+00, 0e+00, 0e+00, 0e+00, 0e+00, 0e+00, 0e+00, 0e+00, 0e+00, 0e+00, 9.211111068725586e-01, 1e+00, 1e+00, 1e+00, 1e+00, 1e+00, 1e+00, 9.946646094322205e-01, 9.245695471763611e-01, 9.071856737136841e-01, 9.031168222427368e-01, 9.018986821174622e-01, 9.015378952026367e-01, 9.016034603118896e-01, 9.019418358802795e-01, 9.024717807769775e-01, 9.031393527984619e-01, 9.039061665534973e-01, 9.047455191612244e-01, 9.056385159492493e-01, 9.065719246864319e-01, 9.075362086296082e-01, 9.08524751663208e-01, 9.095327258110046e-01, 9.105567336082458e-01, 9.115946888923645e-01, 9.126449227333069e-01, 9.137066006660461e-01, 9.147792458534241e-01, 9.158623814582825e-01, 9.169560670852661e-01, 9.180601239204407e-01, 9.191747307777405e-01, 2.95667439699173e-01, 0e+00, 0e+00, 0e+00, 0e+00, 0e+00, 0e+00, 0e+00, 0e+00, 0e+00, 0e+00, 0e+00, 0e+00, 0e+00, 0e+00, 0e+00, 0e+00, 0e+00, 0e+00, 0e+00, 0e+00, 0e+00, 0e+00, 0e+00, 0e+00, 0e+00, 0e+00, 0e+00, 0e+00, 0e+00, 0e+00, 0e+00, 0e+00, 0e+00]
