last-generated=2024-01-24
statistics-simulation=
{
  "linear": " ",
  "nonlinear": "2, 2, 2, 2, 2, 2, 2, 2, 2, 2, 2, 2",
  "number of continuous time states": "52",
  "numerical Jacobians": "0"
}
time=[0e+00, 6.3072e+07]
senTemInl.T=[2.931499938964844e+02, 2.944103393554688e+02, 2.955892944335938e+02, 2.966107177734375e+02, 2.974086303710938e+02, 2.979315185546875e+02, 2.981455993652344e+02, 2.980370788574219e+02, 2.976129150390625e+02, 2.969005432128906e+02, 2.959459533691406e+02, 2.94810791015625e+02, 2.935683898925781e+02, 2.922989501953125e+02, 2.9108447265625e+02, 2.900033874511719e+02, 2.891255187988281e+02, 2.88507568359375e+02, 2.881894226074219e+02, 2.88191650390625e+02, 2.885140686035156e+02, 2.891359252929688e+02, 2.900169677734375e+02, 2.911003723144531e+02, 2.92316162109375e+02, 2.935857849121094e+02, 2.948272705078125e+02, 2.959604187011719e+02, 2.969120788574219e+02, 2.976207580566406e+02, 2.980407409667969e+02, 2.981448669433594e+02, 2.979263916015625e+02, 2.973994750976562e+02, 2.965980834960938e+02, 2.955740356445312e+02, 2.943934631347656e+02, 2.931325378417969e+02, 2.918727722167969e+02, 2.906954956054688e+02, 2.896766967773438e+02, 2.888822326660156e+02, 2.883634033203125e+02, 2.881536865234375e+02, 2.882666320800781e+02, 2.886949768066406e+02, 2.894110107421875e+02, 2.903685302734375e+02, 2.915056762695312e+02, 2.927489929199219e+02, 2.940182495117188e+02, 2.952314147949219e+02, 2.963101501464844e+02, 2.97184814453125e+02, 2.977988891601562e+02, 2.981127319335938e+02, 2.981060791015625e+02, 2.977793579101562e+02, 2.971536560058594e+02, 2.962694091796875e+02, 2.951836853027344e+02, 2.939666442871094e+02, 2.926968383789062e+02, 2.91456298828125e+02, 2.903251647949219e+02, 2.8937646484375e+02, 2.886714477539062e+02, 2.882556762695312e+02, 2.881559753417969e+02, 2.883787841796875e+02, 2.889097595214844e+02, 2.897145690917969e+02, 2.907412414550781e+02, 2.919234619140625e+02, 2.931849060058594e+02, 2.94444091796875e+02, 2.956197204589844e+02, 2.966358337402344e+02, 2.974268188476562e+02, 2.979416198730469e+02, 2.981469421386719e+02, 2.980295715332031e+02, 2.975970764160156e+02, 2.968773803710938e+02, 2.959169616699219e+02, 2.9477783203125e+02, 2.935335998535156e+02, 2.922645874023438e+02, 2.91052734375e+02, 2.899763488769531e+02, 2.891049194335938e+02, 2.884947204589844e+02, 2.881851806640625e+02, 2.881962585449219e+02, 2.885272827148438e+02, 2.891568298339844e+02, 2.900442504882812e+02, 2.911322631835938e+02, 2.923505859375e+02, 2.936205444335938e+02, 2.94860107421875e+02]
senTemOut.T=[2.931499938964844e+02, 2.819586181640625e+02, 2.816812133789062e+02, 2.814480285644531e+02, 2.812540893554688e+02, 2.810955810546875e+02, 2.809705505371094e+02, 2.808789978027344e+02, 2.808231811523438e+02, 2.808074035644531e+02, 2.808378601074219e+02, 2.809220581054688e+02, 2.810681457519531e+02, 2.812842712402344e+02, 2.815778198242188e+02, 2.819543762207031e+02, 2.82417236328125e+02, 2.82966552734375e+02, 2.835990600585938e+02, 2.843075256347656e+02, 2.850809326171875e+02, 2.859045104980469e+02, 2.867601013183594e+02, 2.876269226074219e+02, 2.884822387695312e+02, 2.893023376464844e+02, 2.900636291503906e+02, 2.907436218261719e+02, 2.913219604492188e+02, 2.917814636230469e+02, 2.921087951660156e+02, 2.92295166015625e+02, 2.923366088867188e+02, 2.922342224121094e+02, 2.919939575195312e+02, 2.916262512207031e+02, 2.911454467773438e+02, 2.905690612792969e+02, 2.89916748046875e+02, 2.892095031738281e+02, 2.884683532714844e+02, 2.877136840820312e+02, 2.869642028808594e+02, 2.862361450195312e+02, 2.855428771972656e+02, 2.8489453125e+02, 2.842977294921875e+02, 2.837560424804688e+02, 2.832698974609375e+02, 2.828374938964844e+02, 2.824551391601562e+02, 2.821181640625e+02, 2.818215637207031e+02, 2.815608825683594e+02, 2.81332763671875e+02, 2.81135498046875e+02, 2.809694519042969e+02, 2.80837158203125e+02, 2.807433166503906e+02, 2.806946105957031e+02, 2.806991882324219e+02, 2.807660522460938e+02, 2.809043884277344e+02, 2.811227111816406e+02, 2.814280700683594e+02, 2.818252868652344e+02, 2.82316162109375e+02, 2.828990173339844e+02, 2.835682983398438e+02, 2.843144226074219e+02, 2.851238403320312e+02, 2.859794921875e+02, 2.868612060546875e+02, 2.877464599609375e+02, 2.886113891601562e+02, 2.894317932128906e+02, 2.9018408203125e+02, 2.90846435546875e+02, 2.913997802734375e+02, 2.918286437988281e+02, 2.92121826171875e+02, 2.922728576660156e+02, 2.922802124023438e+02, 2.921473083496094e+02, 2.918822326660156e+02, 2.914971618652344e+02, 2.910077209472656e+02, 2.904320983886719e+02, 2.897900695800781e+02, 2.891020202636719e+02, 2.883878784179688e+02, 2.876663818359375e+02, 2.869541320800781e+02, 2.862650756835938e+02, 2.856100769042969e+02, 2.849967956542969e+02, 2.844296569824219e+02, 2.839102172851562e+02, 2.834375610351562e+02, 2.830088500976562e+02, 2.826201477050781e+02]
gro.soi.T=[2.800239562988281e+02, 2.79365234375e+02, 2.787831726074219e+02, 2.78286865234375e+02, 2.778841857910156e+02, 2.775814514160156e+02, 2.773834228515625e+02, 2.77293212890625e+02, 2.77312255859375e+02, 2.774402770996094e+02, 2.776752014160156e+02, 2.780133972167969e+02, 2.78449462890625e+02, 2.789765930175781e+02, 2.795864562988281e+02, 2.802694702148438e+02, 2.810148620605469e+02, 2.818108825683594e+02, 2.826449890136719e+02, 2.835040588378906e+02, 2.843745727539062e+02, 2.852428283691406e+02, 2.860950927734375e+02, 2.869180297851562e+02, 2.876985778808594e+02, 2.884245300292969e+02, 2.890844116210938e+02, 2.896678466796875e+02, 2.901656188964844e+02, 2.905699157714844e+02, 2.908743896484375e+02, 2.910741882324219e+02, 2.911661682128906e+02, 2.911489562988281e+02, 2.910227355957031e+02, 2.9078955078125e+02, 2.904530334472656e+02, 2.900185241699219e+02, 2.894928283691406e+02, 2.8888427734375e+02, 2.88202392578125e+02, 2.874579467773438e+02, 2.866626892089844e+02, 2.858291015625e+02, 2.849703063964844e+02, 2.840998840332031e+02, 2.832314758300781e+02, 2.823788146972656e+02, 2.815553283691406e+02, 2.807739562988281e+02, 2.800469970703125e+02, 2.793859252929688e+02, 2.788011474609375e+02, 2.783018798828125e+02, 2.778959655761719e+02, 2.7758984375e+02, 2.773882751464844e+02, 2.772944641113281e+02, 2.773098754882812e+02, 2.774342956542969e+02, 2.776657409667969e+02, 2.780005493164062e+02, 2.784335021972656e+02, 2.789577331542969e+02, 2.795650024414062e+02, 2.802457580566406e+02, 2.809892578125e+02, 2.817837829589844e+02, 2.826168518066406e+02, 2.834753112792969e+02, 2.843456726074219e+02, 2.852142028808594e+02, 2.860672302246094e+02, 2.868913269042969e+02, 2.876734924316406e+02, 2.884014587402344e+02, 2.890636901855469e+02, 2.896498107910156e+02, 2.901505737304688e+02, 2.905580749511719e+02, 2.908659362792969e+02, 2.910692749023438e+02, 2.911648864746094e+02, 2.911512756347656e+02, 2.910286560058594e+02, 2.907989501953125e+02, 2.904658203125e+02, 2.900344543457031e+02, 2.895116577148438e+02, 2.889057006835938e+02, 2.8822607421875e+02, 2.874835510253906e+02, 2.866897583007812e+02, 2.858572387695312e+02, 2.849990539550781e+02, 2.841288146972656e+02, 2.832601318359375e+02, 2.8240673828125e+02, 2.8158203125e+02, 2.80799072265625e+02, 2.800701293945312e+02]
senTemInlRev.T=[2.931499938964844e+02, 2.944103393554688e+02, 2.955892944335938e+02, 2.966107177734375e+02, 2.974086303710938e+02, 2.979315185546875e+02, 2.981455993652344e+02, 2.980370788574219e+02, 2.976129150390625e+02, 2.969005432128906e+02, 2.959459533691406e+02, 2.94810791015625e+02, 2.935683898925781e+02, 2.922989501953125e+02, 2.9108447265625e+02, 2.900033874511719e+02, 2.891255187988281e+02, 2.88507568359375e+02, 2.881894226074219e+02, 2.88191650390625e+02, 2.885140686035156e+02, 2.891359252929688e+02, 2.900169677734375e+02, 2.911003723144531e+02, 2.92316162109375e+02, 2.935857849121094e+02, 2.948272705078125e+02, 2.959604187011719e+02, 2.969120788574219e+02, 2.976207580566406e+02, 2.980407409667969e+02, 2.981448669433594e+02, 2.979263916015625e+02, 2.973994750976562e+02, 2.965980834960938e+02, 2.955740356445312e+02, 2.943934631347656e+02, 2.931325378417969e+02, 2.918727722167969e+02, 2.906954956054688e+02, 2.896766967773438e+02, 2.888822326660156e+02, 2.883634033203125e+02, 2.881536865234375e+02, 2.882666320800781e+02, 2.886949768066406e+02, 2.894110107421875e+02, 2.903685302734375e+02, 2.915056762695312e+02, 2.927489929199219e+02, 2.940182495117188e+02, 2.952314147949219e+02, 2.963101501464844e+02, 2.97184814453125e+02, 2.977988891601562e+02, 2.981127319335938e+02, 2.981060791015625e+02, 2.977793579101562e+02, 2.971536560058594e+02, 2.962694091796875e+02, 2.951836853027344e+02, 2.939666442871094e+02, 2.926968383789062e+02, 2.91456298828125e+02, 2.903251647949219e+02, 2.8937646484375e+02, 2.886714477539062e+02, 2.882556762695312e+02, 2.881559753417969e+02, 2.883787841796875e+02, 2.889097595214844e+02, 2.897145690917969e+02, 2.907412414550781e+02, 2.919234619140625e+02, 2.931849060058594e+02, 2.94444091796875e+02, 2.956197204589844e+02, 2.966358337402344e+02, 2.974268188476562e+02, 2.979416198730469e+02, 2.981469421386719e+02, 2.980295715332031e+02, 2.975970764160156e+02, 2.968773803710938e+02, 2.959169616699219e+02, 2.9477783203125e+02, 2.935335998535156e+02, 2.922645874023438e+02, 2.91052734375e+02, 2.899763488769531e+02, 2.891049194335938e+02, 2.884947204589844e+02, 2.881851806640625e+02, 2.881962585449219e+02, 2.885272827148438e+02, 2.891568298339844e+02, 2.900442504882812e+02, 2.911322631835938e+02, 2.923505859375e+02, 2.936205444335938e+02, 2.94860107421875e+02]
senTemOutRev.T=[2.931499938964844e+02, 2.815018615722656e+02, 2.811697692871094e+02, 2.808892517089844e+02, 2.806575927734375e+02, 2.804727783203125e+02, 2.803340759277344e+02, 2.802420654296875e+02, 2.801988220214844e+02, 2.802078857421875e+02, 2.802740173339844e+02, 2.804026489257812e+02, 2.805996398925781e+02, 2.808704833984375e+02, 2.812197265625e+02, 2.816502990722656e+02, 2.821629943847656e+02, 2.827558898925781e+02, 2.834239807128906e+02, 2.841590881347656e+02, 2.849497375488281e+02, 2.857813110351562e+02, 2.866364135742188e+02, 2.874956665039062e+02, 2.883380432128906e+02, 2.89141845703125e+02, 2.898855590820312e+02, 2.905488891601562e+02, 2.911134948730469e+02, 2.915637817382812e+02, 2.918877868652344e+02, 2.920772094726562e+02, 2.921283569335938e+02, 2.920418090820312e+02, 2.918225402832031e+02, 2.914793701171875e+02, 2.910248718261719e+02, 2.904743957519531e+02, 2.898451232910156e+02, 2.891559143066406e+02, 2.884257507324219e+02, 2.876733093261719e+02, 2.869159851074219e+02, 2.861693725585938e+02, 2.854468078613281e+02, 2.847590026855469e+02, 2.841139221191406e+02, 2.835168151855469e+02, 2.829704895019531e+02, 2.824757690429688e+02, 2.820317687988281e+02, 2.8163671875e+02, 2.812883911132812e+02, 2.809847412109375e+02, 2.807243957519531e+02, 2.805071411132812e+02, 2.803340759277344e+02, 2.802078857421875e+02, 2.801327514648438e+02, 2.801141052246094e+02, 2.801582946777344e+02, 2.802721252441406e+02, 2.80462158203125e+02, 2.807342834472656e+02, 2.810928649902344e+02, 2.815399780273438e+02, 2.820753479003906e+02, 2.826955261230469e+02, 2.833936767578125e+02, 2.8415966796875e+02, 2.849798889160156e+02, 2.858378601074219e+02, 2.86714599609375e+02, 2.875892333984375e+02, 2.884397888183594e+02, 2.89244140625e+02, 2.899808959960938e+02, 2.906302185058594e+02, 2.911748352050781e+02, 2.916004943847656e+02, 2.918969116210938e+02, 2.920579833984375e+02, 2.920817260742188e+02, 2.919707641601562e+02, 2.917316589355469e+02, 2.913749084472656e+02, 2.909138793945312e+02, 2.903645629882812e+02, 2.897442932128906e+02, 2.890713500976562e+02, 2.8836376953125e+02, 2.876389465332031e+02, 2.869125061035156e+02, 2.861980895996094e+02, 2.855071716308594e+02, 2.848482360839844e+02, 2.842275085449219e+02, 2.836485595703125e+02, 2.831130981445312e+02, 2.826211547851562e+02, 2.821715698242188e+02]
groRev.soi.T=[2.800239562988281e+02, 2.79365234375e+02, 2.787831726074219e+02, 2.78286865234375e+02, 2.778841857910156e+02, 2.775814514160156e+02, 2.773834228515625e+02, 2.77293212890625e+02, 2.77312255859375e+02, 2.774402770996094e+02, 2.776752014160156e+02, 2.780133972167969e+02, 2.78449462890625e+02, 2.789765930175781e+02, 2.795864562988281e+02, 2.802694702148438e+02, 2.810148620605469e+02, 2.818108825683594e+02, 2.826449890136719e+02, 2.835040588378906e+02, 2.843745727539062e+02, 2.852428283691406e+02, 2.860950927734375e+02, 2.869180297851562e+02, 2.876985778808594e+02, 2.884245300292969e+02, 2.890844116210938e+02, 2.896678466796875e+02, 2.901656188964844e+02, 2.905699157714844e+02, 2.908743896484375e+02, 2.910741882324219e+02, 2.911661682128906e+02, 2.911489562988281e+02, 2.910227355957031e+02, 2.9078955078125e+02, 2.904530334472656e+02, 2.900185241699219e+02, 2.894928283691406e+02, 2.8888427734375e+02, 2.88202392578125e+02, 2.874579467773438e+02, 2.866626892089844e+02, 2.858291015625e+02, 2.849703063964844e+02, 2.840998840332031e+02, 2.832314758300781e+02, 2.823788146972656e+02, 2.815553283691406e+02, 2.807739562988281e+02, 2.800469970703125e+02, 2.793859252929688e+02, 2.788011474609375e+02, 2.783018798828125e+02, 2.778959655761719e+02, 2.7758984375e+02, 2.773882751464844e+02, 2.772944641113281e+02, 2.773098754882812e+02, 2.774342956542969e+02, 2.776657409667969e+02, 2.780005493164062e+02, 2.784335021972656e+02, 2.789577331542969e+02, 2.795650024414062e+02, 2.802457580566406e+02, 2.809892578125e+02, 2.817837829589844e+02, 2.826168518066406e+02, 2.834753112792969e+02, 2.843456726074219e+02, 2.852142028808594e+02, 2.860672302246094e+02, 2.868913269042969e+02, 2.876734924316406e+02, 2.884014587402344e+02, 2.890636901855469e+02, 2.896498107910156e+02, 2.901505737304688e+02, 2.905580749511719e+02, 2.908659362792969e+02, 2.910692749023438e+02, 2.911648864746094e+02, 2.911512756347656e+02, 2.910286560058594e+02, 2.907989501953125e+02, 2.904658203125e+02, 2.900344543457031e+02, 2.895116577148438e+02, 2.889057006835938e+02, 2.8822607421875e+02, 2.874835510253906e+02, 2.866897583007812e+02, 2.858572387695312e+02, 2.849990539550781e+02, 2.841288146972656e+02, 2.832601318359375e+02, 2.8240673828125e+02, 2.8158203125e+02, 2.80799072265625e+02, 2.800701293945312e+02]
