last-generated=2017-04-19
statistics-initialization=
{
  "numerical Jacobians": "0", 
  "nonlinear": "1, 1"
}
statistics-simulation=
{
  "numerical Jacobians": "0", 
  "nonlinear": "0, 1", 
  "number of continuous time states": "32", 
  "linear": "0"
}
ahu.port_a1.m_flow=[2.900000095367432e+00, 2.900000095367432e+00, 2.900000095367432e+00, 2.900000095367432e+00, 2.900000095367432e+00, 2.900000095367432e+00, 2.900000095367432e+00, 2.900000095367432e+00, 2.900000095367432e+00, 2.900000095367432e+00, 2.900000095367432e+00, 2.900000095367432e+00, 2.900000095367432e+00, 2.900000095367432e+00, 2.900000095367432e+00, 2.900000095367432e+00, 2.900000095367432e+00, 2.900000095367432e+00, 2.900000095367432e+00, 2.900000095367432e+00, 2.900000095367432e+00, 2.900000095367432e+00, 2.900000095367432e+00, 2.900000095367432e+00, 2.900000095367432e+00, 2.900000095367432e+00, 2.900000095367432e+00, 2.900000095367432e+00, 2.900000095367432e+00, 2.900000095367432e+00, 2.900000095367432e+00, 2.900000095367432e+00, 2.900000095367432e+00, 2.900000095367432e+00, 2.900000095367432e+00, 2.900000095367432e+00, 2.900000095367432e+00, 2.820250034332275e+00, 2.740499973297119e+00, 2.660749912261963e+00, 2.581000089645386e+00, 2.501250028610229e+00, 2.421499967575073e+00, 2.341749906539917e+00, 2.26200008392334e+00, 2.182250022888184e+00, 2.102499961853027e+00, 2.022749900817871e+00, 1.942999958992004e+00, 1.863250017166138e+00, 1.783499956130981e+00, 1.703750014305115e+00, 1.623999953269958e+00, 1.544250011444092e+00, 1.464499950408936e+00, 1.384750008583069e+00, 1.304999947547913e+00, 1.225250005722046e+00, 1.14549994468689e+00, 1.065750002861023e+00, 9.860000014305115e-01, 9.0625e-01, 8.264999985694885e-01, 7.467499971389771e-01, 6.669999957084656e-01, 5.872499942779541e-01, 5.074999928474426e-01, 4.277499914169312e-01, 3.479999899864197e-01, 2.682499885559082e-01, 1.885000020265579e-01, 1.087500005960464e-01, 2.899999916553497e-02, 2.899999916553497e-02, 2.899999916553497e-02, 2.899999916553497e-02, 2.899999916553497e-02, 2.899999916553497e-02, 2.899999916553497e-02, 2.899999916553497e-02, 2.899999916553497e-02, 2.899999916553497e-02, 2.899999916553497e-02, 2.899999916553497e-02, 2.899999916553497e-02, 2.899999916553497e-02, 2.899999916553497e-02, 2.899999916553497e-02, 2.899999916553497e-02, 2.899999916553497e-02, 2.899999916553497e-02, 2.899999916553497e-02, 2.899999916553497e-02, 2.899999916553497e-02, 2.899999916553497e-02, 2.899999916553497e-02, 2.899999916553497e-02, 2.899999916553497e-02, 2.899999916553497e-02, 2.899999916553497e-02, 2.899999916553497e-02]
ahu.port_a2.m_flow=[0e+00, 3.726782560348511e+00, 4.0086669921875e+00, 4.02973747253418e+00, 4.031308174133301e+00, 4.031425476074219e+00, 4.031435489654541e+00, 4.031435966491699e+00, 4.031435489654541e+00, 4.031435489654541e+00, 4.031435966491699e+00, 4.031435489654541e+00, 4.031435489654541e+00, 4.031435966491699e+00, 4.031435966491699e+00, 4.031435966491699e+00, 4.031435966491699e+00, 4.031435966491699e+00, 4.031435966491699e+00, 4.031435966491699e+00, 4.031435966491699e+00, 4.031435966491699e+00, 4.031435966491699e+00, 4.031435966491699e+00, 4.031435966491699e+00, 4.031435966491699e+00, 4.031435966491699e+00, 4.031435966491699e+00, 4.031435966491699e+00, 4.031435966491699e+00, 4.031435966491699e+00, 4.031435966491699e+00, 4.031435966491699e+00, 4.031435966491699e+00, 4.031435966491699e+00, 4.031435966491699e+00, 4.031435966491699e+00, 4.031435966491699e+00, 4.031435966491699e+00, 4.031435966491699e+00, 4.031435966491699e+00, 4.031435966491699e+00, 4.031435966491699e+00, 4.031435966491699e+00, 4.031435966491699e+00, 4.031435966491699e+00, 4.031435966491699e+00, 4.031435966491699e+00, 4.031435966491699e+00, 4.031435966491699e+00, 4.031435966491699e+00, 4.031435966491699e+00, 4.031435966491699e+00, 4.031435966491699e+00, 4.031435966491699e+00, 4.031435966491699e+00, 4.031435966491699e+00, 4.031435966491699e+00, 4.031435966491699e+00, 4.031435966491699e+00, 4.031435966491699e+00, 4.031435966491699e+00, 4.031435966491699e+00, 4.031435966491699e+00, 4.031435966491699e+00, 4.031435966491699e+00, 4.031435966491699e+00, 4.031435966491699e+00, 4.031435966491699e+00, 4.031435966491699e+00, 4.031435966491699e+00, 4.031435966491699e+00, 4.031435966491699e+00, 4.031435966491699e+00, 4.031435966491699e+00, 4.031435966491699e+00, 4.031435966491699e+00, 4.031435966491699e+00, 4.031435966491699e+00, 4.031435966491699e+00, 4.031435966491699e+00, 4.031435966491699e+00, 4.031435966491699e+00, 4.031435966491699e+00, 4.031435966491699e+00, 4.031435966491699e+00, 4.031435966491699e+00, 4.031435966491699e+00, 4.031435966491699e+00, 4.031435966491699e+00, 4.031435966491699e+00, 4.031435966491699e+00, 4.031435966491699e+00, 4.031435966491699e+00, 4.031435966491699e+00, 4.031435966491699e+00, 4.031435966491699e+00, 4.031435966491699e+00, 4.031435966491699e+00, 4.031435966491699e+00, 4.031435966491699e+00]
time=[0e+00, 1e+03]
ahu.cooCoi.Q2_flow=[0e+00, -3.5636171875e+04, -5.069227734375e+04, -5.68499453125e+04, -5.96762734375e+04, -6.068940234375e+04, -6.10691171875e+04, -6.121158203125e+04, -6.126505078125e+04, -6.128515625e+04, -6.1293e+04, -6.129593359375e+04, -6.12971875e+04, -6.129762890625e+04, -6.129772265625e+04, -6.129773046875e+04, -6.129773828125e+04, -6.129773828125e+04, -6.129771875e+04, -6.129769921875e+04, -6.1297703125e+04, -6.129771484375e+04, -6.129773046875e+04, -6.129773828125e+04, -6.12977421875e+04, -6.1297734375e+04, -6.1297734375e+04, -6.1297734375e+04, -6.1297734375e+04, -6.1297734375e+04, -6.129773828125e+04, -6.1297734375e+04, -6.1297734375e+04, -6.1297734375e+04, -6.1297734375e+04, -6.1297734375e+04, -6.1297734375e+04, -6.09164609375e+04, -6.0335515625e+04, -5.967839453125e+04, -5.89769296875e+04, -5.82417421875e+04, -5.747602734375e+04, -5.668024609375e+04, -5.5853875e+04, -5.499551953125e+04, -5.410345703125e+04, -5.3175875e+04, -5.225952734375e+04, -5.1403703125e+04, -5.0482859375e+04, -4.951348828125e+04, -4.849551171875e+04, -4.742603125e+04, -4.630199609375e+04, -4.511963671875e+04, -4.387491015625e+04, -4.257088671875e+04, -4.13570234375e+04, -4.008225e+04, -3.87040546875e+04, -3.72196171875e+04, -3.56249375e+04, -3.391610546875e+04, -3.23268046875e+04, -3.0535734375e+04, -2.8550853515625e+04, -2.6361279296875e+04, -2.3933314453125e+04, -2.1218185546875e+04, -1.8217892578125e+04, -1.52112880859375e+04, -1.26955068359375e+04, -1.1185197265625e+04, -1.0351994140625e+04, -9.8400966796875e+03, -9.4738251953125e+03, -9.1736240234375e+03, -8.90728125e+03, -8.66013671875e+03, -8.4251845703125e+03, -8.1998759765625e+03, -7.98338916015625e+03, -7.775197265625e+03, -7.57464794921875e+03, -7.38125e+03, -7.19480224609375e+03, -7.01536669921875e+03, -6.84275146484375e+03, -6.6766767578125e+03, -6.51667626953125e+03, -6.3624912109375e+03, -6.21399853515625e+03, -6.07105029296875e+03, -5.93350927734375e+03, -5.80106396484375e+03, -5.6734833984375e+03, -5.5505859375e+03, -5.43225244140625e+03, -5.31835693359375e+03, -5.2087080078125e+03]
ahu.cooCoi.Q1_flow=[0e+00, 5.221091015625e+04, 6.2808265625e+04, 6.264410546875e+04, 6.19583359375e+04, 6.155561328125e+04, 6.13935234375e+04, 6.13332734375e+04, 6.13111015625e+04, 6.130288671875e+04, 6.1299703125e+04, 6.129843359375e+04, 6.129793359375e+04, 6.129779296875e+04, 6.129774609375e+04, 6.129773046875e+04, 6.1297734375e+04, 6.129773828125e+04, 6.1297734375e+04, 6.12977421875e+04, 6.129773828125e+04, 6.129773828125e+04, 6.129773828125e+04, 6.129773828125e+04, 6.1297734375e+04, 6.1297734375e+04, 6.1297734375e+04, 6.1297734375e+04, 6.1297734375e+04, 6.1297734375e+04, 6.1297734375e+04, 6.1297734375e+04, 6.1297734375e+04, 6.1297734375e+04, 6.1297734375e+04, 6.1297734375e+04, 6.1297734375e+04, 6.04374453125e+04, 5.9743828125e+04, 5.902434375e+04, 5.828468359375e+04, 5.75203359375e+04, 5.672871875e+04, 5.59077578125e+04, 5.505559375e+04, 5.417040234375e+04, 5.32503125e+04, 5.2293375e+04, 5.13126640625e+04, 5.036955078125e+04, 4.939521875e+04, 4.837493359375e+04, 4.730574609375e+04, 4.618365625e+04, 4.500434765625e+04, 4.37635859375e+04, 4.24564765625e+04, 4.108014453125e+04, 3.967644921875e+04, 3.82695078125e+04, 3.676823046875e+04, 3.515801171875e+04, 3.3431140625e+04, 3.1575353515625e+04, 2.964193359375e+04, 2.759798046875e+04, 2.535792578125e+04, 2.2878021484375e+04, 2.0108234375e+04, 1.6974873046875e+04, 1.36998203125e+04, 1.10168720703125e+04, 9.6036884765625e+03, 9.6233056640625e+03, 9.4736767578125e+03, 9.2579609375e+03, 9.0209013671875e+03, 8.781025390625e+03, 8.5451357421875e+03, 8.316041015625e+03, 8.0948662109375e+03, 7.8817353515625e+03, 7.67642431640625e+03, 7.4786796875e+03, 7.28831005859375e+03, 7.105087890625e+03, 6.92871875e+03, 6.7588740234375e+03, 6.595302734375e+03, 6.4377822265625e+03, 6.28614501953125e+03, 6.14017431640625e+03, 5.99963623046875e+03, 5.8643154296875e+03, 5.73400634765625e+03, 5.6085517578125e+03, 5.487779296875e+03, 5.3715146484375e+03, 5.25957666015625e+03, 5.15179736328125e+03, 5.0480302734375e+03]
ahu.cooCoi.QLat2_flow=[0e+00, -3.591967529296875e+03, -1.04959775390625e+04, -1.4143458984375e+04, -1.56586513671875e+04, -1.62411845703125e+04, -1.646173828125e+04, -1.6544666015625e+04, -1.6575779296875e+04, -1.6587453125e+04, -1.65920078125e+04, -1.6593712890625e+04, -1.6594447265625e+04, -1.659469921875e+04, -1.659475390625e+04, -1.65947578125e+04, -1.659476171875e+04, -1.659476171875e+04, -1.6594751953125e+04, -1.659473828125e+04, -1.65947421875e+04, -1.659475e+04, -1.6594759765625e+04, -1.6594763671875e+04, -1.6594763671875e+04, -1.659476171875e+04, -1.6594759765625e+04, -1.6594759765625e+04, -1.659476171875e+04, -1.659476171875e+04, -1.659476171875e+04, -1.659476171875e+04, -1.659476171875e+04, -1.659476171875e+04, -1.659476171875e+04, -1.659476171875e+04, -1.659476171875e+04, -1.63459306640625e+04, -1.5973265625e+04, -1.5553294921875e+04, -1.510434375e+04, -1.4632158203125e+04, -1.41383046875e+04, -1.3622716796875e+04, -1.3084701171875e+04, -1.25230341796875e+04, -1.19362607421875e+04, -1.132253515625e+04, -1.0779109375e+04, -1.022563671875e+04, -9.657224609375e+03, -9.0460966796875e+03, -8.4022451171875e+03, -7.720083984375e+03, -6.99740771484375e+03, -6.2309306640625e+03, -5.4170556640625e+03, -4.52501611328125e+03, -3.944495849609375e+03, -3.2872529296875e+03, -2.582173583984375e+03, -1.809817016601562e+03, -9.663422241210938e+02, -2.585740089416504e+01, 0e+00, 0e+00, 0e+00, 0e+00, 0e+00, 0e+00, 0e+00, 0e+00, 0e+00, 0e+00, 0e+00, 0e+00, 0e+00, 0e+00, 0e+00, 0e+00, 0e+00, 0e+00, 0e+00, 0e+00, 0e+00, 0e+00, 0e+00, 0e+00, 0e+00, 0e+00, 0e+00, 0e+00, 0e+00, 0e+00, 0e+00, 0e+00, 0e+00, 0e+00, 0e+00, 0e+00, 0e+00]
ahu.cooCoi.QSen2_flow=[0e+00, -3.2044203125e+04, -4.019630078125e+04, -4.270648828125e+04, -4.4017625e+04, -4.444821875e+04, -4.460737890625e+04, -4.46669140625e+04, -4.46892734375e+04, -4.4697703125e+04, -4.470098828125e+04, -4.470221875e+04, -4.47027421875e+04, -4.47029296875e+04, -4.470296875e+04, -4.470297265625e+04, -4.47029765625e+04, -4.47029765625e+04, -4.470296484375e+04, -4.47029609375e+04, -4.47029609375e+04, -4.470296484375e+04, -4.470297265625e+04, -4.47029765625e+04, -4.47029765625e+04, -4.47029765625e+04, -4.470297265625e+04, -4.470297265625e+04, -4.470297265625e+04, -4.470297265625e+04, -4.47029765625e+04, -4.470297265625e+04, -4.470297265625e+04, -4.470297265625e+04, -4.470297265625e+04, -4.470297265625e+04, -4.470297265625e+04, -4.457053125e+04, -4.436225e+04, -4.41251015625e+04, -4.38725859375e+04, -4.36095859375e+04, -4.333772265625e+04, -4.305753125e+04, -4.2769171875e+04, -4.2472484375e+04, -4.216719921875e+04, -4.185333984375e+04, -4.148041796875e+04, -4.11780703125e+04, -4.082563671875e+04, -4.046739453125e+04, -4.0093265625e+04, -3.97059453125e+04, -3.930458984375e+04, -3.8888703125e+04, -3.845785546875e+04, -3.804587109375e+04, -3.741252734375e+04, -3.679499609375e+04, -3.612187890625e+04, -3.5409796875e+04, -3.465859375e+04, -3.389025e+04, -3.23268046875e+04, -3.0535734375e+04, -2.8550853515625e+04, -2.6361279296875e+04, -2.3933314453125e+04, -2.1218185546875e+04, -1.8217892578125e+04, -1.52112880859375e+04, -1.26955068359375e+04, -1.1185197265625e+04, -1.0351994140625e+04, -9.8400966796875e+03, -9.4738251953125e+03, -9.1736240234375e+03, -8.90728125e+03, -8.66013671875e+03, -8.4251845703125e+03, -8.1998759765625e+03, -7.98338916015625e+03, -7.775197265625e+03, -7.57464794921875e+03, -7.38125e+03, -7.19480224609375e+03, -7.01536669921875e+03, -6.84275146484375e+03, -6.6766767578125e+03, -6.51667626953125e+03, -6.3624912109375e+03, -6.21399853515625e+03, -6.07105029296875e+03, -5.93350927734375e+03, -5.80106396484375e+03, -5.6734833984375e+03, -5.5505859375e+03, -5.43225244140625e+03, -5.31835693359375e+03, -5.2087080078125e+03]
temSen2.T=[2.931499938964844e+02, 2.929992980957031e+02, 2.930467834472656e+02, 2.930256652832031e+02, 2.928670043945312e+02, 2.925813598632812e+02, 2.922041015625e+02, 2.9177734375e+02, 2.913388366699219e+02, 2.909169311523438e+02, 2.905300598144531e+02, 2.901880798339844e+02, 2.898944396972656e+02, 2.8964794921875e+02, 2.8944482421875e+02, 2.89280029296875e+02, 2.891480712890625e+02, 2.890436706542969e+02, 2.889617919921875e+02, 2.888981018066406e+02, 2.8884912109375e+02, 2.888116149902344e+02, 2.887830810546875e+02, 2.887614440917969e+02, 2.887450866699219e+02, 2.887327880859375e+02, 2.887236328125e+02, 2.88716796875e+02, 2.887117309570312e+02, 2.887080383300781e+02, 2.887052917480469e+02, 2.887032775878906e+02, 2.887017822265625e+02, 2.887007141113281e+02, 2.886998901367188e+02, 2.886993103027344e+02, 2.886989135742188e+02, 2.886986083984375e+02, 2.8869873046875e+02, 2.887004699707031e+02, 2.887053833007812e+02, 2.887150268554688e+02, 2.8873046875e+02, 2.887522277832031e+02, 2.887804870605469e+02, 2.888151245117188e+02, 2.888557434082031e+02, 2.8890185546875e+02, 2.889529724121094e+02, 2.890086059570312e+02, 2.890682983398438e+02, 2.891316223144531e+02, 2.891983032226562e+02, 2.892681884765625e+02, 2.893412170410156e+02, 2.894173278808594e+02, 2.894965515136719e+02, 2.895789184570312e+02, 2.896645202636719e+02, 2.897536926269531e+02, 2.898473510742188e+02, 2.899467468261719e+02, 2.900531921386719e+02, 2.901675415039062e+02, 2.902907104492188e+02, 2.904258728027344e+02, 2.905791625976562e+02, 2.907579040527344e+02, 2.909688720703125e+02, 2.912175903320312e+02, 2.915086059570312e+02, 2.918460083007812e+02, 2.922327575683594e+02, 2.926679077148438e+02, 2.931427917480469e+02, 2.93640380859375e+02, 2.941394348144531e+02, 2.946203308105469e+02, 2.950683898925781e+02, 2.954746704101562e+02, 2.958353881835938e+02, 2.961505737304688e+02, 2.964228515625e+02, 2.966562805175781e+02, 2.968556823730469e+02, 2.970259094238281e+02, 2.971715087890625e+02, 2.972966003417969e+02, 2.974048767089844e+02, 2.974994506835938e+02, 2.975829162597656e+02, 2.976573486328125e+02, 2.97724365234375e+02, 2.977853393554688e+02, 2.978413391113281e+02, 2.978931884765625e+02, 2.979415588378906e+02, 2.979869995117188e+02, 2.980298461914062e+02, 2.980704345703125e+02, 2.981090393066406e+02]
temSou_2.y=[2.991499938964844e+02, 2.991499938964844e+02]
temSen1.T=[2.931499938964844e+02, 2.9228955078125e+02, 2.889398193359375e+02, 2.862865295410156e+02, 2.850079956054688e+02, 2.845037231445312e+02, 2.84314697265625e+02, 2.842442932128906e+02, 2.842179565429688e+02, 2.842080993652344e+02, 2.842042236328125e+02, 2.842027893066406e+02, 2.842021789550781e+02, 2.842019653320312e+02, 2.84201904296875e+02, 2.84201904296875e+02, 2.84201904296875e+02, 2.84201904296875e+02, 2.84201904296875e+02, 2.84201904296875e+02, 2.84201904296875e+02, 2.84201904296875e+02, 2.84201904296875e+02, 2.84201904296875e+02, 2.84201904296875e+02, 2.84201904296875e+02, 2.84201904296875e+02, 2.84201904296875e+02, 2.84201904296875e+02, 2.84201904296875e+02, 2.84201904296875e+02, 2.84201904296875e+02, 2.84201904296875e+02, 2.84201904296875e+02, 2.84201904296875e+02, 2.84201904296875e+02, 2.84201904296875e+02, 2.842145690917969e+02, 2.84260986328125e+02, 2.843298645019531e+02, 2.844103698730469e+02, 2.844972839355469e+02, 2.845886840820312e+02, 2.846837768554688e+02, 2.847821960449219e+02, 2.848839416503906e+02, 2.849891052246094e+02, 2.850978393554688e+02, 2.852103576660156e+02, 2.85328125e+02, 2.854541015625e+02, 2.855881958007812e+02, 2.857290649414062e+02, 2.858761596679688e+02, 2.860294189453125e+02, 2.861887817382812e+02, 2.863543395996094e+02, 2.865262145996094e+02, 2.867045593261719e+02, 2.868899536132812e+02, 2.87083740234375e+02, 2.872868957519531e+02, 2.874990234375e+02, 2.877190246582031e+02, 2.879454345703125e+02, 2.881759643554688e+02, 2.884078674316406e+02, 2.886373596191406e+02, 2.888590087890625e+02, 2.8906494140625e+02, 2.892446594238281e+02, 2.893870239257812e+02, 2.894741821289062e+02, 2.89530517578125e+02, 2.896055908203125e+02, 2.896971740722656e+02, 2.8980322265625e+02, 2.899217529296875e+02, 2.900510864257812e+02, 2.901896057128906e+02, 2.903359375e+02, 2.9048876953125e+02, 2.9064697265625e+02, 2.908094787597656e+02, 2.909754333496094e+02, 2.911439208984375e+02, 2.913142395019531e+02, 2.914857482910156e+02, 2.916578063964844e+02, 2.918298950195312e+02, 2.920015869140625e+02, 2.921724243164062e+02, 2.923420715332031e+02, 2.925102233886719e+02, 2.926765441894531e+02, 2.928408508300781e+02, 2.930028991699219e+02, 2.931625061035156e+02, 2.933195495605469e+02, 2.93473876953125e+02, 2.936253967285156e+02]
