last-generated=2022-08-15
statistics-initialization=
{
  "linear": "0, 0, 0, 0, 0, 4",
  "nonlinear": "1, 1, 0, 0, 0, 0, 0, 0, 0, 1, 1, 1, 1",
  "numerical Jacobians": "0"
}
statistics-simulation=
{
  "linear": "0, 0, 0, 0, 0, 0, 0, 0, 0, 0, 4, 0",
  "nonlinear": "1, 0, 0, 0, 0, 0, 0, 0, 1, 0, 1, 0, 1, 0, 1",
  "number of continuous time states": "81",
  "numerical Jacobians": "0"
}
time=[7.344e+06, 7.776e+06]
flo.sou.TAir=[2.931499938964844e+02, 2.942524719238281e+02, 2.940150756835938e+02, 2.940054321289062e+02, 2.940412902832031e+02, 2.938423461914062e+02, 2.947068786621094e+02, 2.952668762207031e+02, 2.956444091796875e+02, 2.960601806640625e+02, 2.967127075195312e+02, 2.968962097167969e+02, 2.967359924316406e+02, 2.964876403808594e+02, 2.955694274902344e+02, 2.952295532226562e+02, 2.956743469238281e+02, 2.956933288574219e+02, 2.953225708007812e+02, 2.95262451171875e+02, 2.94801025390625e+02, 2.946408081054688e+02, 2.943276062011719e+02, 2.941266784667969e+02, 2.940233459472656e+02, 2.938299255371094e+02, 2.949761962890625e+02, 2.95538818359375e+02, 2.957638244628906e+02, 2.961296691894531e+02, 2.959712524414062e+02, 2.9634375e+02, 2.960790100097656e+02, 2.963191833496094e+02, 2.95186767578125e+02, 2.945189819335938e+02, 2.9465234375e+02, 2.947223815917969e+02, 2.943443298339844e+02, 2.942236022949219e+02, 2.936648864746094e+02, 2.936694946289062e+02, 2.932158203125e+02, 2.932192077636719e+02, 2.932333984375e+02, 2.932097778320312e+02, 2.942486877441406e+02, 2.949557800292969e+02, 2.953888549804688e+02, 2.957904663085938e+02, 2.957700805664062e+02, 2.962721252441406e+02, 2.963664855957031e+02, 2.961318054199219e+02, 2.949163818359375e+02, 2.942014770507812e+02, 2.937191467285156e+02, 2.935463562011719e+02, 2.931940002441406e+02, 2.929200134277344e+02, 2.925753479003906e+02, 2.924629821777344e+02, 2.920609436035156e+02, 2.919684143066406e+02, 2.924503479003906e+02, 2.931872863769531e+02, 2.93665771484375e+02, 2.941507263183594e+02, 2.945307312011719e+02, 2.947738647460938e+02, 2.946606140136719e+02, 2.950071105957031e+02, 2.95071533203125e+02, 2.949381713867188e+02, 2.938745727539062e+02, 2.932516479492188e+02, 2.925673828125e+02, 2.917969360351562e+02, 2.916749572753906e+02, 2.914424133300781e+02, 2.91209228515625e+02, 2.908914794921875e+02, 2.906893005371094e+02, 2.904537048339844e+02, 2.927545776367188e+02, 2.931405639648438e+02, 2.938365478515625e+02, 2.935112609863281e+02, 2.936480407714844e+02, 2.938021850585938e+02, 2.938396911621094e+02, 2.940356750488281e+02, 2.935451965332031e+02, 2.935304870605469e+02, 2.928428649902344e+02, 2.926474304199219e+02, 2.913415222167969e+02, 2.914658203125e+02, 2.9107568359375e+02, 2.9090478515625e+02, 2.906541748046875e+02]
flo.eas.TAir=[2.931499938964844e+02, 2.943632202148438e+02, 2.941280212402344e+02, 2.940859375e+02, 2.941106872558594e+02, 2.939590454101562e+02, 2.950482177734375e+02, 2.955501098632812e+02, 2.958718872070312e+02, 2.962403564453125e+02, 2.960890197753906e+02, 2.961581420898438e+02, 2.961427917480469e+02, 2.959816589355469e+02, 2.951849365234375e+02, 2.94895263671875e+02, 2.953663024902344e+02, 2.954348449707031e+02, 2.951203918457031e+02, 2.9470703125e+02, 2.948781433105469e+02, 2.947552490234375e+02, 2.944130554199219e+02, 2.939249267578125e+02, 2.937933044433594e+02, 2.938062744140625e+02, 2.950132446289062e+02, 2.954653625488281e+02, 2.956645812988281e+02, 2.959600524902344e+02, 2.956680603027344e+02, 2.957813720703125e+02, 2.95878662109375e+02, 2.956944274902344e+02, 2.949791564941406e+02, 2.944307250976562e+02, 2.945558166503906e+02, 2.946310424804688e+02, 2.9430712890625e+02, 2.9388623046875e+02, 2.935516662597656e+02, 2.93775634765625e+02, 2.931353454589844e+02, 2.933547973632812e+02, 2.931951904296875e+02, 2.93129150390625e+02, 2.942181701660156e+02, 2.949163513183594e+02, 2.953161010742188e+02, 2.956378784179688e+02, 2.955452575683594e+02, 2.960224914550781e+02, 2.961253051757812e+02, 2.956405029296875e+02, 2.942690124511719e+02, 2.9375439453125e+02, 2.93590087890625e+02, 2.932449645996094e+02, 2.930561218261719e+02, 2.928025817871094e+02, 2.92440185546875e+02, 2.924152526855469e+02, 2.925061340332031e+02, 2.916719665527344e+02, 2.919783935546875e+02, 2.933536376953125e+02, 2.934519348144531e+02, 2.935516357421875e+02, 2.936681213378906e+02, 2.937215881347656e+02, 2.935529479980469e+02, 2.93848876953125e+02, 2.939321899414062e+02, 2.936829833984375e+02, 2.929306335449219e+02, 2.928463745117188e+02, 2.920196228027344e+02, 2.915682373046875e+02, 2.9132666015625e+02, 2.911896667480469e+02, 2.909822998046875e+02, 2.906563110351562e+02, 2.903780517578125e+02, 2.9013671875e+02, 2.925829772949219e+02, 2.9299755859375e+02, 2.938940734863281e+02, 2.937594909667969e+02, 2.940567321777344e+02, 2.942854614257812e+02, 2.9414306640625e+02, 2.943569030761719e+02, 2.944231567382812e+02, 2.943512268066406e+02, 2.931754150390625e+02, 2.92991943359375e+02, 2.917847290039062e+02, 2.915871887207031e+02, 2.908413696289062e+02, 2.906771545410156e+02, 2.904427490234375e+02]
flo.nor.TAir=[2.931499938964844e+02, 2.944295959472656e+02, 2.942048950195312e+02, 2.941713256835938e+02, 2.94182861328125e+02, 2.940589904785156e+02, 2.949762573242188e+02, 2.954928894042969e+02, 2.958204040527344e+02, 2.961401977539062e+02, 2.960205993652344e+02, 2.960916442871094e+02, 2.960547485351562e+02, 2.959172973632812e+02, 2.951114501953125e+02, 2.948609008789062e+02, 2.953423156738281e+02, 2.954343566894531e+02, 2.952530517578125e+02, 2.949089965820312e+02, 2.948731994628906e+02, 2.947581787109375e+02, 2.94559326171875e+02, 2.942295227050781e+02, 2.937312316894531e+02, 2.93542724609375e+02, 2.949046630859375e+02, 2.954173278808594e+02, 2.954199829101562e+02, 2.957447204589844e+02, 2.957764587402344e+02, 2.958413391113281e+02, 2.954098815917969e+02, 2.961488952636719e+02, 2.950645141601562e+02, 2.944644470214844e+02, 2.945314025878906e+02, 2.94693359375e+02, 2.944348754882812e+02, 2.940954895019531e+02, 2.938895874023438e+02, 2.936364135742188e+02, 2.935346374511719e+02, 2.933085327148438e+02, 2.933581237792969e+02, 2.93246337890625e+02, 2.942621154785156e+02, 2.949177856445312e+02, 2.953116760253906e+02, 2.956448669433594e+02, 2.955521240234375e+02, 2.960360412597656e+02, 2.9615185546875e+02, 2.959052429199219e+02, 2.946095886230469e+02, 2.941759033203125e+02, 2.941733703613281e+02, 2.931710815429688e+02, 2.928332824707031e+02, 2.925814208984375e+02, 2.922016906738281e+02, 2.921645812988281e+02, 2.918557739257812e+02, 2.915780334472656e+02, 2.918351745605469e+02, 2.930429077148438e+02, 2.935093383789062e+02, 2.940870666503906e+02, 2.94429443359375e+02, 2.9399853515625e+02, 2.9400341796875e+02, 2.940487365722656e+02, 2.941313171386719e+02, 2.9389990234375e+02, 2.936221923828125e+02, 2.929116821289062e+02, 2.9248046875e+02, 2.925701599121094e+02, 2.91894775390625e+02, 2.918171081542969e+02, 2.916549682617188e+02, 2.913815002441406e+02, 2.909928588867188e+02, 2.907664794921875e+02, 2.928019409179688e+02, 2.931725158691406e+02, 2.938684997558594e+02, 2.937106628417969e+02, 2.941089782714844e+02, 2.943663635253906e+02, 2.942351684570312e+02, 2.944656066894531e+02, 2.945319519042969e+02, 2.944570922851562e+02, 2.932810668945312e+02, 2.930292053222656e+02, 2.922938842773438e+02, 2.919515380859375e+02, 2.914297180175781e+02, 2.91231689453125e+02, 2.9095166015625e+02]
flo.wes.TAir=[2.931499938964844e+02, 2.945257263183594e+02, 2.9429345703125e+02, 2.942951965332031e+02, 2.942756652832031e+02, 2.941016540527344e+02, 2.949385986328125e+02, 2.951629028320312e+02, 2.957818908691406e+02, 2.958909606933594e+02, 2.958635864257812e+02, 2.959784545898438e+02, 2.962443237304688e+02, 2.963193969726562e+02, 2.953271484375e+02, 2.95236083984375e+02, 2.955461730957031e+02, 2.955870056152344e+02, 2.9536376953125e+02, 2.949995727539062e+02, 2.948684692382812e+02, 2.947354431152344e+02, 2.942083740234375e+02, 2.942510986328125e+02, 2.942187805175781e+02, 2.941282043457031e+02, 2.949323120117188e+02, 2.954627075195312e+02, 2.9568505859375e+02, 2.959776611328125e+02, 2.958122863769531e+02, 2.961531677246094e+02, 2.959610900878906e+02, 2.9624853515625e+02, 2.951458740234375e+02, 2.944840087890625e+02, 2.947053527832031e+02, 2.946819458007812e+02, 2.941974487304688e+02, 2.938415832519531e+02, 2.934814453125e+02, 2.934335327148438e+02, 2.930447998046875e+02, 2.930320129394531e+02, 2.930723571777344e+02, 2.929425659179688e+02, 2.940901184082031e+02, 2.948310241699219e+02, 2.952398986816406e+02, 2.955878601074219e+02, 2.955157775878906e+02, 2.960115661621094e+02, 2.959211730957031e+02, 2.960206909179688e+02, 2.948916625976562e+02, 2.94206298828125e+02, 2.940713195800781e+02, 2.938532409667969e+02, 2.935508728027344e+02, 2.932669372558594e+02, 2.929517822265625e+02, 2.927852478027344e+02, 2.925409545898438e+02, 2.923052673339844e+02, 2.926984558105469e+02, 2.934958801269531e+02, 2.936382446289062e+02, 2.940789184570312e+02, 2.944153747558594e+02, 2.945841979980469e+02, 2.944492492675781e+02, 2.948482666015625e+02, 2.949835815429688e+02, 2.949198913574219e+02, 2.939033203125e+02, 2.932902221679688e+02, 2.930807495117188e+02, 2.924303894042969e+02, 2.918769836425781e+02, 2.917449951171875e+02, 2.91545166015625e+02, 2.912541809082031e+02, 2.909175720214844e+02, 2.906851196289062e+02, 2.928995056152344e+02, 2.932978210449219e+02, 2.937669372558594e+02, 2.936271057128906e+02, 2.940361022949219e+02, 2.940010375976562e+02, 2.936661071777344e+02, 2.936740417480469e+02, 2.936773986816406e+02, 2.933515930175781e+02, 2.925587158203125e+02, 2.926847229003906e+02, 2.91122314453125e+02, 2.911149597167969e+02, 2.906222534179688e+02, 2.904795837402344e+02, 2.902644653320312e+02]
flo.cor.TAir=[2.931499938964844e+02, 2.947097473144531e+02, 2.944833679199219e+02, 2.944409484863281e+02, 2.944454345703125e+02, 2.943203125e+02, 2.951399841308594e+02, 2.956636962890625e+02, 2.960199584960938e+02, 2.962982177734375e+02, 2.962749633789062e+02, 2.963721313476562e+02, 2.962960510253906e+02, 2.961390075683594e+02, 2.953137817382812e+02, 2.950936584472656e+02, 2.956113586425781e+02, 2.957315368652344e+02, 2.955192565917969e+02, 2.952392272949219e+02, 2.951200256347656e+02, 2.950054931640625e+02, 2.946944885253906e+02, 2.944819946289062e+02, 2.942502746582031e+02, 2.941183471679688e+02, 2.951777954101562e+02, 2.957596740722656e+02, 2.9588671875e+02, 2.961670227050781e+02, 2.960188293457031e+02, 2.962690124511719e+02, 2.9600048828125e+02, 2.963827209472656e+02, 2.9537353515625e+02, 2.947521057128906e+02, 2.949302978515625e+02, 2.950007019042969e+02, 2.946788635253906e+02, 2.943993225097656e+02, 2.940586242675781e+02, 2.939918212890625e+02, 2.936498718261719e+02, 2.936121215820312e+02, 2.935870361328125e+02, 2.935523986816406e+02, 2.945166625976562e+02, 2.951997985839844e+02, 2.955727844238281e+02, 2.958756713867188e+02, 2.957421875e+02, 2.962347412109375e+02, 2.963329772949219e+02, 2.962195739746094e+02, 2.9497802734375e+02, 2.94408447265625e+02, 2.942955017089844e+02, 2.938467407226562e+02, 2.935519714355469e+02, 2.932877807617188e+02, 2.929513244628906e+02, 2.928627014160156e+02, 2.925821228027344e+02, 2.923267822265625e+02, 2.9257763671875e+02, 2.934669189453125e+02, 2.938965148925781e+02, 2.943892211914062e+02, 2.946600341796875e+02, 2.945936889648438e+02, 2.944562377929688e+02, 2.947183837890625e+02, 2.948028564453125e+02, 2.946495361328125e+02, 2.93906005859375e+02, 2.934311828613281e+02, 2.930118408203125e+02, 2.925565185546875e+02, 2.922726440429688e+02, 2.92094482421875e+02, 2.918819885253906e+02, 2.91598388671875e+02, 2.913394775390625e+02, 2.911159362792969e+02, 2.931221313476562e+02, 2.931770629882812e+02, 2.940481872558594e+02, 2.940314331054688e+02, 2.94299560546875e+02, 2.944509582519531e+02, 2.943177185058594e+02, 2.945368957519531e+02, 2.943370971679688e+02, 2.942589721679688e+02, 2.933846740722656e+02, 2.931750793457031e+02, 2.921981506347656e+02, 2.921277160644531e+02, 2.916638793945312e+02, 2.914734497070312e+02, 2.912049560546875e+02]
hvac.TZonSet[1].TZonCooSet=[3.031499938964844e+02, 3.031499938964844e+02, 3.031499938964844e+02, 3.031499938964844e+02, 3.031499938964844e+02, 3.031499938964844e+02, 2.971499938964844e+02, 2.971499938964844e+02, 2.971499938964844e+02, 2.971499938964844e+02, 2.971499938964844e+02, 2.971499938964844e+02, 2.971499938964844e+02, 2.971499938964844e+02, 2.971499938964844e+02, 2.971499938964844e+02, 3.031499938964844e+02, 3.031499938964844e+02, 3.031499938964844e+02, 3.031499938964844e+02, 3.031499938964844e+02, 3.031499938964844e+02, 3.031499938964844e+02, 3.031499938964844e+02, 3.031499938964844e+02, 3.031499938964844e+02, 2.971499938964844e+02, 2.971499938964844e+02, 2.971499938964844e+02, 2.971499938964844e+02, 2.971499938964844e+02, 2.971499938964844e+02, 2.971499938964844e+02, 2.971499938964844e+02, 2.971499938964844e+02, 2.971499938964844e+02, 3.031499938964844e+02, 3.031499938964844e+02, 3.031499938964844e+02, 3.031499938964844e+02, 3.031499938964844e+02, 3.031499938964844e+02, 3.031499938964844e+02, 3.031499938964844e+02, 3.031499938964844e+02, 2.971499938964844e+02, 2.971499938964844e+02, 2.971499938964844e+02, 2.971499938964844e+02, 2.971499938964844e+02, 2.971499938964844e+02, 2.971499938964844e+02, 2.971499938964844e+02, 2.971499938964844e+02, 2.971499938964844e+02, 2.971499938964844e+02, 3.031499938964844e+02, 3.031499938964844e+02, 3.031499938964844e+02, 3.031499938964844e+02, 3.031499938964844e+02, 3.031499938964844e+02, 3.031499938964844e+02, 3.031499938964844e+02, 2.971499938964844e+02, 2.971499938964844e+02, 2.971499938964844e+02, 2.971499938964844e+02, 2.971499938964844e+02, 2.971499938964844e+02, 2.971499938964844e+02, 2.971499938964844e+02, 2.971499938964844e+02, 2.971499938964844e+02, 2.971499938964844e+02, 2.971499938964844e+02, 3.031499938964844e+02, 3.031499938964844e+02, 3.031499938964844e+02, 3.031499938964844e+02, 3.031499938964844e+02, 3.031499938964844e+02, 3.031499938964844e+02, 3.031499938964844e+02, 2.971499938964844e+02, 2.971499938964844e+02, 2.971499938964844e+02, 2.971499938964844e+02, 2.971499938964844e+02, 2.971499938964844e+02, 2.971499938964844e+02, 2.971499938964844e+02, 2.971499938964844e+02, 2.971499938964844e+02, 2.971499938964844e+02, 2.971499938964844e+02, 3.031499938964844e+02, 3.031499938964844e+02, 3.031499938964844e+02, 3.031499938964844e+02, 3.031499938964844e+02]
hvac.TZonSet[1].TZonHeaSet=[2.851499938964844e+02, 2.851499938964844e+02, 2.851499938964844e+02, 2.851499938964844e+02, 2.851499938964844e+02, 2.851499938964844e+02, 2.931499938964844e+02, 2.931499938964844e+02, 2.931499938964844e+02, 2.931499938964844e+02, 2.931499938964844e+02, 2.931499938964844e+02, 2.931499938964844e+02, 2.931499938964844e+02, 2.931499938964844e+02, 2.931499938964844e+02, 2.851499938964844e+02, 2.851499938964844e+02, 2.851499938964844e+02, 2.851499938964844e+02, 2.851499938964844e+02, 2.851499938964844e+02, 2.851499938964844e+02, 2.851499938964844e+02, 2.851499938964844e+02, 2.851499938964844e+02, 2.931499938964844e+02, 2.931499938964844e+02, 2.931499938964844e+02, 2.931499938964844e+02, 2.931499938964844e+02, 2.931499938964844e+02, 2.931499938964844e+02, 2.931499938964844e+02, 2.931499938964844e+02, 2.931499938964844e+02, 2.851499938964844e+02, 2.851499938964844e+02, 2.851499938964844e+02, 2.851499938964844e+02, 2.851499938964844e+02, 2.851499938964844e+02, 2.851499938964844e+02, 2.851499938964844e+02, 2.851499938964844e+02, 2.931499938964844e+02, 2.931499938964844e+02, 2.931499938964844e+02, 2.931499938964844e+02, 2.931499938964844e+02, 2.931499938964844e+02, 2.931499938964844e+02, 2.931499938964844e+02, 2.931499938964844e+02, 2.931499938964844e+02, 2.931499938964844e+02, 2.851499938964844e+02, 2.851499938964844e+02, 2.851499938964844e+02, 2.851499938964844e+02, 2.851499938964844e+02, 2.851499938964844e+02, 2.851499938964844e+02, 2.851499938964844e+02, 2.931499938964844e+02, 2.931499938964844e+02, 2.931499938964844e+02, 2.931499938964844e+02, 2.931499938964844e+02, 2.931499938964844e+02, 2.931499938964844e+02, 2.931499938964844e+02, 2.931499938964844e+02, 2.931499938964844e+02, 2.931499938964844e+02, 2.931499938964844e+02, 2.851499938964844e+02, 2.851499938964844e+02, 2.851499938964844e+02, 2.851499938964844e+02, 2.851499938964844e+02, 2.851499938964844e+02, 2.851499938964844e+02, 2.851499938964844e+02, 2.931499938964844e+02, 2.931499938964844e+02, 2.931499938964844e+02, 2.931499938964844e+02, 2.931499938964844e+02, 2.931499938964844e+02, 2.931499938964844e+02, 2.931499938964844e+02, 2.931499938964844e+02, 2.931499938964844e+02, 2.931499938964844e+02, 2.931499938964844e+02, 2.851499938964844e+02, 2.851499938964844e+02, 2.851499938964844e+02, 2.851499938964844e+02, 2.851499938964844e+02]
hvac.fanSup.y=[0e+00, 0e+00, 0e+00, 0e+00, 0e+00, 0e+00, 3.094103336334229e-01, 3.095819652080536e-01, 3.097199499607086e-01, 3.098907172679901e-01, 3.106554746627808e-01, 3.111176788806915e-01, 3.110320568084717e-01, 3.109752535820007e-01, 3.109005987644196e-01, 3.108460605144501e-01, 0e+00, 0e+00, 0e+00, 0e+00, 0e+00, 0e+00, 0e+00, 0e+00, 0e+00, 0e+00, 3.089429438114166e-01, 3.090510368347168e-01, 3.090605139732361e-01, 3.090402185916901e-01, 3.089952766895294e-01, 3.088761270046234e-01, 3.09058278799057e-01, 3.091612458229065e-01, 3.091220557689667e-01, 3.091667294502258e-01, 0e+00, 0e+00, 0e+00, 0e+00, 0e+00, 0e+00, 0e+00, 0e+00, 0e+00, 1.606498062610626e-01, 3.089301586151123e-01, 3.091070950031281e-01, 3.092979192733765e-01, 3.094885051250458e-01, 3.097016513347626e-01, 3.098881244659424e-01, 3.097867965698242e-01, 3.09177428483963e-01, 3.088400661945343e-01, 3.08838427066803e-01, 0e+00, 0e+00, 0e+00, 0e+00, 0e+00, 0e+00, 0e+00, 0e+00, 2.386681884527206e-01, 2.590552568435669e-01, 3.087565004825592e-01, 3.092111945152283e-01, 3.093301653862e-01, 3.090102076530457e-01, 3.090427815914154e-01, 3.089699447154999e-01, 3.089677095413208e-01, 3.089743256568909e-01, 3.092886507511139e-01, 3.092111647129059e-01, 0e+00, 0e+00, 0e+00, 0e+00, 0e+00, 0e+00, 0e+00, 0e+00, 4.119887948036194e-01, 3.523960113525391e-01, 3.144109547138214e-01, 3.091661334037781e-01, 3.091800510883331e-01, 3.08982253074646e-01, 3.089607357978821e-01, 3.090357482433319e-01, 3.08991938829422e-01, 3.089877068996429e-01, 3.091374337673187e-01, 3.091611862182617e-01, 0e+00, 0e+00, 0e+00, 0e+00, 0e+00]
hvac.VAVBox[5].vav.y_actual=[9.990000128746033e-01, 0e+00, 0e+00, 0e+00, 0e+00, 0e+00, 6.591046452522278e-01, 6.59234344959259e-01, 6.585997343063354e-01, 6.59351646900177e-01, 6.579501628875732e-01, 6.526117920875549e-01, 6.535718441009521e-01, 6.544864177703857e-01, 6.552552580833435e-01, 6.558837890625e-01, 0e+00, 0e+00, 0e+00, 0e+00, 0e+00, 0e+00, 0e+00, 0e+00, 0e+00, 0e+00, 6.563732028007507e-01, 6.571953892707825e-01, 6.574600338935852e-01, 6.572064757347107e-01, 6.571842432022095e-01, 6.585540175437927e-01, 6.580192446708679e-01, 6.563078761100769e-01, 6.573657989501953e-01, 6.565518379211426e-01, 0e+00, 0e+00, 0e+00, 0e+00, 0e+00, 0e+00, 0e+00, 0e+00, 0e+00, 0e+00, 6.560201644897461e-01, 6.56150758266449e-01, 6.561396718025208e-01, 6.560217142105103e-01, 6.563169956207275e-01, 6.562161445617676e-01, 6.558876633644104e-01, 6.578466296195984e-01, 6.580435037612915e-01, 6.571551561355591e-01, 0e+00, 0e+00, 0e+00, 0e+00, 0e+00, 0e+00, 0e+00, 0e+00, 5.512757301330566e-01, 0e+00, 6.595367789268494e-01, 6.565593481063843e-01, 6.545870304107666e-01, 6.588529348373413e-01, 6.581143736839294e-01, 6.591144204139709e-01, 6.591344475746155e-01, 6.590337753295898e-01, 6.555772423744202e-01, 6.580257415771484e-01, 0e+00, 0e+00, 0e+00, 0e+00, 0e+00, 0e+00, 0e+00, 0e+00, 7.773588299751282e-01, 0e+00, 6.476385593414307e-01, 6.586387753486633e-01, 6.570544242858887e-01, 6.586944460868835e-01, 6.591718196868896e-01, 6.583889722824097e-01, 6.589522361755371e-01, 6.589282751083374e-01, 6.582532525062561e-01, 6.590838432312012e-01, 0e+00, 0e+00, 0e+00, 0e+00, 0e+00]
hvac.VAVBox[1].vav.y_actual=[9.990000128746033e-01, 0e+00, 0e+00, 0e+00, 0e+00, 0e+00, 6.591050624847412e-01, 6.592347621917725e-01, 6.586001515388489e-01, 6.593520641326904e-01, 6.579505205154419e-01, 6.526121497154236e-01, 6.535722613334656e-01, 6.544868350028992e-01, 6.552556753158569e-01, 6.558841466903687e-01, 0e+00, 0e+00, 0e+00, 0e+00, 0e+00, 0e+00, 0e+00, 0e+00, 0e+00, 0e+00, 6.563736200332642e-01, 6.571957468986511e-01, 6.574604511260986e-01, 6.572068929672241e-01, 6.571846604347229e-01, 6.585544347763062e-01, 6.580196619033813e-01, 6.563082933425903e-01, 6.573662161827087e-01, 6.56552255153656e-01, 0e+00, 0e+00, 0e+00, 0e+00, 0e+00, 0e+00, 0e+00, 0e+00, 0e+00, 7.390794157981873e-01, 6.560205817222595e-01, 6.561511754989624e-01, 6.561400294303894e-01, 6.560221314430237e-01, 6.56317412853241e-01, 6.562165021896362e-01, 6.558880805969238e-01, 6.578470468521118e-01, 6.580439209938049e-01, 6.571555733680725e-01, 0e+00, 0e+00, 0e+00, 0e+00, 0e+00, 0e+00, 0e+00, 0e+00, 5.512757301330566e-01, 0e+00, 6.595371961593628e-01, 6.565597653388977e-01, 6.545873880386353e-01, 6.588533520698547e-01, 6.581147909164429e-01, 6.591148376464844e-01, 6.591348648071289e-01, 6.590341925621033e-01, 6.555776596069336e-01, 6.580261588096619e-01, 0e+00, 0e+00, 0e+00, 0e+00, 0e+00, 0e+00, 0e+00, 0e+00, 7.773588299751282e-01, 6.516045928001404e-01, 6.476389765739441e-01, 6.586391925811768e-01, 6.570547819137573e-01, 6.58694863319397e-01, 6.591722369194031e-01, 6.583893895149231e-01, 6.589526534080505e-01, 6.589286923408508e-01, 6.582536697387695e-01, 6.590842604637146e-01, 0e+00, 0e+00, 0e+00, 0e+00, 0e+00]
hvac.VAVBox[2].vav.y_actual=[9.990000128746033e-01, 0e+00, 0e+00, 0e+00, 0e+00, 0e+00, 5.495225191116333e-01, 5.496202707290649e-01, 5.491413474082947e-01, 5.497086644172668e-01, 5.486496090888977e-01, 5.445511341094971e-01, 5.452958345413208e-01, 5.460021495819092e-01, 5.465935468673706e-01, 5.470753908157349e-01, 0e+00, 0e+00, 0e+00, 0e+00, 0e+00, 0e+00, 0e+00, 0e+00, 0e+00, 0e+00, 5.474496483802795e-01, 5.480763912200928e-01, 5.482776165008545e-01, 5.480848550796509e-01, 5.480679273605347e-01, 5.49106776714325e-01, 5.487020015716553e-01, 5.473997592926025e-01, 5.482059717178345e-01, 5.475860238075256e-01, 0e+00, 0e+00, 0e+00, 0e+00, 0e+00, 0e+00, 0e+00, 0e+00, 0e+00, 7.390794157981873e-01, 5.471798181533813e-01, 5.472796559333801e-01, 5.47271192073822e-01, 5.471809506416321e-01, 5.474067330360413e-01, 5.473296046257019e-01, 5.470783710479736e-01, 5.485711693763733e-01, 5.487204194068909e-01, 5.480457544326782e-01, 0e+00, 0e+00, 0e+00, 0e+00, 0e+00, 0e+00, 0e+00, 0e+00, 9.748845100402832e-01, 6.33328378200531e-01, 5.498480200767517e-01, 5.475917458534241e-01, 5.460796356201172e-01, 5.493326187133789e-01, 5.487740635871887e-01, 5.495298504829407e-01, 5.495449900627136e-01, 5.494690537452698e-01, 5.468405485153198e-01, 5.487069487571716e-01, 0e+00, 0e+00, 0e+00, 0e+00, 0e+00, 0e+00, 0e+00, 0e+00, 7.773588299751282e-01, 6.525903344154358e-01, 5.612236261367798e-01, 5.491708517074585e-01, 5.479691028594971e-01, 5.492129325866699e-01, 5.495731234550476e-01, 5.489819645881653e-01, 5.494075417518616e-01, 5.493894815444946e-01, 5.488792657852173e-01, 5.495068430900574e-01, 0e+00, 0e+00, 0e+00, 0e+00, 0e+00]
hvac.VAVBox[3].vav.y_actual=[9.990000128746033e-01, 0e+00, 0e+00, 0e+00, 0e+00, 0e+00, 6.591050624847412e-01, 6.592347621917725e-01, 6.586001515388489e-01, 6.593520641326904e-01, 6.579505205154419e-01, 6.526121497154236e-01, 6.535722613334656e-01, 6.544868350028992e-01, 6.552556753158569e-01, 6.558841466903687e-01, 0e+00, 0e+00, 0e+00, 0e+00, 0e+00, 0e+00, 0e+00, 0e+00, 0e+00, 0e+00, 6.563736200332642e-01, 6.571957468986511e-01, 6.574604511260986e-01, 6.572068929672241e-01, 6.571846604347229e-01, 6.585544347763062e-01, 6.580196619033813e-01, 6.563082933425903e-01, 6.573662161827087e-01, 6.56552255153656e-01, 0e+00, 0e+00, 0e+00, 0e+00, 0e+00, 0e+00, 0e+00, 0e+00, 0e+00, 7.390794157981873e-01, 6.560205817222595e-01, 6.561511754989624e-01, 6.561400294303894e-01, 6.560221314430237e-01, 6.56317412853241e-01, 6.562165021896362e-01, 6.558880805969238e-01, 6.578470468521118e-01, 6.580439209938049e-01, 6.571555733680725e-01, 0e+00, 0e+00, 0e+00, 0e+00, 0e+00, 0e+00, 0e+00, 0e+00, 9.748845100402832e-01, 6.33328378200531e-01, 6.595371961593628e-01, 6.565597653388977e-01, 6.545873880386353e-01, 6.588533520698547e-01, 6.581147909164429e-01, 6.591148376464844e-01, 6.591348648071289e-01, 6.590341925621033e-01, 6.555776596069336e-01, 6.580261588096619e-01, 0e+00, 0e+00, 0e+00, 0e+00, 0e+00, 0e+00, 0e+00, 0e+00, 7.773588299751282e-01, 6.516045928001404e-01, 6.476389765739441e-01, 6.586391925811768e-01, 6.570547819137573e-01, 6.58694863319397e-01, 6.591722369194031e-01, 6.583893895149231e-01, 6.589526534080505e-01, 6.589286923408508e-01, 6.582536697387695e-01, 6.590842604637146e-01, 0e+00, 0e+00, 0e+00, 0e+00, 0e+00]
hvac.VAVBox[4].vav.y_actual=[9.990000128746033e-01, 0e+00, 0e+00, 0e+00, 0e+00, 0e+00, 5.495225191116333e-01, 5.496202707290649e-01, 5.491413474082947e-01, 5.497086644172668e-01, 5.486496090888977e-01, 5.445511341094971e-01, 5.452958345413208e-01, 5.460021495819092e-01, 5.465935468673706e-01, 5.470753908157349e-01, 0e+00, 0e+00, 0e+00, 0e+00, 0e+00, 0e+00, 0e+00, 0e+00, 0e+00, 0e+00, 5.474496483802795e-01, 5.480763912200928e-01, 5.482776165008545e-01, 5.480848550796509e-01, 5.480679273605347e-01, 5.49106776714325e-01, 5.487020015716553e-01, 5.473997592926025e-01, 5.482059717178345e-01, 5.475860238075256e-01, 0e+00, 0e+00, 0e+00, 0e+00, 0e+00, 0e+00, 0e+00, 0e+00, 0e+00, 7.390794157981873e-01, 5.471798181533813e-01, 5.472796559333801e-01, 5.47271192073822e-01, 5.471809506416321e-01, 5.474067330360413e-01, 5.473296046257019e-01, 5.470783710479736e-01, 5.485711693763733e-01, 5.487204194068909e-01, 5.480457544326782e-01, 0e+00, 0e+00, 0e+00, 0e+00, 0e+00, 0e+00, 0e+00, 0e+00, 5.512757301330566e-01, 0e+00, 5.498480200767517e-01, 5.475917458534241e-01, 5.460796356201172e-01, 5.493326187133789e-01, 5.487740635871887e-01, 5.495298504829407e-01, 5.495449900627136e-01, 5.494690537452698e-01, 5.468405485153198e-01, 5.487069487571716e-01, 0e+00, 0e+00, 0e+00, 0e+00, 0e+00, 0e+00, 0e+00, 0e+00, 7.773588299751282e-01, 6.516045928001404e-01, 5.406403541564941e-01, 5.491708517074585e-01, 5.479691028594971e-01, 5.492129325866699e-01, 5.495731234550476e-01, 5.489819645881653e-01, 5.494075417518616e-01, 5.493894815444946e-01, 5.488792657852173e-01, 5.498949289321899e-01, 0e+00, 0e+00, 0e+00, 0e+00, 0e+00]
hvac.damOut.y=[0e+00, 0e+00, 0e+00, 0e+00, 0e+00, 0e+00, 1e+00, 1e+00, 1e+00, 1e+00, 1e+00, 1e+00, 1e+00, 1e+00, 1e+00, 1e+00, 0e+00, 0e+00, 0e+00, 0e+00, 0e+00, 0e+00, 0e+00, 0e+00, 0e+00, 0e+00, 1e+00, 1e+00, 1e+00, 1e+00, 1e+00, 1e+00, 1e+00, 1e+00, 1e+00, 1e+00, 0e+00, 0e+00, 0e+00, 0e+00, 0e+00, 0e+00, 0e+00, 0e+00, 0e+00, 0e+00, 1e+00, 1e+00, 1e+00, 1e+00, 1e+00, 1e+00, 1e+00, 1e+00, 1e+00, 9.924743175506592e-01, 0e+00, 0e+00, 0e+00, 0e+00, 0e+00, 0e+00, 0e+00, 0e+00, 0e+00, 0e+00, 1e+00, 1e+00, 1e+00, 1e+00, 1e+00, 1e+00, 1e+00, 1e+00, 1e+00, 1e+00, 0e+00, 0e+00, 0e+00, 0e+00, 0e+00, 0e+00, 0e+00, 0e+00, 0e+00, 0e+00, 1e+00, 1e+00, 1e+00, 1e+00, 1e+00, 1e+00, 1e+00, 1e+00, 1e+00, 1e+00, 0e+00, 0e+00, 0e+00, 0e+00, 0e+00]
hvac.VAVBox[1].TSup=[2.931499938964844e+02, 2.931209106445312e+02, 2.929888610839844e+02, 2.927768859863281e+02, 2.925579833984375e+02, 2.923262939453125e+02, 2.912315673828125e+02, 2.911562805175781e+02, 2.911855773925781e+02, 2.911875610351562e+02, 2.897678527832031e+02, 2.873089599609375e+02, 2.863795166015625e+02, 2.856238708496094e+02, 2.874461059570312e+02, 2.905797119140625e+02, 2.90953857421875e+02, 2.909620361328125e+02, 2.907139892578125e+02, 2.902203063964844e+02, 2.896999816894531e+02, 2.892808532714844e+02, 2.8882421875e+02, 2.884961242675781e+02, 2.88349365234375e+02, 2.8823876953125e+02, 2.912892456054688e+02, 2.911619262695312e+02, 2.911914367675781e+02, 2.910924987792969e+02, 2.911500549316406e+02, 2.910256042480469e+02, 2.899756164550781e+02, 2.912165222167969e+02, 2.911325988769531e+02, 2.910300598144531e+02, 2.913708190917969e+02, 2.913580017089844e+02, 2.910850830078125e+02, 2.905609436035156e+02, 2.898532409667969e+02, 2.892833862304688e+02, 2.887406921386719e+02, 2.884043579101562e+02, 2.882095031738281e+02, 2.905311584472656e+02, 2.913295288085938e+02, 2.912210998535156e+02, 2.911671447753906e+02, 2.912083435058594e+02, 2.911891784667969e+02, 2.911731567382812e+02, 2.910657043457031e+02, 2.910576477050781e+02, 2.910867309570312e+02, 2.911014099121094e+02, 2.9094140625e+02, 2.904657287597656e+02, 2.898957214355469e+02, 2.893079833984375e+02, 2.887646789550781e+02, 2.882858276367188e+02, 2.878333129882812e+02, 2.876522827148438e+02, 2.9987353515625e+02, 3.022941284179688e+02, 2.904933471679688e+02, 2.911639709472656e+02, 2.91218017578125e+02, 2.910585327148438e+02, 2.911625366210938e+02, 2.911486511230469e+02, 2.910735778808594e+02, 2.911206970214844e+02, 2.910126953125e+02, 2.912274475097656e+02, 2.911050109863281e+02, 2.904036560058594e+02, 2.891016845703125e+02, 2.884756774902344e+02, 2.888862915039062e+02, 2.900022583007812e+02, 2.916225891113281e+02, 2.933832092285156e+02, 2.994608459472656e+02, 3.007284545898438e+02, 2.966000061035156e+02, 2.909185791015625e+02, 2.916069641113281e+02, 2.913509216308594e+02, 2.913963928222656e+02, 2.9084765625e+02, 2.909548950195312e+02, 2.909530334472656e+02, 2.937988891601562e+02, 3.007777099609375e+02, 2.934606628417969e+02, 2.919327087402344e+02, 2.900269775390625e+02, 2.899719848632812e+02, 2.909053039550781e+02]
hvac.VAVBox[2].TSup=[2.931499938964844e+02, 2.931209716796875e+02, 2.929888916015625e+02, 2.927768859863281e+02, 2.925579833984375e+02, 2.923262939453125e+02, 2.912316284179688e+02, 2.911563110351562e+02, 2.911855773925781e+02, 2.911875610351562e+02, 2.897691040039062e+02, 2.873096313476562e+02, 2.863801879882812e+02, 2.856233215332031e+02, 2.874452209472656e+02, 2.905772705078125e+02, 2.909498596191406e+02, 2.9095751953125e+02, 2.90711181640625e+02, 2.902188110351562e+02, 2.8969921875e+02, 2.892804260253906e+02, 2.888240356445312e+02, 2.884960632324219e+02, 2.88349365234375e+02, 2.8823876953125e+02, 2.91289306640625e+02, 2.911619873046875e+02, 2.9119140625e+02, 2.910924682617188e+02, 2.911500854492188e+02, 2.91025634765625e+02, 2.89975830078125e+02, 2.912162170410156e+02, 2.91132568359375e+02, 2.910299987792969e+02, 2.913673400878906e+02, 2.913543701171875e+02, 2.910824584960938e+02, 2.905595397949219e+02, 2.898526306152344e+02, 2.892831420898438e+02, 2.887406005859375e+02, 2.88404296875e+02, 2.8820947265625e+02, 2.905311584472656e+02, 2.913291625976562e+02, 2.912210693359375e+02, 2.911671752929688e+02, 2.912083435058594e+02, 2.91189208984375e+02, 2.911731567382812e+02, 2.910657653808594e+02, 2.910576477050781e+02, 2.910867004394531e+02, 2.911014404296875e+02, 2.909428405761719e+02, 2.904665222167969e+02, 2.898961181640625e+02, 2.893081970214844e+02, 2.887648010253906e+02, 2.88285888671875e+02, 2.878333435058594e+02, 2.876522827148438e+02, 2.999029846191406e+02, 3.025541381835938e+02, 2.949817504882812e+02, 2.9206103515625e+02, 2.912180786132812e+02, 2.910585327148438e+02, 2.911625061035156e+02, 2.911486511230469e+02, 2.9107373046875e+02, 2.9112060546875e+02, 2.936581726074219e+02, 2.978495178222656e+02, 2.933227844238281e+02, 2.912167053222656e+02, 2.892857971191406e+02, 2.885243530273438e+02, 2.889003601074219e+02, 2.900060119628906e+02, 2.916234436035156e+02, 2.933833618164062e+02, 3.025442199707031e+02, 3.041742858886719e+02, 3.041964111328125e+02, 2.980146484375e+02, 2.916068725585938e+02, 2.913509521484375e+02, 2.913965454101562e+02, 2.9084765625e+02, 2.909548034667969e+02, 2.909530639648438e+02, 2.904084167480469e+02, 2.935686645507812e+02, 2.920538635253906e+02, 2.91226806640625e+02, 2.89862060546875e+02, 2.899344482421875e+02, 2.908952941894531e+02]
hvac.VAVBox[3].TSup=[2.931499938964844e+02, 2.931209411621094e+02, 2.929888916015625e+02, 2.927768859863281e+02, 2.925579833984375e+02, 2.923262939453125e+02, 2.912315673828125e+02, 2.911562805175781e+02, 2.911855773925781e+02, 2.911875610351562e+02, 2.897678527832031e+02, 2.873089599609375e+02, 2.863795166015625e+02, 2.856238708496094e+02, 2.874461059570312e+02, 2.905797119140625e+02, 2.909535827636719e+02, 2.90961181640625e+02, 2.907134399414062e+02, 2.902200317382812e+02, 2.896998291015625e+02, 2.8928076171875e+02, 2.888241882324219e+02, 2.8849609375e+02, 2.88349365234375e+02, 2.8823876953125e+02, 2.912892456054688e+02, 2.911619262695312e+02, 2.911914367675781e+02, 2.910924987792969e+02, 2.911500549316406e+02, 2.910256042480469e+02, 2.899756164550781e+02, 2.912165222167969e+02, 2.911325988769531e+02, 2.910300598144531e+02, 2.913705444335938e+02, 2.913571472167969e+02, 2.910845031738281e+02, 2.905606384277344e+02, 2.898530883789062e+02, 2.892833251953125e+02, 2.887406616210938e+02, 2.884043273925781e+02, 2.882095031738281e+02, 2.905311584472656e+02, 2.913295288085938e+02, 2.912210998535156e+02, 2.911671447753906e+02, 2.912083435058594e+02, 2.911891784667969e+02, 2.911731567382812e+02, 2.910657043457031e+02, 2.910576477050781e+02, 2.910867309570312e+02, 2.911014099121094e+02, 2.909414978027344e+02, 2.904657897949219e+02, 2.89895751953125e+02, 2.893079833984375e+02, 2.887646789550781e+02, 2.882858276367188e+02, 2.878333129882812e+02, 2.876522827148438e+02, 2.999029846191406e+02, 3.029410400390625e+02, 2.971849670410156e+02, 2.911639709472656e+02, 2.91218017578125e+02, 2.910585327148438e+02, 2.911625366210938e+02, 2.911486511230469e+02, 2.910735778808594e+02, 2.911206970214844e+02, 2.910126953125e+02, 2.938392333984375e+02, 2.917813720703125e+02, 2.90651611328125e+02, 2.891578369140625e+02, 2.884905090332031e+02, 2.888905639648438e+02, 2.900033874511719e+02, 2.916228637695312e+02, 2.933832397460938e+02, 2.992310791015625e+02, 3.003007507324219e+02, 2.956118774414062e+02, 2.909185791015625e+02, 2.916069641113281e+02, 2.913509216308594e+02, 2.913963928222656e+02, 2.9084765625e+02, 2.909548950195312e+02, 2.909530334472656e+02, 2.904085083007812e+02, 2.929074401855469e+02, 2.917330017089844e+02, 2.910658264160156e+02, 2.898244323730469e+02, 2.899258728027344e+02, 2.908930053710938e+02]
hvac.VAVBox[4].TSup=[2.931499938964844e+02, 2.931210021972656e+02, 2.929888916015625e+02, 2.927768859863281e+02, 2.925579833984375e+02, 2.923262939453125e+02, 2.912316284179688e+02, 2.911563110351562e+02, 2.911855773925781e+02, 2.911875610351562e+02, 2.897691040039062e+02, 2.873096313476562e+02, 2.863801879882812e+02, 2.856233215332031e+02, 2.874452209472656e+02, 2.905772705078125e+02, 2.909500122070312e+02, 2.909579772949219e+02, 2.907114868164062e+02, 2.90218994140625e+02, 2.896993103027344e+02, 2.892804870605469e+02, 2.888240661621094e+02, 2.884960632324219e+02, 2.88349365234375e+02, 2.8823876953125e+02, 2.91289306640625e+02, 2.911619873046875e+02, 2.9119140625e+02, 2.910924682617188e+02, 2.911500854492188e+02, 2.91025634765625e+02, 2.89975830078125e+02, 2.912162170410156e+02, 2.91132568359375e+02, 2.910299987792969e+02, 2.913676452636719e+02, 2.913550415039062e+02, 2.910830688476562e+02, 2.905598754882812e+02, 2.89852783203125e+02, 2.89283203125e+02, 2.887406311035156e+02, 2.884043273925781e+02, 2.8820947265625e+02, 2.905311584472656e+02, 2.913291625976562e+02, 2.912210693359375e+02, 2.911671752929688e+02, 2.912083435058594e+02, 2.91189208984375e+02, 2.911731567382812e+02, 2.910657653808594e+02, 2.910576477050781e+02, 2.910867004394531e+02, 2.911014404296875e+02, 2.909432983398438e+02, 2.904667358398438e+02, 2.898962707519531e+02, 2.893082580566406e+02, 2.887648315429688e+02, 2.882859191894531e+02, 2.878333740234375e+02, 2.876522827148438e+02, 2.9987353515625e+02, 3.022951049804688e+02, 2.904206237792969e+02, 2.911635131835938e+02, 2.912180786132812e+02, 2.910585327148438e+02, 2.911625061035156e+02, 2.911486511230469e+02, 2.9107373046875e+02, 2.9112060546875e+02, 2.910124206542969e+02, 2.912276306152344e+02, 2.911046142578125e+02, 2.904035034179688e+02, 2.891016540527344e+02, 2.884756469726562e+02, 2.888862915039062e+02, 2.900022583007812e+02, 2.916225891113281e+02, 2.933832092285156e+02, 2.984597778320312e+02, 2.989931640625e+02, 2.953072204589844e+02, 2.909183044433594e+02, 2.916068725585938e+02, 2.913509521484375e+02, 2.913965454101562e+02, 2.9084765625e+02, 2.909548034667969e+02, 2.909530639648438e+02, 2.962453308105469e+02, 3.041153259277344e+02, 2.936059265136719e+02, 2.920055847167969e+02, 2.900440063476562e+02, 2.899758911132812e+02, 2.909063415527344e+02]
hvac.VAVBox[5].TSup=[2.931499938964844e+02, 2.931210021972656e+02, 2.929888916015625e+02, 2.927768859863281e+02, 2.925579833984375e+02, 2.923262939453125e+02, 2.912315673828125e+02, 2.911562805175781e+02, 2.911855773925781e+02, 2.911875610351562e+02, 2.897678527832031e+02, 2.873089599609375e+02, 2.863795166015625e+02, 2.856238708496094e+02, 2.874461059570312e+02, 2.905797119140625e+02, 2.909537963867188e+02, 2.909620361328125e+02, 2.907140197753906e+02, 2.902203063964844e+02, 2.896999816894531e+02, 2.892808532714844e+02, 2.8882421875e+02, 2.884961242675781e+02, 2.88349365234375e+02, 2.8823876953125e+02, 2.912892456054688e+02, 2.911619262695312e+02, 2.911914367675781e+02, 2.910924987792969e+02, 2.911500549316406e+02, 2.910256042480469e+02, 2.899756164550781e+02, 2.912165222167969e+02, 2.911325988769531e+02, 2.910300598144531e+02, 2.913717956542969e+02, 2.913616638183594e+02, 2.910884704589844e+02, 2.905627746582031e+02, 2.8985400390625e+02, 2.892837524414062e+02, 2.887408142089844e+02, 2.884044189453125e+02, 2.882095336914062e+02, 2.885499572753906e+02, 2.913295288085938e+02, 2.912210998535156e+02, 2.911671447753906e+02, 2.912083435058594e+02, 2.911891784667969e+02, 2.911731567382812e+02, 2.910657043457031e+02, 2.910576477050781e+02, 2.910867309570312e+02, 2.911014099121094e+02, 2.909417724609375e+02, 2.904659423828125e+02, 2.898958129882812e+02, 2.893080139160156e+02, 2.887647094726562e+02, 2.882858581542969e+02, 2.878333435058594e+02, 2.876522827148438e+02, 2.9987353515625e+02, 3.022940673828125e+02, 2.895281982421875e+02, 2.911639709472656e+02, 2.91218017578125e+02, 2.910585327148438e+02, 2.911625366210938e+02, 2.911486511230469e+02, 2.910735778808594e+02, 2.911206970214844e+02, 2.910126953125e+02, 2.912274475097656e+02, 2.911062316894531e+02, 2.904040832519531e+02, 2.89101806640625e+02, 2.884757080078125e+02, 2.888862915039062e+02, 2.900022583007812e+02, 2.916225891113281e+02, 2.933832092285156e+02, 2.971176147460938e+02, 2.965901794433594e+02, 2.902408752441406e+02, 2.909185791015625e+02, 2.916069641113281e+02, 2.913509216308594e+02, 2.913963928222656e+02, 2.9084765625e+02, 2.909548950195312e+02, 2.909530334472656e+02, 2.904085083007812e+02, 2.911985778808594e+02, 2.911958618164062e+02, 2.907962951660156e+02, 2.89761474609375e+02, 2.899115600585938e+02, 2.9088916015625e+02]
hvac.res.EFan=[0e+00, -1.256207451660885e-05, -2.689492794161197e-05, -4.038555198349059e-05, -5.126581163494848e-05, -6.291989848250523e-05, 1.04200126953125e+04, 2.109773046875e+04, 3.17665859375e+04, 4.241493359375e+04, 5.302576171875e+04, 6.358530078125e+04, 7.41360390625e+04, 8.46885078125e+04, 9.5247078125e+04, 1.058087734375e+05, 1.14640515625e+05, 1.14640515625e+05, 1.14640515625e+05, 1.14640515625e+05, 1.14640515625e+05, 1.14640515625e+05, 1.14640515625e+05, 1.14640515625e+05, 1.14640515625e+05, 1.14640515625e+05, 1.251056640625e+05, 1.35834734375e+05, 1.46562609375e+05, 1.572858125e+05, 1.68017796875e+05, 1.78752421875e+05, 1.89483125e+05, 2.00209484375e+05, 2.10925109375e+05, 2.21645e+05, 2.3059259375e+05, 2.3059259375e+05, 2.3059259375e+05, 2.3059259375e+05, 2.3059259375e+05, 2.3059259375e+05, 2.3059259375e+05, 2.3059259375e+05, 2.3059259375e+05, 2.30716078125e+05, 2.4180421875e+05, 2.525365e+05, 2.63250125e+05, 2.739508125e+05, 2.846288125e+05, 2.9528725e+05, 3.05939e+05, 3.1662590625e+05, 3.273581875e+05, 3.38105125e+05, 3.47074375e+05, 3.47074375e+05, 3.47074375e+05, 3.47074375e+05, 3.47074375e+05, 3.47074375e+05, 3.47074375e+05, 3.47074375e+05, 3.4784178125e+05, 3.6036415625e+05, 3.7167634375e+05, 3.82401375e+05, 3.9311221875e+05, 4.0382509375e+05, 4.1455303125e+05, 4.252803125e+05, 4.3600975e+05, 4.46739125e+05, 4.5746396875e+05, 4.6816565625e+05, 4.7710765625e+05, 4.7710765625e+05, 4.7710765625e+05, 4.7710765625e+05, 4.7710765625e+05, 4.7710765625e+05, 4.7710765625e+05, 4.7710765625e+05, 4.843978125e+05, 4.9189171875e+05, 5.019301875e+05, 5.125815e+05, 5.2329459375e+05, 5.340213125e+05, 5.4475e+05, 5.554774375e+05, 5.662050625e+05, 5.7693325e+05, 5.876589375e+05, 5.983704375e+05, 6.071465625e+05, 6.071465625e+05, 6.071465625e+05, 6.071465625e+05, 6.071465625e+05]
hvac.res.EHea=[0e+00, 0e+00, 0e+00, 0e+00, 0e+00, 0e+00, 1.201068687438965e+01, 1.734965324401855e+01, 2.252850723266602e+01, 2.427552223205566e+01, 2.427552223205566e+01, 2.427552223205566e+01, 2.427552223205566e+01, 2.427552223205566e+01, 2.427552223205566e+01, 2.427552223205566e+01, 2.427552223205566e+01, 2.427552223205566e+01, 2.427552223205566e+01, 2.427552223205566e+01, 2.427552223205566e+01, 2.427552223205566e+01, 2.427552223205566e+01, 2.427552223205566e+01, 2.427552223205566e+01, 2.427552223205566e+01, 2.93842887878418e+01, 3.480905151367188e+01, 3.999189376831055e+01, 4.176926040649414e+01, 4.176926040649414e+01, 4.176926040649414e+01, 4.176926040649414e+01, 3.21652587890625e+03, 6.67930419921875e+03, 1.05758818359375e+04, 1.4215177734375e+04, 1.4215177734375e+04, 1.4215177734375e+04, 1.4215177734375e+04, 1.4215177734375e+04, 1.4215177734375e+04, 1.4215177734375e+04, 1.4215177734375e+04, 1.4215177734375e+04, 1.423989453125e+04, 1.8843791015625e+04, 1.88493046875e+04, 1.88546328125e+04, 1.885603515625e+04, 1.885603515625e+04, 1.885603515625e+04, 1.885603515625e+04, 1.885603515625e+04, 1.885603515625e+04, 1.885603515625e+04, 1.885603515625e+04, 1.885603515625e+04, 1.885603515625e+04, 1.885603515625e+04, 1.88577421875e+04, 1.889137109375e+04, 1.8992232421875e+04, 1.903760546875e+04, 2.1433009765625e+04, 4.062703125e+04, 5.410411328125e+04, 7.54192734375e+04, 9.27292109375e+04, 1.08998734375e+05, 1.264602890625e+05, 1.435926875e+05, 1.6063659375e+05, 1.79320609375e+05, 2.00160921875e+05, 2.24851875e+05, 2.49525203125e+05, 2.49525203125e+05, 2.49544140625e+05, 2.49809359375e+05, 2.5005884375e+05, 2.503241875e+05, 2.50624671875e+05, 2.509349375e+05, 2.8877775e+05, 3.3822953125e+05, 3.687180625e+05, 3.949626875e+05, 4.1210378125e+05, 4.218615e+05, 4.289159375e+05, 4.3489978125e+05, 4.440723125e+05, 4.5611371875e+05, 4.7621040625e+05, 5.1748175e+05, 5.618155e+05, 5.618155e+05, 5.620533125e+05, 5.623636875e+05, 5.626425e+05]
hvac.res.ECoo=[0e+00, 0e+00, 0e+00, 0e+00, 0e+00, 0e+00, 0e+00, 0e+00, 0e+00, 0e+00, -2.191468017578125e+03, -2.8391263671875e+04, -6.8055796875e+04, -1.279668671875e+05, -1.69000671875e+05, -1.863436875e+05, -1.8637009375e+05, -1.8637009375e+05, -1.8637009375e+05, -1.8637009375e+05, -1.8637009375e+05, -1.8637009375e+05, -1.8637009375e+05, -1.8637009375e+05, -1.8637009375e+05, -1.8637009375e+05, -1.8637009375e+05, -1.8637009375e+05, -1.8637009375e+05, -1.8637009375e+05, -1.8637009375e+05, -1.8637009375e+05, -1.8637009375e+05, -1.8637009375e+05, -1.8637009375e+05, -1.8637009375e+05, -1.8637009375e+05, -1.8637009375e+05, -1.8637009375e+05, -1.8637009375e+05, -1.8637009375e+05, -1.8637009375e+05, -1.8637009375e+05, -1.8637009375e+05, -1.8637009375e+05, -1.8637009375e+05, -1.88135546875e+05, -1.88008328125e+05, -1.87904546875e+05, -1.8788053125e+05, -1.8788053125e+05, -1.8788053125e+05, -1.8788053125e+05, -1.8788053125e+05, -1.8788053125e+05, -1.8788053125e+05, -1.8788053125e+05, -1.8788053125e+05, -1.8788053125e+05, -1.8788053125e+05, -1.8788053125e+05, -1.8788053125e+05, -1.8788053125e+05, -1.8788053125e+05, -1.8788053125e+05, -1.8788053125e+05, -1.8788053125e+05, -1.8788053125e+05, -1.8788053125e+05, -1.8788053125e+05, -1.8788053125e+05, -1.8788053125e+05, -1.8788053125e+05, -1.8788053125e+05, -1.8788053125e+05, -1.8788053125e+05, -1.8788053125e+05, -1.8788053125e+05, -1.8788053125e+05, -1.8788053125e+05, -1.8788053125e+05, -1.8788053125e+05, -1.8788053125e+05, -1.8788053125e+05, -1.8788053125e+05, -1.8788053125e+05, -1.8788053125e+05, -1.8788053125e+05, -1.8788053125e+05, -1.8788053125e+05, -1.8788053125e+05, -1.8788053125e+05, -1.8788053125e+05, -1.8788053125e+05, -1.8788053125e+05, -1.8788053125e+05, -1.8788053125e+05, -1.8788053125e+05, -1.8788053125e+05, -1.8788053125e+05, -1.8788053125e+05]
