last-generated=2017-04-05
statistics-initialization=
{
  "linear": "2, 2, 2, 2, 2, 2, 2, 2, 2"
}
statistics-simulation=
{
  "numerical Jacobians": "0", 
  "nonlinear": " ", 
  "number of continuous time states": "6", 
  "linear": " "
}
load_sc_3.load1.v[2]=[0e+00, 0e+00, 0e+00, 0e+00, 0e+00, 0e+00, 0e+00, 0e+00, 0e+00, 0e+00, 0e+00, 0e+00, 0e+00, 0e+00, 0e+00, 0e+00, 0e+00, 0e+00, 0e+00, 0e+00, 0e+00, 0e+00, 0e+00, 0e+00, 0e+00, 0e+00, 0e+00, 0e+00, 0e+00, 0e+00, 0e+00, 0e+00, 0e+00, 0e+00, 0e+00, 0e+00, 0e+00, 0e+00, 0e+00, 0e+00, 0e+00, 0e+00, 0e+00, 0e+00, 0e+00, 0e+00, 0e+00, 0e+00, 0e+00, 0e+00, 0e+00, 0e+00, 0e+00, 0e+00, 0e+00, 0e+00, 0e+00, 0e+00, 0e+00, 0e+00, 0e+00, 0e+00, 0e+00, 0e+00, 0e+00, 0e+00, 0e+00, 0e+00, 0e+00, 0e+00, 0e+00, 0e+00, 0e+00, 0e+00, 0e+00, 0e+00, 0e+00, 0e+00, 0e+00, 0e+00, 0e+00, 0e+00, 0e+00, 0e+00, 0e+00, 0e+00, 0e+00, 0e+00, 0e+00, 0e+00, 0e+00, 0e+00, 0e+00, 0e+00, 0e+00, 0e+00, 0e+00, 0e+00, 0e+00, 0e+00, -0e+00]
load_sc_2.load1.v[1]=[0e+00, 0e+00]
load_sc_1.load1.v[1]=[0e+00, 0e+00]
load_sc_3.load1.v[1]=[0e+00, 0e+00, 0e+00, 0e+00, 0e+00, 0e+00, 0e+00, 0e+00, 0e+00, 0e+00, 0e+00, 0e+00, 0e+00, 0e+00, 0e+00, 0e+00, 0e+00, 0e+00, 0e+00, 0e+00, 0e+00, 0e+00, 0e+00, 0e+00, 0e+00, 0e+00, 0e+00, 0e+00, 0e+00, 0e+00, 0e+00, 0e+00, 0e+00, 0e+00, 0e+00, 0e+00, 0e+00, 0e+00, 0e+00, 0e+00, 0e+00, 0e+00, 0e+00, 0e+00, 0e+00, 0e+00, 0e+00, 0e+00, 0e+00, 0e+00, 0e+00, 0e+00, 0e+00, 0e+00, 0e+00, 0e+00, 0e+00, 0e+00, 0e+00, 0e+00, 0e+00, 0e+00, 0e+00, 0e+00, 0e+00, 0e+00, 0e+00, 0e+00, 0e+00, 0e+00, 0e+00, 0e+00, 0e+00, 0e+00, 0e+00, 0e+00, 0e+00, 0e+00, 0e+00, 0e+00, 0e+00, 0e+00, 0e+00, 0e+00, 0e+00, 0e+00, 0e+00, 0e+00, 0e+00, 0e+00, 0e+00, 0e+00, 0e+00, 0e+00, 0e+00, 0e+00, 0e+00, 0e+00, 0e+00, 0e+00, 0e+00]
load_sc_1.load1.v[2]=[0e+00, 0e+00]
time=[0e+00, 1e+00]
load_sc_2.load1.v[2]=[-0e+00, -0e+00]
load_sc_1.load1.i[1]=[5e+00, 5e+00]
load_sc_2.load1.i[1]=[5e+00, 5e+00]
load_sc_3.load1.i[1]=[0e+00, 5.025498382528636e+00, 5.001641750364364e+00, 4.999895095846938e+00, 5.000010490415775e+00, 4.99999713897634e+00, 5.000000953674316e+00, 5.000000476837158e+00, 4.999999523162842e+00, 5e+00, 5e+00, 5e+00, 5e+00, 5e+00, 5e+00, 5e+00, 5e+00, 5e+00, 5e+00, 5e+00, 5e+00, 5e+00, 5e+00, 5e+00, 5e+00, 5e+00, 5e+00, 5e+00, 5e+00, 5e+00, 5e+00, 5e+00, 5e+00, 5e+00, 5e+00, 5e+00, 5e+00, 5e+00, 5e+00, 5e+00, 5e+00, 5e+00, 5e+00, 5e+00, 5e+00, 5e+00, 5e+00, 5e+00, 5e+00, 5e+00, 5e+00, 5e+00, 5e+00, 5e+00, 5e+00, 5e+00, 5e+00, 5e+00, 5e+00, 5e+00, 5e+00, 5e+00, 5e+00, 5e+00, 5e+00, 5e+00, 5e+00, 5e+00, 5e+00, 5e+00, 5e+00, 5e+00, 5e+00, 5e+00, 5e+00, 5e+00, 5e+00, 5e+00, 5e+00, 5e+00, 5e+00, 5e+00, 5e+00, 5e+00, 5e+00, 5e+00, 5e+00, 5e+00, 5e+00, 5e+00, 5e+00, 5e+00, 5e+00, 5e+00, 5e+00, 5e+00, 5e+00, 5e+00, 5e+00, 5e+00, 5e+00]
load_sc_3.load1.i[2]=[-0e+00, -5.160949219296358e+00, -4.996678352955584e+00, -5.000052452057666e+00, -5.00000143051254e+00, -4.999999046326039e+00, -4.999999523163162e+00, -5e+00, -5e+00, -5e+00, -5e+00, -5e+00, -5e+00, -5e+00, -5e+00, -5e+00, -5e+00, -5e+00, -5e+00, -5e+00, -5e+00, -5e+00, -5e+00, -5e+00, -5e+00, -5e+00, -5e+00, -5e+00, -5e+00, -5e+00, -5e+00, -5e+00, -5e+00, -5e+00, -5e+00, -5e+00, -5e+00, -5e+00, -5e+00, -5e+00, -5e+00, -5e+00, -5e+00, -5e+00, -5e+00, -5e+00, -5e+00, -5e+00, -5e+00, -5e+00, -5e+00, -5e+00, -5e+00, -5e+00, -5e+00, -5e+00, -5e+00, -5e+00, -5e+00, -5e+00, -5e+00, -5e+00, -5e+00, -5e+00, -5e+00, -5e+00, -5e+00, -5e+00, -5e+00, -5e+00, -5e+00, -5e+00, -5e+00, -5e+00, -5e+00, -5e+00, -5e+00, -5e+00, -5e+00, -5e+00, -5e+00, -5e+00, -5e+00, -5e+00, -5e+00, -5e+00, -5e+00, -5e+00, -5e+00, -5e+00, -5e+00, -5e+00, -5e+00, -5e+00, -5e+00, -5e+00, -5e+00, -5e+00, -5e+00, -5e+00, -5e+00]
load_sc_2.load1.i[2]=[-5e+00, -5e+00]
load_sc_1.load1.i[2]=[-5e+00, -5e+00]
