last-generated=2016-06-13
statistics-simulation=
{
  "numerical Jacobians": "0", 
  "nonlinear": " ", 
  "number of continuous time states": "2", 
  "linear": " "
}
con.TRoo=[298.149993896484375, 298.149993896484375]
time=[0., 10.]
con.mAir_flow=[0., 0.00197999991320074167, 0.00395999982640146166, 0.00593999982491135066, 0.00791999965280308117, 0.0098999999463558197, 0.01187999964982340388, 0.01386000053346067053, 0.01583999930560679031, 0.01782000112056662811, 0.0197999998927116394, 0.02177999866485746602, 0.02375999929964962148, 0.02574000043212947703, 0.02772000106692385987, 0.02969999983906745911, 0.03167999861121328226, 0.03365999738336473979, 0.03564000224112599813, 0.03762000101327745566, 0.03959999978542327881, 0.04158000091792327102, 0.04355999732971493205, 0.04554000218748745915, 0.0475199985992791063, 0.04949999973177909851, 0.05148000086427909072, 0.05345999727607075175, 0.05544000213384327885, 0.057419998545634926, 0.05939999967813491821, 0.06138000081063491042, 0.06335999722242656451, 0.06533999835492655672, 0.06731999476671822469, 0.06930000334978103638, 0.07128000448226325114, 0.07326000089407268268, 0.07524000202655491132, 0.07721999843836434285, 0.07919999957084655762, 0.07919999957084655762, 0.07919999957084655762, 0.07919999957084655762, 0.07919999957084655762, 0.07919999957084655762, 0.07919999957084655762, 0.07919999957084655762, 0.07919999957084655762, 0.07919999957084655762, 0.07919999957084655762, 0.07919999957084655762, 0.07919999957084655762, 0.07919999957084655762, 0.07919999957084655762, 0.07919999957084655762, 0.07919999957084655762, 0.07919999957084655762, 0.07919999957084655762, 0.07919999957084655762, 0.07919999957084655762, 0.07919999957084655762, 0.07919999957084655762, 0.07919999957084655762, 0.07919999957084655762, 0.07919999957084655762, 0.07919999957084655762, 0.07919999957084655762, 0.07919999957084655762, 0.07919999957084655762, 0.07919999957084655762, 0.07919999957084655762, 0.07919999957084655762, 0.07919999957084655762, 0.07919999957084655762, 0.07919999957084655762, 0.07919999957084655762, 0.07919999957084655762, 0.07919999957084655762, 0.07919999957084655762, 0.07919999957084655762, 0.07919999957084655762, 0.07919999957084655762, 0.07919999957084655762, 0.07919999957084655762, 0.07919999957084655762, 0.07919999957084655762, 0.07919999957084655762, 0.07919999957084655762, 0.07919999957084655762, 0.07919999957084655762, 0.07919999957084655762, 0.07919999957084655762, 0.07919999957084655762, 0.07919999957084655762, 0.07919999957084655762, 0.07919999957084655762, 0.07919999957084655762, 0.07919999957084655762, 0.07919999957084655762, 0.07919999957084655762]
con.mWat_flow=[0.09399999678134918213, 0.09399999678134918213]
con.Q_flow=[0., 41.59837278581834851821, 84.35700097162700217268, 128.0711159649918897685, 172.5359928181165685146, 217.546875, 262.89897598281834234513, 308.38763969901259542894, 353.80800851060854483876, 398.95539400420250331081, 443.625, 487.61211117147206550726, 530.71195473890111315995, 572.71986830835862747335, 613.43103977271857729647, 652.640625, 690.14397316656584280281, 725.73637257629468422238, 759.2130280098168668701, 790.36914769978409367468, 819., 844.96913950100906731677, 868.41301418164653114218, 889.53638640460303577129, 908.54398898080194157956, 925.640625, 941.03101964645475163707, 954.91985448006869319215, 967.51202960205228009727, 979.01213539821480935643, 989.625, 999.55536805239682962565, 1009.00799116582072656456, 1018.1876264123171722531, 1027.29894148569201206556, 1036.546875, 1046.13599575428247590025, 1056.27111320360086210712, 1067.15698787040832939965, 1078.99840138152990220988, 1092., 1092., 1092., 1092., 1092., 1092., 1092., 1092., 1092., 1092., 1092., 1092., 1092., 1092., 1092., 1092., 1092., 1092., 1092., 1092., 1092., 1092., 1092., 1092., 1092., 1092., 1092., 1092., 1092., 1092., 1092., 1092., 1092., 1092., 1092., 1092., 1092., 1092., 1092., 1092., 1092., 1092., 1092., 1092., 1092., 1092., 1092., 1092., 1092., 1092., 1092., 1092., 1092., 1092., 1092., 1092., 1092., 1092., 1092., 1092., 1092.]
