last-generated=2021-03-11
statistics-initialization=
{
  "linear": "0, 0, 0, 0",
  "nonlinear": "0, 0, 0, 0",
  "numerical Jacobians": "0"
}
statistics-simulation=
{
  "linear": "0, 0, 0, 0, 0, 0, 0, 0, 0, 0",
  "nonlinear": "0, 0, 0, 0",
  "number of continuous time states": "18",
  "numerical Jacobians": "0"
}
time=[0e+00, 1.728e+05]
weaDat.weaBus.TDryBul=[2.609500122070312e+02, 2.608676452636719e+02, 2.609342651367188e+02, 2.61153564453125e+02, 2.614064331054688e+02, 2.616917419433594e+02, 2.619866027832031e+02, 2.621011047363281e+02, 2.620299682617188e+02, 2.62211181640625e+02, 2.625067138671875e+02, 2.625499877929688e+02, 2.625499877929688e+02, 2.625499877929688e+02, 2.625499877929688e+02, 2.625875549316406e+02, 2.628901062011719e+02, 2.632776489257812e+02, 2.637460632324219e+02, 2.6446923828125e+02, 2.655892028808594e+02, 2.665859985351562e+02, 2.674020080566406e+02, 2.682179870605469e+02, 2.690339965820312e+02, 2.698500061035156e+02, 2.704558715820312e+02, 2.709069213867188e+02, 2.715532531738281e+02, 2.720364685058594e+02, 2.720499877929688e+02, 2.720499877929688e+02, 2.720499877929688e+02, 2.720499877929688e+02, 2.720499877929688e+02, 2.720499877929688e+02, 2.719675598144531e+02, 2.716164855957031e+02, 2.713160400390625e+02, 2.71072998046875e+02, 2.710076599121094e+02, 2.717365112304688e+02, 2.720211181640625e+02, 2.716227111816406e+02, 2.714859924316406e+02, 2.718775329589844e+02, 2.7202783203125e+02, 2.717281494140625e+02, 2.714362182617188e+02, 2.714474182128906e+02, 2.714500122070312e+02, 2.704067077636719e+02, 2.692704162597656e+02, 2.696753845214844e+02, 2.703369750976562e+02, 2.701487121582031e+02, 2.698616027832031e+02, 2.69929931640625e+02, 2.702106018066406e+02, 2.708657531738281e+02, 2.718394165039062e+02, 2.721007690429688e+02, 2.720183410644531e+02, 2.721641845703125e+02, 2.724365844726562e+02, 2.725657043457031e+02, 2.72480224609375e+02, 2.7264599609375e+02, 2.729339904785156e+02, 2.732219848632812e+02, 2.73510009765625e+02, 2.738106079101562e+02, 2.744635620117188e+02, 2.748500061035156e+02, 2.748500061035156e+02, 2.748500061035156e+02, 2.748500061035156e+02, 2.748500061035156e+02, 2.742786560058594e+02, 2.732598266601562e+02, 2.727458801269531e+02, 2.725348205566406e+02, 2.729032287597656e+02, 2.736190795898438e+02, 2.73848876953125e+02, 2.738165588378906e+02, 2.734445495605469e+02, 2.726629028320312e+02, 2.727448425292969e+02, 2.734616394042969e+02, 2.738507690429688e+02, 2.740790100097656e+02, 2.743446655273438e+02, 2.746334838867188e+02, 2.749204406738281e+02, 2.751761474609375e+02, 2.753359069824219e+02, 2.740944213867188e+02, 2.731499938964844e+02, 2.731499938964844e+02, 2.731499938964844e+02]
flo.att.TAir=[2.751499938964844e+02, 2.789117736816406e+02, 2.749286499023438e+02, 2.717446594238281e+02, 2.696504821777344e+02, 2.681685485839844e+02, 2.670829162597656e+02, 2.662562561035156e+02, 2.655891418457031e+02, 2.650378723144531e+02, 2.646232299804688e+02, 2.643085632324219e+02, 2.640317993164062e+02, 2.637911071777344e+02, 2.635955505371094e+02, 2.634241943359375e+02, 2.634280700683594e+02, 2.640460205078125e+02, 2.650216979980469e+02, 2.664468078613281e+02, 2.683912353515625e+02, 2.705525817871094e+02, 2.728632507324219e+02, 2.747970581054688e+02, 2.764411926269531e+02, 2.773889465332031e+02, 2.775186157226562e+02, 2.774098815917969e+02, 2.77392822265625e+02, 2.773616027832031e+02, 2.771405029296875e+02, 2.766208801269531e+02, 2.759590454101562e+02, 2.75206787109375e+02, 2.743717346191406e+02, 2.733377990722656e+02, 2.724677124023438e+02, 2.717299194335938e+02, 2.711176452636719e+02, 2.707114868164062e+02, 2.70473876953125e+02, 2.704082336425781e+02, 2.704585266113281e+02, 2.703324584960938e+02, 2.700150146484375e+02, 2.698973083496094e+02, 2.700238342285156e+02, 2.699815063476562e+02, 2.696650085449219e+02, 2.693026428222656e+02, 2.689823913574219e+02, 2.685411376953125e+02, 2.679238586425781e+02, 2.674485778808594e+02, 2.673328857421875e+02, 2.673016662597656e+02, 2.671394653320312e+02, 2.669628295898438e+02, 2.669090270996094e+02, 2.670131530761719e+02, 2.67456298828125e+02, 2.68036865234375e+02, 2.684391174316406e+02, 2.686925659179688e+02, 2.689833068847656e+02, 2.693163757324219e+02, 2.696548156738281e+02, 2.701142883300781e+02, 2.708087158203125e+02, 2.718639221191406e+02, 2.732991943359375e+02, 2.746028747558594e+02, 2.756318359375e+02, 2.766980895996094e+02, 2.778929443359375e+02, 2.790737915039062e+02, 2.802178344726562e+02, 2.8125634765625e+02, 2.818194885253906e+02, 2.816561279296875e+02, 2.809656066894531e+02, 2.800101928710938e+02, 2.788020629882812e+02, 2.776941223144531e+02, 2.766661987304688e+02, 2.756159362792969e+02, 2.74919921875e+02, 2.742573547363281e+02, 2.736637268066406e+02, 2.733629760742188e+02, 2.732685241699219e+02, 2.732457885742188e+02, 2.732664184570312e+02, 2.733502502441406e+02, 2.734841003417969e+02, 2.736122436523438e+02, 2.737040710449219e+02, 2.7351123046875e+02, 2.729900817871094e+02, 2.725497131347656e+02, 2.723587646484375e+02]
flo.sou.TAir=[2.751499938964844e+02, 2.891731872558594e+02, 2.903350219726562e+02, 2.9041455078125e+02, 2.9041259765625e+02, 2.903770141601562e+02, 2.903237609863281e+02, 2.902494506835938e+02, 2.901590881347656e+02, 2.900702209472656e+02, 2.899861450195312e+02, 2.898934936523438e+02, 2.897957153320312e+02, 2.896958618164062e+02, 2.895705871582031e+02, 2.894142456054688e+02, 2.895075073242188e+02, 2.8972119140625e+02, 2.900475463867188e+02, 2.902943115234375e+02, 2.902878112792969e+02, 2.905881958007812e+02, 2.908075256347656e+02, 2.908587951660156e+02, 2.909272155761719e+02, 2.908218078613281e+02, 2.906030578613281e+02, 2.90566162109375e+02, 2.9053759765625e+02, 2.90447021484375e+02, 2.903839416503906e+02, 2.902608642578125e+02, 2.900802917480469e+02, 2.899398803710938e+02, 2.8980810546875e+02, 2.896901550292969e+02, 2.896042175292969e+02, 2.89517822265625e+02, 2.894347229003906e+02, 2.893576049804688e+02, 2.892904052734375e+02, 2.892656860351562e+02, 2.892425842285156e+02, 2.891895141601562e+02, 2.891393737792969e+02, 2.891072387695312e+02, 2.890688781738281e+02, 2.890071716308594e+02, 2.889414672851562e+02, 2.888917846679688e+02, 2.888467712402344e+02, 2.888500366210938e+02, 2.887546081542969e+02, 2.887209167480469e+02, 2.886826477050781e+02, 2.886727905273438e+02, 2.886267700195312e+02, 2.885982055664062e+02, 2.885832824707031e+02, 2.885818481445312e+02, 2.884884338378906e+02, 2.884945983886719e+02, 2.885768432617188e+02, 2.886366882324219e+02, 2.886573486328125e+02, 2.887643737792969e+02, 2.888362121582031e+02, 2.896230773925781e+02, 2.901123352050781e+02, 2.903617858886719e+02, 2.906516723632812e+02, 2.908892211914062e+02, 2.910664978027344e+02, 2.912395324707031e+02, 2.915056457519531e+02, 2.917306823730469e+02, 2.915617065429688e+02, 2.916398620605469e+02, 2.92008544921875e+02, 2.92043701171875e+02, 2.920916748046875e+02, 2.921216125488281e+02, 2.921549377441406e+02, 2.922033386230469e+02, 2.921967163085938e+02, 2.916347045898438e+02, 2.906905517578125e+02, 2.910652770996094e+02, 2.907650146484375e+02, 2.906311645507812e+02, 2.905461120605469e+02, 2.90478515625e+02, 2.903880004882812e+02, 2.903117370605469e+02, 2.902466735839844e+02, 2.902038269042969e+02, 2.901658935546875e+02, 2.900659484863281e+02, 2.899564514160156e+02, 2.898723449707031e+02, 2.89806640625e+02]
flo.eas.TAir=[2.751499938964844e+02, 2.89154296875e+02, 2.901941223144531e+02, 2.902620544433594e+02, 2.902565612792969e+02, 2.902192993164062e+02, 2.901651306152344e+02, 2.900912780761719e+02, 2.900024108886719e+02, 2.899139404296875e+02, 2.898290100097656e+02, 2.897373962402344e+02, 2.896414184570312e+02, 2.895433959960938e+02, 2.894424133300781e+02, 2.8933154296875e+02, 2.893895874023438e+02, 2.896099243164062e+02, 2.898702697753906e+02, 2.900536499023438e+02, 2.901575012207031e+02, 2.90164306640625e+02, 2.9011865234375e+02, 2.90011962890625e+02, 2.899517211914062e+02, 2.899180297851562e+02, 2.89848876953125e+02, 2.89791015625e+02, 2.897507019042969e+02, 2.897015686035156e+02, 2.896519775390625e+02, 2.89604736328125e+02, 2.895598754882812e+02, 2.894917297363281e+02, 2.894143676757812e+02, 2.893350524902344e+02, 2.892680053710938e+02, 2.891961364746094e+02, 2.891264038085938e+02, 2.890566711425781e+02, 2.890007934570312e+02, 2.889814453125e+02, 2.889597473144531e+02, 2.889140930175781e+02, 2.888693237304688e+02, 2.888400573730469e+02, 2.888104248046875e+02, 2.887566223144531e+02, 2.886971435546875e+02, 2.886515502929688e+02, 2.886109619140625e+02, 2.886198425292969e+02, 2.88531494140625e+02, 2.885008544921875e+02, 2.88492919921875e+02, 2.884612426757812e+02, 2.884188842773438e+02, 2.883912048339844e+02, 2.883741760253906e+02, 2.883740539550781e+02, 2.883879089355469e+02, 2.883872680664062e+02, 2.883943481445312e+02, 2.884459838867188e+02, 2.884662475585938e+02, 2.885729675292969e+02, 2.886466064453125e+02, 2.894368896484375e+02, 2.899658813476562e+02, 2.902792358398438e+02, 2.905521850585938e+02, 2.907666320800781e+02, 2.909609985351562e+02, 2.911417236328125e+02, 2.913089904785156e+02, 2.914693603515625e+02, 2.9129150390625e+02, 2.913638916015625e+02, 2.917278747558594e+02, 2.917716674804688e+02, 2.918256530761719e+02, 2.918681335449219e+02, 2.919148864746094e+02, 2.91864501953125e+02, 2.916732482910156e+02, 2.919009704589844e+02, 2.910489501953125e+02, 2.908671875e+02, 2.90616943359375e+02, 2.904752502441406e+02, 2.903917846679688e+02, 2.903242492675781e+02, 2.902351379394531e+02, 2.90145751953125e+02, 2.899437561035156e+02, 2.898861694335938e+02, 2.899349670410156e+02, 2.899081115722656e+02, 2.898040161132812e+02, 2.897240905761719e+02, 2.896619873046875e+02]
flo.nor.TAir=[2.751499938964844e+02, 2.891480407714844e+02, 2.902706298828125e+02, 2.903421325683594e+02, 2.903401184082031e+02, 2.903052978515625e+02, 2.902531433105469e+02, 2.901815490722656e+02, 2.900946960449219e+02, 2.900083312988281e+02, 2.899259338378906e+02, 2.89836181640625e+02, 2.897416687011719e+02, 2.896453552246094e+02, 2.895464172363281e+02, 2.894335327148438e+02, 2.894003295898438e+02, 2.894537963867188e+02, 2.895520629882812e+02, 2.896388549804688e+02, 2.896976013183594e+02, 2.897365417480469e+02, 2.897869262695312e+02, 2.898128967285156e+02, 2.898361206054688e+02, 2.89823486328125e+02, 2.897676086425781e+02, 2.897251586914062e+02, 2.896960144042969e+02, 2.896531677246094e+02, 2.896104431152344e+02, 2.895705261230469e+02, 2.895346374511719e+02, 2.894717407226562e+02, 2.89400634765625e+02, 2.893265991210938e+02, 2.892637634277344e+02, 2.891965026855469e+02, 2.891311340332031e+02, 2.890649719238281e+02, 2.890108947753906e+02, 2.889928283691406e+02, 2.889748840332031e+02, 2.889332275390625e+02, 2.888916320800781e+02, 2.888645629882812e+02, 2.888367309570312e+02, 2.88785888671875e+02, 2.887307739257812e+02, 2.886885681152344e+02, 2.886504516601562e+02, 2.886633911132812e+02, 2.885803833007812e+02, 2.885533142089844e+02, 2.885450439453125e+02, 2.885168762207031e+02, 2.88476806640625e+02, 2.884512634277344e+02, 2.884376525878906e+02, 2.884384460449219e+02, 2.884483032226562e+02, 2.884482421875e+02, 2.884594116210938e+02, 2.885133666992188e+02, 2.885348815917969e+02, 2.886440124511719e+02, 2.887171630859375e+02, 2.89504150390625e+02, 2.900500183105469e+02, 2.903499145507812e+02, 2.906174621582031e+02, 2.908360595703125e+02, 2.910318603515625e+02, 2.9121337890625e+02, 2.913856811523438e+02, 2.915502624511719e+02, 2.913694152832031e+02, 2.914416198730469e+02, 2.918148193359375e+02, 2.918604431152344e+02, 2.919180297851562e+02, 2.919645385742188e+02, 2.920163269042969e+02, 2.920738830566406e+02, 2.920805969238281e+02, 2.920128173828125e+02, 2.911526184082031e+02, 2.910384521484375e+02, 2.90719482421875e+02, 2.905821533203125e+02, 2.904943542480469e+02, 2.904261474609375e+02, 2.903362731933594e+02, 2.902608642578125e+02, 2.901944885253906e+02, 2.901498413085938e+02, 2.901152954101562e+02, 2.900199890136719e+02, 2.899146728515625e+02, 2.898358764648438e+02, 2.897704162597656e+02]
flo.wes.TAir=[2.751499938964844e+02, 2.891277770996094e+02, 2.901493530273438e+02, 2.902159118652344e+02, 2.90210205078125e+02, 2.901737365722656e+02, 2.901210021972656e+02, 2.900474853515625e+02, 2.899583740234375e+02, 2.898703308105469e+02, 2.897855834960938e+02, 2.896950378417969e+02, 2.896004333496094e+02, 2.895040283203125e+02, 2.894050598144531e+02, 2.892933044433594e+02, 2.892579345703125e+02, 2.893093566894531e+02, 2.894086303710938e+02, 2.895035400390625e+02, 2.895743103027344e+02, 2.895491027832031e+02, 2.896864013671875e+02, 2.897287292480469e+02, 2.897577514648438e+02, 2.896949462890625e+02, 2.895472412109375e+02, 2.89473876953125e+02, 2.894001159667969e+02, 2.893590698242188e+02, 2.893876647949219e+02, 2.894293823242188e+02, 2.894845275878906e+02, 2.894144592285156e+02, 2.893257141113281e+02, 2.892322387695312e+02, 2.891625671386719e+02, 2.890912780761719e+02, 2.890220642089844e+02, 2.88954833984375e+02, 2.889010620117188e+02, 2.888831176757812e+02, 2.88865478515625e+02, 2.88820556640625e+02, 2.8877880859375e+02, 2.887517395019531e+02, 2.887251586914062e+02, 2.886724853515625e+02, 2.886176452636719e+02, 2.885744018554688e+02, 2.885353393554688e+02, 2.885456237792969e+02, 2.88458251953125e+02, 2.884328002929688e+02, 2.884232788085938e+02, 2.883940734863281e+02, 2.883538818359375e+02, 2.883268432617188e+02, 2.883117065429688e+02, 2.883130493164062e+02, 2.883257446289062e+02, 2.883255920410156e+02, 2.883339538574219e+02, 2.883882141113281e+02, 2.884112854003906e+02, 2.885208435058594e+02, 2.8859619140625e+02, 2.893809509277344e+02, 2.899009704589844e+02, 2.902041015625e+02, 2.904739379882812e+02, 2.906945495605469e+02, 2.908923034667969e+02, 2.910758972167969e+02, 2.912487182617188e+02, 2.914133911132812e+02, 2.912396850585938e+02, 2.913223571777344e+02, 2.916956787109375e+02, 2.9175048828125e+02, 2.918136901855469e+02, 2.918584289550781e+02, 2.919050903320312e+02, 2.919633483886719e+02, 2.919695739746094e+02, 2.918976135253906e+02, 2.91039794921875e+02, 2.909260864257812e+02, 2.906053771972656e+02, 2.90465087890625e+02, 2.903768615722656e+02, 2.903083190917969e+02, 2.9021875e+02, 2.90142822265625e+02, 2.900763244628906e+02, 2.900316772460938e+02, 2.899952392578125e+02, 2.898986511230469e+02, 2.8979248046875e+02, 2.897135009765625e+02, 2.89646484375e+02]
flo.cor.TAir=[2.751499938964844e+02, 2.897026672363281e+02, 2.909354858398438e+02, 2.910205383300781e+02, 2.9102294921875e+02, 2.909889221191406e+02, 2.909358520507812e+02, 2.90864501953125e+02, 2.907780151367188e+02, 2.906901245117188e+02, 2.906051635742188e+02, 2.905146484375e+02, 2.904199523925781e+02, 2.903237609863281e+02, 2.902208251953125e+02, 2.900979309082031e+02, 2.900904846191406e+02, 2.901845703125e+02, 2.903234252929688e+02, 2.904254455566406e+02, 2.904723205566406e+02, 2.904971008300781e+02, 2.905557861328125e+02, 2.905665588378906e+02, 2.905790710449219e+02, 2.905385437011719e+02, 2.904451904296875e+02, 2.903862915039062e+02, 2.903401184082031e+02, 2.902863464355469e+02, 2.902529602050781e+02, 2.902237854003906e+02, 2.901994323730469e+02, 2.901307983398438e+02, 2.900517883300781e+02, 2.899694519042969e+02, 2.899025268554688e+02, 2.898339538574219e+02, 2.897673950195312e+02, 2.897023315429688e+02, 2.896457824707031e+02, 2.896197509765625e+02, 2.895966186523438e+02, 2.895527648925781e+02, 2.895094604492188e+02, 2.894787292480469e+02, 2.8944873046875e+02, 2.893992004394531e+02, 2.89344970703125e+02, 2.893008117675781e+02, 2.892608642578125e+02, 2.8928271484375e+02, 2.892071838378906e+02, 2.891746826171875e+02, 2.891553344726562e+02, 2.891309509277344e+02, 2.890917358398438e+02, 2.890630798339844e+02, 2.890449829101562e+02, 2.890387268066406e+02, 2.890229797363281e+02, 2.890180053710938e+02, 2.890410766601562e+02, 2.890944519042969e+02, 2.891123352050781e+02, 2.892210083007812e+02, 2.892932434082031e+02, 2.900893859863281e+02, 2.9064697265625e+02, 2.909290771484375e+02, 2.911961669921875e+02, 2.914134216308594e+02, 2.915979309082031e+02, 2.917704467773438e+02, 2.919563598632812e+02, 2.921318969726562e+02, 2.919317016601562e+02, 2.920072326660156e+02, 2.924052429199219e+02, 2.924607238769531e+02, 2.9252294921875e+02, 2.925719299316406e+02, 2.926202087402344e+02, 2.926616821289062e+02, 2.926378173828125e+02, 2.924902954101562e+02, 2.915649108886719e+02, 2.915897521972656e+02, 2.912816162109375e+02, 2.911362915039062e+02, 2.910455627441406e+02, 2.909748840332031e+02, 2.908812866210938e+02, 2.908003234863281e+02, 2.907141418457031e+02, 2.906634521484375e+02, 2.906351928710938e+02, 2.905567321777344e+02, 2.904581604003906e+02, 2.903780517578125e+02, 2.90313720703125e+02]
