last-generated=2017-05-31
statistics-initialization=
{
  "numerical Jacobians": "0", 
  "nonlinear": "1, 1"
}
statistics-simulation=
{
  "numerical Jacobians": "0", 
  "nonlinear": "0, 1", 
  "number of continuous time states": "11", 
  "linear": " "
}
solCol.vol[3].T=[2.931499938964844e+02, 2.928260192871094e+02, 2.925274658203125e+02, 2.923985900878906e+02, 2.924694519042969e+02, 2.925590209960938e+02, 2.926129760742188e+02, 2.926434936523438e+02, 2.926599426269531e+02, 2.926659851074219e+02, 2.926617431640625e+02, 2.926463623046875e+02, 2.926194152832031e+02, 2.925794067382812e+02, 2.925216674804688e+02, 2.924356689453125e+02, 2.922990112304688e+02, 2.919940795898438e+02, 2.886787109375e+02, 2.842298278808594e+02, 2.831361694335938e+02, 2.830441589355469e+02, 2.830451354980469e+02, 2.830498046875e+02, 2.83053955078125e+02, 2.83057373046875e+02, 2.830607604980469e+02, 2.830659484863281e+02, 2.830713500976562e+02, 2.830745239257812e+02, 2.830715942382812e+02, 2.830736694335938e+02, 2.831182556152344e+02, 2.833228454589844e+02, 2.839266662597656e+02, 2.853466796875e+02, 2.899593505859375e+02, 2.952816162109375e+02, 2.974848937988281e+02, 2.983355102539062e+02, 2.989701232910156e+02, 2.995758056640625e+02, 3.0017626953125e+02, 3.007783813476562e+02, 3.013735656738281e+02, 3.019241943359375e+02, 3.023966369628906e+02, 3.029491577148438e+02, 3.038569641113281e+02, 3.055164489746094e+02, 3.086326904296875e+02, 3.106484375e+02, 2.970841064453125e+02, 2.896945495605469e+02, 2.880401916503906e+02, 2.875003967285156e+02, 2.871967468261719e+02, 2.870184326171875e+02, 2.870011291503906e+02, 2.870922241210938e+02, 2.872154541015625e+02, 2.87299560546875e+02, 2.872771301269531e+02, 2.871672668457031e+02, 2.870270690917969e+02, 2.869669494628906e+02, 2.869512023925781e+02, 2.87853271484375e+02, 2.904636840820312e+02, 2.926761474609375e+02, 2.930516967773438e+02, 2.928127136230469e+02, 2.927662963867188e+02, 2.927850036621094e+02, 2.928029479980469e+02, 2.928124389648438e+02, 2.928125915527344e+02, 2.928046264648438e+02, 2.927896423339844e+02, 2.927670288085938e+02, 2.927351379394531e+02, 2.926909790039062e+02, 2.926260375976562e+02, 2.925181884765625e+02, 2.9192333984375e+02, 2.87116943359375e+02, 2.837517700195312e+02, 2.831751403808594e+02, 2.831308288574219e+02, 2.831312561035156e+02, 2.831364440917969e+02, 2.831406860351562e+02, 2.831401977539062e+02, 2.831350708007812e+02, 2.831280822753906e+02, 2.83119873046875e+02, 2.831106872558594e+02, 2.831000671386719e+02, 2.83086181640625e+02, 2.830650634765625e+02, 2.830221252441406e+02]
solCol.vol[9].T=[2.931499938964844e+02, 2.92992431640625e+02, 2.930223388671875e+02, 2.930491333007812e+02, 2.930628662109375e+02, 2.930707702636719e+02, 2.930755920410156e+02, 2.930784301757812e+02, 2.930797729492188e+02, 2.930797729492188e+02, 2.930780639648438e+02, 2.930746154785156e+02, 2.930692138671875e+02, 2.930611877441406e+02, 2.930487060546875e+02, 2.9302734375e+02, 2.929820251464844e+02, 2.92732177734375e+02, 2.921322937011719e+02, 2.910625915527344e+02, 2.876069641113281e+02, 2.841134643554688e+02, 2.829970703125e+02, 2.828568420410156e+02, 2.828590698242188e+02, 2.828700866699219e+02, 2.828801574707031e+02, 2.828926391601562e+02, 2.829076232910156e+02, 2.829202880859375e+02, 2.829228820800781e+02, 2.829233703613281e+02, 2.829734497070312e+02, 2.832106323242188e+02, 2.887387390136719e+02, 2.930624084472656e+02, 2.936741943359375e+02, 2.937914733886719e+02, 2.938811950683594e+02, 2.939678344726562e+02, 2.940534973144531e+02, 2.941385498046875e+02, 2.942259521484375e+02, 2.943144836425781e+02, 2.944021301269531e+02, 2.944786071777344e+02, 2.945496826171875e+02, 2.946670837402344e+02, 2.949062194824219e+02, 2.954290161132812e+02, 2.971413269042969e+02, 3.055824584960938e+02, 3.146582336425781e+02, 3.156969909667969e+02, 3.054796142578125e+02, 2.983097229003906e+02, 2.958835144042969e+02, 2.949535217285156e+02, 2.945931701660156e+02, 2.946459655761719e+02, 2.949256896972656e+02, 2.952174072265625e+02, 2.95319580078125e+02, 2.951672058105469e+02, 2.948446044921875e+02, 2.945582275390625e+02, 2.94362548828125e+02, 2.944328918457031e+02, 2.934560241699219e+02, 2.931121215820312e+02, 2.93088623046875e+02, 2.930918273925781e+02, 2.930959777832031e+02, 2.930989990234375e+02, 2.93100830078125e+02, 2.931013488769531e+02, 2.931005249023438e+02, 2.930986633300781e+02, 2.930956726074219e+02, 2.930912475585938e+02, 2.930848693847656e+02, 2.930752563476562e+02, 2.930580139160156e+02, 2.930147705078125e+02, 2.9273828125e+02, 2.922879028320312e+02, 2.907314453125e+02, 2.866432189941406e+02, 2.838417053222656e+02, 2.831713256835938e+02, 2.831059875488281e+02, 2.831146240234375e+02, 2.831209106445312e+02, 2.831141967773438e+02, 2.830981140136719e+02, 2.830771484375e+02, 2.830532531738281e+02, 2.830268859863281e+02, 2.829962158203125e+02, 2.829573974609375e+02, 2.829014282226562e+02]
solCol.vol[6].T=[2.931499938964844e+02, 2.9283154296875e+02, 2.926622009277344e+02, 2.9271142578125e+02, 2.92783203125e+02, 2.928248596191406e+02, 2.928487243652344e+02, 2.928626708984375e+02, 2.928699035644531e+02, 2.928716430664062e+02, 2.928671569824219e+02, 2.928559875488281e+02, 2.928377075195312e+02, 2.92810791015625e+02, 2.927709350585938e+02, 2.927083129882812e+02, 2.925989379882812e+02, 2.92318603515625e+02, 2.916394348144531e+02, 2.884578857421875e+02, 2.8440478515625e+02, 2.830998229980469e+02, 2.829486083984375e+02, 2.829485168457031e+02, 2.829568786621094e+02, 2.829641418457031e+02, 2.829707336425781e+02, 2.829799194335938e+02, 2.829905090332031e+02, 2.82998291015625e+02, 2.829971618652344e+02, 2.82996826171875e+02, 2.830473937988281e+02, 2.832803955078125e+02, 2.839465026855469e+02, 2.880049133300781e+02, 2.935224914550781e+02, 2.953799743652344e+02, 2.9590625e+02, 2.962727966308594e+02, 2.966195983886719e+02, 2.9696240234375e+02, 2.973076782226562e+02, 2.976565246582031e+02, 2.980019226074219e+02, 2.983146667480469e+02, 2.985840759277344e+02, 2.989544067382812e+02, 2.996312255859375e+02, 3.009611511230469e+02, 3.037925720214844e+02, 3.110639953613281e+02, 3.136076965332031e+02, 3.026360168457031e+02, 2.946188354492188e+02, 2.922238159179688e+02, 2.913804931640625e+02, 2.90931640625e+02, 2.907938842773438e+02, 2.909105834960938e+02, 2.91135986328125e+02, 2.913270874023438e+02, 2.91348388671875e+02, 2.911874084472656e+02, 2.909319763183594e+02, 2.907542419433594e+02, 2.906641540527344e+02, 2.914842224121094e+02, 2.93457275390625e+02, 2.933993530273438e+02, 2.929844665527344e+02, 2.929190979003906e+02, 2.929304504394531e+02, 2.929439392089844e+02, 2.929528503417969e+02, 2.929566650390625e+02, 2.929550170898438e+02, 2.929490051269531e+02, 2.929388427734375e+02, 2.929237976074219e+02, 2.929024047851562e+02, 2.928718872070312e+02, 2.928236694335938e+02, 2.927327575683594e+02, 2.924703369140625e+02, 2.914582214355469e+02, 2.872589721679688e+02, 2.839529113769531e+02, 2.831886596679688e+02, 2.831152954101562e+02, 2.83119873046875e+02, 2.831290283203125e+02, 2.831311950683594e+02, 2.831236877441406e+02, 2.831111145019531e+02, 2.830959167480469e+02, 2.830787963867188e+02, 2.830596618652344e+02, 2.830363159179688e+02, 2.830045471191406e+02, 2.829530029296875e+02]
time=[0e+00, 8.64e+04]
solCol.m_flow=[0e+00, -6.346957385540009e-02, -8.896103501319885e-02, -1.07328400015831e-01, -1.213120967149734e-01, -1.318807005882263e-01, -1.394714266061783e-01, -1.443015187978745e-01, -1.464783847332001e-01, -1.460438817739487e-01, -1.429899781942368e-01, -1.372557431459427e-01, -1.287041306495667e-01, -1.170621886849403e-01, -1.017688736319542e-01, -8.150675892829895e-02, -5.190815031528473e-02, 3.674087300896655e-02, 7.311921566724777e-02, 9.567417204380035e-02, 1.12411767244339e-01, 1.251863241195679e-01, 1.347280442714691e-01, 1.413812190294266e-01, 1.453187614679337e-01, 1.466231197118759e-01, 1.453187614679337e-01, 1.413812190294266e-01, 1.347280442714691e-01, 1.251863241195679e-01, 1.12411767244339e-01, 9.567417204380035e-02, 7.311921566724777e-02, 3.674087300896645e-02, -5.190815031528488e-02, -8.150675892829885e-02, -1.017688736319542e-01, -1.170621886849403e-01, -1.287041306495667e-01, -1.372557431459427e-01, -1.429899781942368e-01, -1.460438817739487e-01, -1.464783847332001e-01, -1.443015187978745e-01, -1.394714266061783e-01, -1.318807005882263e-01, -1.213120967149734e-01, -1.07328400015831e-01, -8.896103501319885e-02, -6.346957385540009e-02, 0e+00, 6.346957385540009e-02, 8.896103501319885e-02, 1.07328400015831e-01, 1.213120967149734e-01, 1.318807005882264e-01, 1.394714266061783e-01, 1.443015187978744e-01, 1.464783847332001e-01, 1.460438817739487e-01, 1.429899781942368e-01, 1.372557431459427e-01, 1.287041306495667e-01, 1.170621886849403e-01, 1.017688736319542e-01, 8.150675892829895e-02, 5.190815031528473e-02, -3.674087300896645e-02, -7.311921566724799e-02, -9.567417204380019e-02, -1.124117672443389e-01, -1.251863241195679e-01, -1.347280442714691e-01, -1.413812190294266e-01, -1.453187614679337e-01, -1.466231197118759e-01, -1.453187614679337e-01, -1.413812190294266e-01, -1.347280442714691e-01, -1.251863241195679e-01, -1.12411767244339e-01, -9.567417204380035e-02, -7.311921566724777e-02, -3.674087300896645e-02, 5.190815031528473e-02, 8.150675892829895e-02, 1.017688736319542e-01, 1.170621886849403e-01, 1.287041306495667e-01, 1.372557431459427e-01, 1.429899781942368e-01, 1.460438817739487e-01, 1.464783847332001e-01, 1.443015187978745e-01, 1.394714266061783e-01, 1.318807005882263e-01, 1.213120967149734e-01, 1.07328400015831e-01, 8.896103501319885e-02, 6.346957385540009e-02, 0e+00]
