last-generated=2016-08-08
statistics-simulation=
{
  "numerical Jacobians": "0", 
  "nonlinear": " ", 
  "number of continuous time states": "2", 
  "linear": " "
}
chi.sta_a2.T=[288.149993896484375, 288.149993896484375, 288.149993896484375, 288.149993896484375, 288.149993896484375, 288.149993896484375, 288.149993896484375, 288.149993896484375, 288.149993896484375, 288.149993896484375, 288.149993896484375, 288.149993896484375, 288.149993896484375, 288.149993896484375, 288.149993896484375, 288.149993896484375, 288.149993896484375, 288.149993896484375, 288.149993896484375, 288.149993896484375, 288.149993896484375, 288.149993896484375, 288.149993896484375, 288.149993896484375, 288.149993896484375, 288.149993896484375, 294.149993896484375, 298.149993896484375, 298.149993896484375, 298.149993896484375, 298.149993896484375, 298.149993896484375, 298.149993896484375, 298.149993896484375, 298.149993896484375, 298.149993896484375, 298.149993896484375, 298.149993896484375, 298.149993896484375, 298.149993896484375, 298.149993896484375, 298.149993896484375, 298.149993896484375, 298.149993896484375, 298.149993896484375, 298.149993896484375, 298.149993896484375, 298.149993896484375, 298.149993896484375, 298.149993896484375, 298.149993896484375, 298.149993896484375, 298.149993896484375, 298.149993896484375, 298.149993896484375, 298.149993896484375, 298.149993896484375, 298.149993896484375, 298.149993896484375, 298.149993896484375, 298.149993896484375, 298.149993896484375, 298.149993896484375, 298.149993896484375, 298.149993896484375, 298.149993896484375, 298.149993896484375, 298.149993896484375, 298.149993896484375, 298.149993896484375, 298.149993896484375, 298.149993896484375, 298.149993896484375, 298.149993896484375, 298.149993896484375, 298.149993896484375, 298.149993896484375, 298.149993896484375, 298.149993896484375, 298.149993896484375, 298.149993896484375, 298.149993896484375, 298.149993896484375, 298.149993896484375, 298.149993896484375, 298.149993896484375, 298.149993896484375, 298.149993896484375, 298.149993896484375, 298.149993896484375, 298.149993896484375, 298.149993896484375, 298.149993896484375, 298.149993896484375, 298.149993896484375, 298.149993896484375, 298.149993896484375, 298.149993896484375, 298.149993896484375, 298.149993896484375, 298.149993896484375]
chi.sta_b2.T=[278.149993896484375, 277.74884033203125, 277.5999755859375, 277.7078857421875, 278.1197509765625, 278.568084716796875, 278.911712646484375, 279.14697265625, 279.298675537109375, 279.39349365234375, 279.45159912109375, 279.486785888671875, 279.5078125, 279.52020263671875, 279.527435302734375, 279.5316162109375, 279.53399658203125, 279.53533935546875, 279.536224365234375, 279.536712646484375, 279.53704833984375, 279.537261962890625, 279.537384033203125, 279.5374755859375, 279.53753662109375, 279.53753662109375, 280.83221435546875, 283.62237548828125, 285.406982421875, 286.294891357421875, 286.748504638671875, 286.987030029296875, 287.1160888671875, 287.187469482421875, 287.2274169921875, 287.250091552734375, 287.262969970703125, 287.27020263671875, 287.27435302734375, 287.27685546875, 287.2784423828125, 287.2794189453125, 287.279937744140625, 287.28021240234375, 287.280303955078125, 287.28033447265625, 287.28033447265625, 287.280364990234375, 287.2803955078125, 287.280426025390625, 287.28045654296875, 288.642852783203125, 291.98248291015625, 294.546875, 296.04388427734375, 296.919921875, 297.431884765625, 297.73065185546875, 297.905120849609375, 298.006561279296875, 298.06561279296875, 298.100433349609375, 298.121063232421875, 298.133056640625, 298.139984130859375, 298.144134521484375, 298.14678955078125, 298.148468017578125, 298.149627685546875, 298.15008544921875, 298.15020751953125, 298.150238037109375, 298.150177001953125, 298.150146484375, 298.150115966796875, 298.15008544921875, 298.150054931640625, 298.150054931640625, 298.150054931640625, 298.1500244140625, 298.1500244140625, 298.1500244140625, 298.1500244140625, 298.1500244140625, 298.1500244140625, 298.1500244140625, 298.1500244140625, 298.1500244140625, 298.149993896484375, 298.149993896484375, 298.149993896484375, 298.149993896484375, 298.149993896484375, 298.149993896484375, 298.149993896484375, 298.149993896484375, 298.149993896484375, 298.149993896484375, 298.149993896484375, 298.149993896484375, 298.149993896484375]
chi.sta_b1.T=[303.149993896484375, 303.460662841796875, 303.7467041015625, 305.8250732421875, 308.6458740234375, 310.22479248046875, 311.0728759765625, 311.5338134765625, 311.789215087890625, 311.932220458984375, 312.013275146484375, 312.059173583984375, 312.084991455078125, 312.09954833984375, 312.1077880859375, 312.112457275390625, 312.114990234375, 312.1163330078125, 312.117340087890625, 312.117919921875, 312.11834716796875, 312.118621826171875, 312.1187744140625, 312.118865966796875, 312.11895751953125, 312.11895751953125, 312.1673583984375, 312.4185791015625, 312.807098388671875, 313.149444580078125, 313.396484375, 313.558990478515625, 313.6605224609375, 313.722198486328125, 313.75909423828125, 313.7808837890625, 313.793701171875, 313.8011474609375, 313.80548095703125, 313.808013916015625, 313.809539794921875, 313.810455322265625, 313.811004638671875, 313.811309814453125, 313.8114013671875, 313.81146240234375, 313.811492919921875, 313.811492919921875, 313.8115234375, 313.811553955078125, 313.81158447265625, 312.4200439453125, 309.078155517578125, 306.565277099609375, 305.118743896484375, 304.2838134765625, 303.80267333984375, 303.52581787109375, 303.36639404296875, 303.275054931640625, 303.22265625, 303.192108154296875, 303.17425537109375, 303.164031982421875, 303.158172607421875, 303.15472412109375, 303.15252685546875, 303.151123046875, 303.150177001953125, 303.149810791015625, 303.14971923828125, 303.149749755859375, 303.149810791015625, 303.14984130859375, 303.149871826171875, 303.14990234375, 303.149932861328125, 303.149932861328125, 303.14996337890625, 303.14996337890625, 303.14996337890625, 303.14996337890625, 303.149993896484375, 303.149993896484375, 303.149993896484375, 303.149993896484375, 303.149993896484375, 303.149993896484375, 303.149993896484375, 303.149993896484375, 303.149993896484375, 303.149993896484375, 303.149993896484375, 303.149993896484375, 303.149993896484375, 303.149993896484375, 303.149993896484375, 303.149993896484375, 303.149993896484375, 303.149993896484375, 303.149993896484375]
chi.sta_a1.T=[293.149993896484375, 293.149993896484375, 295.149993896484375, 301.149993896484375, 303.149993896484375, 303.149993896484375, 303.149993896484375, 303.149993896484375, 303.149993896484375, 303.149993896484375, 303.149993896484375, 303.149993896484375, 303.149993896484375, 303.149993896484375, 303.149993896484375, 303.149993896484375, 303.149993896484375, 303.149993896484375, 303.149993896484375, 303.149993896484375, 303.149993896484375, 303.149993896484375, 303.149993896484375, 303.149993896484375, 303.149993896484375, 303.149993896484375, 303.149993896484375, 303.149993896484375, 303.149993896484375, 303.149993896484375, 303.149993896484375, 303.149993896484375, 303.149993896484375, 303.149993896484375, 303.149993896484375, 303.149993896484375, 303.149993896484375, 303.149993896484375, 303.149993896484375, 303.149993896484375, 303.149993896484375, 303.149993896484375, 303.149993896484375, 303.149993896484375, 303.149993896484375, 303.149993896484375, 303.149993896484375, 303.149993896484375, 303.149993896484375, 303.149993896484375, 303.149993896484375, 303.149993896484375, 303.149993896484375, 303.149993896484375, 303.149993896484375, 303.149993896484375, 303.149993896484375, 303.149993896484375, 303.149993896484375, 303.149993896484375, 303.149993896484375, 303.149993896484375, 303.149993896484375, 303.149993896484375, 303.149993896484375, 303.149993896484375, 303.149993896484375, 303.149993896484375, 303.149993896484375, 303.149993896484375, 303.149993896484375, 303.149993896484375, 303.149993896484375, 303.149993896484375, 303.149993896484375, 303.149993896484375, 303.149993896484375, 303.149993896484375, 303.149993896484375, 303.149993896484375, 303.149993896484375, 303.149993896484375, 303.149993896484375, 303.149993896484375, 303.149993896484375, 303.149993896484375, 303.149993896484375, 303.149993896484375, 303.149993896484375, 303.149993896484375, 303.149993896484375, 303.149993896484375, 303.149993896484375, 303.149993896484375, 303.149993896484375, 303.149993896484375, 303.149993896484375, 303.149993896484375, 303.149993896484375, 303.149993896484375, 303.149993896484375]
time=[0., 3600.]
chi.QCon_flow=[43378., 42407.10546875, 41851.01171875, 39630.38671875, 37332.62890625, 36398.984375, 36016.95703125, 35857.4375, 35788.9375, 35759.46875, 35746.671875, 35741.44140625, 35739.578125, 35739.03125, 35738.890625, 35738.89453125, 35739.0078125, 35739.12890625, 35739.10546875, 35739.0703125, 35739.0390625, 35739.015625, 35739.0078125, 35739., 35738.99609375, 35739., 36886.625, 39547.89453125000727595761, 41248.80078125, 41982.82421875, 42281.84375, 42401.09765625, 42449.3046875, 42469.234375, 42477.51953125, 42481.1484375, 42482.68359375, 42483.19140625, 42483.45703125, 42483.734375, 42483.99609375, 42484.13671875, 42484.16796875, 42484.1640625, 42484.14453125, 42484.12890625, 42484.12109375, 42484.12890625, 42484.140625, 42484.15234375, 42484.16015625, 18567.373046875, 0., 0., 0., 0., 0., 0., 0., 0., 0., 0., 0., 0., 0., 0., 0., 0., 0., 0., 0., 0., 0., 0., 0., 0., 0., 0., 0., 0., 0., 0., 0., 0., 0., 0., 0., 0., 0., 0., 0., 0., 0., 0., 0., 0., 0., 0., 0., 0., 0.]
chi.QEva_flow=[-33378., -32407.10546875, -31851.01171875, -29630.384765625, -27332.62890625, -26398.982421875, -26016.955078125, -25857.435546875, -25788.935546875, -25759.46875, -25746.671875, -25741.44140625, -25739.578125, -25739.029296875, -25738.888671875, -25738.89453125, -25739.0078125, -25739.12890625, -25739.10546875, -25739.0703125, -25739.0390625, -25739.017578125, -25739.005859375, -25738.998046875, -25738.99609375, -25738.998046875, -26886.626953125, -29547.89648437500727595761, -31248.80078125000363797881, -31982.82421875, -32281.84375, -32401.09765625, -32449.306640625, -32469.232421875, -32477.51953125, -32481.150390625, -32482.68359375, -32483.193359375, -32483.458984375, -32483.736328125, -32483.99609375, -32484.134765625, -32484.16796875, -32484.166015625, -32484.142578125, -32484.12890625, -32484.12109375, -32484.126953125, -32484.140625, -32484.150390625, -32484.162109375, -14567.3720703125, 0., 0., 0., 0., 0., 0., 0., 0., 0., 0., 0., 0., 0., 0., 0., 0., 0., 0., 0., 0., 0., 0., 0., 0., 0., 0., 0., 0., 0., 0., 0., 0., 0., 0., 0., 0., 0., 0., 0., 0., 0., 0., 0., 0., 0., 0., 0., 0., -0.]
chi.P=[10000., 10000., 10000., 10000., 10000., 10000., 10000., 10000., 10000., 10000., 10000., 10000., 10000., 10000., 10000., 10000., 10000., 10000., 10000., 10000., 10000., 10000., 10000., 10000., 10000., 10000., 10000., 10000., 10000., 10000., 10000., 10000., 10000., 10000., 10000., 10000., 10000., 10000., 10000., 10000., 10000., 10000., 10000., 10000., 10000., 10000., 10000., 10000., 10000., 10000., 10000., 4000., 0., 0., 0., 0., 0., 0., 0., 0., 0., 0., 0., 0., 0., 0., 0., 0., 0., 0., 0., 0., 0., 0., 0., 0., 0., 0., 0., 0., 0., 0., 0., 0., 0., 0., 0., 0., 0., 0., 0., 0., 0., 0., 0., 0., 0., 0., 0., 0., 0.]
chi.dp2=[4810.14208984375, 4810.14208984375]
chi.dp1=[5063.10546875, 5063.10546875]
chi.COP_nominal=[3.33780002593994140625, 3.33780002593994140625]
chi.COP=[3.33780002593994140625, 3.24071049690246582031, 3.18510127067565917969, 2.96303844451904296875, 2.7332630157470703125, 2.6398983001708984375, 2.60169553756713867188, 2.58574366569519042969, 2.5788936614990234375, 2.575946807861328125, 2.57466721534729003906, 2.57414412498474121094, 2.57395792007446289062, 2.57390308380126953125, 2.57388901710510253906, 2.57388949394226074219, 2.57390069961547851562, 2.57391285896301269531, 2.57391071319580078125, 2.57390713691711425781, 2.57390379905700683594, 2.57390165328979492188, 2.57390069961547851562, 2.57389998435974121094, 2.57389950752258300781, 2.57389974594116210938, 2.68866252899169921875, 2.95478963851928799755, 3.12488007545471235815, 3.19828248023986816406, 3.22818446159362792969, 3.24010992050170898438, 3.24493050575256347656, 3.24692320823669433594, 3.24775195121765136719, 3.24811506271362304688, 3.24826836585998535156, 3.24831938743591308594, 3.24834585189819335938, 3.24837350845336914062, 3.24839949607849121094, 3.24841356277465820312, 3.248416900634765625, 3.24841642379760742188, 3.24841427803039550781, 3.24841284751892089844, 3.24841213226318359375, 3.24841284751892089844, 3.24841403961181640625, 3.2484149932861328125, 3.24841618537902832031, 3.64184308052062988281, 5.12379789352416992188, 7.35241079330444335938, 9.78673362731935192471, 12.096345901489270247, 14.00603485107422940814, 15.412654876708984375, 16.3645191192626953125, 16.9691753387451171875, 17.33937835693359375, 17.563991546630859375, 17.6990146636962890625, 17.7778568267822265625, 17.823516845703125, 17.850757598876953125, 17.8682384490966796875, 17.87939453125, 17.8869304656982421875, 17.8900127410888671875, 17.8907299041748046875, 17.8907527923583984375, 17.890350341796875, 17.890094757080078125, 17.8898448944091796875, 17.8895969390869140625, 17.889434814453125, 17.8893833160400390625, 17.889331817626953125, 17.8892822265625, 17.8892307281494140625, 17.889179229736328125, 17.8891277313232421875, 17.88909149169921875, 17.8890857696533203125, 17.889080047607421875, 17.8890743255615234375, 17.889068603515625, 17.8890628814697265625, 17.889057159423828125, 17.8890514373779296875, 17.88904571533203125, 17.8890399932861328125, 17.8890323638916015625, 17.889026641845703125, 17.8890209197998046875, 17.88901519775390625, 17.8890094757080078125, 17.889007568359375, 17.8890056610107421875, 17.889003753662109375]
