last-generated=2016-08-24
statistics-simulation=
{
  "numerical Jacobians": "0", 
  "nonlinear": " ", 
  "linear": " "
}
calendarTime2016.year=[2016., 2016., 2016., 2016., 2016., 2016., 2016., 2016., 2016., 2016., 2016., 2016., 2016., 2016., 2016., 2016., 2016., 2016., 2016., 2016., 2016., 2016., 2016., 2016., 2016., 2016., 2016., 2016., 2016., 2016., 2016., 2016., 2017., 2017., 2017., 2017., 2017., 2017., 2017., 2017., 2017., 2017., 2017., 2017., 2017., 2017., 2017., 2017., 2017., 2017., 2017., 2017., 2017., 2017., 2017., 2017., 2017., 2017., 2017., 2017., 2017., 2017., 2017., 2017., 2018., 2018., 2018., 2018., 2018., 2018., 2018., 2018., 2018., 2018., 2018., 2018., 2018., 2018., 2018., 2018., 2018., 2018., 2018., 2018., 2018., 2018., 2018., 2018., 2018., 2018., 2018., 2018., 2018., 2018., 2018., 2019., 2019., 2019., 2019., 2019., 2019.]
time=[0., 100000000.]
calendarTime2016.month=[1., 1., 1., 2., 2., 2., 3., 3., 4., 4., 4., 5., 5., 5., 6., 6., 7., 7., 7., 8., 8., 8., 9., 9., 10., 10., 10., 11., 11., 12., 12., 12., 1., 1., 1., 2., 2., 3., 3., 3., 4., 4., 5., 5., 5., 6., 6., 6., 7., 7., 8., 8., 8., 9., 9., 9., 10., 10., 11., 11., 11., 12., 12., 12., 1., 1., 2., 2., 2., 3., 3., 4., 4., 4., 5., 5., 5., 6., 6., 7., 7., 7., 8., 8., 8., 9., 9., 10., 10., 10., 11., 11., 11., 12., 12., 1., 1., 1., 2., 2., 3.]
calendarTime2016.day=[1., 12., 24., 4., 16., 27., 10., 22., 2., 14., 25., 7., 18., 30., 11., 22., 4., 15., 27., 7., 19., 31., 11., 23., 4., 16., 27., 8., 20., 1., 13., 24., 5., 16., 28., 9., 20., 4., 15., 27., 7., 19., 1., 12., 24., 4., 16., 27., 9., 21., 1., 13., 24., 5., 16., 28., 10., 21., 2., 13., 25., 7., 18., 30., 10., 22., 2., 14., 26., 9., 21., 1., 13., 24., 6., 18., 29., 10., 21., 3., 14., 26., 7., 18., 30., 10., 22., 3., 15., 27., 7., 19., 30., 12., 23., 4., 16., 27., 8., 19., 3.]
calendarTime2016.hour=[0., 13., 3., 17., 7., 20., 10., 0., 14., 3., 17., 7., 21., 11., 0., 14., 4., 18., 7., 21., 11., 1., 15., 4., 18., 8., 22., 11., 1., 15., 5., 19., 8., 22., 12., 2., 15., 5., 19., 9., 23., 12., 2., 16., 6., 19., 9., 23., 13., 3., 16., 6., 20., 10., 23., 13., 3., 17., 7., 20., 10., 0., 14., 3., 17., 7., 21., 11., 0., 14., 4., 18., 7., 21., 11., 1., 15., 4., 18., 8., 22., 11., 1., 15., 5., 19., 8., 22., 12., 2., 15., 5., 19., 9., 23., 12., 2., 16., 6., 19., 9.]
calendarTime2016.minute=[0., 46.6666681906406068947, 33.33333257242635028206, 20.0000007659881617883, 6.66666656964785087069, 53.33333333333333570181, 40.00000150911100860185, 26.66666591085639126391, 13.33333314310658757051, 60., 46.66666666666666429819, 33.33333482847108797387, 19.9999992492553815282, 6.666666476757495019, 53.33333185908524143315, 40.0000000152435433165, 26.66666627096963182453, 13.31693352508544947455, 60., 46.6829253406059478948, 33.33366668701172130795, 19.98366626739501938914, 6.66630092400038787304, 53.34905732352778784389, 40.00039849853515505629, 26.65040002441406130629, 13.33290050986284214218, 60., 46.66666740386832401555, 33.31713183587535098695, 19.999501028460656471, 6.68280117716379962189, 53.33333262690791087834, 39.98386746215820153338, 26.63386701965331937458, 13.34820713939894787359, 60., 46.65071697326368393988, 33.36467543826159953824, 20.01733367919921846578, 6.66733329772949190328, 53.31818320534446087322, 39.96733261108398238548, 26.68114290579381631119, 13.33406700897216801138, 60., 46.69811464705556858235, 33.35079928588866948758, 20.00080081176757929029, 6.65079988479614225838, 53.30357142857143060155, 40.014078406223738682, 26.66753262329101659134, 13.31753314590454095878, 60., 46.68224299077823502557, 33.33426803601297194746, 19.98426596056905779619, 6.63426647936788693727, 53.34782476010529705945, 40.00100006103515681843, 26.65099956512451129242, 13.36347961045831311822, 60., 46.66666525381582886212, 33.31773339843749681677, 19.96773289489745906167, 6.67994707431483458748, 53.27586272667194577934, 40.05119854736328477429, 26.70120007324218747158, 13.35119969177246090908, 60., 46.65137684673344153907, 33.30119854736328477429, 19.95120007324218747158, 6.72407421233162061469, 53.37499936421712476431, 40.03466751098633125139, 26.68466697692871036907, 13.33466659545898380657, 60., 46.63636294278231275712, 33.28466751098633125139, 19.93466697692871036907, 6.71813325500488289777, 53.36065698842533322477, 40.01813265991211210348, 26.66813418579101480077, 13.31813363647460946027, 60., 46.62162299628730011136, 33.38888822283063717578, 20.03888974870954342578, 6.70159986495971704556, 53.34677419354838434629, 40.00160125732421789735, 26.65159933471679565287, 13.30159981536865210217, 60., 46.666667938232421875]
