last-generated=2021-07-13
statistics-simulation=
{
  "linear": "0",
  "nonlinear": " ",
  "number of continuous time states": "12",
  "numerical Jacobians": "0"
}
time=[0e+00, 6.3072e+07]
senTemInlSup.T=[3.431499938964844e+02, 3.444103393554688e+02, 3.455892944335938e+02, 3.466107177734375e+02, 3.474086303710938e+02, 3.479315490722656e+02, 3.481456909179688e+02, 3.480370788574219e+02, 3.476129150390625e+02, 3.469005432128906e+02, 3.459459533691406e+02, 3.44810791015625e+02, 3.43568359375e+02, 3.422989501953125e+02, 3.4108447265625e+02, 3.400033874511719e+02, 3.391255187988281e+02, 3.38507568359375e+02, 3.381894226074219e+02, 3.38191650390625e+02, 3.385140686035156e+02, 3.391359252929688e+02, 3.400169677734375e+02, 3.411003723144531e+02, 3.42316162109375e+02, 3.435857849121094e+02, 3.448272705078125e+02, 3.459604187011719e+02, 3.469120788574219e+02, 3.476207580566406e+02, 3.480407409667969e+02, 3.481448364257812e+02, 3.479263916015625e+02, 3.473994445800781e+02, 3.465980834960938e+02, 3.455740356445312e+02, 3.443934326171875e+02, 3.431325378417969e+02, 3.418727722167969e+02, 3.406954956054688e+02, 3.396766967773438e+02, 3.388822326660156e+02, 3.383634033203125e+02, 3.381536865234375e+02, 3.382666625976562e+02, 3.386949768066406e+02, 3.394110107421875e+02, 3.403685302734375e+02, 3.415056762695312e+02, 3.427490234375e+02, 3.440182495117188e+02, 3.452314147949219e+02, 3.463101501464844e+02, 3.471847839355469e+02, 3.477988891601562e+02, 3.481127319335938e+02, 3.481060791015625e+02, 3.477793273925781e+02, 3.471536254882812e+02, 3.462693786621094e+02, 3.451836853027344e+02, 3.439666137695312e+02, 3.426968383789062e+02, 3.41456298828125e+02, 3.403251647949219e+02, 3.3937646484375e+02, 3.386714477539062e+02, 3.382556762695312e+02, 3.381559753417969e+02, 3.383788146972656e+02, 3.389097900390625e+02, 3.397145690917969e+02, 3.407412414550781e+02, 3.419234619140625e+02, 3.431849060058594e+02, 3.44444091796875e+02, 3.456197204589844e+02, 3.466358337402344e+02, 3.474268188476562e+02, 3.479415893554688e+02, 3.481469421386719e+02, 3.480295715332031e+02, 3.475970764160156e+02, 3.468773803710938e+02, 3.459169616699219e+02, 3.4477783203125e+02, 3.435335998535156e+02, 3.422645874023438e+02, 3.41052734375e+02, 3.399763488769531e+02, 3.391049194335938e+02, 3.384947204589844e+02, 3.381851806640625e+02, 3.381962585449219e+02, 3.385272827148438e+02, 3.391568298339844e+02, 3.400442504882812e+02, 3.411322937011719e+02, 3.423505859375e+02, 3.436205444335938e+02, 3.44860107421875e+02]
senTemOutSup.T=[3.431499938964844e+02, 3.431985778808594e+02, 3.443372192382812e+02, 3.453224182128906e+02, 3.460902709960938e+02, 3.465909729003906e+02, 3.467918701171875e+02, 3.466800231933594e+02, 3.462623901367188e+02, 3.455661315917969e+02, 3.446362609863281e+02, 3.435328674316406e+02, 3.423275146484375e+02, 3.410984802246094e+02, 3.399252624511719e+02, 3.388840637207031e+02, 3.380425720214844e+02, 3.374555969238281e+02, 3.371615905761719e+02, 3.371800231933594e+02, 3.375103149414062e+02, 3.381316528320312e+02, 3.390044860839844e+02, 3.400729675292969e+02, 3.412686157226562e+02, 3.425148010253906e+02, 3.437312622070312e+02, 3.448401489257812e+02, 3.457700500488281e+02, 3.464613037109375e+02, 3.468695068359375e+02, 3.469684753417969e+02, 3.467519836425781e+02, 3.462340698242188e+02, 3.454481201171875e+02, 3.444448547363281e+02, 3.432889404296875e+02, 3.420547485351562e+02, 3.408217468261719e+02, 3.396692199707031e+02, 3.386712341308594e+02, 3.378917541503906e+02, 3.373807067871094e+02, 3.371705322265625e+02, 3.372742919921875e+02, 3.376847534179688e+02, 3.383748168945312e+02, 3.392993774414062e+02, 3.40398193359375e+02, 3.415997314453125e+02, 3.428259582519531e+02, 3.439971618652344e+02, 3.450373229980469e+02, 3.458788452148438e+02, 3.464671020507812e+02, 3.467638244628906e+02, 3.467496337890625e+02, 3.464253845214844e+02, 3.458118591308594e+02, 3.449487915039062e+02, 3.438919372558594e+02, 3.427096862792969e+02, 3.414786682128906e+02, 3.402785949707031e+02, 3.391873168945312e+02, 3.382757263183594e+02, 3.376031494140625e+02, 3.372134399414062e+02, 3.371322937011719e+02, 3.373655090332031e+02, 3.378985290527344e+02, 3.386975402832031e+02, 3.397114562988281e+02, 3.408753662109375e+02, 3.421146240234375e+02, 3.433497009277344e+02, 3.445012817382812e+02, 3.454954223632812e+02, 3.46268310546875e+02, 3.467703552246094e+02, 3.469693603515625e+02, 3.468527221679688e+02, 3.464280700683594e+02, 3.457229309082031e+02, 3.447827453613281e+02, 3.436682434082031e+02, 3.424512023925781e+02, 3.412100524902344e+02, 3.400246276855469e+02, 3.389711608886719e+02, 3.381173400878906e+02, 3.37517822265625e+02, 3.372108764648438e+02, 3.372158203125e+02, 3.375317687988281e+02, 3.381377868652344e+02, 3.389942016601562e+02, 3.400451354980469e+02, 3.4122216796875e+02, 3.424487609863281e+02, 3.436451721191406e+02]
senTemOutRet.T=[3.231499938964844e+02, 3.174657287597656e+02, 3.175500183105469e+02, 3.175453186035156e+02, 3.174476928710938e+02, 3.172603149414062e+02, 3.169924926757812e+02, 3.166604919433594e+02, 3.162839965820312e+02, 3.158880920410156e+02, 3.154993286132812e+02, 3.151447143554688e+02, 3.148500366210938e+02, 3.146378784179688e+02, 3.145264587402344e+02, 3.145277099609375e+02, 3.14647705078125e+02, 3.148846435546875e+02, 3.152298278808594e+02, 3.156679992675781e+02, 3.16177978515625e+02, 3.167341003417969e+02, 3.173076477050781e+02, 3.178687133789062e+02, 3.183878784179688e+02, 3.188381042480469e+02, 3.191965026855469e+02, 3.194451904296875e+02, 3.195734558105469e+02, 3.19576416015625e+02, 3.194578247070312e+02, 3.192276611328125e+02, 3.189024963378906e+02, 3.185040893554688e+02, 3.180580444335938e+02, 3.175921020507812e+02, 3.171344299316406e+02, 3.167117919921875e+02, 3.163478393554688e+02, 3.160617370605469e+02, 3.158668518066406e+02, 3.157701416015625e+02, 3.157716064453125e+02, 3.158645629882812e+02, 3.160360717773438e+02, 3.162678527832031e+02, 3.165377502441406e+02, 3.168210754394531e+02, 3.170924072265625e+02, 3.17327392578125e+02, 3.175043640136719e+02, 3.176057739257812e+02, 3.1761962890625e+02, 3.175401000976562e+02, 3.173681945800781e+02, 3.171116638183594e+02, 3.167844543457031e+02, 3.164060668945312e+02, 3.160001525878906e+02, 3.15593017578125e+02, 3.152120056152344e+02, 3.148836364746094e+02, 3.146319274902344e+02, 3.144767456054688e+02, 3.144324340820312e+02, 3.145069274902344e+02, 3.147010803222656e+02, 3.15008544921875e+02, 3.154161071777344e+02, 3.159043579101562e+02, 3.164488830566406e+02, 3.170218505859375e+02, 3.175934143066406e+02, 3.181337890625e+02, 3.186149597167969e+02, 3.190123291015625e+02, 3.193063354492188e+02, 3.194835205078125e+02, 3.195372619628906e+02, 3.194682312011719e+02, 3.192842712402344e+02, 3.190003662109375e+02, 3.186355590820312e+02, 3.182152099609375e+02, 3.17765625e+02, 3.173150939941406e+02, 3.168908081054688e+02, 3.165173950195312e+02, 3.162153930664062e+02, 3.159999084472656e+02, 3.158798217773438e+02, 3.158572692871094e+02, 3.15927490234375e+02, 3.16079345703125e+02, 3.162961120605469e+02, 3.16556640625e+02, 3.168368225097656e+02, 3.171113891601562e+02, 3.173554382324219e+02, 3.1754638671875e+02, 3.176653442382812e+02]
senTemInlRet.T=[3.231499938964844e+02, 3.248750305175781e+02, 3.250744323730469e+02, 3.251495666503906e+02, 3.250955505371094e+02, 3.249158935546875e+02, 3.246222229003906e+02, 3.242334289550781e+02, 3.23774658203125e+02, 3.232755737304688e+02, 3.227683715820312e+02, 3.222858276367188e+02, 3.218590698242188e+02, 3.215157165527344e+02, 3.212778930664062e+02, 3.211609497070312e+02, 3.211724853515625e+02, 3.213117370605469e+02, 3.215697021484375e+02, 3.219297180175781e+02, 3.223685302734375e+02, 3.228578491210938e+02, 3.233659973144531e+02, 3.238601989746094e+02, 3.243085632324219e+02, 3.246820983886719e+02, 3.249566650390625e+02, 3.251145629882812e+02, 3.251455993652344e+02, 3.250477600097656e+02, 3.248273315429688e+02, 3.244985961914062e+02, 3.24082763671875e+02, 3.23606689453125e+02, 3.231011352539062e+02, 3.225987243652344e+02, 3.221319274902344e+02, 3.217308654785156e+02, 3.214214477539062e+02, 3.212236938476562e+02, 3.211502990722656e+02, 3.212060852050781e+02, 3.213873901367188e+02, 3.216825561523438e+02, 3.220724487304688e+02, 3.22531982421875e+02, 3.230314025878906e+02, 3.235384826660156e+02, 3.240204467773438e+02, 3.244462280273438e+02, 3.247882995605469e+02, 3.250245666503906e+02, 3.251397705078125e+02, 3.2512646484375e+02, 3.249855041503906e+02, 3.247260131835938e+02, 3.2436474609375e+02, 3.239250183105469e+02, 3.234352416992188e+02, 3.229270629882812e+02, 3.224332580566406e+02, 3.219857482910156e+02, 3.216134338378906e+02, 3.2134033203125e+02, 3.211841430664062e+02, 3.211548767089844e+02, 3.212544555664062e+02, 3.214764709472656e+02, 3.218065795898438e+02, 3.222234191894531e+02, 3.227001037597656e+02, 3.232058410644531e+02, 3.237079772949219e+02, 3.24174072265625e+02, 3.245740661621094e+02, 3.248820495605469e+02, 3.250781860351562e+02, 3.251498107910156e+02, 3.250922546386719e+02, 3.249093017578125e+02, 3.246127014160156e+02, 3.242216491699219e+02, 3.237613830566406e+02, 3.232616271972656e+02, 3.227546997070312e+02, 3.222732543945312e+02, 3.218484497070312e+02, 3.215076904296875e+02, 3.212730102539062e+02, 3.211595458984375e+02, 3.211746215820312e+02, 3.213172912597656e+02, 3.215782775878906e+02, 3.219407958984375e+02, 3.223814086914062e+02, 3.228716430664062e+02, 3.233798828125e+02, 3.238732604980469e+02, 3.243199157714844e+02, 3.246910095214844e+02, 3.249626159667969e+02]
conAir.T=[3.131499938964844e+02, 3.074142761230469e+02, 3.073417358398438e+02, 3.072279968261719e+02, 3.070705871582031e+02, 3.068719177246094e+02, 3.066387023925781e+02, 3.063825073242188e+02, 3.061174011230469e+02, 3.05861328125e+02, 3.056332397460938e+02, 3.054524841308594e+02, 3.053373718261719e+02, 3.053038330078125e+02, 3.05364501953125e+02, 3.055271606445312e+02, 3.057950439453125e+02, 3.06165283203125e+02, 3.066296081542969e+02, 3.071744384765625e+02, 3.077814025878906e+02, 3.084284362792969e+02, 3.090907592773438e+02, 3.097423706054688e+02, 3.103572998046875e+02, 3.109111633300781e+02, 3.113825073242188e+02, 3.117537231445312e+02, 3.120126342773438e+02, 3.121517639160156e+02, 3.121704711914062e+02, 3.120733947753906e+02, 3.118707275390625e+02, 3.11577392578125e+02, 3.112120056152344e+02, 3.107956848144531e+02, 3.103507690429688e+02, 3.098993530273438e+02, 3.094621276855469e+02, 3.090569458007812e+02, 3.086980895996094e+02, 3.083953247070312e+02, 3.081536254882812e+02, 3.079729614257812e+02, 3.078486633300781e+02, 3.077718811035156e+02, 3.077304992675781e+02, 3.077101745605469e+02, 3.076954040527344e+02, 3.076710510253906e+02, 3.076233215332031e+02, 3.07541015625e+02, 3.074164733886719e+02, 3.072462463378906e+02, 3.070315246582031e+02, 3.067781982421875e+02, 3.064966125488281e+02, 3.062009887695312e+02, 3.059085998535156e+02, 3.056385498046875e+02, 3.054107971191406e+02, 3.052445373535156e+02, 3.051570739746094e+02, 3.051625366210938e+02, 3.052709045410156e+02, 3.05487060546875e+02, 3.058103942871094e+02, 3.06234619140625e+02, 3.067479553222656e+02, 3.073335571289062e+02, 3.079704895019531e+02, 3.086347045898438e+02, 3.093003234863281e+02, 3.099411315917969e+02, 3.105319213867188e+02, 3.110498962402344e+02, 3.114758911132812e+02, 3.1179541015625e+02, 3.119992980957031e+02, 3.120841979980469e+02, 3.120526123046875e+02, 3.119130249023438e+02, 3.11677734375e+02, 3.113645629882812e+02, 3.10992919921875e+02, 3.105846252441406e+02, 3.101615600585938e+02, 3.097444763183594e+02, 3.093518676757812e+02, 3.089988098144531e+02, 3.086962585449219e+02, 3.084503784179688e+02, 3.082625122070312e+02, 3.08129150390625e+02, 3.080426635742188e+02, 3.0799169921875e+02, 3.079625244140625e+02, 3.079399719238281e+02, 3.0790869140625e+02, 3.078545837402344e+02, 3.077657165527344e+02]
gro.ports[1, 1].T=[3.113125915527344e+02, 3.044444274902344e+02, 3.043179321289062e+02, 3.041637268066406e+02, 3.039803771972656e+02, 3.037706909179688e+02, 3.035411987304688e+02, 3.033025817871094e+02, 3.030675659179688e+02, 3.028521423339844e+02, 3.026730651855469e+02, 3.025472412109375e+02, 3.024904479980469e+02, 3.025162353515625e+02, 3.026350402832031e+02, 3.028527221679688e+02, 3.03171142578125e+02, 3.035863952636719e+02, 3.0408984375e+02, 3.046679077148438e+02, 3.053027648925781e+02, 3.059732055664062e+02, 3.066556396484375e+02, 3.073253784179688e+02, 3.079578857421875e+02, 3.085299987792969e+02, 3.090213623046875e+02, 3.094151000976562e+02, 3.096993408203125e+02, 3.098665771484375e+02, 3.099156188964844e+02, 3.098500061035156e+02, 3.096785888671875e+02, 3.094145202636719e+02, 3.090744934082031e+02, 3.086775817871094e+02, 3.08244140625e+02, 3.077945251464844e+02, 3.073479309082031e+02, 3.069212036132812e+02, 3.065281066894531e+02, 3.061785583496094e+02, 3.058782348632812e+02, 3.0562841796875e+02, 3.054263000488281e+02, 3.052654724121094e+02, 3.051365356445312e+02, 3.050280456542969e+02, 3.049276733398438e+02, 3.048231811523438e+02, 3.047035217285156e+02, 3.045599670410156e+02, 3.043866882324219e+02, 3.04181640625e+02, 3.039466857910156e+02, 3.036877746582031e+02, 3.034147033691406e+02, 3.031404418945312e+02, 3.02880615234375e+02, 3.0265234375e+02, 3.024731750488281e+02, 3.023599243164062e+02, 3.023275451660156e+02, 3.023879089355469e+02, 3.025490417480469e+02, 3.028143310546875e+02, 3.031820983886719e+02, 3.036455078125e+02, 3.041926574707031e+02, 3.0480712890625e+02, 3.0546875e+02, 3.061546020507812e+02, 3.06840087890625e+02, 3.075003051757812e+02, 3.081113891601562e+02, 3.086516418457031e+02, 3.091026916503906e+02, 3.094504699707031e+02, 3.096858520507812e+02, 3.098049621582031e+02, 3.098093566894531e+02, 3.097061157226562e+02, 3.095059204101562e+02, 3.092244873046875e+02, 3.088792419433594e+02, 3.084898681640625e+02, 3.080763244628906e+02, 3.0765771484375e+02, 3.072513122558594e+02, 3.068714599609375e+02, 3.065289611816406e+02, 3.0623046875e+02, 3.059784240722656e+02, 3.057710266113281e+02, 3.056028137207031e+02, 3.05465087890625e+02, 3.053470153808594e+02, 3.052364807128906e+02, 3.051212158203125e+02, 3.049899291992188e+02, 3.048333129882812e+02]
