last-generated=2017-08-29
statistics-simulation=
{
  "numerical Jacobians": "0", 
  "nonlinear": " ", 
  "linear": " "
}
QTot.y=[-3165300., -3165300., -3165300., -3165300., -3165300., -3165300., -3165300., -3165300., -3165300., -1758500., -1758500., -1758500., -1758500., -1758500., -1758500., -1758500., -1758500., -3165300., -3165300., -3165300., -3165300., -3165300., -3165300., -3165300., -3165300., -3165300., -1758500., -1758500., -1758500., -1758500., -1758500., -1758500., -1758500., -1758500., -3165300., -3165300., -3165300., -3165300., -3165300., -3165300., -3165300., -3165300., -1758500., -1758500., -1758500., -1758500., -1758500., -1758500., -1758500., -1758500., -1758500., -3165300., -3165300., -3165300., -3165300., -3165300., -3165300., -3165300., -3165300., -1758500., -1758500., -1758500., -1758500., -1758500., -1758500., -1758500., -1758500., -3165300., -3165300., -3165300., -3165300., -3165300., -3165300., -3165300., -3165300., -3165300., -1758500., -1758500., -1758500., -1758500., -1758500., -1758500., -1758500., -1758500., -3165300., -3165300., -3165300., -3165300., -3165300., -3165300., -3165300., -3165300., -1758500., -1758500., -1758500., -1758500., -1758500., -1758500., -1758500., -1758500., -1758500.]
time=[0., 1080.]
cooMod.y[1]=[0., 0., 0., 0., 0., 0., 0., 0., 0., 0., 0., 0., 0., 0., 0., 0., 0., 0., 0., 0., 0., 0., 0., 0., 0., 0., 0., 0., 0., 0., 0., 0., 0., 0., 1., 1., 1., 1., 1., 1., 1., 1., 1., 1., 1., 1., 1., 1., 1., 1., 1., 1., 1., 1., 1., 1., 1., 1., 1., 1., 1., 1., 1., 1., 1., 1., 1., 2., 2., 2., 2., 2., 2., 2., 2., 2., 2., 2., 2., 2., 2., 2., 2., 2., 2., 2., 2., 2., 2., 2., 2., 2., 2., 2., 2., 2., 2., 2., 2., 2., 2.]
chiStaCon.y[1]=[0., 0., 0., 0., 0., 0., 0., 0., 0., 0., 0., 0., 0., 0., 0., 0., 0., 0., 0., 0., 0., 0., 0., 0., 0., 0., 0., 0., 0., 0., 0., 0., 0., 0., 0., 0., 0., 1., 1., 1., 1., 1., 1., 1., 1., 1., 1., 1., 1., 1., 1., 1., 1., 1., 1., 1., 1., 1., 1., 1., 1., 1., 1., 1., 1., 1., 1., 1., 1., 1., 1., 1., 1., 1., 1., 1., 1., 1., 1., 1., 1., 1., 1., 1., 1., 1., 1., 1., 1., 1., 1., 1., 1., 1., 1., 1., 1., 1., 1., 1., 1.]
chiStaCon.y[2]=[0., 0., 0., 0., 0., 0., 0., 0., 0., 0., 0., 0., 0., 0., 0., 0., 0., 0., 0., 0., 0., 0., 0., 0., 0., 0., 0., 0., 0., 0., 0., 0., 0., 0., 0., 0., 0., 0., 0., 0.99998982757742815863, 1., 1., 1., 1., 1., 0., 0., 0., 0., 0., 0., 0., 0., 1., 1., 1., 1., 1., 1., 1., 1., 1., 0., 0., 0., 0., 0., 0., 0., 0., 1., 1., 1., 1., 1., 1., 1., 1., 0., 0., 0., 0., 0., 0., 0., 0., 0., 1., 1., 1., 1., 1., 1., 1., 1., 0., 0., 0., 0., 0., 0.]
