last-generated=2026-06-26
statistics-initialization=
{
  "nonlinear": "1",
  "numerical Jacobians": "0"
}
statistics-simulation=
{
  "linear": " ",
  "nonlinear": "1",
  "number of continuous time states": "2",
  "numerical Jacobians": "0"
}
time=[0e+00, 5.4e+02]
rac.m_flow_nominal=[9.856683611869812e-01, 9.856683611869812e-01]
rac.port_a.m_flow=[5.914010405540466e-01, 9.856683611869812e-01, 9.856683611869812e-01, 9.856683611869812e-01, 9.856683611869812e-01, 5.914010405540466e-01, 5.914010405540466e-01, 5.914010405540466e-01, 5.914010405540466e-01, 5.914010405540466e-01, 5.914010405540466e-01, 5.914010405540466e-01, 9.856683611869812e-01, 9.856683611869812e-01, 9.856683611869812e-01, 9.856683611869812e-01, 5.914010405540466e-01, 5.914010405540466e-01, 5.914010405540466e-01, 5.914010405540466e-01, 5.914010405540466e-01, 5.914010405540466e-01, 5.914010405540466e-01, 9.856683611869812e-01, 9.856683611869812e-01, 9.856683611869812e-01, 9.856683611869812e-01, 5.914010405540466e-01, 5.914010405540466e-01, 5.914010405540466e-01, 5.914010405540466e-01, 5.914010405540466e-01, 5.914010405540466e-01, 5.914010405540466e-01, 9.856683611869812e-01, 9.856683611869812e-01, 9.856683611869812e-01, 9.856683611869812e-01, 5.914010405540466e-01, 5.914010405540466e-01, 5.914010405540466e-01, 5.914010405540466e-01, 5.914010405540466e-01, 5.914010405540466e-01, 5.914010405540466e-01, 9.856683611869812e-01, 9.856683611869812e-01, 9.856683611869812e-01, 9.856683611869812e-01, 5.914070566877029e-01, 5.914010405540466e-01, 5.914010405540466e-01, 5.914010405540466e-01, 5.914010405540466e-01, 5.914010405540466e-01, 5.914010405540466e-01, 9.856683611869812e-01, 9.856683611869812e-01, 9.856683611869812e-01, 9.856683611869812e-01, 9.856683611869812e-01, 5.914010405540466e-01, 5.914010405540466e-01, 5.914010405540466e-01, 5.914010405540466e-01, 5.914010405540466e-01, 5.914010405540466e-01, 9.856683611869812e-01, 9.856683611869812e-01, 9.856683611869812e-01, 9.856683611869812e-01, 9.856683611869812e-01, 5.914010405540466e-01, 5.914010405540466e-01, 5.914010405540466e-01, 5.914010405540466e-01, 5.914010405540466e-01, 5.914010405540466e-01, 9.856635483534729e-01, 9.856683611869812e-01, 9.856683611869812e-01, 9.856683611869812e-01, 9.856683611869812e-01, 5.914010405540466e-01, 5.914010405540466e-01, 5.914010405540466e-01, 5.914010405540466e-01, 5.914010405540466e-01, 5.914010405540466e-01, 9.85662345053325e-01, 9.856683611869812e-01, 9.856683611869812e-01, 9.856683611869812e-01, 9.856683611869812e-01, 5.914010405540466e-01, 5.914010405540466e-01, 5.914010405540466e-01, 5.914010405540466e-01, 5.914010405540466e-01, 5.914010405540466e-01, 5.914010405540466e-01]
rac.u=[6.000000238418579e-01, 1e+00, 1e+00, 1e+00, 1e+00, 6.000000238418579e-01, 6.000000238418579e-01, 6.000000238418579e-01, 6.000000238418579e-01, 6.000000238418579e-01, 6.000000238418579e-01, 6.000000238418579e-01, 1e+00, 1e+00, 1e+00, 1e+00, 6.000000238418579e-01, 6.000000238418579e-01, 6.000000238418579e-01, 6.000000238418579e-01, 6.000000238418579e-01, 6.000000238418579e-01, 6.000000238418579e-01, 1e+00, 1e+00, 1e+00, 1e+00, 6.000000238418579e-01, 6.000000238418579e-01, 6.000000238418579e-01, 6.000000238418579e-01, 6.000000238418579e-01, 6.000000238418579e-01, 6.000000238418579e-01, 1e+00, 1e+00, 1e+00, 1e+00, 6.000000238418579e-01, 6.000000238418579e-01, 6.000000238418579e-01, 6.000000238418579e-01, 6.000000238418579e-01, 6.000000238418579e-01, 6.000000238418579e-01, 1e+00, 1e+00, 1e+00, 1e+00, 6.0000612745023e-01, 6.000000238418579e-01, 6.000000238418579e-01, 6.000000238418579e-01, 6.000000238418579e-01, 6.000000238418579e-01, 6.000000238418579e-01, 1e+00, 1e+00, 1e+00, 1e+00, 1e+00, 6.000000238418579e-01, 6.000000238418579e-01, 6.000000238418579e-01, 6.000000238418579e-01, 6.000000238418579e-01, 6.000000238418579e-01, 1e+00, 1e+00, 1e+00, 1e+00, 1e+00, 6.000000238418579e-01, 6.000000238418579e-01, 6.000000238418579e-01, 6.000000238418579e-01, 6.000000238418579e-01, 6.000000238418579e-01, 9.999951171877866e-01, 1e+00, 1e+00, 1e+00, 1e+00, 6.000000238418579e-01, 6.000000238418579e-01, 6.000000238418579e-01, 6.000000238418579e-01, 6.000000238418579e-01, 6.000000238418579e-01, 9.999938963916279e-01, 1e+00, 1e+00, 1e+00, 1e+00, 6.000000238418579e-01, 6.000000238418579e-01, 6.000000238418579e-01, 6.000000238418579e-01, 6.000000238418579e-01, 6.000000238418579e-01, 6.000000238418579e-01]
senTIn.T=[2.931499938964844e+02, 2.931499938964844e+02]
senTOut.T=[2.931499938964844e+02, 3.030744323257586e+02, 3.037721252377863e+02, 3.038190612775938e+02, 3.038222045897899e+02, 3.036321105957031e+02, 3.035162964021545e+02, 3.034934082020255e+02, 3.034888916018643e+02, 3.034879760741325e+02, 3.0348779296875e+02, 3.034877319335938e+02, 3.037889098442437e+02, 3.038201599147826e+02, 3.038222656250862e+02, 3.038223876953125e+02, 3.036607056598833e+02, 3.035219726932442e+02, 3.034945373482554e+02, 3.03489105224092e+02, 3.03488037109375e+02, 3.034877929687931e+02, 3.034877624511719e+02, 3.03777160697996e+02, 3.038193359254273e+02, 3.038222351074219e+02, 3.038224182128906e+02, 3.036947023726444e+02, 3.035286864913587e+02, 3.034958191093885e+02, 3.034893798828125e+02, 3.034880676264357e+02, 3.034878234864144e+02, 3.034877624511719e+02, 3.037613217741669e+02, 3.038182983398438e+02, 3.038221435553774e+02, 3.038224182128906e+02, 3.037355955090135e+02, 3.035367737878802e+02, 3.034974365234375e+02, 3.034897155730675e+02, 3.034881286625405e+02, 3.034878234862419e+02, 3.034877319337662e+02, 3.037399291992188e+02, 3.038168945440125e+02, 3.03822052001177e+02, 3.038224182125457e+02, 3.037845769934444e+02, 3.035464477539062e+02, 3.034993591127506e+02, 3.034900817798659e+02, 3.034882202169133e+02, 3.034878540040787e+02, 3.0348779296875e+02, 3.037110903503815e+02, 3.038149719586659e+02, 3.038218994099233e+02, 3.038224182127182e+02, 3.038224182128906e+02, 3.035580443235614e+02, 3.035016173881796e+02, 3.034905395625088e+02, 3.034882812512072e+02, 3.034878540039062e+02, 3.034877624509994e+02, 3.036721503666869e+02, 3.038123473303613e+02, 3.0382174682324e+02, 3.038223876953125e+02, 3.038224182128906e+02, 3.035718991508818e+02, 3.03504364085762e+02, 3.034910888740861e+02, 3.034884033203125e+02, 3.034878845211394e+02, 3.034877624511719e+02, 3.036195967789739e+02, 3.038088378354364e+02, 3.038215026855469e+02, 3.038223571780793e+02, 3.038224182128906e+02, 3.035885014118627e+02, 3.035076599552255e+02, 3.0349169921875e+02, 3.034885253894178e+02, 3.034878845211394e+02, 3.034877624511719e+02, 3.035484609873824e+02, 3.038040466308594e+02, 3.038211669952918e+02, 3.038223571780793e+02, 3.038224182128906e+02, 3.036083986986111e+02, 3.035116271972656e+02, 3.034924927164828e+02, 3.034886779757562e+02, 3.034879455576754e+02, 3.034877929680601e+02, 3.034877624511719e+02]
