last-generated=2021-01-06
statistics-simulation=
{
  "linear": " ",
  "nonlinear": " ",
  "numerical Jacobians": "0"
}
time=[0e+00, 1e+00]
valTab.m_flow=[3.408027269459225e-16, 8.280593503619199e-04, 1.646823169702903e-03, 2.456731915422517e-03, 3.25822604492051e-03, 4.051744879004871e-03, 4.83772960729793e-03, 5.616619694198413e-03, 6.388855304140155e-03, 7.15487562749789e-03, 7.915122321540242e-03, 8.670035794490681e-03, 9.420054233832891e-03, 1.016561815558043e-02, 1.090716845601523e-02, 1.164514527520455e-02, 1.237998835885082e-02, 1.31118007562011e-02, 1.383636840266249e-02, 1.455213146457167e-02, 1.52588670840643e-02, 1.595635571242867e-02, 1.664437361743915e-02, 1.73227001893055e-02, 1.799111290045768e-02, 1.86493918299675e-02, 1.929731541965527e-02, 1.993465728193482e-02, 2.056120328638926e-02, 2.117672613402552e-02, 2.178100611302381e-02, 2.237382330878363e-02, 2.295495238234008e-02, 2.352417372661936e-02, 2.407965975769062e-02, 2.461622127893607e-02, 2.513366119645758e-02, 2.563218562734052e-02, 2.611199416216303e-02, 2.657328982988585e-02, 2.701627250868097e-02, 2.744114972558967e-02, 2.784811757319644e-02, 2.823737981398156e-02, 2.860914179357126e-02, 2.896360162695594e-02, 2.930096323025156e-02, 2.962142977838737e-02, 2.992520140344726e-02, 3.021248030712319e-02, 3.048347122967243e-02, 3.073561214434374e-02, 3.096804065097553e-02, 3.118351347222225e-02, 3.138478058190233e-02, 3.157459922326942e-02, 3.175571556608803e-02, 3.193089005790707e-02, 3.210286824679414e-02, 3.227441058093505e-02, 3.244826155796152e-02, 3.262717995890881e-02, 3.281391775463736e-02, 3.301122421854442e-02, 3.322185979937409e-02, 3.344856631774036e-02, 3.369410642004549e-02, 3.395999177736153e-02, 3.423182646826969e-02, 3.450479737489238e-02, 3.477900508043485e-02, 3.505453154143607e-02, 3.533147568575069e-02, 3.560992649615903e-02, 3.588997545891202e-02, 3.617171570658684e-02, 3.645523664677237e-02, 3.674062768634697e-02, 3.702798568312483e-02, 3.731739458745487e-02, 3.760895098158081e-02, 3.790274627930844e-02, 3.819887361351432e-02, 3.849741866593566e-02, 3.879847829427774e-02, 3.910213636225798e-02, 3.94084933472495e-02, 3.971763685451785e-02, 4.002966001690669e-02, 4.034465224167626e-02, 4.066270293574933e-02, 4.098390703262755e-02, 4.130835404270471e-02, 4.163613891901318e-02, 4.19673473437562e-02, 4.230207617506063e-02, 4.264041109439726e-02, 4.298244690960361e-02, 4.33282771041702e-02, 4.367799278374774e-02, 4.403167963027954e-02]
kv.y=[5.030963625161705e-15, 1.222389311657516e-02, 2.431056515904686e-02, 3.626652141603302e-02, 4.809825227499625e-02, 5.981225805964589e-02, 7.141504591480027e-02, 8.291309292740388e-02, 9.431290829367212e-02, 1.056209836818233e-01, 1.168438179507457e-01, 1.27987921899535e-01, 1.390597700858642e-01, 1.500658594224298e-01, 1.610126935884542e-01, 1.719067776950911e-01, 1.827546098791057e-01, 1.935576926280204e-01, 2.04253829852559e-01, 2.148200000492742e-01, 2.25252893454198e-01, 2.355492927040534e-01, 2.457058739747169e-01, 2.557193893380094e-01, 2.655865900517558e-01, 2.753041684627533e-01, 2.848688752379006e-01, 2.942773897520067e-01, 3.035264898318695e-01, 3.126129284991305e-01, 3.215333415827644e-01, 3.302845636170531e-01, 3.388632596543976e-01, 3.472661564767358e-01, 3.554663033158315e-01, 3.633870826666494e-01, 3.710255813222934e-01, 3.783848549135412e-01, 3.854678306190711e-01, 3.922775184828232e-01, 3.988168797302698e-01, 4.050889335082912e-01, 4.110966401523712e-01, 4.168429930382171e-01, 4.223309470020072e-01, 4.275635541445501e-01, 4.325436909009509e-01, 4.372744565704341e-01, 4.417587565232294e-01, 4.459996183927979e-01, 4.49999988079071e-01, 4.537221227082281e-01, 4.571532669534202e-01, 4.603341011002387e-01, 4.633052286930153e-01, 4.661073353956325e-01, 4.687810235900462e-01, 4.713669437535064e-01, 4.739057165858039e-01, 4.764380223768476e-01, 4.790044365172911e-01, 4.816456398761427e-01, 4.84402267783858e-01, 4.873149409409234e-01, 4.904243396450805e-01, 4.937710547612403e-01, 4.973957142348155e-01, 5.013207726423866e-01, 5.053335399491263e-01, 5.093632350064166e-01, 5.134110499135323e-01, 5.174784747877449e-01, 5.215667368978808e-01, 5.256772558788236e-01, 5.298113783417294e-01, 5.339704155921936e-01, 5.381557981505015e-01, 5.423687777139092e-01, 5.466107251926571e-01, 5.508830455388669e-01, 5.551870413814887e-01, 5.595240582583907e-01, 5.638955266898799e-01, 5.683026983747538e-01, 5.727469442217206e-01, 5.772296083014335e-01, 5.817520553514688e-01, 5.863156892870706e-01, 5.909217618141634e-01, 5.955717034484853e-01, 6.002668254916527e-01, 6.050084704480252e-01, 6.097980061378871e-01, 6.146367753561341e-01, 6.195260894108836e-01, 6.244673788226001e-01, 6.294619548899497e-01, 6.345110986583404e-01, 6.396163008161529e-01, 6.447787831444585e-01, 6.499999761581421e-01]
