last-generated=2022-10-11
statistics-initialization=
{
  "nonlinear": "1, 1, 1",
  "numerical Jacobians": "0"
}
statistics-simulation=
{
  "linear": "0, 0",
  "nonlinear": "0, 0, 0, 1",
  "number of continuous time states": "58",
  "numerical Jacobians": "0"
}
time=[1.57248e+07, 1.65888e+07]
occSch.occupied=[0e+00, 0e+00, 0e+00, 1e+00, 1e+00, 1e+00, 1e+00, 1e+00, 0e+00, 0e+00, 0e+00, 0e+00, 0e+00, 1e+00, 1e+00, 1e+00, 1e+00, 1e+00, 0e+00, 0e+00, 0e+00, 0e+00, 0e+00, 1e+00, 1e+00, 1e+00, 1e+00, 1e+00, 0e+00, 0e+00, 0e+00, 0e+00, 0e+00, 1e+00, 1e+00, 1e+00, 1e+00, 1e+00, 0e+00, 0e+00, 0e+00, 0e+00, 0e+00, 1e+00, 1e+00, 1e+00, 1e+00, 1e+00, 0e+00, 0e+00, 0e+00, 0e+00, 0e+00, 1e+00, 1e+00, 1e+00, 1e+00, 1e+00, 0e+00, 0e+00, 0e+00, 0e+00, 0e+00, 1e+00, 1e+00, 1e+00, 1e+00, 1e+00, 0e+00, 0e+00, 0e+00, 0e+00, 0e+00, 1e+00, 1e+00, 1e+00, 1e+00, 1e+00, 0e+00, 0e+00, 0e+00, 0e+00, 0e+00, 1e+00, 1e+00, 1e+00, 1e+00, 1e+00, 0e+00, 0e+00, 0e+00, 0e+00, 0e+00, 1e+00, 1e+00, 1e+00, 1e+00, 1e+00, 0e+00, 0e+00, 0e+00]
conVarFanConWat.TZon=[2.931499938964844e+02, 2.970328369140625e+02, 2.966118774414062e+02, 2.966990356445312e+02, 2.942860717773438e+02, 2.952970886230469e+02, 2.964419250488281e+02, 2.9691845703125e+02, 3.002194519042969e+02, 3.006453857421875e+02, 2.991418762207031e+02, 2.979270324707031e+02, 2.96879150390625e+02, 2.968026733398438e+02, 2.971552124023438e+02, 2.971585083007812e+02, 2.97155517578125e+02, 2.971525268554688e+02, 3.020750427246094e+02, 3.028790283203125e+02, 3.016896057128906e+02, 3.00677490234375e+02, 2.998562622070312e+02, 2.969459838867188e+02, 2.971564636230469e+02, 2.971583251953125e+02, 2.971556091308594e+02, 2.971526794433594e+02, 3.031499938964844e+02, 3.031974182128906e+02, 2.996650085449219e+02, 3.029959716796875e+02, 3.025958862304688e+02, 2.971504821777344e+02, 2.971575012207031e+02, 2.971599426269531e+02, 2.971566162109375e+02, 2.971522827148438e+02, 3.022142639160156e+02, 3.014556579589844e+02, 3.011409912109375e+02, 3.02105712890625e+02, 3.029827880859375e+02, 2.971498718261719e+02, 2.971578063964844e+02, 2.971611022949219e+02, 2.971566467285156e+02, 2.971506042480469e+02, 3.02197998046875e+02, 3.011702880859375e+02, 3.014436340332031e+02, 3.022932434082031e+02, 3.028711242675781e+02, 2.971496887207031e+02, 2.971553039550781e+02, 2.971603088378906e+02, 2.97150146484375e+02, 2.971458740234375e+02, 3.025841064453125e+02, 3.023126525878906e+02, 3.030560302734375e+02, 3.024636535644531e+02, 3.018251953125e+02, 2.9708837890625e+02, 2.971537780761719e+02, 2.97150634765625e+02, 2.97152099609375e+02, 2.971501770019531e+02, 3.017269592285156e+02, 3.029244079589844e+02, 3.022537841796875e+02, 3.01744873046875e+02, 3.012823181152344e+02, 2.966987609863281e+02, 2.967090454101562e+02, 2.971582336425781e+02, 2.971526794433594e+02, 2.971498718261719e+02, 3.016370239257812e+02, 3.020081481933594e+02, 3.006992797851562e+02, 2.995911865234375e+02, 2.986812438964844e+02, 2.971260681152344e+02, 2.971536254882812e+02, 2.971535949707031e+02, 2.971515502929688e+02, 2.9714990234375e+02, 3.001380920410156e+02, 3.008472290039062e+02, 3.004002075195312e+02, 2.999527893066406e+02, 2.995663757324219e+02, 2.957797546386719e+02, 2.971521301269531e+02, 2.971540832519531e+02, 2.971537170410156e+02, 2.971528015136719e+02, 3.016036987304688e+02, 3.028884582519531e+02, 3.021320190429688e+02]
conVarFanConWat.TCooSet=[3.031499938964844e+02, 3.031499938964844e+02, 3.031499938964844e+02, 2.971499938964844e+02, 2.971499938964844e+02, 2.971499938964844e+02, 2.971499938964844e+02, 2.971499938964844e+02, 3.031499938964844e+02, 3.031499938964844e+02, 3.031499938964844e+02, 3.031499938964844e+02, 3.031499938964844e+02, 2.971499938964844e+02, 2.971499938964844e+02, 2.971499938964844e+02, 2.971499938964844e+02, 2.971499938964844e+02, 3.031499938964844e+02, 3.031499938964844e+02, 3.031499938964844e+02, 3.031499938964844e+02, 3.031499938964844e+02, 2.971499938964844e+02, 2.971499938964844e+02, 2.971499938964844e+02, 2.971499938964844e+02, 2.971499938964844e+02, 3.031499938964844e+02, 3.031499938964844e+02, 3.031499938964844e+02, 3.031499938964844e+02, 3.031499938964844e+02, 2.971499938964844e+02, 2.971499938964844e+02, 2.971499938964844e+02, 2.971499938964844e+02, 2.971499938964844e+02, 3.031499938964844e+02, 3.031499938964844e+02, 3.031499938964844e+02, 3.031499938964844e+02, 3.031499938964844e+02, 2.971499938964844e+02, 2.971499938964844e+02, 2.971499938964844e+02, 2.971499938964844e+02, 2.971499938964844e+02, 3.031499938964844e+02, 3.031499938964844e+02, 3.031499938964844e+02, 3.031499938964844e+02, 3.031499938964844e+02, 2.971499938964844e+02, 2.971499938964844e+02, 2.971499938964844e+02, 2.971499938964844e+02, 2.971499938964844e+02, 3.031499938964844e+02, 3.031499938964844e+02, 3.031499938964844e+02, 3.031499938964844e+02, 3.031499938964844e+02, 2.971499938964844e+02, 2.971499938964844e+02, 2.971499938964844e+02, 2.971499938964844e+02, 2.971499938964844e+02, 3.031499938964844e+02, 3.031499938964844e+02, 3.031499938964844e+02, 3.031499938964844e+02, 3.031499938964844e+02, 2.971499938964844e+02, 2.971499938964844e+02, 2.971499938964844e+02, 2.971499938964844e+02, 2.971499938964844e+02, 3.031499938964844e+02, 3.031499938964844e+02, 3.031499938964844e+02, 3.031499938964844e+02, 3.031499938964844e+02, 2.971499938964844e+02, 2.971499938964844e+02, 2.971499938964844e+02, 2.971499938964844e+02, 2.971499938964844e+02, 3.031499938964844e+02, 3.031499938964844e+02, 3.031499938964844e+02, 3.031499938964844e+02, 3.031499938964844e+02, 2.971499938964844e+02, 2.971499938964844e+02, 2.971499938964844e+02, 2.971499938964844e+02, 2.971499938964844e+02, 3.031499938964844e+02, 3.031499938964844e+02, 3.031499938964844e+02]
conVarFanConWat.THeaSet=[2.851499938964844e+02, 2.851499938964844e+02, 2.851499938964844e+02, 2.931499938964844e+02, 2.931499938964844e+02, 2.931499938964844e+02, 2.931499938964844e+02, 2.931499938964844e+02, 2.851499938964844e+02, 2.851499938964844e+02, 2.851499938964844e+02, 2.851499938964844e+02, 2.851499938964844e+02, 2.931499938964844e+02, 2.931499938964844e+02, 2.931499938964844e+02, 2.931499938964844e+02, 2.931499938964844e+02, 2.851499938964844e+02, 2.851499938964844e+02, 2.851499938964844e+02, 2.851499938964844e+02, 2.851499938964844e+02, 2.931499938964844e+02, 2.931499938964844e+02, 2.931499938964844e+02, 2.931499938964844e+02, 2.931499938964844e+02, 2.851499938964844e+02, 2.851499938964844e+02, 2.851499938964844e+02, 2.851499938964844e+02, 2.851499938964844e+02, 2.931499938964844e+02, 2.931499938964844e+02, 2.931499938964844e+02, 2.931499938964844e+02, 2.931499938964844e+02, 2.851499938964844e+02, 2.851499938964844e+02, 2.851499938964844e+02, 2.851499938964844e+02, 2.851499938964844e+02, 2.931499938964844e+02, 2.931499938964844e+02, 2.931499938964844e+02, 2.931499938964844e+02, 2.931499938964844e+02, 2.851499938964844e+02, 2.851499938964844e+02, 2.851499938964844e+02, 2.851499938964844e+02, 2.851499938964844e+02, 2.931499938964844e+02, 2.931499938964844e+02, 2.931499938964844e+02, 2.931499938964844e+02, 2.931499938964844e+02, 2.851499938964844e+02, 2.851499938964844e+02, 2.851499938964844e+02, 2.851499938964844e+02, 2.851499938964844e+02, 2.931499938964844e+02, 2.931499938964844e+02, 2.931499938964844e+02, 2.931499938964844e+02, 2.931499938964844e+02, 2.851499938964844e+02, 2.851499938964844e+02, 2.851499938964844e+02, 2.851499938964844e+02, 2.851499938964844e+02, 2.931499938964844e+02, 2.931499938964844e+02, 2.931499938964844e+02, 2.931499938964844e+02, 2.931499938964844e+02, 2.851499938964844e+02, 2.851499938964844e+02, 2.851499938964844e+02, 2.851499938964844e+02, 2.851499938964844e+02, 2.931499938964844e+02, 2.931499938964844e+02, 2.931499938964844e+02, 2.931499938964844e+02, 2.931499938964844e+02, 2.851499938964844e+02, 2.851499938964844e+02, 2.851499938964844e+02, 2.851499938964844e+02, 2.851499938964844e+02, 2.931499938964844e+02, 2.931499938964844e+02, 2.931499938964844e+02, 2.931499938964844e+02, 2.931499938964844e+02, 2.851499938964844e+02, 2.851499938964844e+02, 2.851499938964844e+02]
building.weaBus.TDryBul=[2.903500061035156e+02, 2.903500061035156e+02, 2.903500061035156e+02, 2.910083923339844e+02, 2.928990783691406e+02, 2.959500122070312e+02, 2.970499877929688e+02, 2.960732116699219e+02, 2.93431396484375e+02, 2.894979858398438e+02, 2.875499877929688e+02, 2.857114868164062e+02, 2.851180725097656e+02, 2.894700012207031e+02, 2.92379638671875e+02, 2.964500122070312e+02, 2.966951293945312e+02, 2.970499877929688e+02, 2.962300109863281e+02, 2.939067993164062e+02, 2.925499877929688e+02, 2.900947875976562e+02, 2.908261413574219e+02, 2.956111450195312e+02, 2.991700134277344e+02, 3.003500061035156e+02, 3.030458068847656e+02, 3.03310546875e+02, 3.013446350097656e+02, 2.998500061035156e+02, 2.9875e+02, 2.985387878417969e+02, 2.981499938964844e+02, 2.98972900390625e+02, 3.021165466308594e+02, 3.0425e+02, 3.060466613769531e+02, 3.049614562988281e+02, 3.023299865722656e+02, 3.003500061035156e+02, 2.9925e+02, 2.983988037109375e+02, 2.948153381347656e+02, 2.99022705078125e+02, 3.021091918945312e+02, 3.048500061035156e+02, 3.058280639648438e+02, 3.044775390625e+02, 2.952940979003906e+02, 2.921477661132812e+02, 2.9425e+02, 2.939100036621094e+02, 2.938259887695312e+02, 2.943595886230469e+02, 2.963357849121094e+02, 3.020499877929688e+02, 2.998635559082031e+02, 2.973291931152344e+02, 2.963740844726562e+02, 2.952962036132812e+02, 2.9425e+02, 2.920924072265625e+02, 2.904310607910156e+02, 2.939239807128906e+02, 2.987027587890625e+02, 3.009500122070312e+02, 3.00570556640625e+02, 3.010723876953125e+02, 2.98637451171875e+02, 2.964500122070312e+02, 2.953500061035156e+02, 2.945025329589844e+02, 2.942052001953125e+02, 2.948500061035156e+02, 2.932669677734375e+02, 2.948500061035156e+02, 2.965067138671875e+02, 2.960029907226562e+02, 2.929080505371094e+02, 2.893599853515625e+02, 2.870499877929688e+02, 2.879543151855469e+02, 2.886300048828125e+02, 2.928326721191406e+02, 2.962403869628906e+02, 2.953500061035156e+02, 2.974202270507812e+02, 2.9430078125e+02, 2.947940063476562e+02, 2.947197265625e+02, 2.9375e+02, 2.9375e+02, 2.9375e+02, 2.943662109375e+02, 2.951609191894531e+02, 2.959500122070312e+02, 2.972574157714844e+02, 2.9875e+02, 2.980299987792969e+02, 2.96705810546875e+02, 2.953500061035156e+02]
conVarFanConWat.yFan=[0e+00, 0e+00, 0e+00, 1e+00, 1e+00, 1e+00, 1e+00, 1e+00, 0e+00, 0e+00, 0e+00, 0e+00, 0e+00, 1e+00, 1e+00, 1e+00, 1e+00, 1e+00, 0e+00, 0e+00, 0e+00, 0e+00, 0e+00, 1e+00, 1e+00, 1e+00, 1e+00, 1e+00, 0e+00, 0e+00, 1e+00, 0e+00, 0e+00, 1e+00, 1e+00, 1e+00, 1e+00, 1e+00, 1e+00, 1e+00, 1e+00, 1e+00, 0e+00, 1e+00, 1e+00, 1e+00, 1e+00, 1e+00, 1e+00, 1e+00, 1e+00, 0e+00, 0e+00, 1e+00, 1e+00, 1e+00, 1e+00, 1e+00, 0e+00, 1e+00, 0e+00, 0e+00, 0e+00, 1e+00, 1e+00, 1e+00, 1e+00, 1e+00, 0e+00, 0e+00, 0e+00, 0e+00, 0e+00, 1e+00, 1e+00, 1e+00, 1e+00, 1e+00, 0e+00, 0e+00, 0e+00, 0e+00, 0e+00, 1e+00, 1e+00, 1e+00, 1e+00, 1e+00, 0e+00, 0e+00, 0e+00, 0e+00, 0e+00, 1e+00, 1e+00, 1e+00, 1e+00, 1e+00, 0e+00, 0e+00, 0e+00]
conVarFanConWat.yFanSpe=[1.500000059604645e-01, 1.500000059604645e-01, 1.500000059604645e-01, 1.500000059604645e-01, 1.500000059604645e-01, 1.500000059604645e-01, 1.500000059604645e-01, 1.500000059604645e-01, 1.500000059604645e-01, 1.500000059604645e-01, 1.500000059604645e-01, 1.500000059604645e-01, 1.500000059604645e-01, 1.500000059604645e-01, 3.043489158153534e-01, 4.149241149425507e-01, 5.217282176017761e-01, 5.617594718933105e-01, 1.500000059604645e-01, 1.500000059604645e-01, 1.500000059604645e-01, 1.500000059604645e-01, 1.500000059604645e-01, 1.500000059604645e-01, 4.160104095935822e-01, 5.238286256790161e-01, 6.2797611951828e-01, 6.669785976409912e-01, 1.500000059604645e-01, 1.500000059604645e-01, 1.500000059604645e-01, 1.500000059604645e-01, 1.500000059604645e-01, 1.902223974466324e-01, 5.415723919868469e-01, 6.798839569091797e-01, 8.063969612121582e-01, 8.373537063598633e-01, 1.500000059604645e-01, 1.500000059604645e-01, 1.500000059604645e-01, 1.500000059604645e-01, 1.500000059604645e-01, 2.212994396686554e-01, 5.785833597183228e-01, 7.278483510017395e-01, 8.704020977020264e-01, 8.921791911125183e-01, 1.500000059604645e-01, 1.500000059604645e-01, 1.500000059604645e-01, 1.500000059604645e-01, 1.500000059604645e-01, 2.028964161872864e-01, 5.424186587333679e-01, 6.816520094871521e-01, 7.289977073669434e-01, 6.770486831665039e-01, 1.500000059604645e-01, 1.500000059604645e-01, 1.500000059604645e-01, 1.500000059604645e-01, 1.500000059604645e-01, 1.500000059604645e-01, 1.678022891283035e-01, 2.255984395742416e-01, 2.298038750886917e-01, 2.34511211514473e-01, 1.500000059604645e-01, 1.500000059604645e-01, 1.500000059604645e-01, 1.500000059604645e-01, 1.500000059604645e-01, 1.500000059604645e-01, 1.500000059604645e-01, 1.687808930873871e-01, 2.302141189575195e-01, 2.452415376901627e-01, 1.500000059604645e-01, 1.500000059604645e-01, 1.500000059604645e-01, 1.500000059604645e-01, 1.500000059604645e-01, 1.500000059604645e-01, 3.508999347686768e-01, 3.963207602500916e-01, 4.510091543197632e-01, 4.521992802619934e-01, 1.500000059604645e-01, 1.500000059604645e-01, 1.500000059604645e-01, 1.500000059604645e-01, 1.500000059604645e-01, 1.500000059604645e-01, 3.681179881095886e-01, 4.202648103237152e-01, 4.809964001178741e-01, 5.142732858657837e-01, 1.500000059604645e-01, 1.500000059604645e-01, 1.500000059604645e-01]
conVarFanConWat.yCoo=[0e+00, 0e+00, 0e+00, 0e+00, 0e+00, 0e+00, 0e+00, 1e+00, 0e+00, 0e+00, 0e+00, 0e+00, 0e+00, 0e+00, 1e+00, 1e+00, 1e+00, 1e+00, 0e+00, 0e+00, 0e+00, 0e+00, 0e+00, 0e+00, 1e+00, 1e+00, 1e+00, 1e+00, 0e+00, 0e+00, 1e+00, 0e+00, 0e+00, 1e+00, 1e+00, 1e+00, 1e+00, 1e+00, 1e+00, 1e+00, 1e+00, 0e+00, 0e+00, 1e+00, 1e+00, 1e+00, 1e+00, 1e+00, 1e+00, 1e+00, 1e+00, 0e+00, 0e+00, 1e+00, 1e+00, 1e+00, 1e+00, 1e+00, 0e+00, 0e+00, 0e+00, 0e+00, 0e+00, 1e+00, 1e+00, 1e+00, 1e+00, 1e+00, 0e+00, 0e+00, 0e+00, 0e+00, 0e+00, 1e+00, 1e+00, 1e+00, 1e+00, 1e+00, 0e+00, 0e+00, 0e+00, 0e+00, 0e+00, 1e+00, 1e+00, 1e+00, 1e+00, 1e+00, 0e+00, 0e+00, 0e+00, 0e+00, 0e+00, 0e+00, 1e+00, 1e+00, 1e+00, 1e+00, 0e+00, 0e+00, 0e+00]
conVarFanConWat.yHea=[0e+00, 0e+00, 0e+00, 0e+00, 0e+00, 0e+00, 0e+00, 0e+00, 0e+00, 0e+00, 0e+00, 0e+00, 0e+00, 0e+00, 0e+00, 0e+00, 0e+00, 0e+00, 0e+00, 0e+00, 0e+00, 0e+00, 0e+00, 0e+00, 0e+00, 0e+00, 0e+00, 0e+00, 0e+00, 0e+00, 0e+00, 0e+00, 0e+00, 0e+00, 0e+00, 0e+00, 0e+00, 0e+00, 0e+00, 0e+00, 0e+00, 0e+00, 0e+00, 0e+00, 0e+00, 0e+00, 0e+00, 0e+00, 0e+00, 0e+00, 0e+00, 0e+00, 0e+00, 0e+00, 0e+00, 0e+00, 0e+00, 0e+00, 0e+00, 0e+00, 0e+00, 0e+00, 0e+00, 0e+00, 0e+00, 0e+00, 0e+00, 0e+00, 0e+00, 0e+00, 0e+00, 0e+00, 0e+00, 0e+00, 0e+00, 0e+00, 0e+00, 0e+00, 0e+00, 0e+00, 0e+00, 0e+00, 0e+00, 0e+00, 0e+00, 0e+00, 0e+00, 0e+00, 0e+00, 0e+00, 0e+00, 0e+00, 0e+00, 0e+00, 0e+00, 0e+00, 0e+00, 0e+00, 0e+00, 0e+00, 0e+00]
fanCoiUni.uFan=[0e+00, 0e+00, 0e+00, 1.500000059604645e-01, 1.500000059604645e-01, 1.500000059604645e-01, 1.500000059604645e-01, 1.500000059604645e-01, 0e+00, 0e+00, 0e+00, 0e+00, 0e+00, 1.500000059604645e-01, 3.043489158153534e-01, 4.149241149425507e-01, 5.217282176017761e-01, 5.617594718933105e-01, 0e+00, 0e+00, 0e+00, 0e+00, 0e+00, 1.500000059604645e-01, 4.160104095935822e-01, 5.238286256790161e-01, 6.2797611951828e-01, 6.669785976409912e-01, 0e+00, 0e+00, 1.500000059604645e-01, 0e+00, 0e+00, 1.902223974466324e-01, 5.415723919868469e-01, 6.798839569091797e-01, 8.063969612121582e-01, 8.373537063598633e-01, 1.500000059604645e-01, 1.500000059604645e-01, 1.500000059604645e-01, 1.500000059604645e-01, 0e+00, 2.212994396686554e-01, 5.785833597183228e-01, 7.278483510017395e-01, 8.704020977020264e-01, 8.921791911125183e-01, 1.500000059604645e-01, 1.500000059604645e-01, 1.500000059604645e-01, 0e+00, 0e+00, 2.028964161872864e-01, 5.424186587333679e-01, 6.816520094871521e-01, 7.289977073669434e-01, 6.770486831665039e-01, 0e+00, 1.500000059604645e-01, 0e+00, 0e+00, 0e+00, 1.500000059604645e-01, 1.678022891283035e-01, 2.255984395742416e-01, 2.298038750886917e-01, 2.34511211514473e-01, 0e+00, 0e+00, 0e+00, 0e+00, 0e+00, 1.500000059604645e-01, 1.500000059604645e-01, 1.687808930873871e-01, 2.302141189575195e-01, 2.452415376901627e-01, 0e+00, 0e+00, 0e+00, 0e+00, 0e+00, 1.500000059604645e-01, 3.508999347686768e-01, 3.963207602500916e-01, 4.510091543197632e-01, 4.521992802619934e-01, 0e+00, 0e+00, 0e+00, 0e+00, 0e+00, 1.500000059604645e-01, 3.681179881095886e-01, 4.202648103237152e-01, 4.809964001178741e-01, 5.142732858657837e-01, 0e+00, 0e+00, 0e+00]
fanCoiUni.yFan_actual=[0e+00, -1.752001714818552e-27, 4.993567799841945e-26, 1.500000059604645e-01, 1.500000059604645e-01, 1.500000059604645e-01, 1.500000059604645e-01, 1.500000059604645e-01, -2.1051100354621e-20, -7.845766016447565e-24, -3.725448934647089e-26, 3.257131181203738e-26, -1.01105706068612e-26, 1.500000059604645e-01, 3.043241500854492e-01, 4.148783683776855e-01, 5.216969847679138e-01, 5.617446303367615e-01, -3.344382335666242e-20, 1.161721209720455e-20, -3.039258461129866e-25, -1.2999779064837e-26, 2.612857925813642e-27, 1.500000059604645e-01, 4.159783124923706e-01, 5.237797498703003e-01, 6.279396414756775e-01, 6.669609546661377e-01, 6.79002343267957e-22, -2.425574183490634e-20, 1.500000059604645e-01, -1.473886909108563e-24, 1.86480456410812e-25, 1.902272403240204e-01, 5.415257215499878e-01, 6.798133254051208e-01, 8.063433170318604e-01, 8.373358845710754e-01, 1.500000059604645e-01, 1.500000059604645e-01, 1.500000059604645e-01, 1.500000059604645e-01, -1.141760711460569e-20, 2.213067412376404e-01, 5.785326957702637e-01, 7.277655005455017e-01, 8.703503012657166e-01, 8.921732306480408e-01, 1.500000059604645e-01, 1.500000059604645e-01, 1.500000059604645e-01, -9.335208195278282e-20, -3.957625625781074e-24, 2.029043883085251e-01, 5.423842072486877e-01, 6.815788149833679e-01, 7.289986610412598e-01, 6.770774722099304e-01, -5.455643234464498e-20, 1.500000059604645e-01, -1.48644413504853e-23, 4.180207463354613e-25, 3.381280015055641e-26, 1.500000059604645e-01, 1.677885949611664e-01, 2.255963385105133e-01, 2.297947704792023e-01, 2.345097661018372e-01, 1.444973377735328e-20, -4.45850674387914e-25, -8.000367685394998e-27, 2.678877956898061e-25, 1.633499669044993e-26, 1.500000059604645e-01, 1.500000059604645e-01, 1.687601059675217e-01, 2.302037328481674e-01, 2.452430725097656e-01, 3.029718953241949e-20, -2.827437820291092e-24, 4.169200142017419e-26, -5.840762503813721e-26, -5.677150363917753e-27, 1.500000059604645e-01, 3.508828580379486e-01, 3.963021636009216e-01, 4.510018229484558e-01, 4.522016644477844e-01, -1.618919508538484e-19, -3.051708658366517e-25, -3.366335476614537e-25, -4.560890535577446e-26, -1.117497970182954e-26, 1.500000059604645e-01, 3.68107408285141e-01, 4.202436804771423e-01, 4.809761941432953e-01, 5.142571926116943e-01, 3.933603442385651e-20, 6.923294729967312e-22, 4.056236246465901e-25]
fanCoiUni.valCHW.y_actual=[1e+00, 0e+00, 0e+00, -9.559588421145559e-24, 3.805588130489923e-05, 1.515345461666584e-02, 4.379789233207703e-01, 1e+00, -2.4072571412427e-19, 0e+00, 0e+00, 0e+00, 0e+00, 2.568636120563317e-22, 1e+00, 1e+00, 1e+00, 1e+00, -3.347546947744111e-20, -4.787472588193748e-25, 3.436856592312711e-30, -0e+00, -0e+00, 1.137475114099118e-10, 1e+00, 1e+00, 1e+00, 1e+00, 2.055401852474883e-21, 2.040992939737642e-19, 1e+00, -0e+00, -0e+00, 1e+00, 1e+00, 1e+00, 1e+00, 1e+00, 9.997835755348206e-01, 1e+00, 9.999995827674866e-01, 1.634538629672049e-24, 1.303566526643039e-34, 1e+00, 1e+00, 1e+00, 1e+00, 1e+00, 9.99942421913147e-01, 1e+00, 9.995737075805664e-01, -4.679496197544479e-15, -0e+00, 1e+00, 1e+00, 1e+00, 1e+00, 1e+00, -5.284079028396325e-21, 7.203870686730133e-24, 0e+00, 0e+00, 0e+00, 1e+00, 1e+00, 1e+00, 1e+00, 1e+00, 3.858167801695083e-20, -0e+00, -0e+00, -0e+00, -0e+00, 1e+00, 1e+00, 1e+00, 1e+00, 1e+00, 4.098235002503578e-20, 0e+00, 0e+00, 0e+00, 0e+00, 7.171081900596619e-01, 1e+00, 1e+00, 1e+00, 1e+00, -9.069387243085831e-20, 0e+00, 0e+00, 0e+00, 0e+00, 3.982968046329916e-04, 1e+00, 1e+00, 1e+00, 1e+00, 1.894863180412281e-20, -5.542784779859666e-27, 1.912621467544966e-31]
fanCoiUni.valHW.y_actual=[1e+00, 7.674885488870448e-32, -1.603422636726778e-32, -5.097661077773768e-25, 2.424813746791968e-26, 1.386257873173898e-25, 5.363120089065535e-23, 3.777398506743804e-26, 2.006699479763597e-23, 1.862048056540104e-31, 6.617710639479613e-31, -0e+00, 0e+00, 3.251253617722398e-23, -0e+00, -0e+00, 0e+00, -0e+00, -5.136975440099655e-23, 2.370013077309389e-24, -5.644566356405614e-32, -1.173959037650679e-31, 2.687903626262567e-30, 1.594067955031289e-23, -0e+00, -0e+00, 0e+00, 0e+00, 2.480795969673197e-24, -3.468731525239158e-23, 2.333070957776161e-23, -1.390476845101801e-30, -9.740745693032394e-33, 0e+00, -0e+00, -0e+00, -0e+00, 0e+00, 1.442089799563754e-23, -5.791098334729066e-22, 5.143933508828066e-23, -3.494219936631211e-24, -6.344281932696634e-23, 0e+00, -0e+00, -0e+00, -0e+00, -3.033151642343518e-24, -3.582085473065262e-23, 7.286943577620604e-23, 6.217880048004471e-25, 9.863049642976513e-23, 1.336393478495044e-30, -0e+00, -0e+00, -0e+00, -1.078747219268305e-22, 0e+00, -3.845128302011949e-23, -2.500532717319193e-23, 1.021102176830485e-28, -2.568478345009478e-34, -6.479402462726702e-34, -1.150255342235059e-25, -2.843139998001904e-25, 0e+00, 0e+00, -0e+00, 8.247038851334732e-25, -1.687461780155694e-28, -6.57665755722206e-32, 1.43428591803773e-35, -1.882359511590039e-32, -1.991145509295355e-22, -1.884958015694385e-22, 9.621450498902538e-25, -0e+00, -3.276839790699681e-32, 5.108045938552937e-24, -3.34026734998022e-31, -4.844444747214919e-33, 1.429159080392523e-39, -0e+00, 2.38634269526269e-25, 0e+00, 0e+00, -0e+00, 2.455920039354288e-21, 4.255334395005065e-23, 5.217879539472386e-32, 6.008461203853793e-32, -3.746010469887988e-38, 3.283088159081971e-40, 1.173644821555829e-25, 0e+00, 0e+00, -0e+00, 0e+00, -3.330839585639611e-23, -5.148465199184199e-25, -6.688442955755032e-32]
