last-generated=2020-04-07
statistics-simulation=
{
  "linear": "0",
  "nonlinear": " ",
  "number of continuous time states": "3",
  "numerical Jacobians": "0"
}
time=[0e+00, 1.728e+05]
vol.T_start=[2.931499938964844e+02, 2.931499938964844e+02]
vol.T=[2.931499938964844e+02, 2.682998657226562e+02, 2.640339965820312e+02, 2.633017578125e+02, 2.631761169433594e+02, 2.631545104980469e+02, 2.631507873535156e+02, 2.63150146484375e+02, 2.631499938964844e+02, 2.631499938964844e+02, 2.631499938964844e+02, 2.631499938964844e+02, 2.631500244140625e+02, 2.631500244140625e+02, 2.631500244140625e+02, 2.631499938964844e+02, 2.631499938964844e+02, 2.658153381347656e+02, 2.685775756835938e+02, 2.690517272949219e+02, 2.691330871582031e+02, 2.691470642089844e+02, 2.691495056152344e+02, 2.691498718261719e+02, 2.691499633789062e+02, 2.691499938964844e+02, 2.691500549316406e+02, 2.691500244140625e+02, 2.691499938964844e+02, 2.691499938964844e+02, 2.691499938964844e+02, 2.691499633789062e+02, 2.691499633789062e+02, 2.691499938964844e+02, 2.691499938964844e+02, 2.691499938964844e+02, 2.691499938964844e+02, 2.691499938964844e+02, 2.656360778808594e+02, 2.635767517089844e+02, 2.632232971191406e+02, 2.6316259765625e+02, 2.631521606445312e+02, 2.63150390625e+02, 2.631500854492188e+02, 2.631500244140625e+02, 2.631499938964844e+02, 2.631500244140625e+02, 2.631500244140625e+02, 2.631499938964844e+02, 2.631499938964844e+02, 2.631499938964844e+02, 2.631499938964844e+02, 2.631499938964844e+02, 2.631499938964844e+02, 2.631499938964844e+02, 2.631500244140625e+02, 2.631499938964844e+02, 2.631499938964844e+02, 2.631499938964844e+02, 2.631499938964844e+02, 2.631499938964844e+02, 2.631499938964844e+02, 2.631499938964844e+02, 2.631499938964844e+02, 2.631499938964844e+02, 2.631499938964844e+02, 2.658153381347656e+02, 2.685775756835938e+02, 2.690517272949219e+02, 2.691330871582031e+02, 2.691470642089844e+02, 2.691495056152344e+02, 2.691498718261719e+02, 2.691499633789062e+02, 2.691499938964844e+02, 2.691500549316406e+02, 2.691500244140625e+02, 2.691499938964844e+02, 2.691499938964844e+02, 2.691499938964844e+02, 2.691499633789062e+02, 2.691499633789062e+02, 2.691499938964844e+02, 2.691499938964844e+02, 2.691499938964844e+02, 2.691499938964844e+02, 2.691499938964844e+02, 2.656360778808594e+02, 2.635767517089844e+02, 2.632232971191406e+02, 2.6316259765625e+02, 2.631521606445312e+02, 2.63150390625e+02, 2.631500854492188e+02, 2.631500244140625e+02, 2.631499938964844e+02, 2.631500244140625e+02, 2.631500244140625e+02, 2.631499938964844e+02, 2.631499938964844e+02]
TOut.T=[2.631499938964844e+02, 2.631499938964844e+02]
