last-generated=2018-09-25
statistics-initialization=
{
  "nonlinear": "0, 0, 1",
  "numerical Jacobians": "0"
}
statistics-simulation=
{
  "linear": " ",
  "nonlinear": "0",
  "number of continuous time states": "4",
  "numerical Jacobians": "0"
}
P.u_s=[3.001499938964844e+02, 3.001499938964844e+02, 3.001499938964844e+02, 3.001499938964844e+02, 3.001499938964844e+02, 3.001499938964844e+02, 3.001499938964844e+02, 3.001499938964844e+02, 3.001499938964844e+02, 3.001499938964844e+02, 3.001499938964844e+02, 3.001499938964844e+02, 3.001499938964844e+02, 3.001499938964844e+02, 3.001499938964844e+02, 3.001499938964844e+02, 3.001499938964844e+02, 3.001499938964844e+02, 3.001499938964844e+02, 3.001499938964844e+02, 3.001499938964844e+02, 3.001499938964844e+02, 3.001499938964844e+02, 3.001499938964844e+02, 3.001499938964844e+02, 3.001499938964844e+02, 3.001499938964844e+02, 3.001499938964844e+02, 3.001499938964844e+02, 3.001499938964844e+02, 3.001499938964844e+02, 3.001499938964844e+02, 3.001499938964844e+02, 3.001499938964844e+02, 3.001499938964844e+02, 3.001499938964844e+02, 3.001499938964844e+02, 3.001499938964844e+02, 3.001499938964844e+02, 3.001499938964844e+02, 3.001499938964844e+02, 3.001499938964844e+02, 3.001499938964844e+02, 3.001499938964844e+02, 3.001499938964844e+02, 3.001499938964844e+02, 3.001499938964844e+02, 3.001499938964844e+02, 3.001499938964844e+02, 3.001499938964844e+02, 3.001499938964844e+02, 2.951499938964844e+02, 2.951499938964844e+02, 2.951499938964844e+02, 2.951499938964844e+02, 2.951499938964844e+02, 2.951499938964844e+02, 2.951499938964844e+02, 2.951499938964844e+02, 2.951499938964844e+02, 2.951499938964844e+02, 2.951499938964844e+02, 2.951499938964844e+02, 2.951499938964844e+02, 2.951499938964844e+02, 2.951499938964844e+02, 2.951499938964844e+02, 2.951499938964844e+02, 2.951499938964844e+02, 2.951499938964844e+02, 2.951499938964844e+02, 2.951499938964844e+02, 2.951499938964844e+02, 2.951499938964844e+02, 2.951499938964844e+02, 2.951499938964844e+02, 2.951499938964844e+02, 2.951499938964844e+02, 2.951499938964844e+02, 2.951499938964844e+02, 2.951499938964844e+02, 2.951499938964844e+02, 2.951499938964844e+02, 2.951499938964844e+02, 2.951499938964844e+02, 2.951499938964844e+02, 2.951499938964844e+02, 2.951499938964844e+02, 2.951499938964844e+02, 2.951499938964844e+02, 2.951499938964844e+02, 2.951499938964844e+02, 2.951499938964844e+02, 2.951499938964844e+02, 2.951499938964844e+02, 2.951499938964844e+02, 2.951499938964844e+02, 2.951499938964844e+02, 2.951499938964844e+02, 2.951499938964844e+02, 2.951499938964844e+02]
P.u_m=[2.931499938964844e+02, 2.966966247558594e+02, 2.990949401855469e+02, 2.998471984863281e+02, 3.000234069824219e+02, 3.0010986328125e+02, 3.001348876953125e+02, 3.001448669433594e+02, 3.001481628417969e+02, 3.001493530273438e+02, 3.001497802734375e+02, 3.001499328613281e+02, 3.001499633789062e+02, 3.001499938964844e+02, 3.001499938964844e+02, 3.001499938964844e+02, 3.001499938964844e+02, 3.001499938964844e+02, 3.001499938964844e+02, 3.001499938964844e+02, 3.001499938964844e+02, 3.001499938964844e+02, 3.001499938964844e+02, 3.001499938964844e+02, 3.001499938964844e+02, 3.001499938964844e+02, 3.001499938964844e+02, 3.001499938964844e+02, 3.001499938964844e+02, 3.001499938964844e+02, 3.001499938964844e+02, 3.001499938964844e+02, 3.001499938964844e+02, 3.001499938964844e+02, 3.001499938964844e+02, 3.001499938964844e+02, 3.001499938964844e+02, 3.001499938964844e+02, 3.001499938964844e+02, 3.001499938964844e+02, 3.001499938964844e+02, 3.001499938964844e+02, 3.001499938964844e+02, 3.001499938964844e+02, 3.001499938964844e+02, 3.001499938964844e+02, 3.001499938964844e+02, 3.001499938964844e+02, 3.001499938964844e+02, 3.001499938964844e+02, 3.001499938964844e+02, 2.958055725097656e+02, 2.954086303710938e+02, 2.953174743652344e+02, 2.952410583496094e+02, 2.951986694335938e+02, 2.951763916015625e+02, 2.951643676757812e+02, 2.951578369140625e+02, 2.951542663574219e+02, 2.9515234375e+02, 2.951512756347656e+02, 2.951506958007812e+02, 2.95150390625e+02, 2.951502075195312e+02, 2.951501159667969e+02, 2.951500549316406e+02, 2.951500244140625e+02, 2.951500244140625e+02, 2.951500244140625e+02, 2.951499938964844e+02, 2.951499938964844e+02, 2.951499938964844e+02, 2.951499938964844e+02, 2.951499938964844e+02, 2.951499938964844e+02, 2.951499938964844e+02, 2.951499938964844e+02, 2.951499938964844e+02, 2.951499938964844e+02, 2.951499938964844e+02, 2.951499938964844e+02, 2.951499938964844e+02, 2.951499938964844e+02, 2.951499938964844e+02, 2.951499938964844e+02, 2.951499938964844e+02, 2.951499938964844e+02, 2.951499938964844e+02, 2.951499938964844e+02, 2.951499938964844e+02, 2.951499938964844e+02, 2.951499938964844e+02, 2.951499938964844e+02, 2.951499938964844e+02, 2.951499938964844e+02, 2.951499938964844e+02, 2.951499938964844e+02, 2.951499938964844e+02, 2.951499938964844e+02, 2.951499938964844e+02]
time=[0e+00, 3.6e+03]
hex.sta_a2.T=[2.931499938964844e+02, 2.931499938964844e+02, 2.931499938964844e+02, 2.931499938964844e+02, 2.931499938964844e+02, 2.931499938964844e+02, 2.931499938964844e+02, 2.931499938964844e+02, 2.931499938964844e+02, 2.931499938964844e+02, 2.931499938964844e+02, 2.931499938964844e+02, 2.931499938964844e+02, 2.931499938964844e+02, 2.931499938964844e+02, 2.931499938964844e+02, 2.931499938964844e+02, 2.931499938964844e+02, 2.931499938964844e+02, 2.931499938964844e+02, 2.931499938964844e+02, 2.931499938964844e+02, 2.931499938964844e+02, 2.931499938964844e+02, 2.931499938964844e+02, 2.931499938964844e+02, 2.931499938964844e+02, 2.931499938964844e+02, 2.931499938964844e+02, 2.931499938964844e+02, 2.931499938964844e+02, 2.931499938964844e+02, 2.931499938964844e+02, 2.931499938964844e+02, 2.931499938964844e+02, 2.931499938964844e+02, 2.931499938964844e+02, 2.931499938964844e+02, 2.931499938964844e+02, 2.931499938964844e+02, 2.931499938964844e+02, 2.931499938964844e+02, 2.931499938964844e+02, 2.931499938964844e+02, 2.931499938964844e+02, 2.931499938964844e+02, 2.931499938964844e+02, 2.931499938964844e+02, 2.931499938964844e+02, 2.931499938964844e+02, 2.931499938964844e+02, 2.931499938964844e+02, 2.931499938964844e+02, 2.931499938964844e+02, 2.931499938964844e+02, 2.931499938964844e+02, 2.931499938964844e+02, 2.931499938964844e+02, 2.931499938964844e+02, 2.931499938964844e+02, 2.931499938964844e+02, 2.931499938964844e+02, 2.931499938964844e+02, 2.931499938964844e+02, 2.931499938964844e+02, 2.931499938964844e+02, 2.931499938964844e+02, 2.931499938964844e+02, 2.931499938964844e+02, 2.931499938964844e+02, 2.931499938964844e+02, 2.931499938964844e+02, 2.931499938964844e+02, 2.931499938964844e+02, 2.931499938964844e+02, 2.931499938964844e+02, 2.931499938964844e+02, 2.931499938964844e+02, 2.931499938964844e+02, 2.931499938964844e+02, 2.931499938964844e+02, 2.931499938964844e+02, 2.931499938964844e+02, 2.931499938964844e+02, 2.931499938964844e+02, 2.931499938964844e+02, 2.931499938964844e+02, 2.931499938964844e+02, 2.931499938964844e+02, 2.931499938964844e+02, 2.931499938964844e+02, 2.931499938964844e+02, 2.931499938964844e+02, 2.931499938964844e+02, 2.931499938964844e+02, 2.931499938964844e+02, 2.931499938964844e+02, 2.931499938964844e+02, 2.931499938964844e+02, 2.931499938964844e+02, 2.931499938964844e+02]
hex.sta_b1.T=[3.210999145507812e+02, 3.078562927246094e+02, 3.108696594238281e+02, 3.116172180175781e+02, 3.118074951171875e+02, 3.118944396972656e+02, 3.119202880859375e+02, 3.119304504394531e+02, 3.119337768554688e+02, 3.119350280761719e+02, 3.119354553222656e+02, 3.119356079101562e+02, 3.119356384277344e+02, 3.119356689453125e+02, 3.119356689453125e+02, 3.119356689453125e+02, 3.119356689453125e+02, 3.119356689453125e+02, 3.119356689453125e+02, 3.119356689453125e+02, 3.119356689453125e+02, 3.119356689453125e+02, 3.119356689453125e+02, 3.119356689453125e+02, 3.119356689453125e+02, 3.119356689453125e+02, 3.119356689453125e+02, 3.119356689453125e+02, 3.119356689453125e+02, 3.119356689453125e+02, 3.119356689453125e+02, 3.119356689453125e+02, 3.119356689453125e+02, 3.119356689453125e+02, 3.119356689453125e+02, 3.119356689453125e+02, 3.119356689453125e+02, 3.119356689453125e+02, 3.119356689453125e+02, 3.119356689453125e+02, 3.119356689453125e+02, 3.119356689453125e+02, 3.119356689453125e+02, 3.119356689453125e+02, 3.119356689453125e+02, 3.119356689453125e+02, 3.119356689453125e+02, 3.119356689453125e+02, 3.119356689453125e+02, 3.119356689453125e+02, 3.119356689453125e+02, 3.06001220703125e+02, 3.0456005859375e+02, 3.041004333496094e+02, 3.036827392578125e+02, 3.034371643066406e+02, 3.033037414550781e+02, 3.032305603027344e+02, 3.031903991699219e+02, 3.031683959960938e+02, 3.031563415527344e+02, 3.031497802734375e+02, 3.031461791992188e+02, 3.031442260742188e+02, 3.031431274414062e+02, 3.031425476074219e+02, 3.031422424316406e+02, 3.031420593261719e+02, 3.031419677734375e+02, 3.031419067382812e+02, 3.031418762207031e+02, 3.031418762207031e+02, 3.03141845703125e+02, 3.03141845703125e+02, 3.03141845703125e+02, 3.03141845703125e+02, 3.03141845703125e+02, 3.03141845703125e+02, 3.03141845703125e+02, 3.03141845703125e+02, 3.03141845703125e+02, 3.03141845703125e+02, 3.03141845703125e+02, 3.03141845703125e+02, 3.03141845703125e+02, 3.03141845703125e+02, 3.03141845703125e+02, 3.03141845703125e+02, 3.03141845703125e+02, 3.03141845703125e+02, 3.03141845703125e+02, 3.03141845703125e+02, 3.03141845703125e+02, 3.03141845703125e+02, 3.03141845703125e+02, 3.03141845703125e+02, 3.03141845703125e+02, 3.03141845703125e+02, 3.03141845703125e+02, 3.03141845703125e+02, 3.03141845703125e+02]
hex.sta_b2.T=[3.100357666015625e+02, 2.966676635742188e+02, 2.991532897949219e+02, 2.998470153808594e+02, 3.000275573730469e+02, 3.001105346679688e+02, 3.001352844238281e+02, 3.001449890136719e+02, 3.00148193359375e+02, 3.001493835449219e+02, 3.001497802734375e+02, 3.001499328613281e+02, 3.001499633789062e+02, 3.001499938964844e+02, 3.001499938964844e+02, 3.001499938964844e+02, 3.001499938964844e+02, 3.001499938964844e+02, 3.001499938964844e+02, 3.001499938964844e+02, 3.001499938964844e+02, 3.001499938964844e+02, 3.001499938964844e+02, 3.001499938964844e+02, 3.001499938964844e+02, 3.001499938964844e+02, 3.001499938964844e+02, 3.001499938964844e+02, 3.001499938964844e+02, 3.001499938964844e+02, 3.001499938964844e+02, 3.001499938964844e+02, 3.001499938964844e+02, 3.001499938964844e+02, 3.001499938964844e+02, 3.001499938964844e+02, 3.001499938964844e+02, 3.001499938964844e+02, 3.001499938964844e+02, 3.001499938964844e+02, 3.001499938964844e+02, 3.001499938964844e+02, 3.001499938964844e+02, 3.001499938964844e+02, 3.001499938964844e+02, 3.001499938964844e+02, 3.001499938964844e+02, 3.001499938964844e+02, 3.001499938964844e+02, 3.001499938964844e+02, 3.001499938964844e+02, 2.957766418457031e+02, 2.9540673828125e+02, 2.953154907226562e+02, 2.952398071289062e+02, 2.951980285644531e+02, 2.95176025390625e+02, 2.951641845703125e+02, 2.951577453613281e+02, 2.951542358398438e+02, 2.951523132324219e+02, 2.951512451171875e+02, 2.951506958007812e+02, 2.95150390625e+02, 2.951502075195312e+02, 2.951501159667969e+02, 2.951500549316406e+02, 2.951500244140625e+02, 2.951500244140625e+02, 2.951500244140625e+02, 2.951499938964844e+02, 2.951499938964844e+02, 2.951499938964844e+02, 2.951499938964844e+02, 2.951499938964844e+02, 2.951499938964844e+02, 2.951499938964844e+02, 2.951499938964844e+02, 2.951499938964844e+02, 2.951499938964844e+02, 2.951499938964844e+02, 2.951499938964844e+02, 2.951499938964844e+02, 2.951499938964844e+02, 2.951499938964844e+02, 2.951499938964844e+02, 2.951499938964844e+02, 2.951499938964844e+02, 2.951499938964844e+02, 2.951499938964844e+02, 2.951499938964844e+02, 2.951499938964844e+02, 2.951499938964844e+02, 2.951499938964844e+02, 2.951499938964844e+02, 2.951499938964844e+02, 2.951499938964844e+02, 2.951499938964844e+02, 2.951499938964844e+02, 2.951499938964844e+02, 2.951499938964844e+02]
hex.sta_a1.T=[3.331499938964844e+02, 3.331499938964844e+02, 3.331499938964844e+02, 3.331499938964844e+02, 3.331499938964844e+02, 3.331499938964844e+02, 3.331499938964844e+02, 3.331499938964844e+02, 3.331499938964844e+02, 3.331499938964844e+02, 3.331499938964844e+02, 3.331499938964844e+02, 3.331499938964844e+02, 3.331499938964844e+02, 3.331499938964844e+02, 3.331499938964844e+02, 3.331499938964844e+02, 3.331499938964844e+02, 3.331499938964844e+02, 3.331499938964844e+02, 3.331499938964844e+02, 3.331499938964844e+02, 3.331499938964844e+02, 3.331499938964844e+02, 3.331499938964844e+02, 3.331499938964844e+02, 3.331499938964844e+02, 3.331499938964844e+02, 3.331499938964844e+02, 3.331499938964844e+02, 3.331499938964844e+02, 3.331499938964844e+02, 3.331499938964844e+02, 3.331499938964844e+02, 3.331499938964844e+02, 3.331499938964844e+02, 3.331499938964844e+02, 3.331499938964844e+02, 3.331499938964844e+02, 3.331499938964844e+02, 3.331499938964844e+02, 3.331499938964844e+02, 3.331499938964844e+02, 3.331499938964844e+02, 3.331499938964844e+02, 3.331499938964844e+02, 3.331499938964844e+02, 3.331499938964844e+02, 3.331499938964844e+02, 3.331499938964844e+02, 3.331499938964844e+02, 3.331499938964844e+02, 3.331499938964844e+02, 3.331499938964844e+02, 3.331499938964844e+02, 3.331499938964844e+02, 3.331499938964844e+02, 3.331499938964844e+02, 3.331499938964844e+02, 3.331499938964844e+02, 3.331499938964844e+02, 3.331499938964844e+02, 3.331499938964844e+02, 3.331499938964844e+02, 3.331499938964844e+02, 3.331499938964844e+02, 3.331499938964844e+02, 3.331499938964844e+02, 3.331499938964844e+02, 3.331499938964844e+02, 3.331499938964844e+02, 3.331499938964844e+02, 3.331499938964844e+02, 3.331499938964844e+02, 3.331499938964844e+02, 3.331499938964844e+02, 3.331499938964844e+02, 3.331499938964844e+02, 3.331499938964844e+02, 3.331499938964844e+02, 3.331499938964844e+02, 3.331499938964844e+02, 3.331499938964844e+02, 3.331499938964844e+02, 3.331499938964844e+02, 3.331499938964844e+02, 3.331499938964844e+02, 3.331499938964844e+02, 3.331499938964844e+02, 3.331499938964844e+02, 3.331499938964844e+02, 3.331499938964844e+02, 3.331499938964844e+02, 3.331499938964844e+02, 3.331499938964844e+02, 3.331499938964844e+02, 3.331499938964844e+02, 3.331499938964844e+02, 3.331499938964844e+02, 3.331499938964844e+02, 3.331499938964844e+02]
hex.Q1_flow=[-4.560437622070312e+02, -9.500399780273438e+01, -1.621341247558594e+02, -1.808704986572266e+02, -1.857463226318359e+02, -1.879874267578125e+02, -1.886555023193359e+02, -1.889178771972656e+02, -1.890043792724609e+02, -1.890362243652344e+02, -1.890472259521484e+02, -1.890511474609375e+02, -1.890524139404297e+02, -1.890529174804688e+02, -1.890532073974609e+02, -1.890531616210938e+02, -1.890531921386719e+02, -1.890532073974609e+02, -1.8905322265625e+02, -1.8905322265625e+02, -1.8905322265625e+02, -1.8905322265625e+02, -1.8905322265625e+02, -1.8905322265625e+02, -1.8905322265625e+02, -1.8905322265625e+02, -1.8905322265625e+02, -1.8905322265625e+02, -1.8905322265625e+02, -1.8905322265625e+02, -1.8905322265625e+02, -1.8905322265625e+02, -1.8905322265625e+02, -1.8905322265625e+02, -1.8905322265625e+02, -1.8905322265625e+02, -1.8905322265625e+02, -1.8905322265625e+02, -1.8905322265625e+02, -1.8905322265625e+02, -1.8905322265625e+02, -1.8905322265625e+02, -1.8905322265625e+02, -1.8905322265625e+02, -1.8905322265625e+02, -1.8905322265625e+02, -1.8905322265625e+02, -1.8905322265625e+02, -1.8905322265625e+02, -1.8905322265625e+02, -1.8905322265625e+02, -7.093955993652344e+01, -6.09489631652832e+01, -5.848456573486328e+01, -5.644102478027343e+01, -5.531201934814452e+01, -5.471831130981445e+01, -5.439830780029297e+01, -5.422412872314453e+01, -5.412923431396484e+01, -5.407746505737305e+01, -5.404920959472656e+01, -5.403378677368164e+01, -5.402538681030273e+01, -5.402076721191406e+01, -5.401824951171875e+01, -5.401687622070312e+01, -5.401611328125e+01, -5.401570892333984e+01, -5.401548004150391e+01, -5.401535415649414e+01, -5.401528549194336e+01, -5.401525497436523e+01, -5.401523590087891e+01, -5.401521682739258e+01, -5.401520919799805e+01, -5.401520919799805e+01, -5.401520919799805e+01, -5.401520919799805e+01, -5.401521301269531e+01, -5.401521301269531e+01, -5.401520919799805e+01, -5.401520919799805e+01, -5.401520919799805e+01, -5.401520919799805e+01, -5.401520919799805e+01, -5.401520919799805e+01, -5.401520919799805e+01, -5.401520919799805e+01, -5.401520919799805e+01, -5.401520919799805e+01, -5.401520919799805e+01, -5.401520919799805e+01, -5.401520919799805e+01, -5.401520919799805e+01, -5.401520919799805e+01, -5.401520919799805e+01, -5.401520919799805e+01, -5.401520919799805e+01, -5.401520919799805e+01, -5.401520919799805e+01]
hex.Q2_flow=[4.560437622070312e+02, 9.500399780273438e+01, 1.621341247558594e+02, 1.808704986572266e+02, 1.857463226318359e+02, 1.879874267578125e+02, 1.886555023193359e+02, 1.889178771972656e+02, 1.890043792724609e+02, 1.890362243652344e+02, 1.890472259521484e+02, 1.890511474609375e+02, 1.890524139404297e+02, 1.890529174804688e+02, 1.890532073974609e+02, 1.890531616210938e+02, 1.890531921386719e+02, 1.890532073974609e+02, 1.8905322265625e+02, 1.8905322265625e+02, 1.8905322265625e+02, 1.8905322265625e+02, 1.8905322265625e+02, 1.8905322265625e+02, 1.8905322265625e+02, 1.8905322265625e+02, 1.8905322265625e+02, 1.8905322265625e+02, 1.8905322265625e+02, 1.8905322265625e+02, 1.8905322265625e+02, 1.8905322265625e+02, 1.8905322265625e+02, 1.8905322265625e+02, 1.8905322265625e+02, 1.8905322265625e+02, 1.8905322265625e+02, 1.8905322265625e+02, 1.8905322265625e+02, 1.8905322265625e+02, 1.8905322265625e+02, 1.8905322265625e+02, 1.8905322265625e+02, 1.8905322265625e+02, 1.8905322265625e+02, 1.8905322265625e+02, 1.8905322265625e+02, 1.8905322265625e+02, 1.8905322265625e+02, 1.8905322265625e+02, 1.8905322265625e+02, 7.093955993652344e+01, 6.09489631652832e+01, 5.848456573486328e+01, 5.644102478027343e+01, 5.531201934814452e+01, 5.471831130981445e+01, 5.439830780029297e+01, 5.422412872314453e+01, 5.412923431396484e+01, 5.407746505737305e+01, 5.404920959472656e+01, 5.403378677368164e+01, 5.402538681030273e+01, 5.402076721191406e+01, 5.401824951171875e+01, 5.401687622070312e+01, 5.401611328125e+01, 5.401570892333984e+01, 5.401548004150391e+01, 5.401535415649414e+01, 5.401528549194336e+01, 5.401525497436523e+01, 5.401523590087891e+01, 5.401521682739258e+01, 5.401520919799805e+01, 5.401520919799805e+01, 5.401520919799805e+01, 5.401520919799805e+01, 5.401521301269531e+01, 5.401521301269531e+01, 5.401520919799805e+01, 5.401520919799805e+01, 5.401520919799805e+01, 5.401520919799805e+01, 5.401520919799805e+01, 5.401520919799805e+01, 5.401520919799805e+01, 5.401520919799805e+01, 5.401520919799805e+01, 5.401520919799805e+01, 5.401520919799805e+01, 5.401520919799805e+01, 5.401520919799805e+01, 5.401520919799805e+01, 5.401520919799805e+01, 5.401520919799805e+01, 5.401520919799805e+01, 5.401520919799805e+01, 5.401520919799805e+01, 5.401520919799805e+01]
hex.m2_flow=[6.454972084611654e-03, 6.454972084611654e-03]
hex.m1_flow=[9.045340120792389e-03, 8.977132965810597e-04, 1.739246072247624e-03, 2.007592935115099e-03, 2.080095931887627e-03, 2.113803755491972e-03, 2.12389905937016e-03, 2.127869985997677e-03, 2.12917965836823e-03, 2.129662083461881e-03, 2.129828557372093e-03, 2.129888162016869e-03, 2.129907254129648e-03, 2.129914704710245e-03, 2.129919128492475e-03, 2.129918430000544e-03, 2.129918895661831e-03, 2.129919361323118e-03, 2.129919361323118e-03, 2.129919594153762e-03, 2.129919594153762e-03, 2.129919594153762e-03, 2.129919594153762e-03, 2.129919594153762e-03, 2.129919594153762e-03, 2.129919594153762e-03, 2.129919594153762e-03, 2.129919594153762e-03, 2.129919594153762e-03, 2.129919594153762e-03, 2.129919594153762e-03, 2.129919594153762e-03, 2.129919594153762e-03, 2.129919594153762e-03, 2.129919594153762e-03, 2.129919594153762e-03, 2.129919594153762e-03, 2.129919594153762e-03, 2.129919594153762e-03, 2.129919594153762e-03, 2.129919594153762e-03, 2.129919594153762e-03, 2.129919594153762e-03, 2.129919594153762e-03, 2.129919594153762e-03, 2.129919594153762e-03, 2.129919594153762e-03, 2.129919594153762e-03, 2.129919594153762e-03, 2.129919594153762e-03, 2.129919594153762e-03, 6.245200638659298e-04, 5.095199448987842e-04, 4.81182592920959e-04, 4.577868967317044e-04, 4.449218977242708e-04, 4.381783364806324e-04, 4.345506313256919e-04, 4.325782647356391e-04, 4.315043042879552e-04, 4.309186479076743e-04, 4.305990587454289e-04, 4.304246394895017e-04, 4.303296445868909e-04, 4.302774032112211e-04, 4.302489396650344e-04, 4.302333982195705e-04, 4.302247834857553e-04, 4.302201850805432e-04, 4.302175948396325e-04, 4.302161978557706e-04, 4.302153829485178e-04, 4.302150628063828e-04, 4.302148299757391e-04, 4.302146553527564e-04, 4.30214568041265e-04, 4.302145389374346e-04, 4.302145389374346e-04, 4.30214568041265e-04, 4.30214568041265e-04, 4.30214568041265e-04, 4.30214568041265e-04, 4.302145389374346e-04, 4.302145389374346e-04, 4.302145389374346e-04, 4.302145389374346e-04, 4.302145389374346e-04, 4.302145389374346e-04, 4.302145389374346e-04, 4.302145389374346e-04, 4.302145389374346e-04, 4.302145389374346e-04, 4.302145389374346e-04, 4.302145389374346e-04, 4.302145389374346e-04, 4.302145389374346e-04, 4.302145389374346e-04, 4.302145098336041e-04, 4.302145098336041e-04, 4.302145098336041e-04, 4.302145098336041e-04]
