last-generated=2016-12-02
statistics-simulation=
{
  "numerical Jacobians": "0", 
  "nonlinear": " ", 
  "linear": " "
}
res.m_flow=[-0.20000000298023223877, -0.19798989589462312466, -0.19595918050214369832, -0.19390720115165652193, -0.19183325748854021531, -0.18973666445209322329, -0.18761663110241327823, -0.18547236925823062936, -0.18330302795443467745, -0.18110770065997722211, -0.17888544533151873317, -0.17663522051170438276, -0.17435595331566258737, -0.17204651125519146437, -0.16970562948904682754, -0.16733200990379581974, -0.16492421838204227025, -0.16248077198113630715, -0.15999999820906291026, -0.15748014985464331428, -0.15491934197475676349, -0.15231546587121952419, -0.14966629413636198254, -0.14696937912800170367, -0.14422204941454311311, -0.14142136275768280029, -0.13856406234001486522, -0.13564659970784978538, -0.13266499376395229914, -0.12961481253453213669, -0.12649110335638574787, -0.12328828203342666325, -0.11999999492696163117, -0.11661904008621505613, -0.11313708252593200621, -0.10954450597542296497, -0.10583005639251272245, -0.10198039002768388706, -0.09797958834188631727, -0.09380830956665950349, -0.08944272515175460958, -0.08485281297903035647, -0.07999999161387633118, -0.07483315102402640639, -0.06928203116120561222, -0.06324554218165301389, -0.0561316939945624635, -0.0455555528388140174, -0.03201644388551169035, -0.01650207345659909092, 0., 0.01650207345637075967, 0.03201648748421472707, 0.04555558843129335622, 0.05613166737345966217, 0.0632455421817665342, 0.0692820311611849482, 0.07483315102396981278, 0.08000000650484644094, 0.08485282696927645696, 0.08944271178323524862, 0.09380830956675081933, 0.09797958834191544675, 0.10198039002765613148, 0.10583005639243243945, 0.10954451683607281665, 0.1131370719642117717, 0.11661902986039457408, 0.11999999492699726933, 0.12328828203343815406, 0.12649110335632968161, 0.12961482172205238128, 0.13266498475939128565, 0.13564659091430136817, 0.13856406234005597122, 0.14142136275768280029, 0.1442220535451334551, 0.14696938317601149215, 0.14966630208812017888, 0.15231546195122511178, 0.15491933812346905808, 0.15748014985463429372, 0.15999999820903629266, 0.16248077564391555372, 0.16492422560202418813, 0.16733200277368778797, 0.16970562597231295121, 0.1720465112552080067, 0.17435595502432049697, 0.17663522388208216518, 0.17888545032310301797, 0.18110769407171159462, 0.18330302469887760353, 0.1854723676496922713, 0.18761663189640684357, 0.18973666680550152486, 0.19183326214448009894, 0.19390719538199671645, 0.1959591766960875614, 0.19798989401116240394, 0.20000000298023223877]
res.m_flow_nominal=[0.20000000298023223877, 0.20000000298023223877]
time=[0., 1.]
