last-generated=2022-01-07
statistics-simulation=
{
  "linear": " ",
  "nonlinear": " ",
  "number of continuous time states": "1",
  "numerical Jacobians": "0"
}
time=[0e+00, 3.6e+03]
soc.Q_flow=[3.3355e+05, 3.328918125e+05, 3.3091984375e+05, 3.2764190625e+05, 3.2307090625e+05, 3.1722490625e+05, 3.101269375e+05, 3.018050625e+05, 2.9229209375e+05, 2.8162559375e+05, 2.69847625e+05, 2.570046875e+05, 2.43147484375e+05, 2.283306875e+05, 2.12612765625e+05, 1.96055765625e+05, 1.7872503125e+05, 1.606889375e+05, 1.420186875e+05, 1.227879453125e+05, 1.030726171875e+05, 8.2950515625e+04, 6.25010390625e+04, 4.18048984375e+04, 2.094377734375e+04, -1.090520673763251e-09, -2.094377734375e+04, -4.180489843750007e+04, -6.250103906250007e+04, -8.2950515625e+04, -1.030726171875e+05, -1.227879453125e+05, -1.420186875e+05, -1.606889375e+05, -1.7872503125e+05, -1.96055765625e+05, -2.12612765625e+05, -2.283306875e+05, -2.43147484375e+05, -2.570046875e+05, -2.69847625e+05, -2.8162559375e+05, -2.9229209375e+05, -3.018050625e+05, -3.101269375e+05, -3.1722490625e+05, -3.2307090625e+05, -3.2764190625e+05, -3.3091984375e+05, -3.328918125e+05, -3.3355e+05, -3.328918125e+05, -3.3091984375e+05, -3.2764190625e+05, -3.230709062499999e+05, -3.172249062499999e+05, -3.101269374999999e+05, -3.018050625e+05, -2.9229209375e+05, -2.8162559375e+05, -2.69847625e+05, -2.570046875e+05, -2.43147484375e+05, -2.283306875e+05, -2.12612765625e+05, -1.96055765625e+05, -1.7872503125e+05, -1.606889375e+05, -1.420186875e+05, -1.227879453125e+05, -1.030726171875e+05, -8.2950515625e+04, -6.25010390625e+04, -4.18048984375e+04, -2.094377734375e+04, -4.208799087024317e-09, 2.094377734375e+04, 4.18048984375e+04, 6.25010390625e+04, 8.2950515625e+04, 1.030726171875e+05, 1.227879453125e+05, 1.420186875e+05, 1.606889375e+05, 1.7872503125e+05, 1.96055765625e+05, 2.12612765625e+05, 2.283306875e+05, 2.43147484375e+05, 2.570046875e+05, 2.69847625e+05, 2.8162559375e+05, 2.9229209375e+05, 3.018050625e+05, 3.101269375e+05, 3.1722490625e+05, 3.2307090625e+05, 3.2764190625e+05, 3.3091984375e+05, 3.328918125e+05, 3.3355e+05]
soc.SOC=[5e-01, 5.126370191574097e-01, 5.252199172973633e-01, 5.377061367034912e-01, 5.500462055206299e-01, 5.621893405914307e-01, 5.740876197814941e-01, 5.856935977935791e-01, 5.969612598419189e-01, 6.078462600708008e-01, 6.183061003684998e-01, 6.282990574836731e-01, 6.377859711647034e-01, 6.467287540435791e-01, 6.55092179775238e-01, 6.628432869911194e-01, 6.699514985084534e-01, 6.763888001441956e-01, 6.82129979133606e-01, 6.871522665023804e-01, 6.914360523223877e-01, 6.949641704559326e-01, 6.977230906486511e-01, 6.997016668319702e-01, 7.008919715881348e-01, 7.012896537780762e-01, 7.008926868438721e-01, 6.997027993202209e-01, 6.977246999740601e-01, 6.949660778045654e-01, 6.91437840461731e-01, 6.871539950370789e-01, 6.821315288543701e-01, 6.763900518417358e-01, 6.699526309967041e-01, 6.628443598747253e-01, 6.550934314727783e-01, 6.467304825782776e-01, 6.377884149551392e-01, 6.283025741577148e-01, 6.183103322982788e-01, 6.078510880470276e-01, 5.969662666320801e-01, 5.85698664188385e-01, 5.740928053855896e-01, 5.621945858001709e-01, 5.500507950782776e-01, 5.377094745635986e-01, 5.252193808555603e-01, 5.126296281814575e-01, 4.999901354312897e-01, 4.873505830764771e-01, 4.747609496116638e-01, 4.622709155082703e-01, 4.499297440052032e-01, 4.377861320972442e-01, 4.258880615234374e-01, 4.142824113368988e-01, 4.030151069164276e-01, 3.921308815479279e-01, 3.816726505756378e-01, 3.716817498207092e-01, 3.621973991394043e-01, 3.532567620277405e-01, 3.448945879936218e-01, 3.37145060300827e-01, 3.300380706787109e-01, 3.236014246940613e-01, 3.178608417510986e-01, 3.128390908241272e-01, 3.085558712482452e-01, 3.050280809402466e-01, 3.022699952125549e-01, 3.002922534942627e-01, 2.991024851799011e-01, 2.987061142921448e-01, 2.991041839122772e-01, 3.002947866916656e-01, 3.022739291191101e-01, 3.050335943698883e-01, 3.085624277591705e-01, 3.128466904163361e-01, 3.178699612617493e-01, 3.23611855506897e-01, 3.300495445728302e-01, 3.371584117412567e-01, 3.449099063873291e-01, 3.532730937004089e-01, 3.622157573699951e-01, 3.71702253818512e-01, 3.81694883108139e-01, 3.921544551849365e-01, 4.03039962053299e-01, 4.143079817295074e-01, 4.259140491485596e-01, 4.378128349781036e-01, 4.499570429325104e-01, 4.622984826564789e-01, 4.74789023399353e-01, 4.873790740966797e-01, 5.00018835067749e-01]
