last-generated=2016-06-07
statistics-simulation=
{
  "numerical Jacobians": "0", 
  "nonlinear": " ", 
  "number of continuous time states": "2", 
  "linear": " "
}
con.u_m=[293.149993896484375, 289.853851318359375, 286.855743408203125, 284.09027099609375, 281.567596435546875, 279.277008056640625, 277.20770263671875, 275.3468017578125, 273.6849365234375, 272.213043212890625, 270.919830322265625, 269.797210693359375, 271.7247314453125, 277.29510498046875, 282.482818603515625, 287.321197509765625, 291.842864990234375, 296.076263427734375, 300.04925537109375, 303.7872314453125, 307.3126220703125, 310.645294189453125, 313.29095458984375, 313.146759033203125, 313.151153564453125, 313.151092529296875, 313.151092529296875, 313.151092529296875, 313.151092529296875, 313.15106201171875, 313.15106201171875, 313.151031494140625, 313.1510009765625, 313.150970458984375, 313.15093994140625, 313.150909423828125, 313.150848388671875, 313.150787353515625, 313.1507568359375, 313.15069580078125, 313.152862548828125, 313.19744873046875, 313.293487548828125, 313.43170166015625, 313.603179931640625, 313.798980712890625, 314.010711669921875, 313.4864501953125, 311.7813720703125, 310.230072021484375, 308.807861328125, 307.50164794921875, 306.2908935546875, 305.172332763671875, 304.1256103515625, 303.139556884765625, 302.207733154296875, 301.316162109375, 300.4581298828125, 304.903778076171875, 310.265777587890625, 313.42352294921875, 313.317596435546875, 313.1495361328125, 313.149139404296875, 313.14910888671875, 313.149078369140625, 313.1490478515625, 313.149017333984375, 313.14898681640625, 313.148956298828125, 313.148956298828125, 313.14892578125, 313.14892578125, 313.148895263671875, 313.148895263671875, 313.148895263671875, 313.14892578125, 313.14892578125, 313.148956298828125, 313.148956298828125, 313.14898681640625, 313.149017333984375, 313.1490478515625, 313.149078369140625, 313.14910888671875, 313.149169921875, 313.149200439453125, 313.149261474609375, 313.1492919921875, 313.14935302734375, 313.1494140625, 313.14947509765625, 313.1495361328125, 313.14959716796875, 313.149658203125, 313.14971923828125, 313.1497802734375, 313.149871826171875, 313.149932861328125, 313.149993896484375]
con.u_s=[313.149993896484375, 313.149993896484375]
time=[0., 86400.]
con.y=[0., 0., 0., 0., 0., 0., 0., 0., 0., 0., 0., 0., 1., 1., 1., 1., 1., 1., 1., 1., 1., 1., 0.39799097180366516113, 0.53519523143768310547, 0.51555681228637695312, 0.50001484155654907227, 0.48431921005249023438, 0.46871179342269897461, 0.4532190263271331232, 0.43786016106605529785, 0.42278748750686645508, 0.40800449252128601074, 0.39356428384780883789, 0.37958756089210510254, 0.36604380607604974918, 0.3530655801296234686, 0.34064000844955444336, 0.32886582612991333008, 0.31776008009910583496, 0.30737471580505371094, 0.30000001192092895508, 0.30000001192092895508, 0.30000001192092895508, 0.30000001192092895508, 0.30000001192092895508, 0.30000001192092895508, 0.30000001192092895508, 0., 0., 0., 0., 0., 0., 0., 0., 0., 0., 0., 0., 1., 1., 0.30000001192092895508, 0.30000001192092895508, 0.30214092135429382324, 0.3414274752140045166, 0.35301685333251953125, 0.3660303950309753418, 0.37954241037368774414, 0.39352691173553477899, 0.40794712305068958624, 0.4227166473865507923, 0.43779852986335754395, 0.45313885807991027832, 0.4686355292797088623, 0.48428794741630554199, 0.49998605251312255859, 0.51568484306335449219, 0.53132259845733642578, 0.54683625698089599609, 0.56216454505920410156, 0.57724559307098388672, 0.59202498197555541992, 0.6064402461051940918, 0.62043070793151855469, 0.63394969701766967773, 0.64694273471832275391, 0.65935015678405761719, 0.67112845182418823242, 0.68223977088928222656, 0.69262564182281494141, 0.70224267244338989258, 0.71107339859008789062, 0.7190723419189453125, 0.72620701789855957031, 0.73244941234588623047, 0.73777252435684204102, 0.74215275049209594727, 0.74557840824127197266, 0.74803566932678222656, 0.74951356649398803711, 0.75000905990600585938]
