last-generated=2017-05-31
statistics-initialization=
{
  "numerical Jacobians": "0", 
  "nonlinear": "1"
}
statistics-simulation=
{
  "numerical Jacobians": "0", 
  "nonlinear": "1", 
  "number of continuous time states": "11", 
  "linear": " "
}
solCol.vol[3].T=[2.931499938964844e+02, 2.830756225585938e+02, 2.83072998046875e+02, 2.83072998046875e+02, 2.83072998046875e+02, 2.83072998046875e+02, 2.83072998046875e+02, 2.83072998046875e+02, 2.830729675292969e+02, 2.830725708007812e+02, 2.830700988769531e+02, 2.830661315917969e+02, 2.830617980957031e+02, 2.830580139160156e+02, 2.830542907714844e+02, 2.830503845214844e+02, 2.830462646484375e+02, 2.83041748046875e+02, 2.830325927734375e+02, 2.83019287109375e+02, 2.830057983398438e+02, 2.829959411621094e+02, 2.829912719726562e+02, 2.829902038574219e+02, 2.829918518066406e+02, 2.829953308105469e+02, 2.830025024414062e+02, 2.830152282714844e+02, 2.830295715332031e+02, 2.830526123046875e+02, 2.830746765136719e+02, 2.831242980957031e+02, 2.83279296875e+02, 2.837328491210938e+02, 2.844742126464844e+02, 2.853540649414062e+02, 2.861943054199219e+02, 2.869586486816406e+02, 2.87719482421875e+02, 2.884495239257812e+02, 2.891732177734375e+02, 2.896076049804688e+02, 2.899324645996094e+02, 2.901371765136719e+02, 2.902030944824219e+02, 2.901411437988281e+02, 2.89809326171875e+02, 2.89627197265625e+02, 2.894447021484375e+02, 2.892628479003906e+02, 2.890664367675781e+02, 2.888575744628906e+02, 2.886387634277344e+02, 2.884125366210938e+02, 2.881793823242188e+02, 2.879377746582031e+02, 2.876864929199219e+02, 2.874266662597656e+02, 2.87147705078125e+02, 2.86830322265625e+02, 2.864859619140625e+02, 2.861329345703125e+02, 2.857794189453125e+02, 2.854166870117188e+02, 2.850274658203125e+02, 2.847428283691406e+02, 2.842674560546875e+02, 2.836770629882812e+02, 2.833381652832031e+02, 2.832136535644531e+02, 2.831912536621094e+02, 2.831803283691406e+02, 2.831791687011719e+02, 2.831801452636719e+02, 2.831812744140625e+02, 2.831806030273438e+02, 2.831776428222656e+02, 2.831741027832031e+02, 2.831705627441406e+02, 2.831673889160156e+02, 2.831654968261719e+02, 2.831658325195312e+02, 2.831669006347656e+02, 2.831671447753906e+02, 2.831639709472656e+02, 2.831528625488281e+02, 2.831380615234375e+02, 2.831249389648438e+02, 2.83118896484375e+02, 2.831225891113281e+02, 2.8313037109375e+02, 2.831356506347656e+02, 2.831319885253906e+02, 2.831222839355469e+02, 2.83111083984375e+02, 2.830996704101562e+02, 2.830893859863281e+02, 2.830806274414062e+02, 2.830728149414062e+02, 2.830659790039062e+02, 2.830600891113281e+02]
solCol.vol[9].T=[2.931499938964844e+02, 2.839635314941406e+02, 2.829257507324219e+02, 2.829252624511719e+02, 2.829252624511719e+02, 2.829252624511719e+02, 2.829252624511719e+02, 2.829252624511719e+02, 2.829252319335938e+02, 2.829245910644531e+02, 2.829188232421875e+02, 2.829080505371094e+02, 2.828954467773438e+02, 2.828839416503906e+02, 2.828732604980469e+02, 2.828619689941406e+02, 2.828500671386719e+02, 2.828373413085938e+02, 2.828145751953125e+02, 2.827778625488281e+02, 2.827379150390625e+02, 2.827059936523438e+02, 2.82689208984375e+02, 2.826838073730469e+02, 2.826869506835938e+02, 2.82696044921875e+02, 2.827135009765625e+02, 2.8274755859375e+02, 2.827889099121094e+02, 2.828484802246094e+02, 2.829137573242188e+02, 2.830323791503906e+02, 2.833803100585938e+02, 2.844870910644531e+02, 2.864801330566406e+02, 2.88969482421875e+02, 2.915229187011719e+02, 2.937483520507812e+02, 2.959770202636719e+02, 2.981328735351562e+02, 3.002233581542969e+02, 3.017252807617188e+02, 3.027442932128906e+02, 3.034260559082031e+02, 3.037145080566406e+02, 3.036123962402344e+02, 3.027103881835938e+02, 3.021768493652344e+02, 3.016399841308594e+02, 3.011137084960938e+02, 3.00550048828125e+02, 2.99948486328125e+02, 2.993161926269531e+02, 2.986605529785156e+02, 2.979850463867188e+02, 2.972859802246094e+02, 2.965592346191406e+02, 2.958061828613281e+02, 2.950100402832031e+02, 2.941096496582031e+02, 2.931199340820312e+02, 2.920929260253906e+02, 2.910592651367188e+02, 2.900359802246094e+02, 2.888279724121094e+02, 2.880021057128906e+02, 2.867685852050781e+02, 2.850303955078125e+02, 2.838819580078125e+02, 2.833805847167969e+02, 2.832838745117188e+02, 2.832431030273438e+02, 2.832353210449219e+02, 2.832371520996094e+02, 2.832406921386719e+02, 2.832402954101562e+02, 2.832328186035156e+02, 2.832227783203125e+02, 2.832123413085938e+02, 2.832027282714844e+02, 2.83196044921875e+02, 2.831956787109375e+02, 2.831986083984375e+02, 2.832001953125e+02, 2.831941833496094e+02, 2.831669006347656e+02, 2.83125244140625e+02, 2.830848388671875e+02, 2.830614624023438e+02, 2.830662536621094e+02, 2.8308740234375e+02, 2.831056823730469e+02, 2.831019287109375e+02, 2.830760498046875e+02, 2.830440979003906e+02, 2.830106811523438e+02, 2.829797058105469e+02, 2.829532775878906e+02, 2.829298400878906e+02, 2.829092102050781e+02, 2.828913879394531e+02]
solCol.vol[6].T=[2.931499938964844e+02, 2.831172790527344e+02, 2.829981079101562e+02, 2.829980773925781e+02, 2.829980773925781e+02, 2.829980773925781e+02, 2.829980773925781e+02, 2.829980773925781e+02, 2.829980773925781e+02, 2.829974975585938e+02, 2.829931030273438e+02, 2.829855346679688e+02, 2.829769592285156e+02, 2.829693603515625e+02, 2.829620971679688e+02, 2.829544067382812e+02, 2.829463195800781e+02, 2.829376220703125e+02, 2.829209594726562e+02, 2.828953857421875e+02, 2.828684692382812e+02, 2.82847900390625e+02, 2.82837646484375e+02, 2.828347778320312e+02, 2.828374938964844e+02, 2.828440246582031e+02, 2.828568725585938e+02, 2.828810119628906e+02, 2.829091796875e+02, 2.829522094726562e+02, 2.829956359863281e+02, 2.830838623046875e+02, 2.833498840332031e+02, 2.841703186035156e+02, 2.85577392578125e+02, 2.872852478027344e+02, 2.889830627441406e+02, 2.904871215820312e+02, 2.919912414550781e+02, 2.934403991699219e+02, 2.948629455566406e+02, 2.957978820800781e+02, 2.964629821777344e+02, 2.968957824707031e+02, 2.970586242675781e+02, 2.969624328613281e+02, 2.963249816894531e+02, 2.959687805175781e+02, 2.9560693359375e+02, 2.952502746582031e+02, 2.948660278320312e+02, 2.944566955566406e+02, 2.940271911621094e+02, 2.935824584960938e+02, 2.931242370605469e+02, 2.926497497558594e+02, 2.921563110351562e+02, 2.916455383300781e+02, 2.911019287109375e+02, 2.904844970703125e+02, 2.898101501464844e+02, 2.891147766113281e+02, 2.884164428710938e+02, 2.877205505371094e+02, 2.869187316894531e+02, 2.8636376953125e+02, 2.854797058105469e+02, 2.843015441894531e+02, 2.835795288085938e+02, 2.832870483398438e+02, 2.832358093261719e+02, 2.832110900878906e+02, 2.832075500488281e+02, 2.832091674804688e+02, 2.832115173339844e+02, 2.832107849121094e+02, 2.832052612304688e+02, 2.831983947753906e+02, 2.831913452148438e+02, 2.831849670410156e+02, 2.831807861328125e+02, 2.831810302734375e+02, 2.8318310546875e+02, 2.831838989257812e+02, 2.831788940429688e+02, 2.831586608886719e+02, 2.831298828125e+02, 2.831031799316406e+02, 2.830892028808594e+02, 2.830945434570312e+02, 2.831094970703125e+02, 2.831210021972656e+02, 2.831162109375e+02, 2.830977478027344e+02, 2.830758361816406e+02, 2.830532836914062e+02, 2.830326538085938e+02, 2.830150756835938e+02, 2.829994506835938e+02, 2.829857482910156e+02, 2.829739074707031e+02]
time=[0e+00, 8.64e+04]
shaCoe.y=[0e+00, 0e+00, 0e+00, 0e+00, 0e+00, 0e+00, 0e+00, 0e+00, 0e+00, 0e+00, 0e+00, 0e+00, 0e+00, 0e+00, 0e+00, 0e+00, 0e+00, 0e+00, 0e+00, 0e+00, 0e+00, 0e+00, 0e+00, 0e+00, 0e+00, 0e+00, 0e+00, 0e+00, 0e+00, 0e+00, 0e+00, 0e+00, 0e+00, 0e+00, 0e+00, 0e+00, 0e+00, 0e+00, 0e+00, 0e+00, 2.149382047355175e-02, 5.720663070678711e-02, 9.291943907737732e-02, 1.286322474479675e-01, 1.643450558185577e-01, 2.000578641891479e-01, 2.357706725597382e-01, 2.714834809303284e-01, 3.071962893009186e-01, 3.429090976715088e-01, 3.78621906042099e-01, 4.143347144126892e-01, 4.500475227832794e-01, 4.857603311538696e-01, 5.214731693267822e-01, 5.571859478950504e-01, 5.92898786067963e-01, 6.286115646362301e-01, 6.643244028091431e-01, 7.000371813774109e-01, 7.357500195503235e-01, 7.714627981185913e-01, 8.071756362915039e-01, 8.428884148597717e-01, 8.786012530326843e-01, 9.143140316009521e-01, 9.500268697738647e-01, 9.857396483421326e-01, 1e+00, 1e+00, 1e+00, 1e+00, 1e+00, 1e+00, 1e+00, 1e+00, 1e+00, 1e+00, 1e+00, 1e+00, 1e+00, 1e+00, 1e+00, 1e+00, 1e+00, 1e+00, 1e+00, 1e+00, 1e+00, 1e+00, 1e+00, 1e+00, 1e+00, 1e+00, 1e+00, 1e+00, 1e+00, 1e+00, 1e+00, 1e+00, 1e+00]
