last-generated=2019-08-07
statistics-initialization=
{
  "nonlinear": "5, 0, 4, 0, 0",
  "numerical Jacobians": "0"
}
statistics-simulation=
{
  "linear": "0, 0, 0, 0, 0, 0, 0",
  "nonlinear": "1, 0, 4, 0, 0",
  "number of continuous time states": "29",
  "numerical Jacobians": "0"
}
rad.sta_a.T=[2.931499938964844e+02, 3.25136474609375e+02, 3.281027221679688e+02, 3.281035461425781e+02, 3.279678649902344e+02, 3.276793823242188e+02, 3.274088134765625e+02, 3.273218383789062e+02, 3.273846740722656e+02, 3.272056274414062e+02, 3.2694921875e+02, 3.269253234863281e+02, 3.269247131347656e+02, 3.269244079589844e+02, 3.269242858886719e+02, 3.268812255859375e+02, 3.266017761230469e+02, 3.237335510253906e+02, 3.213241882324219e+02, 3.196689147949219e+02, 3.186609191894531e+02, 3.177872314453125e+02, 3.170198364257812e+02, 3.162507934570312e+02, 3.154783935546875e+02, 3.147010498046875e+02, 3.141421813964844e+02, 3.137076110839844e+02, 3.130685424804688e+02, 3.1262939453125e+02, 3.126298522949219e+02, 3.126310119628906e+02, 3.126314697265625e+02, 3.126315307617188e+02, 3.126315307617188e+02, 3.126315307617188e+02, 3.127255249023438e+02, 3.130769653320312e+02, 3.184256591796875e+02, 3.198539428710938e+02, 3.192889709472656e+02, 3.185573120117188e+02, 3.183678283691406e+02, 3.187565307617188e+02, 3.188432006835938e+02, 3.184655456542969e+02, 3.183640441894531e+02, 3.1865380859375e+02, 3.189131469726562e+02, 3.188857116699219e+02, 3.188962707519531e+02, 3.199426879882812e+02, 3.209263305664062e+02, 3.204737243652344e+02, 3.198950500488281e+02, 3.201080627441406e+02, 3.203621520996094e+02, 3.202796630859375e+02, 3.200093688964844e+02, 3.193701171875e+02, 3.184771728515625e+02, 3.18287353515625e+02, 3.183656005859375e+02, 3.1821044921875e+02, 3.179562072753906e+02, 3.178541259765625e+02, 3.179355163574219e+02, 3.078563842773438e+02, 3.111994628906251e+02, 3.115509033203125e+02, 3.112400207519531e+02, 3.109027099609375e+02, 3.102124938964844e+02, 3.098705749511719e+02, 3.0986962890625e+02, 3.098687133789062e+02, 3.098682861328125e+02, 3.098681640625e+02, 3.105086669921875e+02, 3.115026550292969e+02, 3.119803771972656e+02, 3.121619262695312e+02, 3.117535095214844e+02, 3.110531005859375e+02, 3.108619689941406e+02, 3.109049987792969e+02, 3.113095397949219e+02, 3.120729064941406e+02, 3.169248352050781e+02, 3.176019592285156e+02, 3.166961059570312e+02, 3.164039001464844e+02, 3.161614074707031e+02, 3.158915100097656e+02, 3.156200561523438e+02, 3.153799743652344e+02, 3.152320861816406e+02, 3.165217895507812e+02, 3.173018188476562e+02, 3.173026733398438e+02, 3.173059692382812e+02]
rad.sta_b.T=[2.931499938964844e+02, 3.124921264648438e+02, 3.17570556640625e+02, 3.177204284667969e+02, 3.176444396972656e+02, 3.174996643066406e+02, 3.173347473144531e+02, 3.172455444335938e+02, 3.172882385253906e+02, 3.172120056152344e+02, 3.170367126464844e+02, 3.169950866699219e+02, 3.169956359863281e+02, 3.169957580566406e+02, 3.169958190917969e+02, 3.169877624511719e+02, 3.168333435058594e+02, 3.112203979492188e+02, 3.125444641113281e+02, 3.125043334960938e+02, 3.118019104003906e+02, 3.111496276855469e+02, 3.106476135253906e+02, 3.101389770507812e+02, 3.096252136230469e+02, 3.09106689453125e+02, 3.086878051757812e+02, 3.083988952636719e+02, 3.079964294433594e+02, 3.076347351074219e+02, 3.076091003417969e+02, 3.076083068847656e+02, 3.076080932617188e+02, 3.076080932617188e+02, 3.076080932617188e+02, 3.076080932617188e+02, 3.076407775878906e+02, 3.078585815429688e+02, 3.113704528808594e+02, 3.117247619628906e+02, 3.120910339355469e+02, 3.116773681640625e+02, 3.114156799316406e+02, 3.116385192871094e+02, 3.117754211425781e+02, 3.115541381835938e+02, 3.114130554199219e+02, 3.115799560546875e+02, 3.117745666503906e+02, 3.117889404296875e+02, 3.11768310546875e+02, 3.122897033691406e+02, 3.130578918457031e+02, 3.129187622070312e+02, 3.12477294921875e+02, 3.125404968261719e+02, 3.127289123535156e+02, 3.127134704589844e+02, 3.125616149902344e+02, 3.122160034179688e+02, 3.116069641113281e+02, 3.113795471191406e+02, 3.114287109375e+02, 3.113649597167969e+02, 3.11197021484375e+02, 3.110936584472656e+02, 3.111449279785156e+02, 3.070498962402344e+02, 3.069699096679688e+02, 3.067552185058594e+02, 3.06630615234375e+02, 3.064630737304688e+02, 3.0605712890625e+02, 3.057250671386719e+02, 3.057262268066406e+02, 3.057269287109375e+02, 3.057271728515625e+02, 3.057272338867188e+02, 3.060194091796875e+02, 3.067312927246094e+02, 3.071100463867188e+02, 3.072857666015625e+02, 3.071080017089844e+02, 3.066167907714844e+02, 3.06415283203125e+02, 3.064194946289062e+02, 3.066136169433594e+02, 3.071501770019531e+02, 3.105352172851562e+02, 3.102986450195312e+02, 3.103106079101562e+02, 3.101849975585938e+02, 3.100147705078125e+02, 3.09832275390625e+02, 3.096503601074219e+02, 3.09484619140625e+02, 3.093507385253906e+02, 3.100059204101562e+02, 3.107388000488281e+02, 3.107363586425781e+02, 3.107349243164062e+02]
temRoo.T=[2.931499938964844e+02, 2.878681030273438e+02, 2.917643127441406e+02, 2.920836791992188e+02, 2.921611022949219e+02, 2.921787109375e+02, 2.921944885253906e+02, 2.921985473632812e+02, 2.921950378417969e+02, 2.922064514160156e+02, 2.922210998535156e+02, 2.922219848632812e+02, 2.922220764160156e+02, 2.922221069335938e+02, 2.922221069335938e+02, 2.9222509765625e+02, 2.922419128417969e+02, 2.922679443359375e+02, 2.925528564453125e+02, 2.926532592773438e+02, 2.927091979980469e+02, 2.927601318359375e+02, 2.92805419921875e+02, 2.928506469726562e+02, 2.928960876464844e+02, 2.929418029785156e+02, 2.92974365234375e+02, 2.930000305175781e+02, 2.930377197265625e+02, 2.930629272460938e+02, 2.9306298828125e+02, 2.930628967285156e+02, 2.930628662109375e+02, 2.930628356933594e+02, 2.930628662109375e+02, 2.930628662109375e+02, 2.930570678710938e+02, 2.930363464355469e+02, 2.926407470703125e+02, 2.92631591796875e+02, 2.92673583984375e+02, 2.92715087890625e+02, 2.927251281738281e+02, 2.927022094726562e+02, 2.9269775390625e+02, 2.927200317382812e+02, 2.927254028320312e+02, 2.927082824707031e+02, 2.926932678222656e+02, 2.926950378417969e+02, 2.926941223144531e+02, 2.926313781738281e+02, 2.925748291015625e+02, 2.926024169921875e+02, 2.926356201171875e+02, 2.926227111816406e+02, 2.926080322265625e+02, 2.926131286621094e+02, 2.926292419433594e+02, 2.9266748046875e+02, 2.927195434570312e+02, 2.927300415039062e+02, 2.927255554199219e+02, 2.927349548339844e+02, 2.927498474121094e+02, 2.927555541992188e+02, 2.927508544921875e+02, 2.932927551269531e+02, 2.931168823242188e+02, 2.931185302734375e+02, 2.931434020996094e+02, 2.931649475097656e+02, 2.932057800292969e+02, 2.932249450683594e+02, 2.932252502441406e+02, 2.932253723144531e+02, 2.932254028320312e+02, 2.932254028320312e+02, 2.931866455078125e+02, 2.931288146972656e+02, 2.93100830078125e+02, 2.93090576171875e+02, 2.931152954101562e+02, 2.931560363769531e+02, 2.931669311523438e+02, 2.931642761230469e+02, 2.93139892578125e+02, 2.930954284667969e+02, 2.927190551757812e+02, 2.927617797851562e+02, 2.928255310058594e+02, 2.928415832519531e+02, 2.928554382324219e+02, 2.928713073730469e+02, 2.928872680664062e+02, 2.929013671875e+02, 2.929092407226562e+02, 2.928326110839844e+02, 2.927886352539062e+02, 2.927880859375e+02, 2.927878723144531e+02]
time=[0e+00, 1.728e+05]
heaPum.equFit.TConEnt=[2.931499938964844e+02, 3.187922973632812e+02, 3.228541259765625e+02, 3.229307861328125e+02, 3.229610595703125e+02, 3.230347595214844e+02, 3.230887145996094e+02, 3.230871887207031e+02, 3.230768432617188e+02, 3.231297912597656e+02, 3.231710205078125e+02, 3.231615905761719e+02, 3.231621398925781e+02, 3.231623840332031e+02, 3.231624755859375e+02, 3.231804809570312e+02, 3.232445373535156e+02, 3.219429016113282e+02, 3.23728515625e+02, 3.245594787597656e+02, 3.247178039550781e+02, 3.248279113769531e+02, 3.249613647460938e+02, 3.250924072265625e+02, 3.252225036621094e+02, 3.253526000976562e+02, 3.254220886230469e+02, 3.254952697753906e+02, 3.256148071289062e+02, 3.256525268554688e+02, 3.256386108398438e+02, 3.256376647949219e+02, 3.256373291015625e+02, 3.256372985839844e+02, 3.256372985839844e+02, 3.256372985839844e+02, 3.256058959960938e+02, 3.255382995605469e+02, 3.246988220214844e+02, 3.240704650878906e+02, 3.245416564941406e+02, 3.247059020996094e+02, 3.246671752929688e+02, 3.24582763671875e+02, 3.246095275878906e+02, 3.246890563964844e+02, 3.246676940917969e+02, 3.246051940917969e+02, 3.24572998046875e+02, 3.245947875976562e+02, 3.245786437988281e+02, 3.243106689453125e+02, 3.242039794921875e+02, 3.243655090332031e+02, 3.244338684082031e+02, 3.243565368652344e+02, 3.243237609863281e+02, 3.243584289550781e+02, 3.244186096191406e+02, 3.245679321289062e+02, 3.247108154296875e+02, 3.246897888183594e+02, 3.246748962402344e+02, 3.247217102050781e+02, 3.247652282714844e+02, 3.24763916015625e+02, 3.247485656738281e+02, 3.278257446289062e+02, 3.260685729980468e+02, 3.257578125e+02, 3.2584619140625e+02, 3.259310607910156e+02, 3.260751647949219e+02, 3.260783386230469e+02, 3.260792236328125e+02, 3.260800170898438e+02, 3.260803527832031e+02, 3.260804443359375e+02, 3.259027099609375e+02, 3.257613525390625e+02, 3.257130126953125e+02, 3.257110595703125e+02, 3.258289184570312e+02, 3.259339599609375e+02, 3.259272155761719e+02, 3.259071350097656e+02, 3.257998046875e+02, 3.256860046386719e+02, 3.250354919433594e+02, 3.244915466308594e+02, 3.249500427246094e+02, 3.250368041992188e+02, 3.250735778808594e+02, 3.251174926757812e+02, 3.251624755859375e+02, 3.251997375488281e+02, 3.252066040039062e+02, 3.248828125e+02, 3.248627624511719e+02, 3.248616943359375e+02, 3.248592529296875e+02]
heaPum.equFit.TConLvg=[3.131499938964844e+02, 3.252966613769531e+02, 3.281499938964844e+02, 3.281499938964844e+02, 3.281499938964844e+02, 3.281499938964844e+02, 3.281499938964844e+02, 3.281499938964844e+02, 3.281499938964844e+02, 3.281499938964844e+02, 3.281499938964844e+02, 3.281499938964844e+02, 3.281499938964844e+02, 3.281499938964844e+02, 3.281499938964844e+02, 3.281499938964844e+02, 3.281499938964844e+02, 3.281499938964844e+02, 3.281499938964844e+02, 3.281499938964844e+02, 3.281499938964844e+02, 3.281499938964844e+02, 3.281499938964844e+02, 3.281499938964844e+02, 3.281499938964844e+02, 3.281499938964844e+02, 3.281499938964844e+02, 3.281499938964844e+02, 3.281499938964844e+02, 3.281499938964844e+02, 3.281499938964844e+02, 3.281499938964844e+02, 3.281499938964844e+02, 3.281499938964844e+02, 3.281499938964844e+02, 3.281499938964844e+02, 3.281499938964844e+02, 3.281499938964844e+02, 3.281499938964844e+02, 3.281499938964844e+02, 3.281499938964844e+02, 3.281499938964844e+02, 3.281499938964844e+02, 3.281499938964844e+02, 3.281499938964844e+02, 3.281499938964844e+02, 3.281499938964844e+02, 3.281499938964844e+02, 3.281499938964844e+02, 3.281499938964844e+02, 3.281499938964844e+02, 3.281499938964844e+02, 3.281499938964844e+02, 3.281499938964844e+02, 3.281499938964844e+02, 3.281499938964844e+02, 3.281499938964844e+02, 3.281499938964844e+02, 3.281499938964844e+02, 3.281499938964844e+02, 3.281499938964844e+02, 3.281499938964844e+02, 3.281499938964844e+02, 3.281499938964844e+02, 3.281499938964844e+02, 3.281499938964844e+02, 3.281499938964844e+02, 3.281499938964844e+02, 3.281499938964844e+02, 3.281499938964844e+02, 3.281499938964844e+02, 3.281499938964844e+02, 3.281499938964844e+02, 3.281499938964844e+02, 3.281499938964844e+02, 3.281499938964844e+02, 3.281499938964844e+02, 3.281499938964844e+02, 3.281499938964844e+02, 3.281499938964844e+02, 3.281499938964844e+02, 3.281499938964844e+02, 3.281499938964844e+02, 3.281499938964844e+02, 3.281499938964844e+02, 3.281499938964844e+02, 3.281499938964844e+02, 3.281499938964844e+02, 3.281499938964844e+02, 3.281499938964844e+02, 3.281499938964844e+02, 3.281499938964844e+02, 3.281499938964844e+02, 3.281499938964844e+02, 3.281499938964844e+02, 3.281499938964844e+02, 3.281499938964844e+02, 3.281499938964844e+02, 3.281499938964844e+02, 3.281499938964844e+02, 3.281499938964844e+02]
heaPum.QCon_flow=[3.854246484375e+04, 2.6485595703125e+04, 2.097246875e+04, 2.06689140625e+04, 2.0548994140625e+04, 2.0257208984375e+04, 2.0043509765625e+04, 2.0049541015625e+04, 2.0090453125e+04, 1.988086328125e+04, 1.9717490234375e+04, 1.975483203125e+04, 1.9752654296875e+04, 1.975175390625e+04, 1.9751384765625e+04, 1.9680068359375e+04, 1.942636328125e+04, 2.458105078124988e+04, 1.75097421875e+04, 1.42190751953125e+04, 1.3592078125e+04, 1.3156046875e+04, 1.2627466796875e+04, 1.210857421875e+04, 1.15933759765625e+04, 1.1078115234375e+04, 1.08030107421875e+04, 1.05131748046875e+04, 1.00397685546875e+04, 9.8903251953125e+03, 9.9454365234375e+03, 9.949201171875e+03, 9.9505439453125e+03, 9.950744140625e+03, 9.950669921875e+03, 9.950669921875e+03, 1.0075015625e+04, 1.03427548828125e+04, 1.36672587890625e+04, 1.6155609375e+04, 1.42895703125e+04, 1.3639169921875e+04, 1.37925673828125e+04, 1.41268603515625e+04, 1.40208046875e+04, 1.37059267578125e+04, 1.37904208984375e+04, 1.40379892578125e+04, 1.41654794921875e+04, 1.4079220703125e+04, 1.41431591796875e+04, 1.5204322265625e+04, 1.56268369140625e+04, 1.498716015625e+04, 1.47164423828125e+04, 1.502265234375e+04, 1.51524873046875e+04, 1.50152685546875e+04, 1.47769306640625e+04, 1.41855341796875e+04, 1.36197099609375e+04, 1.37029697265625e+04, 1.3761921875e+04, 1.35765703125e+04, 1.34042412109375e+04, 1.340941015625e+04, 1.347023046875e+04, 1.28410009765625e+03, 8.242784179687618e+03, 9.473462890624949e+03, 9.123468749999982e+03, 8.7873271484375e+03, 8.2167041015625e+03, 8.2041162109375e+03, 8.200630859375e+03, 8.197474609375e+03, 8.1961357421875e+03, 8.1957822265625e+03, 8.8996171875e+03, 9.4594287109375e+03, 9.650859375e+03, 9.6585556640625e+03, 9.191904296875e+03, 8.7758837890625e+03, 8.8026103515625e+03, 8.882072265625e+03, 9.307103515625e+03, 9.757849609375e+03, 1.23339267578125e+04, 1.44880390625e+04, 1.267229296875e+04, 1.2328759765625e+04, 1.2183087890625e+04, 1.20091640625e+04, 1.1831013671875e+04, 1.1683451171875e+04, 1.16563505859375e+04, 1.2938537109375e+04, 1.30179892578125e+04, 1.30222451171875e+04, 1.3031853515625e+04]
