last-generated=2023-02-13
statistics-simulation=
{
  "linear": "0",
  "nonlinear": "1",
  "number of continuous time states": "5",
  "numerical Jacobians": "0"
}
time=[8.64e+06, 9.504e+06]
zonHVAC.TAir=[2.931499938964844e+02, 2.9314990234375e+02, 2.931499938964844e+02, 2.931502075195312e+02, 2.946901245117188e+02, 3.001536560058594e+02, 3.001542663574219e+02, 3.001426391601562e+02, 2.983255310058594e+02, 2.95287841796875e+02, 2.932316284179688e+02, 2.931499938964844e+02, 2.931499633789062e+02, 2.931499328613281e+02, 2.931500244140625e+02, 2.931499938964844e+02, 2.9314990234375e+02, 2.9314990234375e+02, 2.931499328613281e+02, 2.931499938964844e+02, 2.931499938964844e+02, 2.931499938964844e+02, 2.931500244140625e+02, 2.931502075195312e+02, 2.931502075195312e+02, 2.959236755371094e+02, 2.987894897460938e+02, 2.962450866699219e+02, 2.931497802734375e+02, 2.9314990234375e+02, 2.931499633789062e+02, 2.931499633789062e+02, 2.931500244140625e+02, 2.931502990722656e+02, 2.947950134277344e+02, 3.001624450683594e+02, 3.001508483886719e+02, 3.001428833007812e+02, 2.987202453613281e+02, 2.964761047363281e+02, 2.946553649902344e+02, 2.934603271484375e+02, 2.931499328613281e+02, 2.934967041015625e+02, 2.993020324707031e+02, 3.001591491699219e+02, 3.001509704589844e+02, 3.001411743164062e+02, 3.001424865722656e+02, 2.998026733398438e+02, 2.98154052734375e+02, 2.965370788574219e+02, 2.950943298339844e+02, 2.958802185058594e+02, 3.001656188964844e+02, 3.00158203125e+02, 3.001491394042969e+02, 3.001421508789062e+02, 3.001444091796875e+02, 2.9960595703125e+02, 2.979803771972656e+02, 2.96439697265625e+02, 2.94550537109375e+02, 2.950453491210938e+02, 2.982470703125e+02, 3.001599426269531e+02, 3.001507568359375e+02, 3.001418762207031e+02, 3.001422119140625e+02, 2.982725524902344e+02, 2.957001647949219e+02, 2.935961303710938e+02, 2.934447631835938e+02, 2.95031494140625e+02, 2.995416564941406e+02, 3.001571350097656e+02, 3.001490783691406e+02, 3.001469116210938e+02, 3.001446228027344e+02, 3.001471862792969e+02, 2.9800341796875e+02, 2.950078735351562e+02, 2.931500854492188e+02, 2.931499633789062e+02, 2.950989685058594e+02, 2.980636596679688e+02, 2.981705322265625e+02, 2.945697021484375e+02, 2.931498107910156e+02, 2.931499328613281e+02, 2.931499633789062e+02, 2.931499633789062e+02, 2.931499633789062e+02, 2.931501159667969e+02, 2.931501770019531e+02, 2.931498413085938e+02, 2.931499328613281e+02, 2.931498718261719e+02, 2.931499328613281e+02, 2.931499938964844e+02, 2.931499633789062e+02]
