last-generated=2020-05-01
statistics-simulation=
{
  "linear": " ",
  "nonlinear": "1",
  "numerical Jacobians": "0"
}
time=[0e+00, 8.64e+05]
uSta.y=[0e+00, 0e+00, 0e+00, 0e+00, 0e+00, 0e+00, 0e+00, 0e+00, 0e+00, 0e+00, 0e+00, 0e+00, 0e+00, 0e+00, 0e+00, 0e+00, 0e+00, 0e+00, 0e+00, 0e+00, 0e+00, 0e+00, 0e+00, 0e+00, 0e+00, 0e+00, 0e+00, 0e+00, 0e+00, 0e+00, 0e+00, 0e+00, 0e+00, 0e+00, 0e+00, 0e+00, 0e+00, 0e+00, 0e+00, 0e+00, 0e+00, 0e+00, 0e+00, 0e+00, 0e+00, 0e+00, 0e+00, 0e+00, 0e+00, 0e+00, 0e+00, 1.000000014901161e-01, 2.000000029802322e-01, 3.00000011920929e-01, 4.000000059604651e-01, 5.000000000000007e-01, 6.000000238418586e-01, 6.999999880790704e-01, 8.000000119209283e-01, 8.999999761581421e-01, 1e+00, 1e+00, 1e+00, 1e+00, 1e+00, 1e+00, 1e+00, 1e+00, 1e+00, 1e+00, 1e+00, 1e+00, 1e+00, 1e+00, 1e+00, 1e+00, 1e+00, 1e+00, 1e+00, 1e+00, 1e+00, 1e+00, 1e+00, 1e+00, 1e+00, 1e+00, 1e+00, 1e+00, 1e+00, 1e+00, 1e+00, 1e+00, 1e+00, 1e+00, 1e+00, 1e+00, 1e+00, 1e+00, 1e+00, 1e+00, 1e+00]
winRad.QAbsGlaUns_flow[1]=[0e+00, 0e+00, 0e+00, 1.147538185119629e+00, 5.438605117797852e+01, 4.16895637512207e+01, 1.542274761199951e+01, 2.132198959588996e-01, 0e+00, 0e+00, 0e+00, 0e+00, 0e+00, 3.531957566738129e-01, 1.016368389129639e+01, 1.507541751861572e+01, 1.036952590942383e+01, 4.434226155281067e-01, 0e+00, 0e+00, 0e+00, 0e+00, 0e+00, 9.16166365146637e-01, 1.403873825073242e+01, 1.776350212097168e+01, 1.268008327484131e+01, 6.196629405021575e-01, 0e+00, 0e+00, 0e+00, 0e+00, 0e+00, 8.705134391784668e-01, 1.097768306732178e+01, 1.579286003112793e+01, 1.087578678131104e+01, 6.356499195098877e-01, 0e+00, 0e+00, 0e+00, 0e+00, 0e+00, 2.811724185943604e+00, 6.332255935668945e+01, 8.033202362060547e+01, 5.335276031494141e+01, 2.772102832794189e+00, 0e+00, 0e+00, 0e+00, 0e+00, 0e+00, 5.271560192108154e+00, 1.622724609375003e+02, 7.465948486328143e+01, 6.520860290527334e+01, 1.044327068328895e+01, 0e+00, 0e+00, 0e+00, 0e+00, 0e+00, 3.829590606689453e+01, 3.925475463867188e+02, 4.866862487792969e+02, 3.836346740722656e+02, 2.874536323547363e+01, 0e+00, 0e+00, 0e+00, 0e+00, 0e+00, 3.732049179077148e+01, 3.251089782714844e+02, 4.019869689941406e+02, 3.577207946777344e+02, 2.290200233459473e+01, 0e+00, 0e+00, 0e+00, 0e+00, 0e+00, 6.7239089012146e+00, 1.693961029052734e+02, 2.569634399414062e+02, 2.191714172363281e+02, 4.005902290344238e+00, 0e+00, 0e+00, 0e+00, 0e+00, 0e+00, 1.57401762008667e+01, 3.219251098632812e+02, 4.252669982910156e+02, 3.191965942382812e+02, 1.265458106994629e+01, 0e+00, 0e+00, 0e+00]
winRad.QAbsGlaUns_flow[2]=[0e+00, 0e+00, 0e+00, 1.190911293029785e+00, 6.056106185913086e+01, 4.653150939941406e+01, 1.678755760192871e+01, 2.266576886177054e-01, 0e+00, 0e+00, 0e+00, 0e+00, 0e+00, 3.754552602767944e-01, 1.080875015258789e+01, 1.604323387145996e+01, 1.102304649353027e+01, 4.713685214519501e-01, 0e+00, 0e+00, 0e+00, 0e+00, 0e+00, 9.739060997962952e-01, 1.492350387573242e+01, 1.888972473144531e+01, 1.348343658447266e+01, 6.587160825729271e-01, 0e+00, 0e+00, 0e+00, 0e+00, 0e+00, 9.253759980201721e-01, 1.167392539978027e+01, 1.679151153564453e+01, 1.156133079528809e+01, 6.757106184959412e-01, 0e+00, 0e+00, 0e+00, 0e+00, 0e+00, 2.903820037841797e+00, 7.047754669189453e+01, 9.1082763671875e+01, 5.911631011962891e+01, 2.823373794555664e+00, 0e+00, 0e+00, 0e+00, 0e+00, 0e+00, 1.766020655632019e+00, 4.069366836547851e+01, 1.421120071411134e+01, 9.228240966796843e+00, 1.057241439819379e+00, 0e+00, 0e+00, 0e+00, 0e+00, 0e+00, 9.806891679763794e-01, 9.892066955566406e+00, 1.220746612548828e+01, 9.668965339660645e+00, 7.370975017547607e-01, 0e+00, 0e+00, 0e+00, 0e+00, 0e+00, 9.566105008125305e-01, 8.223608016967773e+00, 1.01615571975708e+01, 9.025655746459961e+00, 5.895431041717529e-01, 0e+00, 0e+00, 0e+00, 0e+00, 0e+00, 1.791759133338928e-01, 4.391225814819336e+00, 6.62004566192627e+00, 5.602217674255371e+00, 1.080156713724136e-01, 0e+00, 0e+00, 0e+00, 0e+00, 0e+00, 4.084731340408325e-01, 8.149796485900879e+00, 1.071177005767822e+01, 8.080926895141602e+00, 3.300799429416656e-01, 0e+00, 0e+00, 0e+00]
