last-generated=2026-07-06
statistics-simulation=
{
  "linear": "0",
  "nonlinear": " ",
  "number of continuous time states": "5",
  "numerical Jacobians": "0"
}
time=[0e+00, 1.728e+05]
TSet.y=[2.891499938964844e+02, 2.891499938964844e+02, 2.891499938964844e+02, 2.891499938964844e+02, 2.891499938964844e+02, 2.891499938964844e+02, 2.891499938964844e+02, 2.891499938964844e+02, 2.891499938964844e+02, 2.891499938964844e+02, 2.891499938964844e+02, 2.891499938964844e+02, 2.891499938964844e+02, 2.891499938964844e+02, 2.891499938964844e+02, 2.931499938964844e+02, 2.931499938964844e+02, 2.931499938964844e+02, 2.931499938964844e+02, 2.931499938964844e+02, 2.931499938964844e+02, 2.931499938964844e+02, 2.931499938964844e+02, 2.931499938964844e+02, 2.931499938964844e+02, 2.931499938964844e+02, 2.931499938964844e+02, 2.931499938964844e+02, 2.931499938964844e+02, 2.931499938964844e+02, 2.931499938964844e+02, 2.931499938964844e+02, 2.931499938964844e+02, 2.931499938964844e+02, 2.931499938964844e+02, 2.931499938964844e+02, 2.931499938964844e+02, 2.931499938964844e+02, 2.931499938964844e+02, 2.931499938964844e+02, 2.891499938964844e+02, 2.891499938964844e+02, 2.891499938964844e+02, 2.891499938964844e+02, 2.891499938964844e+02, 2.891499938964844e+02, 2.891499938964844e+02, 2.891499938964844e+02, 2.891499938964844e+02, 2.891499938964844e+02, 2.891499938964844e+02, 2.891499938964844e+02, 2.891499938964844e+02, 2.891499938964844e+02, 2.891499938964844e+02, 2.891499938964844e+02, 2.891499938964844e+02, 2.891499938964844e+02, 2.891499938964844e+02, 2.891499938964844e+02, 2.891499938964844e+02, 2.891499938964844e+02, 2.891499938964844e+02, 2.891499938964844e+02, 2.891499938964844e+02, 2.931499938964844e+02, 2.931499938964844e+02, 2.931499938964844e+02, 2.931499938964844e+02, 2.931499938964844e+02, 2.931499938964844e+02, 2.931499938964844e+02, 2.931499938964844e+02, 2.931499938964844e+02, 2.931499938964844e+02, 2.931499938964844e+02, 2.931499938964844e+02, 2.931499938964844e+02, 2.931499938964844e+02, 2.931499938964844e+02, 2.931499938964844e+02, 2.931499938964844e+02, 2.931499938964844e+02, 2.931499938964844e+02, 2.931499938964844e+02, 2.931499938964844e+02, 2.931499938964844e+02, 2.931499938964844e+02, 2.931499938964844e+02, 2.931499938964844e+02, 2.891499938964844e+02, 2.891499938964844e+02, 2.891499938964844e+02, 2.891499938964844e+02, 2.891499938964844e+02, 2.891499938964844e+02, 2.891499938964844e+02, 2.891499938964844e+02, 2.891499938964844e+02, 2.891499938964844e+02, 2.891499938964844e+02]
TOut.y=[2.841499938964844e+02, 2.841894226074219e+02, 2.843070983886719e+02, 2.845011291503906e+02, 2.847684631347656e+02, 2.851049194335938e+02, 2.855051574707031e+02, 2.85962890625e+02, 2.864708557128906e+02, 2.870211181640625e+02, 2.876049194335938e+02, 2.882131042480469e+02, 2.888360595703125e+02, 2.894639587402344e+02, 2.900869140625e+02, 2.906950988769531e+02, 2.912789001464844e+02, 2.918291320800781e+02, 2.923371276855469e+02, 2.927948303222656e+02, 2.931950988769531e+02, 2.935315246582031e+02, 2.937988891601562e+02, 2.93992919921875e+02, 2.941105651855469e+02, 2.941499938964844e+02, 2.941105651855469e+02, 2.93992919921875e+02, 2.937988891601562e+02, 2.935315246582031e+02, 2.931950988769531e+02, 2.927948303222656e+02, 2.923371276855469e+02, 2.918291320800781e+02, 2.912789001464844e+02, 2.906950988769531e+02, 2.900869140625e+02, 2.894639587402344e+02, 2.888360595703125e+02, 2.882131042480469e+02, 2.876049194335938e+02, 2.870211181640625e+02, 2.864708557128906e+02, 2.85962890625e+02, 2.855051574707031e+02, 2.851049194335938e+02, 2.847684631347656e+02, 2.845011291503906e+02, 2.843070983886719e+02, 2.841894226074219e+02, 2.841499938964844e+02, 2.841894226074219e+02, 2.843070983886719e+02, 2.845011291503906e+02, 2.847684631347656e+02, 2.851049194335938e+02, 2.855051574707031e+02, 2.85962890625e+02, 2.864708557128906e+02, 2.870211181640625e+02, 2.876049194335938e+02, 2.882131042480469e+02, 2.888360595703125e+02, 2.894639587402344e+02, 2.900869140625e+02, 2.906950988769531e+02, 2.912789001464844e+02, 2.918291320800781e+02, 2.923371276855469e+02, 2.927948303222656e+02, 2.931950988769531e+02, 2.935315246582031e+02, 2.937988891601562e+02, 2.93992919921875e+02, 2.941105651855469e+02, 2.941499938964844e+02, 2.941105651855469e+02, 2.93992919921875e+02, 2.937988891601562e+02, 2.935315246582031e+02, 2.931950988769531e+02, 2.927948303222656e+02, 2.923371276855469e+02, 2.918291320800781e+02, 2.912789001464844e+02, 2.906950988769531e+02, 2.900869140625e+02, 2.894639587402344e+02, 2.888360595703125e+02, 2.882131042480469e+02, 2.876049194335938e+02, 2.870211181640625e+02, 2.864708557128906e+02, 2.85962890625e+02, 2.855051574707031e+02, 2.851049194335938e+02, 2.847684631347656e+02, 2.845011291503906e+02, 2.843070983886719e+02, 2.841894226074219e+02, 2.841499938964844e+02]
TVol.T=[2.891499938964844e+02, 2.891348571777344e+02, 2.891415100097656e+02, 2.891499938964844e+02, 2.891499938964844e+02, 2.891499938964844e+02, 2.891499938964844e+02, 2.891499938964844e+02, 2.891499938964844e+02, 2.891499938964844e+02, 2.891499938964844e+02, 2.891499938964844e+02, 2.891499938964844e+02, 2.891505126953125e+02, 2.891574096679688e+02, 2.89259033203125e+02, 2.894894104003906e+02, 2.89723388671875e+02, 2.899604797363281e+02, 2.902001953125e+02, 2.904419250488281e+02, 2.906849975585938e+02, 2.909287109375e+02, 2.911722717285156e+02, 2.914149169921875e+02, 2.916558227539062e+02, 2.918941650390625e+02, 2.921292114257812e+02, 2.923600463867188e+02, 2.925859985351562e+02, 2.928063354492188e+02, 2.930204162597656e+02, 2.932276306152344e+02, 2.932450561523438e+02, 2.932273864746094e+02, 2.93203857421875e+02, 2.931742553710938e+02, 2.93138427734375e+02, 2.931063537597656e+02, 2.931513366699219e+02, 2.931204833984375e+02, 2.930590515136719e+02, 2.929922790527344e+02, 2.929205627441406e+02, 2.92844482421875e+02, 2.927646484375e+02, 2.926817626953125e+02, 2.925965576171875e+02, 2.925097961425781e+02, 2.924222717285156e+02, 2.923348693847656e+02, 2.922483520507812e+02, 2.921636047363281e+02, 2.920813903808594e+02, 2.920025329589844e+02, 2.919277038574219e+02, 2.918575744628906e+02, 2.917927856445312e+02, 2.917337646484375e+02, 2.916810302734375e+02, 2.916348876953125e+02, 2.915955810546875e+02, 2.915632019042969e+02, 2.91537841796875e+02, 2.915193786621094e+02, 2.915955200195312e+02, 2.918011169433594e+02, 2.920105590820312e+02, 2.92223388671875e+02, 2.924390869140625e+02, 2.926570739746094e+02, 2.928766479492188e+02, 2.930971069335938e+02, 2.932618408203125e+02, 2.932705078125e+02, 2.932799682617188e+02, 2.932892761230469e+02, 2.932976989746094e+02, 2.933043518066406e+02, 2.933084716796875e+02, 2.933093566894531e+02, 2.933063354492188e+02, 2.932987670898438e+02, 2.932861633300781e+02, 2.9326806640625e+02, 2.93244140625e+02, 2.932141418457031e+02, 2.931778869628906e+02, 2.931353759765625e+02, 2.931220092773438e+02, 2.931480102539062e+02, 2.930862731933594e+02, 2.930191955566406e+02, 2.929472045898438e+02, 2.92870849609375e+02, 2.927907104492188e+02, 2.927075500488281e+02, 2.926220397949219e+02, 2.925350036621094e+02, 2.924472351074219e+02, 2.923595581054688e+02]
THeaOut.T=[2.891499938964844e+02, 2.891356506347656e+02, 2.891423034667969e+02, 2.891502075195312e+02, 2.891502075195312e+02, 2.891501770019531e+02, 2.89150146484375e+02, 2.89150146484375e+02, 2.891501159667969e+02, 2.891500854492188e+02, 2.891500549316406e+02, 2.891500549316406e+02, 2.891500244140625e+02, 2.891505126953125e+02, 2.891574096679688e+02, 2.89259765625e+02, 2.894901733398438e+02, 2.8972412109375e+02, 2.899612121582031e+02, 2.90200927734375e+02, 2.904426879882812e+02, 2.906857604980469e+02, 2.90929443359375e+02, 2.911730041503906e+02, 2.914156494140625e+02, 2.916565551757812e+02, 2.918949279785156e+02, 2.921299438476562e+02, 2.923608093261719e+02, 2.925867614746094e+02, 2.928070983886719e+02, 2.930211791992188e+02, 2.932284240722656e+02, 2.932450561523438e+02, 2.932273864746094e+02, 2.932038879394531e+02, 2.931742858886719e+02, 2.931384582519531e+02, 2.931071472167969e+02, 2.931513671875e+02, 2.931205139160156e+02, 2.930591125488281e+02, 2.929923095703125e+02, 2.929205932617188e+02, 2.928445129394531e+02, 2.927647094726562e+02, 2.926818237304688e+02, 2.925965881347656e+02, 2.925098266601562e+02, 2.924223327636719e+02, 2.923349304199219e+02, 2.922484130859375e+02, 2.921636657714844e+02, 2.920814514160156e+02, 2.920025634765625e+02, 2.91927734375e+02, 2.918576049804688e+02, 2.917928161621094e+02, 2.917338256835938e+02, 2.916810607910156e+02, 2.916349182128906e+02, 2.915955810546875e+02, 2.91563232421875e+02, 2.91537841796875e+02, 2.915193786621094e+02, 2.915962829589844e+02, 2.918018798828125e+02, 2.920113220214844e+02, 2.922241516113281e+02, 2.924398498535156e+02, 2.926578369140625e+02, 2.928774108886719e+02, 2.930978393554688e+02, 2.932618103027344e+02, 2.932705078125e+02, 2.932799377441406e+02, 2.932892761230469e+02, 2.932976989746094e+02, 2.933043518066406e+02, 2.933084716796875e+02, 2.933093566894531e+02, 2.933063354492188e+02, 2.932987670898438e+02, 2.932861633300781e+02, 2.932680969238281e+02, 2.93244140625e+02, 2.932141418457031e+02, 2.931779174804688e+02, 2.931354064941406e+02, 2.93122802734375e+02, 2.931480407714844e+02, 2.930863342285156e+02, 2.930192260742188e+02, 2.929472351074219e+02, 2.928708801269531e+02, 2.92790771484375e+02, 2.927076110839844e+02, 2.926221008300781e+02, 2.925350646972656e+02, 2.924472961425781e+02, 2.923595886230469e+02]
hea.TSet=[2.831499938964844e+02, 2.901084899902344e+02, 2.891730041503906e+02, 2.891502075195312e+02, 2.891502075195312e+02, 2.891501770019531e+02, 2.89150146484375e+02, 2.89150146484375e+02, 2.891501159667969e+02, 2.891500854492188e+02, 2.891500549316406e+02, 2.891500549316406e+02, 2.891500244140625e+02, 2.891272888183594e+02, 2.880059509277344e+02, 3.031499938964844e+02, 3.031499938964844e+02, 3.031499938964844e+02, 3.031499938964844e+02, 3.031499938964844e+02, 3.031499938964844e+02, 3.031499938964844e+02, 3.031499938964844e+02, 3.031499938964844e+02, 3.031499938964844e+02, 3.031499938964844e+02, 3.031499938964844e+02, 3.031499938964844e+02, 3.031499938964844e+02, 3.031499938964844e+02, 3.031499938964844e+02, 3.031499938964844e+02, 2.973265075683594e+02, 2.831499938964844e+02, 2.831499938964844e+02, 2.831499938964844e+02, 2.831499938964844e+02, 2.838893737792969e+02, 2.937066345214844e+02, 2.911668395996094e+02, 2.831499938964844e+02, 2.831499938964844e+02, 2.831499938964844e+02, 2.831499938964844e+02, 2.831499938964844e+02, 2.831499938964844e+02, 2.831499938964844e+02, 2.831499938964844e+02, 2.831499938964844e+02, 2.831499938964844e+02, 2.831499938964844e+02, 2.831499938964844e+02, 2.831499938964844e+02, 2.831499938964844e+02, 2.831499938964844e+02, 2.831499938964844e+02, 2.831499938964844e+02, 2.831499938964844e+02, 2.831499938964844e+02, 2.831499938964844e+02, 2.831499938964844e+02, 2.831499938964844e+02, 2.831499938964844e+02, 2.831499938964844e+02, 2.831499938964844e+02, 3.031499938964844e+02, 3.031499938964844e+02, 3.031499938964844e+02, 3.031499938964844e+02, 3.031499938964844e+02, 3.031499938964844e+02, 3.031499938964844e+02, 3.031499938964844e+02, 2.846355895996094e+02, 2.831499938964844e+02, 2.831499938964844e+02, 2.831499938964844e+02, 2.831499938964844e+02, 2.831499938964844e+02, 2.831499938964844e+02, 2.831499938964844e+02, 2.831499938964844e+02, 2.831499938964844e+02, 2.831499938964844e+02, 2.831499938964844e+02, 2.831499938964844e+02, 2.831499938964844e+02, 2.831499938964844e+02, 2.841321105957031e+02, 2.946307983398438e+02, 2.831499938964844e+02, 2.831499938964844e+02, 2.831499938964844e+02, 2.831499938964844e+02, 2.831499938964844e+02, 2.831499938964844e+02, 2.831499938964844e+02, 2.831499938964844e+02, 2.831499938964844e+02, 2.831499938964844e+02, 2.831499938964844e+02]
hea.Q_flow=[0e+00, 9.988703155517578e+01, 9.988703155517578e+01, 2.325110054016113e+01, 2.190858840942383e+01, 2.022541046142578e+01, 1.822529411315918e+01, 1.593700981140137e+01, 1.340056610107422e+01, 1.066906547546387e+01, 7.726247787475586e+00, 4.690861225128174e+00, 1.19037401676178e+00, 1.129679977893829e-01, 1.129679977893829e-01, 9.988703155517578e+01, 9.988703155517578e+01, 9.988703155517578e+01, 9.988703155517578e+01, 9.988703155517578e+01, 9.988703155517578e+01, 9.988703155517578e+01, 9.988703155517578e+01, 9.988703155517578e+01, 9.988703155517578e+01, 9.988703155517578e+01, 9.988703155517578e+01, 9.988703155517578e+01, 9.988703155517578e+01, 9.988703155517578e+01, 9.988703155517578e+01, 9.988703155517578e+01, 9.988703155517578e+01, 1.129679977893829e-01, 1.129679977893829e-01, 1.129679977893829e-01, 1.129679977893829e-01, 1.129679977893829e-01, 9.988703155517578e+01, 1.129679977893829e-01, 1.129679977893829e-01, 1.129679977893829e-01, 1.129679977893829e-01, 1.129679977893829e-01, 1.129679977893829e-01, 1.129679977893829e-01, 1.129679977893829e-01, 1.129679977893829e-01, 1.129679977893829e-01, 1.129679977893829e-01, 1.129679977893829e-01, 1.129679977893829e-01, 1.129679977893829e-01, 1.129679977893829e-01, 1.129679977893829e-01, 1.129679977893829e-01, 1.129679977893829e-01, 1.129679977893829e-01, 1.129679977893829e-01, 1.129679977893829e-01, 1.129679977893829e-01, 1.129679977893829e-01, 1.129679977893829e-01, 1.129679977893829e-01, 1.129679977893829e-01, 9.988703155517578e+01, 9.988703155517578e+01, 9.988703155517578e+01, 9.988703155517578e+01, 9.988703155517578e+01, 9.988703155517578e+01, 9.988703155517578e+01, 9.988703155517578e+01, 1.129679977893829e-01, 1.129679977893829e-01, 1.129679977893829e-01, 1.129679977893829e-01, 1.129679977893829e-01, 1.129679977893829e-01, 1.129679977893829e-01, 1.129679977893829e-01, 1.129679977893829e-01, 1.129679977893829e-01, 1.129679977893829e-01, 1.129679977893829e-01, 1.129679977893829e-01, 1.129679977893829e-01, 1.129679977893829e-01, 1.129679977893829e-01, 9.988703155517578e+01, 1.129679977893829e-01, 1.129679977893829e-01, 1.129679977893829e-01, 1.129679977893829e-01, 1.129679977893829e-01, 1.129679977893829e-01, 1.129679977893829e-01, 1.129679977893829e-01, 1.129679977893829e-01, 1.129679977893829e-01, 1.129679977893829e-01]
