last-generated=2015-08-19
statistics-simulation=
{
  "numerical Jacobians": "0", 
  "nonlinear": " ", 
  "number of continuous time states": "5", 
  "linear": " "
}
der(hLiqCod)=[0., 338.90400836442518084368, 1355.61603042767865190399, 3050.13612722473408211954, 5422.46411565064317983342, 8472.59936192208806460258, 12200.54449980935532948934, 16606.29673561788513325155, 21689.85645048016522196122, 27451.22245199274402693845, 33890.39743759045813931152, 41007.38326094488002127036, 48802.17798105507245054469, 57274.78157771079713711515, 66425.18693843342771288007, 76253.39241783888428471982, 86759.42577769003401044756, 97943.2557641975290607661, 109804.88975948176812380552, 122344.34683659233269281685, 135561.58973016380332410336, 149456.66562696974142454565, 164029.53303570498246699572, 179280.21227381480275653303, 195208.71188784288824535906, 211815., 229099.12624620954738929868, 247060.99606310258968733251, 265700.74774564517429098487, 285018.26645913731772452593, 305013.56959061004454270005, 325686.74500648200046271086, 347037.70306225691456347704, 369066.4395080205867998302, 391773.02303256647428497672, 415157.42043056810507550836, 439219.55894103244645521045, 463959.55057380528887733817, 489377.38731407112209126353, 515473.00666183006251230836, 542246.35888032906223088503, 569697.63496270985342562199, 597826.66241916129365563393, 626633.47920174640603363514, 656118.13212668942287564278, 686280.66144108842127025127, 717120.84903854178264737129, 748638.94130571151617914438, 780834.84747861686628311872, 813708.46839082683436572552, 847260., 881489.34553084487561136484, 916396.5048544927267357707, 951981.41547183739021420479, 988243.9841084042564034462, 1025184.58064073929563164711, 1062802.99096620385535061359, 1101099.15268171648494899273, 1140073.06572239589877426624, 1179724.98005483532324433327, 1220054.27820220519788563251, 1261061.69095216807909309864, 1302746.97999403951689600945, 1345110.02039368194527924061, 1388150.81215109536424279213, 1431869.4802019074559211731, 1476265.75785680231638252735, 1521339.92432364798150956631, 1567092.09208225319162011147, 1613522.01116677559912204742, 1660629.68164058984257280827, 1708415.2284067946020513773, 1756878.23557219468057155609, 1806019.28075592312961816788, 1855838.20223126211203634739, 1906335., 1957509.54919088073074817657, 2009361.97467396827414631844, 2061892.0264510507695376873, 2115099.63524899445474147797, 2168985.43544181203469634056, 2223549.23692614911124110222, 2278790.53980151982977986336, 2334709.84400089364498853683, 2391306.64949575299397110939, 2448581.36280137067660689354, 2506533.91671166755259037018, 2565164.47191357472911477089, 2624472.52847384894266724586, 2684458.58639070205390453339, 2745122.64559976151213049889, 2806463.83841752354055643082, 2868483.39604202099144458771, 2931180.70496200304478406906, 2994555.76520683057606220245, 3058608.57684100698679685593, 3123339.38976754574105143547, 3188747.56209119316190481186, 3254833.87343525560572743416, 3321597.93607152439653873444, 3389040.]
der(hLiqSym)=[0., 338.90400836442518084368, 1355.61603042767865190399, 3050.13612722473408211954, 5422.46411565064317983342, 8472.59936192208806460258, 12200.54449980935532948934, 16606.29673561788513325155, 21689.85645048016522196122, 27451.22245199274402693845, 33890.39743759045813931152, 41007.38326094488002127036, 48802.17798105507245054469, 57274.78157771079713711515, 66425.18693843342771288007, 76253.39241783888428471982, 86759.42577769003401044756, 97943.2557641975290607661, 109804.88975948176812380552, 122344.34683659233269281685, 135561.58973016380332410336, 149456.66562696974142454565, 164029.53303570498246699572, 179280.21227381480275653303, 195208.71188784288824535906, 211815., 229099.12624620954738929868, 247060.99606310258968733251, 265700.74774564517429098487, 285018.26645913731772452593, 305013.56959061004454270005, 325686.74500648200046271086, 347037.70306225691456347704, 369066.4395080205867998302, 391773.02303256647428497672, 415157.42043056810507550836, 439219.55894103244645521045, 463959.55057380528887733817, 489377.38731407112209126353, 515473.00666183006251230836, 542246.35888032906223088503, 569697.63496270985342562199, 597826.66241916129365563393, 626633.47920174640603363514, 656118.13212668942287564278, 686280.66144108842127025127, 717120.84903854178264737129, 748638.94130571151617914438, 780834.84747861686628311872, 813708.46839082683436572552, 847260., 881489.34553084487561136484, 916396.5048544927267357707, 951981.41547183739021420479, 988243.9841084042564034462, 1025184.58064073929563164711, 1062802.99096620385535061359, 1101099.15268171648494899273, 1140073.06572239589877426624, 1179724.98005483532324433327, 1220054.27820220519788563251, 1261061.69095216807909309864, 1302746.97999403951689600945, 1345110.02039368194527924061, 1388150.81215109536424279213, 1431869.4802019074559211731, 1476265.75785680231638252735, 1521339.92432364798150956631, 1567092.09208225319162011147, 1613522.01116677559912204742, 1660629.68164058984257280827, 1708415.2284067946020513773, 1756878.23557219468057155609, 1806019.28075592312961816788, 1855838.20223126211203634739, 1906335., 1957509.54919088073074817657, 2009361.97467396827414631844, 2061892.0264510507695376873, 2115099.63524899445474147797, 2168985.43544181203469634056, 2223549.23692614911124110222, 2278790.53980151982977986336, 2334709.84400089364498853683, 2391306.64949575299397110939, 2448581.36280137067660689354, 2506533.91671166755259037018, 2565164.47191357472911477089, 2624472.52847384894266724586, 2684458.58639070205390453339, 2745122.64559976151213049889, 2806463.83841752354055643082, 2868483.39604202099144458771, 2931180.70496200304478406906, 2994555.76520683057606220245, 3058608.57684100698679685593, 3123339.38976754574105143547, 3188747.56209119316190481186, 3254833.87343525560572743416, 3321597.93607152439653873444, 3389040.]
der(hSteCod)=[0., 150.66001107063658537299, 602.64004293554160085478, 1355.94000404195821829489, 2410.56016904811622225679, 3766.49988999454262739164, 5423.76001212723622302292, 7382.33978178769575606566, 9642.24067080322492984124, 12203.4590018716044141911, 15065.99955548936850391328, 18229.85957435676027671434, 21695.04004042513770400546, 25461.54094471308053471148, 29529.35912535542229306884, 33898.49732395477622048929, 38568.96267243868351215497, 43540.73737067681213375181, 48813.83598593100032303482, 54388.26309089270944241434, 60263.99821297605376457796, 66441.06666852386842947453, 72919.43829383446427527815, 79699.13774600370379630476, 86780.1601455444615567103, 94162.5, 101846.16375011176569387317, 109831.13192875118693336844, 118117.43649783376895356923, 126705.06981690699467435479, 135593.98925991670694202185, 144784.26340514124603942037, 154275.85066818533232435584, 164068.72137551411287859082, 174162.94947195050190202892, 184558.50630397000350058079, 195255.3439005852269474417, 206253.54157317758654244244, 217553.05234919124632142484, 229153.87622873796499334276, 241055.99283395300153642893, 253259.45755396070308052003, 265764.26663444918813183904, 278570.33450410899240523577, 291677.75316816673148423433, 305086.51619995082728564739, 318796.55095885053742676973, 332807.93919183709658682346, 347120.64054990757722407579, 361734.64219808444613590837, 376650., 391866.67093395174015313387, 407384.65494278055848553777, 423203.98327603936195373535, 439324.5276509835384786129, 455746.48028013715520501137, 472469.7459840854280628264, 489494.35605599009431898594, 506820.27921699441503733397, 524447.48420287587214261293, 542375.95696841005701571703, 560605.84875011176336556673, 579137.05360624345485121012, 597969.57156601105816662312, 617103.4026294144568964839, 636538.54676724784076213837, 656274.88542415446136146784, 676312.71635754744056612253, 696651.79786656249780207872, 717292.25496423663571476936, 738234.0251795558724552393, 759477.10846960206981748343, 781021.37551698694005608559, 802867.08310341229662299156, 825014.16626411862671375275, 847462.5, 870212.2093676798976957798, 893263.1693105349550023675, 916615.50482767110224813223, 940269.0114872597623616457, 964223.9713004769291728735, 988480.24418802536092698574, 1013037.83019400970079004765, 1037896.79178877954836934805, 1063057.06645730882883071899, 1088518.43900908948853611946, 1114281.33797362539917230606, 1140345.48751452844589948654, 1166711.01265802420675754547, 1193377.91340500675141811371, 1220346.06472656829282641411, 1247615.42816808237694203854, 1275186.20378602296113967896, 1303058.35497854277491569519, 1331231.7567602966446429491, 1359706.53415958862751722336, 1388482.56213366100564599037, 1417559.91646490828134119511, 1446938.56873535970225930214, 1476618.59658039035275578499, 1506600.]
der(cvCod)=[0., 0.00203858372535295571, 0.00815433488318557248, 0.0183472548704801397, 0.03261733949628895651, 0.05096459239884224002, 0.07338901942724496141, 0.09989059632621792584, 0.13046935791224315015, 0.16512526764152787861, 0.20385836953462876942, 0.24666862459519198203, 0.29355607759960272718, 0.34452065392058800475, 0.39956238528058368731, 0.4586812789740997709, 0.52187743150322285501, 0.58915065486955264795, 0.6605010702743987494, 0.73592873284187521055, 0.81543347801701249189, 0.89901548304016221103, 0.98667449833214915245, 1.07841070571134256539, 1.17422431017954642662, 1.27411484718322753906, 1.37808261529382791721, 1.48612737809685024892, 1.59824954107376915324, 1.71444902783826846893, 1.83472511541038896254, 1.95907887792961732387, 2.08750972572128512539, 2.22001749568859585438, 2.35660261933240722243, 2.4972651857781871243, 2.64200428051523550366, 2.79082100370036156889, 2.94371493117338101086, 3.10068606293258852702, 3.26173391182504479602, 3.42685920032416557746, 3.59606193162525578089, 3.76934110528659749306, 3.94669799323153647208, 4.12813208565706801778, 4.31364282250516328787, 4.50323154831336136539, 4.69689724028077648654, 4.89463930189860896292, 5.09645938873291015625, 5.30235644182066767627, 5.51233046039165852648, 5.72638239810655491624, 5.94450951151705098141, 6.16671535511838353472, 6.39299816419734945327, 6.62335841617746101662, 6.85779611066676864084, 7.09631029380385580652, 7.338900460678211779, 7.58556950336297663995, 7.8363155115264264694, 8.09113896239452223824, 8.35003890229976875048, 8.61301676134437244059, 8.88006998168940775429, 9.15120174663295493644, 9.4264104770426797586, 9.70569712680180529674, 9.9890607426188200435, 10.27650132391651993657, 10.56801712090019407242, 10.86361160809115133929, 11.16328401441692008689, 11.46703338623046875, 11.77485972430030614078, 12.08676302784883027641, 12.40274425055035401044, 12.72280051823881663609, 13.04693564681995532339, 13.37514774087743596453, 13.70743680100148864653, 14.04380378047060240476, 14.38424772541840113149, 14.72876656974663944766, 15.07736442057405312767, 15.43004019055219444567, 15.78679197273032741577, 16.14762167444344242995, 16.51252834164888483315, 16.88151071626733923381, 17.25457128935353523502, 17.63170978157681290099, 18.01292619315590215479, 18.39821861711597605904, 18.78758896022041113838, 19.18103295782478667775, 19.57855720681451927589, 19.98015746763590527735, 20.385837554931640625]
der(cpSym)=[0., 0.00256200007654129114, 0.01024800028325922006, 0.02305800015449142523, 0.04099200108722436675, 0.06404999456498199073, 0.09223200054925215219, 0.12553800537122161707, 0.16396800425726359984, 0.20752198853367714859, 0.25619997818359752095, 0.31000200252987597516, 0.3689280020595475662, 0.43297803622447528227, 0.50215202145436221848, 0.57644994476590460941, 0.65587201684578810834, 0.74041800142606417623, 0.83008795376817590128, 0.92488201805788139431, 1.02479991258166824863, 1.12984211380937993319, 1.24000801005843297453, 1.35529799333936273875, 1.47571200796353063645, 1.60125005245208740234, 1.73191214440904861505, 1.86769780629708903597, 2.00860808575634264272, 2.15464222952784112408, 2.30579977845255301716, 2.46208187143061785207, 2.6234880670165128258, 2.79001786060640499798, 2.96167200552114984191, 3.1384500145036424712, 3.32035181433942483409, 3.50737801119028125285, 3.69952807198709932024, 3.8968022351484585819, 4.09919965002185104908, 4.30672223946858778731, 4.51936845456378399888, 4.73713763726775649587, 4.96003204011151854758, 5.1880500687287955941, 5.42119197292970511626, 5.65945818917020737615, 5.90284803130416335648, 6.15136170333565335255, 6.40500020980834960938, 6.66376234229242303542, 6.92764857665090261207, 7.19665891288378833934, 7.47079122409982687714, 7.75004973256238205437, 8.03443234290185515079, 8.32393857901534239829, 8.61856891724846896352, 8.91832240368623097027, 9.22319911260466973602, 9.53320172493959816507, 9.84832748548143577239, 10.16857830205856849659, 10.49395226732918295909, 10.82445033447875104571, 11.16007144109447324354, 11.50081768046688956986, 11.84668802172166834907, 12.19768246509324249871, 12.55380005739428206368, 12.91504270525110698031, 13.28140725590002801937, 13.65289712231902718997, 14.02951204427765397043, 14.41125011444091796875, 14.79811228745627715853, 15.19009856234149680176, 15.58720893911021576628, 15.98944100416351510319, 16.39679859948645201939, 16.80928220402265793609, 17.22688895750152227038, 17.64961885943218788952, 18.07747381690020560541, 18.51044932598897929665, 18.94855054835053920215, 19.39177873360036130634, 19.84012816019730252037, 20.29360264283863557466, 20.75220027367096520265, 21.2159201804808965619, 21.68476789087901934749, 22.1587368421490644721, 22.63783275656089699623, 23.12204991256083985718, 23.61139212410610710435, 24.10585642861445876406, 24.60544681237461972501, 25.110162251706238834, 25.6200008392333984375]
time=[0., 1.]
der(cpCod)=[0., 0.00256200007654129114, 0.01024800028325922006, 0.02305800015449142523, 0.04099200108722436675, 0.06404999456498199073, 0.09223200054925215219, 0.12553800537122161707, 0.16396800425726359984, 0.20752198853367714859, 0.25619997818359752095, 0.31000200252987597516, 0.3689280020595475662, 0.43297803622447528227, 0.50215202145436221848, 0.57644994476590460941, 0.65587201684578810834, 0.74041800142606417623, 0.83008795376817590128, 0.92488201805788139431, 1.02479991258166824863, 1.12984211380937993319, 1.24000801005843297453, 1.35529799333936273875, 1.47571200796353063645, 1.60125005245208740234, 1.73191214440904861505, 1.86769780629708903597, 2.00860808575634264272, 2.15464222952784112408, 2.30579977845255301716, 2.46208187143061785207, 2.6234880670165128258, 2.79001786060640499798, 2.96167200552114984191, 3.1384500145036424712, 3.32035181433942483409, 3.50737801119028125285, 3.69952807198709932024, 3.8968022351484585819, 4.09919965002185104908, 4.30672223946858778731, 4.51936845456378399888, 4.73713763726775649587, 4.96003204011151854758, 5.1880500687287955941, 5.42119197292970511626, 5.65945818917020737615, 5.90284803130416335648, 6.15136170333565335255, 6.40500020980834960938, 6.66376234229242303542, 6.92764857665090261207, 7.19665891288378833934, 7.47079122409982687714, 7.75004973256238205437, 8.03443234290185515079, 8.32393857901534239829, 8.61856891724846896352, 8.91832240368623097027, 9.22319911260466973602, 9.53320172493959816507, 9.84832748548143577239, 10.16857830205856849659, 10.49395226732918295909, 10.82445033447875104571, 11.16007144109447324354, 11.50081768046688956986, 11.84668802172166834907, 12.19768246509324249871, 12.55380005739428206368, 12.91504270525110698031, 13.28140725590002801937, 13.65289712231902718997, 14.02951204427765397043, 14.41125011444091796875, 14.79811228745627715853, 15.19009856234149680176, 15.58720893911021576628, 15.98944100416351510319, 16.39679859948645201939, 16.80928220402265793609, 17.22688895750152227038, 17.64961885943218788952, 18.07747381690020560541, 18.51044932598897929665, 18.94855054835053920215, 19.39177873360036130634, 19.84012816019730252037, 20.29360264283863557466, 20.75220027367096520265, 21.2159201804808965619, 21.68476789087901934749, 22.1587368421490644721, 22.63783275656089699623, 23.12204991256083985718, 23.61139212410610710435, 24.10585642861445876406, 24.60544681237461972501, 25.110162251706238834, 25.6200008392333984375]
der(cvSym)=[0., 0.00203858372535295571, 0.00815433488318557248, 0.0183472548704801397, 0.03261733949628895651, 0.05096459239884224002, 0.07338901942724496141, 0.09989059632621792584, 0.13046935791224315015, 0.16512526764152787861, 0.20385836953462876942, 0.24666862459519198203, 0.29355607759960272718, 0.34452065392058800475, 0.39956238528058368731, 0.4586812789740997709, 0.52187743150322285501, 0.58915065486955264795, 0.6605010702743987494, 0.73592873284187521055, 0.81543347801701249189, 0.89901548304016221103, 0.98667449833214915245, 1.07841070571134256539, 1.17422431017954642662, 1.27411484718322753906, 1.37808261529382791721, 1.48612737809685024892, 1.59824954107376915324, 1.71444902783826846893, 1.83472511541038896254, 1.95907887792961732387, 2.08750972572128512539, 2.22001749568859585438, 2.35660261933240722243, 2.4972651857781871243, 2.64200428051523550366, 2.79082100370036156889, 2.94371493117338101086, 3.10068606293258852702, 3.26173391182504479602, 3.42685920032416557746, 3.59606193162525578089, 3.76934110528659749306, 3.94669799323153647208, 4.12813208565706801778, 4.31364282250516328787, 4.50323154831336136539, 4.69689724028077648654, 4.89463930189860896292, 5.09645938873291015625, 5.30235644182066767627, 5.51233046039165852648, 5.72638239810655491624, 5.94450951151705098141, 6.16671535511838353472, 6.39299816419734945327, 6.62335841617746101662, 6.85779611066676864084, 7.09631029380385580652, 7.338900460678211779, 7.58556950336297663995, 7.8363155115264264694, 8.09113896239452223824, 8.35003890229976875048, 8.61301676134437244059, 8.88006998168940775429, 9.15120174663295493644, 9.4264104770426797586, 9.70569712680180529674, 9.9890607426188200435, 10.27650132391651993657, 10.56801712090019407242, 10.86361160809115133929, 11.16328401441692008689, 11.46703338623046875, 11.77485972430030614078, 12.08676302784883027641, 12.40274425055035401044, 12.72280051823881663609, 13.04693564681995532339, 13.37514774087743596453, 13.70743680100148864653, 14.04380378047060240476, 14.38424772541840113149, 14.72876656974663944766, 15.07736442057405312767, 15.43004019055219444567, 15.78679197273032741577, 16.14762167444344242995, 16.51252834164888483315, 16.88151071626733923381, 17.25457128935353523502, 17.63170978157681290099, 18.01292619315590215479, 18.39821861711597605904, 18.78758896022041113838, 19.18103295782478667775, 19.57855720681451927589, 19.98015746763590527735, 20.385837554931640625]
der(hSteSym)=[0., 150.66001107063658537299, 602.64004293554160085478, 1355.94000404195821829489, 2410.56016904811622225679, 3766.49988999454262739164, 5423.76001212723622302292, 7382.33978178769575606566, 9642.24067080322492984124, 12203.4590018716044141911, 15065.99955548936850391328, 18229.85957435676027671434, 21695.04004042513770400546, 25461.54094471308053471148, 29529.35912535542229306884, 33898.49732395477622048929, 38568.96267243868351215497, 43540.73737067681213375181, 48813.83598593100032303482, 54388.26309089270944241434, 60263.99821297605376457796, 66441.06666852386842947453, 72919.43829383446427527815, 79699.13774600370379630476, 86780.1601455444615567103, 94162.5, 101846.16375011176569387317, 109831.13192875118693336844, 118117.43649783376895356923, 126705.06981690699467435479, 135593.98925991670694202185, 144784.26340514124603942037, 154275.85066818533232435584, 164068.72137551411287859082, 174162.94947195050190202892, 184558.50630397000350058079, 195255.3439005852269474417, 206253.54157317758654244244, 217553.05234919124632142484, 229153.87622873796499334276, 241055.99283395300153642893, 253259.45755396070308052003, 265764.26663444918813183904, 278570.33450410899240523577, 291677.75316816673148423433, 305086.51619995082728564739, 318796.55095885053742676973, 332807.93919183709658682346, 347120.64054990757722407579, 361734.64219808444613590837, 376650., 391866.67093395174015313387, 407384.65494278055848553777, 423203.98327603936195373535, 439324.5276509835384786129, 455746.48028013715520501137, 472469.7459840854280628264, 489494.35605599009431898594, 506820.27921699441503733397, 524447.48420287587214261293, 542375.95696841005701571703, 560605.84875011176336556673, 579137.05360624345485121012, 597969.57156601105816662312, 617103.4026294144568964839, 636538.54676724784076213837, 656274.88542415446136146784, 676312.71635754744056612253, 696651.79786656249780207872, 717292.25496423663571476936, 738234.0251795558724552393, 759477.10846960206981748343, 781021.37551698694005608559, 802867.08310341229662299156, 825014.16626411862671375275, 847462.5, 870212.2093676798976957798, 893263.1693105349550023675, 916615.50482767110224813223, 940269.0114872597623616457, 964223.9713004769291728735, 988480.24418802536092698574, 1013037.83019400970079004765, 1037896.79178877954836934805, 1063057.06645730882883071899, 1088518.43900908948853611946, 1114281.33797362539917230606, 1140345.48751452844589948654, 1166711.01265802420675754547, 1193377.91340500675141811371, 1220346.06472656829282641411, 1247615.42816808237694203854, 1275186.20378602296113967896, 1303058.35497854277491569519, 1331231.7567602966446429491, 1359706.53415958862751722336, 1388482.56213366100564599037, 1417559.91646490828134119511, 1446938.56873535970225930214, 1476618.59658039035275578499, 1506600.]
