last-generated=2019-11-14
statistics-initialization=
{
  "linear": "2",
  "nonlinear": "1",
  "numerical Jacobians": "0"
}
statistics-simulation=
{
  "linear": " ",
  "nonlinear": "1",
  "number of continuous time states": "17",
  "numerical Jacobians": "0"
}
TBuiRet.T=[2.891499938964844e+02, 2.799988403320312e+02, 2.800001525878906e+02, 2.800000915527344e+02, 2.800000915527344e+02, 2.803307800292969e+02, 2.807621459960938e+02, 2.811937255859375e+02, 2.816253051757812e+02, 2.820569458007812e+02, 2.824885864257812e+02, 2.829202575683594e+02, 2.833518981933594e+02, 2.837835388183594e+02, 2.842151794433594e+02, 2.846468200683594e+02, 2.850784606933594e+02, 2.855100708007812e+02, 2.859417114257812e+02, 2.863733215332031e+02, 2.86804931640625e+02, 2.872365417480469e+02, 2.876681518554688e+02, 2.880997314453125e+02, 2.885312805175781e+02, 2.889627380371094e+02, 2.889951477050781e+02, 2.889975280761719e+02, 2.88997802734375e+02, 2.88997802734375e+02, 2.889977416992188e+02, 2.889976806640625e+02, 2.889976196289062e+02, 2.8899755859375e+02, 2.889974975585938e+02, 2.889974060058594e+02, 2.88997314453125e+02, 2.889972534179688e+02, 2.889971618652344e+02, 2.889970397949219e+02, 2.889969482421875e+02, 2.88996826171875e+02, 2.889967041015625e+02, 2.8899658203125e+02, 2.889964294433594e+02, 2.889962768554688e+02, 2.8899609375e+02, 2.889959106445312e+02, 2.889956970214844e+02, 2.889954528808594e+02, 2.8899951171875e+02, 2.890146484375e+02, 2.890182495117188e+02, 2.890144958496094e+02, 2.890111999511719e+02, 2.89009765625e+02, 2.890087890625e+02, 2.890082397460938e+02, 2.890077819824219e+02, 2.890073852539062e+02, 2.890067138671875e+02, 2.890062255859375e+02, 2.890059814453125e+02, 2.890065002441406e+02, 2.890057983398438e+02, 2.89005615234375e+02, 2.890055847167969e+02, 2.890055847167969e+02, 2.890057067871094e+02, 2.890057983398438e+02, 2.890059509277344e+02, 2.890061340332031e+02, 2.890064392089844e+02, 2.890068664550781e+02, 2.890074462890625e+02, 2.89008056640625e+02, 2.889972229003906e+02, 2.889972534179688e+02, 2.88997314453125e+02, 2.889974060058594e+02, 2.889974975585938e+02, 2.8899755859375e+02, 2.889976806640625e+02, 2.889977416992188e+02, 2.889977722167969e+02, 2.88997802734375e+02, 2.889978332519531e+02, 2.889978637695312e+02, 2.889978942871094e+02, 2.889979248046875e+02, 2.889979553222656e+02, 2.889979553222656e+02, 2.889979858398438e+02, 2.889979858398438e+02, 2.889979858398438e+02, 2.889979858398438e+02, 2.889979858398438e+02, 2.889979858398438e+02, 2.889979858398438e+02, 2.889979553222656e+02, 2.889980163574219e+02]
TDisSup.T=[2.781499938964844e+02, 2.781554870605469e+02, 2.781696166992188e+02, 2.781624450683594e+02, 2.781569213867188e+02, 2.781498413085938e+02, 2.781499938964844e+02, 2.781499938964844e+02, 2.781499938964844e+02, 2.781499938964844e+02, 2.781499938964844e+02, 2.781499938964844e+02, 2.781499938964844e+02, 2.781499938964844e+02, 2.781499938964844e+02, 2.781499938964844e+02, 2.781499938964844e+02, 2.781499938964844e+02, 2.781499938964844e+02, 2.781499938964844e+02, 2.781499938964844e+02, 2.781499938964844e+02, 2.781499938964844e+02, 2.781499938964844e+02, 2.781499938964844e+02, 2.781499938964844e+02, 2.781499938964844e+02, 2.781499938964844e+02, 2.781499938964844e+02, 2.781499938964844e+02, 2.781499938964844e+02, 2.781499938964844e+02, 2.781499938964844e+02, 2.781499938964844e+02, 2.781499938964844e+02, 2.781499938964844e+02, 2.781499938964844e+02, 2.781499938964844e+02, 2.781499938964844e+02, 2.781499938964844e+02, 2.781499938964844e+02, 2.781499938964844e+02, 2.781499938964844e+02, 2.781499938964844e+02, 2.781499938964844e+02, 2.781499938964844e+02, 2.781499938964844e+02, 2.781499938964844e+02, 2.781499938964844e+02, 2.781499938964844e+02, 2.781499938964844e+02, 2.781499938964844e+02, 2.781499938964844e+02, 2.781499938964844e+02, 2.781499938964844e+02, 2.781499938964844e+02, 2.781499938964844e+02, 2.781499938964844e+02, 2.781499938964844e+02, 2.781499938964844e+02, 2.781499938964844e+02, 2.781499938964844e+02, 2.781499938964844e+02, 2.781499938964844e+02, 2.781499938964844e+02, 2.781499938964844e+02, 2.781499938964844e+02, 2.781499938964844e+02, 2.781499938964844e+02, 2.781499938964844e+02, 2.781499938964844e+02, 2.781499938964844e+02, 2.781499938964844e+02, 2.781499938964844e+02, 2.781499938964844e+02, 2.781499938964844e+02, 2.781499938964844e+02, 2.781499938964844e+02, 2.781499938964844e+02, 2.781499938964844e+02, 2.781499938964844e+02, 2.781499938964844e+02, 2.781499938964844e+02, 2.781499938964844e+02, 2.781499938964844e+02, 2.781499938964844e+02, 2.781499938964844e+02, 2.781499938964844e+02, 2.781499938964844e+02, 2.781499938964844e+02, 2.781499938964844e+02, 2.781499938964844e+02, 2.781499938964844e+02, 2.781499938964844e+02, 2.781499938964844e+02, 2.781499938964844e+02, 2.781499938964844e+02, 2.781499938964844e+02, 2.781499938964844e+02, 2.781499938964844e+02, 2.781499938964844e+02]
TBuiSup.T=[2.801499938964844e+02, 2.799989318847656e+02, 2.800002136230469e+02, 2.800000915527344e+02, 2.800000915527344e+02, 2.800010986328125e+02, 2.800008544921875e+02, 2.800007019042969e+02, 2.800005798339844e+02, 2.800005493164062e+02, 2.8000048828125e+02, 2.800004577636719e+02, 2.800004272460938e+02, 2.800003967285156e+02, 2.800003662109375e+02, 2.800003356933594e+02, 2.800003051757812e+02, 2.800002746582031e+02, 2.800002746582031e+02, 2.80000244140625e+02, 2.800002136230469e+02, 2.800002136230469e+02, 2.800001831054688e+02, 2.800001831054688e+02, 2.800001220703125e+02, 2.799999694824219e+02, 2.799999389648438e+02, 2.799999084472656e+02, 2.799999084472656e+02, 2.799999084472656e+02, 2.799999084472656e+02, 2.799999084472656e+02, 2.799999389648438e+02, 2.799999389648438e+02, 2.799999389648438e+02, 2.799999389648438e+02, 2.799999389648438e+02, 2.799999389648438e+02, 2.799999389648438e+02, 2.799999389648438e+02, 2.799999389648438e+02, 2.799999389648438e+02, 2.799999389648438e+02, 2.799999389648438e+02, 2.799999389648438e+02, 2.799999389648438e+02, 2.799999389648438e+02, 2.799999389648438e+02, 2.799999389648438e+02, 2.799999389648438e+02, 2.800000305175781e+02, 2.800003967285156e+02, 2.800004272460938e+02, 2.800003967285156e+02, 2.800004272460938e+02, 2.800004577636719e+02, 2.800005187988281e+02, 2.800005493164062e+02, 2.800006103515625e+02, 2.800006408691406e+02, 2.80000732421875e+02, 2.800008239746094e+02, 2.800009155273438e+02, 2.800018920898438e+02, 2.800013427734375e+02, 2.800013427734375e+02, 2.800015258789062e+02, 2.800017395019531e+02, 2.800020141601562e+02, 2.800022888183594e+02, 2.800025634765625e+02, 2.800029296875e+02, 2.800033264160156e+02, 2.8000390625e+02, 2.800046081542969e+02, 2.800053405761719e+02, 2.79998291015625e+02, 2.799983520507812e+02, 2.799984436035156e+02, 2.7999853515625e+02, 2.799986267089844e+02, 2.799987487792969e+02, 2.799988403320312e+02, 2.799989318847656e+02, 2.799989929199219e+02, 2.799990234375e+02, 2.799990844726562e+02, 2.799991455078125e+02, 2.799991760253906e+02, 2.799992370605469e+02, 2.79999267578125e+02, 2.799993286132812e+02, 2.799993591308594e+02, 2.799993896484375e+02, 2.799994201660156e+02, 2.799994506835938e+02, 2.799994812011719e+02, 2.799994812011719e+02, 2.7999951171875e+02, 2.799995422363281e+02, 2.799996337890625e+02]
TDisRet.T=[2.871499938964844e+02, 2.799948120117188e+02, 2.799274597167969e+02, 2.792742309570312e+02, 2.7880615234375e+02, 2.803598327636719e+02, 2.807549133300781e+02, 2.811715393066406e+02, 2.815726013183594e+02, 2.819588623046875e+02, 2.823313903808594e+02, 2.826919555664062e+02, 2.830422058105469e+02, 2.83385009765625e+02, 2.83723388671875e+02, 2.840616149902344e+02, 2.843912048339844e+02, 2.8468896484375e+02, 2.849720153808594e+02, 2.85273193359375e+02, 2.855792541503906e+02, 2.858732299804688e+02, 2.861627502441406e+02, 2.864522094726562e+02, 2.867669372558594e+02, 2.871444396972656e+02, 2.87336669921875e+02, 2.873506164550781e+02, 2.87364501953125e+02, 2.873803100585938e+02, 2.873983459472656e+02, 2.874158630371094e+02, 2.874328002929688e+02, 2.874495239257812e+02, 2.874664306640625e+02, 2.874832763671875e+02, 2.875008239746094e+02, 2.875187683105469e+02, 2.875372009277344e+02, 2.875561828613281e+02, 2.875756225585938e+02, 2.875955810546875e+02, 2.876159973144531e+02, 2.876371765136719e+02, 2.876589660644531e+02, 2.876813659667969e+02, 2.877046508789062e+02, 2.877287292480469e+02, 2.877535400390625e+02, 2.877794494628906e+02, 2.877870788574219e+02, 2.877191467285156e+02, 2.876029663085938e+02, 2.874621276855469e+02, 2.874547729492188e+02, 2.873820495605469e+02, 2.873091430664062e+02, 2.872359619140625e+02, 2.872030944824219e+02, 2.871964721679688e+02, 2.872026977539062e+02, 2.8719482421875e+02, 2.871651916503906e+02, 2.869967346191406e+02, 2.869308776855469e+02, 2.8689990234375e+02, 2.868662109375e+02, 2.868314819335938e+02, 2.86797119140625e+02, 2.867649230957031e+02, 2.867345275878906e+02, 2.867056884765625e+02, 2.866777038574219e+02, 2.866510925292969e+02, 2.866255187988281e+02, 2.8659912109375e+02, 2.865923461914062e+02, 2.866028137207031e+02, 2.866134033203125e+02, 2.866241149902344e+02, 2.866349487304688e+02, 2.866459045410156e+02, 2.866570129394531e+02, 2.866681823730469e+02, 2.86679443359375e+02, 2.866908264160156e+02, 2.867023620605469e+02, 2.867140197753906e+02, 2.86725830078125e+02, 2.8673779296875e+02, 2.867498779296875e+02, 2.867621459960938e+02, 2.867745361328125e+02, 2.867870788574219e+02, 2.867998046875e+02, 2.868126525878906e+02, 2.868257141113281e+02, 2.868389892578125e+02, 2.868524475097656e+02, 2.868660888671875e+02, 2.868801574707031e+02]
time=[0e+00, 8.64e+04]
coo.hex.m1_flow=[1.066663662641076e-05, 1.05903236544691e-05, 1.927396224346012e-04, 3.416767867747694e-04, 3.376019594725221e-04, 3.865470737218857e-02, 7.39017128944397e-02, 9.909749776124957e-02, 1.180698201060295e-01, 1.330972611904144e-01, 1.454043090343475e-01, 1.557075977325439e-01, 1.644662022590637e-01, 1.720195710659027e-01, 1.785995960235596e-01, 1.843475252389908e-01, 1.894101053476334e-01, 1.938694268465042e-01, 1.978148221969604e-01, 2.012988775968552e-01, 2.043785601854324e-01, 2.070918083190918e-01, 2.094513773918152e-01, 2.114472836256027e-01, 2.124775946140289e-01, 2.116826325654984e-01, 1.26923143863678e-01, 1.236574947834015e-01, 1.203602999448776e-01, 1.170422360301018e-01, 1.137133687734604e-01, 1.103957667946815e-01, 1.071009263396263e-01, 1.038228049874306e-01, 1.005586311221123e-01, 9.731317311525346e-02, 9.406536817550659e-02, 9.082761406898499e-02, 8.75939279794693e-02, 8.436409384012222e-02, 8.114290237426758e-02, 7.793253660202026e-02, 7.473518699407578e-02, 7.15428963303566e-02, 6.836242228746414e-02, 6.519560515880585e-02, 6.203322112560272e-02, 5.888276547193527e-02, 5.574614554643631e-02, 5.261744931340218e-02, 5.224217101931572e-02, 6.236784160137177e-02, 7.685108482837677e-02, 9.071428328752518e-02, 1.048824638128281e-01, 1.191840544342996e-01, 1.334122121334077e-01, 1.475223451852797e-01, 1.615935117006302e-01, 1.756147593259811e-01, 1.898856908082962e-01, 2.042003571987152e-01, 2.184806317090988e-01, 2.367172986268997e-01, 2.525957226753235e-01, 2.677812278270721e-01, 2.830760776996613e-01, 2.984080016613007e-01, 3.139497637748719e-01, 3.295138776302337e-01, 3.451142907142638e-01, 3.606870472431183e-01, 3.762915134429932e-01, 3.92123281955719e-01, 4.081638157367706e-01, 4.24226850271225e-01, 4.190173447132111e-01, 4.128896594047546e-01, 4.067221581935883e-01, 4.00553286075592e-01, 3.943489193916321e-01, 3.882138729095459e-01, 3.821300566196442e-01, 3.760035634040833e-01, 3.698859512805939e-01, 3.63781213760376e-01, 3.576967418193817e-01, 3.516396582126617e-01, 3.455407023429871e-01, 3.394611179828644e-01, 3.334230780601501e-01, 3.274512887001038e-01, 3.214327692985535e-01, 3.15398782491684e-01, 3.094136714935303e-01, 3.035004436969757e-01, 2.975448966026306e-01, 2.915085256099701e-01, 2.854836881160736e-01, 2.794867157936096e-01, 2.737718820571899e-01]
loa.m_flow=[0e+00, 2.634563744068146e-01, 2.613318860530853e-01, 2.592073976993561e-01, 2.570829093456268e-01, 2.549583911895752e-01, 2.528339028358459e-01, 2.507094144821167e-01, 2.485849112272263e-01, 2.46460422873497e-01, 2.443359196186066e-01, 2.422114312648773e-01, 2.400869429111481e-01, 2.379624396562576e-01, 2.358379513025284e-01, 2.337134480476379e-01, 2.315889596939087e-01, 2.294644564390182e-01, 2.27339968085289e-01, 2.252154648303986e-01, 2.230909764766693e-01, 2.209664732217789e-01, 2.188419848680496e-01, 2.167174816131592e-01, 2.145929932594299e-01, 2.124684900045395e-01, 1.296226531267166e-01, 1.264359056949615e-01, 1.232491657137871e-01, 1.20062418282032e-01, 1.168756783008575e-01, 1.136889308691025e-01, 1.10502190887928e-01, 1.073154509067535e-01, 1.041287034749985e-01, 1.00941963493824e-01, 9.775521606206894e-02, 9.456847608089447e-02, 9.13817286491394e-02, 8.819498866796494e-02, 8.500824868679047e-02, 8.18215012550354e-02, 7.863476127386093e-02, 7.544801384210587e-02, 7.22612738609314e-02, 6.907452642917633e-02, 6.588778644800186e-02, 6.270104646682739e-02, 5.951429903507233e-02, 5.632755532860756e-02, 5.592457205057144e-02, 6.615755707025528e-02, 8.060566335916519e-02, 9.441806375980377e-02, 1.08226090669632e-01, 1.220353022217752e-01, 1.358445137739183e-01, 1.496537476778029e-01, 1.634629666805267e-01, 1.772721856832504e-01, 1.910814046859741e-01, 2.048906236886978e-01, 2.186998426914215e-01, 2.325090616941452e-01, 2.463182806968689e-01, 2.601275146007538e-01, 2.739367187023163e-01, 2.877459526062012e-01, 3.015551567077638e-01, 3.153643906116484e-01, 3.291735947132109e-01, 3.429828286170959e-01, 3.567920327186584e-01, 3.706012666225433e-01, 3.84382039308548e-01, 3.980363309383392e-01, 3.930790424346924e-01, 3.877677917480469e-01, 3.824565708637238e-01, 3.771453201770782e-01, 3.718340694904327e-01, 3.665228486061096e-01, 3.612115979194641e-01, 3.55900377035141e-01, 3.505891263484955e-01, 3.4527787566185e-01, 3.399666547775269e-01, 3.346554040908813e-01, 3.293441832065582e-01, 3.240329325199127e-01, 3.187216818332672e-01, 3.134104609489441e-01, 3.080992102622986e-01, 3.027879893779755e-01, 2.9747673869133e-01, 2.921654880046844e-01, 2.868542671203613e-01, 2.815430164337158e-01, 2.762317955493927e-01, 2.709205448627472e-01, 2.656092941761017e-01]
coo.hex.m2_flow=[0e+00, 2.634563744068146e-01, 2.613318860530853e-01, 2.592073976993561e-01, 2.570829093456268e-01, 2.549583911895752e-01, 2.528339028358459e-01, 2.507094144821167e-01, 2.485849112272263e-01, 2.46460422873497e-01, 2.443359196186066e-01, 2.422114312648773e-01, 2.400869429111481e-01, 2.379624396562576e-01, 2.358379513025284e-01, 2.337134480476379e-01, 2.315889596939087e-01, 2.294644564390182e-01, 2.27339968085289e-01, 2.252154648303986e-01, 2.230909764766693e-01, 2.209664732217789e-01, 2.188419848680496e-01, 2.167174816131592e-01, 2.145929932594299e-01, 2.124684900045395e-01, 1.296226531267166e-01, 1.264359056949615e-01, 1.232491657137871e-01, 1.20062418282032e-01, 1.168756783008575e-01, 1.136889308691025e-01, 1.10502190887928e-01, 1.073154509067535e-01, 1.041287034749985e-01, 1.00941963493824e-01, 9.775521606206894e-02, 9.456847608089447e-02, 9.13817286491394e-02, 8.819498866796494e-02, 8.500824868679047e-02, 8.18215012550354e-02, 7.863476127386093e-02, 7.544801384210587e-02, 7.22612738609314e-02, 6.907452642917633e-02, 6.588778644800186e-02, 6.270104646682739e-02, 5.951429903507233e-02, 5.632755532860756e-02, 5.592457205057144e-02, 6.615755707025528e-02, 8.060566335916519e-02, 9.441806375980377e-02, 1.08226090669632e-01, 1.220353022217752e-01, 1.358445137739183e-01, 1.496537476778029e-01, 1.634629666805267e-01, 1.772721856832504e-01, 1.910814046859741e-01, 2.048906236886978e-01, 2.186998426914215e-01, 2.325090616941452e-01, 2.463182806968689e-01, 2.601275146007538e-01, 2.739367187023163e-01, 2.877459526062012e-01, 3.015551567077638e-01, 3.153643906116484e-01, 3.291735947132109e-01, 3.429828286170959e-01, 3.567920327186584e-01, 3.706012666225433e-01, 3.84382039308548e-01, 3.980363309383392e-01, 3.930790424346924e-01, 3.877677917480469e-01, 3.824565708637238e-01, 3.771453201770782e-01, 3.718340694904327e-01, 3.665228486061096e-01, 3.612115979194641e-01, 3.55900377035141e-01, 3.505891263484955e-01, 3.4527787566185e-01, 3.399666547775269e-01, 3.346554040908813e-01, 3.293441832065582e-01, 3.240329325199127e-01, 3.187216818332672e-01, 3.134104609489441e-01, 3.080992102622986e-01, 3.027879893779755e-01, 2.9747673869133e-01, 2.921654880046844e-01, 2.868542671203613e-01, 2.815430164337158e-01, 2.762317955493927e-01, 2.709205448627472e-01, 2.656092941761017e-01]
coo.val.y=[0e+00, 0e+00, 3.970423495047726e-05, 4.690247442340478e-05, 4.63262404082343e-05, 1.983508700504899e-03, 3.869757987558842e-03, 5.353805143386127e-03, 6.581018213182688e-03, 7.640337571501732e-03, 8.575861342251301e-03, 9.413492865860462e-03, 1.016920153051615e-02, 1.085631176829338e-02, 1.148370280861855e-02, 1.205499656498432e-02, 1.257715560495853e-02, 1.30526814609766e-02, 1.348605565726757e-02, 1.387898623943329e-02, 1.423455029726028e-02, 1.455436460673809e-02, 1.48375416174531e-02, 1.508069969713688e-02, 1.520571671426296e-02, 1.510157901793718e-02, 7.172460202127695e-03, 6.942274048924446e-03, 6.713891867548226e-03, 6.487938109785318e-03, 6.264988798648119e-03, 6.046388763934374e-03, 5.832698661834002e-03, 5.623305682092905e-03, 5.417833570390939e-03, 5.216418765485288e-03, 5.017595365643501e-03, 4.821996670216322e-03, 4.629139788448811e-03, 4.438892472535372e-03, 4.251408856362104e-03, 4.066688474267721e-03, 3.884732257574797e-03, 3.704969538375735e-03, 3.527668537572026e-03, 3.352817846462131e-03, 3.179803024977446e-03, 3.008933272212744e-03, 2.840207889676094e-03, 2.67320778220892e-03, 2.657648175954819e-03, 3.216326935216784e-03, 4.023742862045765e-03, 4.833059385418892e-03, 5.710076540708542e-03, 6.654358003288516e-03, 7.664465811103591e-03, 8.748619817197314e-03, 9.925077669322491e-03, 1.120780222117901e-02, 1.264479383826256e-02, 1.423736941069365e-02, 1.599785685539246e-02, 1.856843195855618e-02, 2.104279212653637e-02, 2.373092994093895e-02, 2.677514031529427e-02, 3.020546026527882e-02, 3.412239253520969e-02, 3.85484434664249e-02, 4.356946423649784e-02, 4.926015436649323e-02, 5.576053634285927e-02, 6.332705914974213e-02, 7.219437509775162e-02, 8.25507789850235e-02, 7.874655723571777e-02, 7.482394576072693e-02, 7.110623270273209e-02, 6.760074198246002e-02, 6.427320837974548e-02, 6.116447970271111e-02, 5.824727937579155e-02, 5.546265468001366e-02, 5.282537266612053e-02, 5.032790824770927e-02, 4.796411842107773e-02, 4.572716355323792e-02, 4.358456283807755e-02, 4.155202582478523e-02, 3.962955251336098e-02, 3.781714662909508e-02, 3.607513383030891e-02, 3.440934419631958e-02, 3.283270075917244e-02, 3.13451960682869e-02, 2.991412580013275e-02, 2.8528967872262e-02, 2.720880322158337e-02, 2.59536262601614e-02, 2.481256797909737e-02]
coo.hex.port_b2.p=[3e+05, 3e+05]
coo.hex.port_a1.p=[3e+05, 3e+05, 3e+05, 3e+05, 3e+05, 3.00003e+05, 3.000109375e+05, 3.0001965625e+05, 3.00027875e+05, 3.000354375e+05, 3.0004228125e+05, 3.000485e+05, 3.0005409375e+05, 3.000591875e+05, 3.0006378125e+05, 3.0006796875e+05, 3.0007175e+05, 3.0007515625e+05, 3.0007825e+05, 3.0008103125e+05, 3.0008353125e+05, 3.0008578125e+05, 3.0008775e+05, 3.0008940625e+05, 3.0009028125e+05, 3.00089625e+05, 3.0003221875e+05, 3.0003059375e+05, 3.0002896875e+05, 3.0002740625e+05, 3.00025875e+05, 3.00024375e+05, 3.000229375e+05, 3.000215625e+05, 3.0002021875e+05, 3.000189375e+05, 3.000176875e+05, 3.000165e+05, 3.0001534375e+05, 3.0001425e+05, 3.0001315625e+05, 3.0001215625e+05, 3.0001115625e+05, 3.0001025e+05, 3.0000934375e+05, 3.000085e+05, 3.000076875e+05, 3.000069375e+05, 3.0000621875e+05, 3.0000553125e+05, 3.0000546875e+05, 3.0000778125e+05, 3.000118125e+05, 3.0001646875e+05, 3.00022e+05, 3.0002840625e+05, 3.0003559375e+05, 3.0004353125e+05, 3.0005221875e+05, 3.000616875e+05, 3.00072125e+05, 3.0008340625e+05, 3.0009546875e+05, 3.001120625e+05, 3.0012759375e+05, 3.0014340625e+05, 3.0016025e+05, 3.0017809375e+05, 3.00197125e+05, 3.0021715625e+05, 3.0023821875e+05, 3.002601875e+05, 3.002831875e+05, 3.0030753125e+05, 3.003331875e+05, 3.003599375e+05, 3.0035115625e+05, 3.0034096875e+05, 3.0033084375e+05, 3.00320875e+05, 3.0031103125e+05, 3.0030140625e+05, 3.0029203125e+05, 3.0028275e+05, 3.00273625e+05, 3.002646875e+05, 3.0025590625e+05, 3.002473125e+05, 3.0023878125e+05, 3.0023046875e+05, 3.0022234375e+05, 3.002144375e+05, 3.00206625e+05, 3.001989375e+05, 3.0019146875e+05, 3.0018421875e+05, 3.001770625e+05, 3.0016996875e+05, 3.00163e+05, 3.0015621875e+05, 3.0014990625e+05]
coo.hex.port_a2.p=[3e+05, 3.001388125e+05, 3.0013659375e+05, 3.00134375e+05, 3.001321875e+05, 3.0013e+05, 3.0012784375e+05, 3.0012571875e+05, 3.0012359375e+05, 3.001215e+05, 3.0011940625e+05, 3.0011734375e+05, 3.0011528125e+05, 3.0011325e+05, 3.0011125e+05, 3.0010925e+05, 3.0010728125e+05, 3.001053125e+05, 3.00103375e+05, 3.001014375e+05, 3.0009953125e+05, 3.0009765625e+05, 3.0009578125e+05, 3.000939375e+05, 3.0009209375e+05, 3.0009028125e+05, 3.0003359375e+05, 3.0003196875e+05, 3.00030375e+05, 3.0002884375e+05, 3.000273125e+05, 3.0002584375e+05, 3.0002440625e+05, 3.0002303125e+05, 3.000216875e+05, 3.00020375e+05, 3.00019125e+05, 3.00017875e+05, 3.000166875e+05, 3.000155625e+05, 3.000144375e+05, 3.00013375e+05, 3.00012375e+05, 3.00011375e+05, 3.000104375e+05, 3.0000953125e+05, 3.000086875e+05, 3.00007875e+05, 3.0000709375e+05, 3.0000634375e+05, 3.0000625e+05, 3.0000875e+05, 3.00013e+05, 3.0001784375e+05, 3.000234375e+05, 3.0002978125e+05, 3.0003690625e+05, 3.0004478125e+05, 3.000534375e+05, 3.0006284375e+05, 3.0007303125e+05, 3.0008396875e+05, 3.0009565625e+05, 3.00108125e+05, 3.0012134375e+05, 3.0013534375e+05, 3.0015009375e+05, 3.0016559375e+05, 3.00181875e+05, 3.0019890625e+05, 3.0021671875e+05, 3.0023528125e+05, 3.0025459375e+05, 3.002746875e+05, 3.002955e+05, 3.00316875e+05, 3.0030903125e+05, 3.0030071875e+05, 3.0029253125e+05, 3.0028446875e+05, 3.0027653125e+05, 3.002686875e+05, 3.002609375e+05, 3.0025334375e+05, 3.002458125e+05, 3.002384375e+05, 3.0023115625e+05, 3.00224e+05, 3.002169375e+05, 3.0021e+05, 3.0020315625e+05, 3.001964375e+05, 3.0018984375e+05, 3.00183375e+05, 3.00177e+05, 3.0017071875e+05, 3.001645625e+05, 3.0015853125e+05, 3.0015259375e+05, 3.0014678125e+05, 3.0014109375e+05]
coo.hex.port_b1.p=[3e+05, 3e+05]
dTDis.y=[9e+00, 1.839327931404114e+00, 1.757837891578674e+00, 1.111776471138e+00, 6.492428779602051e-01, 2.209990262985229e+00, 2.604912281036377e+00, 3.021547555923462e+00, 3.422610282897949e+00, 3.808858871459961e+00, 4.181387901306152e+00, 4.541956901550293e+00, 4.892212390899658e+00, 5.235021114349365e+00, 5.573380947113038e+00, 5.911624431610107e+00, 6.24119758605957e+00, 6.538973331451417e+00, 6.822022438049316e+00, 7.123180866241455e+00, 7.429250717163086e+00, 7.723226547241211e+00, 8.012758255004883e+00, 8.302209854125977e+00, 8.616937637329102e+00, 8.994451522827148e+00, 9.186665534973145e+00, 9.200604438781738e+00, 9.214508056640625e+00, 9.230313301086426e+00, 9.248353958129883e+00, 9.265875816345215e+00, 9.282811164855957e+00, 9.299534797668457e+00, 9.31641960144043e+00, 9.333279609680176e+00, 9.350833892822266e+00, 9.368770599365234e+00, 9.387205123901367e+00, 9.406167984008789e+00, 9.425622940063477e+00, 9.44556999206543e+00, 9.466009140014648e+00, 9.487174987792969e+00, 9.508955955505371e+00, 9.531360626220703e+00, 9.554662704467773e+00, 9.578723907470703e+00, 9.603545188903809e+00, 9.629457473754883e+00, 9.637072563171387e+00, 9.569146156311035e+00, 9.452972412109375e+00, 9.312129020690918e+00, 9.30478572845459e+00, 9.232048034667969e+00, 9.159152984619141e+00, 9.085949897766113e+00, 9.053089141845703e+00, 9.046470642089844e+00, 9.052689552307129e+00, 9.044828414916992e+00, 9.015178680419922e+00, 8.846748352050781e+00, 8.780864715576172e+00, 8.749887466430664e+00, 8.716218948364258e+00, 8.681477546691895e+00, 8.647104263305664e+00, 8.614936828613281e+00, 8.58453369140625e+00, 8.555675506591797e+00, 8.527691841125488e+00, 8.501086235046387e+00, 8.475516319274902e+00, 8.449130058288574e+00, 8.442355155944824e+00, 8.452813148498535e+00, 8.463406562805176e+00, 8.474124908447266e+00, 8.484938621520996e+00, 8.495905876159668e+00, 8.50700569152832e+00, 8.51817798614502e+00, 8.529438018798828e+00, 8.540824890136719e+00, 8.55235767364502e+00, 8.564024925231934e+00, 8.575839996337891e+00, 8.587795257568359e+00, 8.599892616271973e+00, 8.612131118774414e+00, 8.624529838562012e+00, 8.637085914611816e+00, 8.64979362487793e+00, 8.662652015686035e+00, 8.675711631774902e+00, 8.688985824584961e+00, 8.702447891235352e+00, 8.716097831726074e+00, 8.730154991149902e+00]
TApp.y=[2e+00, 1.843453764915466e+00, 1.83059287071228e+00, 1.837652087211609e+00, 1.843166351318359e+00, 1.85126805305481e+00, 1.850844144821167e+00, 1.850697159767151e+00, 1.850592136383057e+00, 1.850537657737732e+00, 1.850488781929016e+00, 1.8504478931427e+00, 1.85041344165802e+00, 1.850385189056396e+00, 1.850361347198486e+00, 1.850335836410522e+00, 1.850309491157532e+00, 1.850286483764648e+00, 1.850265264511108e+00, 1.850245833396912e+00, 1.850227952003479e+00, 1.850210785865784e+00, 1.850193023681641e+00, 1.850172758102417e+00, 1.850113987922668e+00, 1.849965810775757e+00, 1.849925518035889e+00, 1.849921584129333e+00, 1.849921107292175e+00, 1.849921226501465e+00, 1.849921464920044e+00, 1.849922299385071e+00, 1.849923729896545e+00, 1.849925398826599e+00, 1.849926590919495e+00, 1.84992778301239e+00, 1.849928379058838e+00, 1.849928736686707e+00, 1.849928975105286e+00, 1.849929332733154e+00, 1.849929690361023e+00, 1.849930047988892e+00, 1.849930286407471e+00, 1.84993052482605e+00, 1.849930763244629e+00, 1.849931001663208e+00, 1.849931240081787e+00, 1.849931478500366e+00, 1.849931716918945e+00, 1.849931836128235e+00, 1.850039958953857e+00, 1.850391745567322e+00, 1.850422382354736e+00, 1.85039222240448e+00, 1.850427985191345e+00, 1.850465059280396e+00, 1.850507736206055e+00, 1.850556969642639e+00, 1.850602149963379e+00, 1.850655198097229e+00, 1.850740313529968e+00, 1.850828409194946e+00, 1.850918769836426e+00, 1.851891994476318e+00, 1.851354122161865e+00, 1.851350665092468e+00, 1.851523280143738e+00, 1.851744651794434e+00, 1.852024674415588e+00, 1.85228443145752e+00, 1.852578163146973e+00, 1.852922201156616e+00, 1.853335857391357e+00, 1.853891491889954e+00, 1.854599833488464e+00, 1.855333805084229e+00, 1.84828245639801e+00, 1.848357200622559e+00, 1.848447322845459e+00, 1.848543643951416e+00, 1.848635911941528e+00, 1.848740100860596e+00, 1.848855018615723e+00, 1.848930835723877e+00, 1.848980069160461e+00, 1.849027156829834e+00, 1.849083662033081e+00, 1.849139094352722e+00, 1.849189400672913e+00, 1.849236488342285e+00, 1.849280476570129e+00, 1.849321246147156e+00, 1.849358201026917e+00, 1.849391222000122e+00, 1.849420785903931e+00, 1.849446773529053e+00, 1.849471569061279e+00, 1.849495649337769e+00, 1.849517822265625e+00, 1.849538087844849e+00, 1.849625587463379e+00]
dTBui.y=[9e+00, -9.383852011524141e-05, -5.621162199531682e-05, -5.421863079391187e-06, 9.319637683802284e-08, 3.296693861484528e-01, 7.613160610198975e-01, 1.193023443222046e+00, 1.624723672866821e+00, 2.056418180465698e+00, 2.488111257553101e+00, 2.919797658920288e+00, 3.351478576660156e+00, 3.783153772354126e+00, 4.214823246002198e+00, 4.646487236022949e+00, 5.078145027160645e+00, 5.509796142578126e+00, 5.941441059112549e+00, 6.3730788230896e+00, 6.804710388183594e+00, 7.236334323883057e+00, 7.667951583862305e+00, 8.099560737609863e+00, 8.531166076660156e+00, 8.962769508361816e+00, 8.995224952697754e+00, 8.997607231140137e+00, 8.997882843017578e+00, 8.997871398925781e+00, 8.997817993164062e+00, 8.997760772705078e+00, 8.997696876525879e+00, 8.997629165649414e+00, 8.997556686401367e+00, 8.997479438781738e+00, 8.997397422790527e+00, 8.997310638427734e+00, 8.997218132019043e+00, 8.997117042541504e+00, 8.99700927734375e+00, 8.996894836425781e+00, 8.996773719787598e+00, 8.996639251708984e+00, 8.996493339538574e+00, 8.996337890625e+00, 8.996161460876465e+00, 8.995970726013184e+00, 8.99576473236084e+00, 8.995532035827637e+00, 8.999458312988281e+00, 9.014257431030273e+00, 9.017814636230469e+00, 9.014102935791016e+00, 9.01076602935791e+00, 9.009291648864746e+00, 9.00829029083252e+00, 9.007672309875488e+00, 9.007179260253906e+00, 9.006728172302246e+00, 9.005980491638184e+00, 9.005398750305176e+00, 9.005069732666016e+00, 9.004599571228027e+00, 9.004458427429199e+00, 9.004274368286133e+00, 9.004051208496094e+00, 9.003850936889648e+00, 9.003670692443848e+00, 9.003507614135742e+00, 9.003358840942383e+00, 9.00322151184082e+00, 9.003091812133789e+00, 9.002968788146973e+00, 9.002847671508789e+00, 9.002720832824707e+00, 8.998930931091309e+00, 8.998898506164551e+00, 8.998881340026855e+00, 8.998865127563477e+00, 8.998849868774414e+00, 8.998832702636719e+00, 8.998814582824707e+00, 8.998798370361328e+00, 8.998782157897949e+00, 8.998764991760254e+00, 8.998744964599609e+00, 8.998723983764648e+00, 8.998703002929688e+00, 8.998682022094727e+00, 8.998660087585449e+00, 8.998638153076172e+00, 8.998615264892578e+00, 8.998591423034668e+00, 8.998566627502441e+00, 8.998540878295898e+00, 8.998514175415039e+00, 8.998485565185547e+00, 8.998456954956055e+00, 8.99842643737793e+00, 8.998382568359375e+00]
coo.Q_flow=[0e+00, 8.150046318769455e-02, 1.417560219764709e+00, 1.589368581771851e+00, 9.170728325843811e-01, 3.574246215820312e+02, 8.054512939453125e+02, 1.252805908203125e+03, 1.690783569335938e+03, 2.1210732421875e+03, 2.543837646484375e+03, 2.958996826171875e+03, 3.36646142578125e+03, 3.76780126953125e+03, 4.164769042968751e+03, 4.5596953125e+03, 4.9460986328125e+03, 5.304086425781251e+03, 5.6462958984375e+03, 5.99938916015625e+03, 6.35289990234375e+03, 6.69196044921875e+03, 7.0219375e+03, 7.3449267578125e+03, 7.66051220703125e+03, 7.96620703125e+03, 4.87854541015625e+03, 4.760236328125e+03, 4.640311035156249e+03, 4.5201279296875e+03, 4.40015185546875e+03, 4.2798701171875e+03, 4.15972314453125e+03, 4.039667724609375e+03, 3.919765380859375e+03, 3.800122314453125e+03, 3.680203125e+03, 3.560345947265625e+03, 3.440344970703125e+03, 3.320183349609375e+03, 3.20001708984375e+03, 3.07991455078125e+03, 2.959945556640625e+03, 2.83984814453125e+03, 2.7198310546875e+03, 2.599949462890625e+03, 2.479884033203125e+03, 2.359866943359375e+03, 2.239948974609375e+03, 2.119938720703125e+03, 2.1064833984375e+03, 2.497040283203125e+03, 3.039555419921875e+03, 3.5344052734375e+03, 4.08320263671875e+03, 4.603708984375005e+03, 5.112608886718755e+03, 5.608152343749996e+03, 6.12085888671875e+03, 6.64709423828125e+03, 7.19219677734375e+03, 7.7276689453125e+03, 8.2409814453125e+03, 8.76204296875e+03, 9.2801494140625e+03, 9.803345703125e+03, 1.03234052734375e+04, 1.08391640625e+04, 1.13585400390625e+04, 1.187729296875e+04, 1.23957080078125e+04, 1.291149609375e+04, 1.3426029296875e+04, 1.394725390625e+04, 1.4474125e+04, 1.49969111328125e+04, 1.480087109375e+04, 1.46024912109375e+04, 1.44023955078125e+04, 1.4201912109375e+04, 1.39997744140625e+04, 1.3799787109375e+04, 1.36012734375e+04, 1.34007890625e+04, 1.320018359375e+04, 1.29996533203125e+04, 1.27994853515625e+04, 1.259991015625e+04, 1.23984541015625e+04, 1.2197291015625e+04, 1.1997212890625e+04, 1.1799103515625e+04, 1.1598912109375e+04, 1.13977451171875e+04, 1.11979091796875e+04, 1.10002333984375e+04, 1.0800634765625e+04, 1.05977099609375e+04, 1.03947578125e+04, 1.01923642578125e+04, 1.0000056640625e+04]
coo.Q=[0e+00, 8.216235625e+05, 8.21839875e+05, 8.23284375e+05, 8.24336625e+05, 9.388825625e+05, 1.439132625e+06, 2.327078000000001e+06, 3.59616925e+06, 5.2409195e+06, 7.2544765e+06, 9.630239e+06, 1.2362074e+07, 1.5443316e+07, 1.886774600000001e+07, 2.262792e+07, 2.6717302e+07, 3.112919000000001e+07, 3.5856828e+07, 4.0893536e+07, 4.6232664e+07, 5.186764e+07, 5.7791796e+07, 6.3998512e+07, 7.0481096e+07, 7.723284e+07, 8.1486312e+07, 8.5588256e+07, 8.959090400000001e+07, 9.3494136e+07, 9.7284728e+07, 1.00999304e+08, 1.04628056e+08, 1.08164208e+08, 1.1159516e+08, 1.14928296e+08, 1.18156568e+08, 1.21283024e+08, 1.24305864e+08, 1.27224592e+08, 1.30039792e+08, 1.32751448e+08, 1.35359568e+08, 1.37864432e+08, 1.4026592e+08, 1.42563936e+08, 1.44758224e+08, 1.46848912e+08, 1.48836e+08, 1.5071944e+08, 1.52554e+08, 1.54578112e+08, 1.56996224e+08, 1.59995408e+08, 1.63501696e+08, 1.67440672e+08, 1.71742944e+08, 1.76425312e+08, 1.81549792e+08, 1.87104e+08, 1.93105904e+08, 1.99554064e+08, 2.06449968e+08, 2.13794528e+08, 2.21588048e+08, 2.29997504e+08, 2.38860256e+08, 2.48086304e+08, 2.577016480000001e+08, 2.677574079999999e+08, 2.782526079999999e+08, 2.89193184e+08, 3.00582144e+08, 3.12419264e+08, 3.24704704e+08, 3.37436064e+08, 3.50280288e+08, 3.62877824e+08, 3.75306432e+08, 3.8756608e+08, 3.99679392e+08, 4.11638208e+08, 4.23461888e+08, 4.35109888e+08, 4.46592384e+08, 4.57906144e+08, 4.69047936e+08, 4.80019072e+08, 4.90816096e+08, 5.01440704e+08, 5.11892864e+08, 5.22172608e+08, 5.32279936e+08, 5.42214912e+08, 5.51977408e+08, 5.61567552e+08, 5.70984896e+08, 5.80229376e+08, 5.89301184e+08, 5.9820032e+08, 6.06926784e+08]
