last-generated=2020-10-30
statistics-initialization=
{
  "nonlinear": "2, 2",
  "numerical Jacobians": "0"
}
statistics-simulation=
{
  "linear": " ",
  "nonlinear": "2, 2",
  "number of continuous time states": "18",
  "numerical Jacobians": "0"
}
time=[0e+00, 6.048e+05]
bui.maxTSet.y=[2.971499938964844e+02, 2.971499938964844e+02]
bui.minTSet.y=[2.931499938964844e+02, 2.931499938964844e+02]
bui.terUniCoo.TLoaODE.TAir=[2.971499938964844e+02, 2.971499938964844e+02, 2.971499938964844e+02, 2.971499938964844e+02, 2.971499938964844e+02, 2.971499938964844e+02, 2.971499938964844e+02, 2.971499938964844e+02, 2.971499938964844e+02, 2.971499938964844e+02, 2.971499938964844e+02, 2.971499938964844e+02, 2.971499938964844e+02, 2.971499938964844e+02, 2.971499938964844e+02, 2.971499938964844e+02, 2.971499938964844e+02, 2.971499938964844e+02, 2.971499938964844e+02, 2.971499938964844e+02, 2.971499938964844e+02, 2.971499938964844e+02, 2.971499938964844e+02, 2.971499938964844e+02, 2.971499938964844e+02, 2.971499938964844e+02, 2.971499938964844e+02, 2.971499938964844e+02, 2.971499938964844e+02, 2.971499938964844e+02, 2.971499938964844e+02, 2.971499938964844e+02, 2.971499938964844e+02, 2.971499938964844e+02, 2.971499938964844e+02, 2.971499938964844e+02, 2.971499938964844e+02, 2.971499938964844e+02, 2.971499938964844e+02, 2.971499938964844e+02, 2.971499938964844e+02, 2.971499938964844e+02, 2.971499938964844e+02, 2.971499938964844e+02, 2.971499938964844e+02, 2.971499938964844e+02, 2.971499938964844e+02, 2.971499938964844e+02, 2.971499938964844e+02, 2.971499938964844e+02, 2.971499938964844e+02, 2.971499938964844e+02, 2.971499938964844e+02, 2.971499938964844e+02, 2.971499938964844e+02, 2.971499938964844e+02, 2.971499938964844e+02, 2.971499938964844e+02, 2.971499938964844e+02, 2.971499938964844e+02, 2.971499938964844e+02, 2.971499938964844e+02, 2.971499938964844e+02, 2.971499938964844e+02, 2.971499938964844e+02, 2.971499938964844e+02, 2.971499938964844e+02, 2.971499938964844e+02, 2.971499938964844e+02, 2.971499938964844e+02, 2.971499938964844e+02, 2.971499938964844e+02, 2.971499938964844e+02, 2.971499938964844e+02, 2.971499938964844e+02, 2.971499938964844e+02, 2.971499938964844e+02, 2.971499938964844e+02, 2.971499938964844e+02, 2.971499938964844e+02, 2.971499938964844e+02, 2.971499938964844e+02, 2.971499938964844e+02, 2.971499938964844e+02, 2.971499938964844e+02, 2.971499938964844e+02, 2.971499938964844e+02, 2.971499938964844e+02, 2.971499938964844e+02, 2.971499938964844e+02, 2.971499938964844e+02, 2.971499938964844e+02, 2.971499938964844e+02, 2.971499938964844e+02, 2.971499938964844e+02, 2.971499938964844e+02, 2.971499938964844e+02, 2.971499938964844e+02, 2.971499938964844e+02, 2.971499938964844e+02, 2.971499938964844e+02]
bui.terUniHea.TLoaODE.TAir=[2.931499938964844e+02, 2.9314927734375e+02, 2.931493054199219e+02, 2.931490881347656e+02, 2.931447302246094e+02, 2.931507995605469e+02, 2.931523620605469e+02, 2.931517810058594e+02, 2.931507360839844e+02, 2.931499011230469e+02, 2.931493713378906e+02, 2.931519055175781e+02, 2.931492163085937e+02, 2.931543176269531e+02, 2.931491882324219e+02, 2.931489135742187e+02, 2.931491479492187e+02, 2.93149326171875e+02, 2.931421752929688e+02, 2.931492919921875e+02, 2.931531860351562e+02, 2.931537036132813e+02, 2.931520556640625e+02, 2.931496081542969e+02, 2.93148759765625e+02, 2.931524963378906e+02, 2.931500561523437e+02, 2.931513049316407e+02, 2.931497424316406e+02, 2.931488781738281e+02, 2.931490417480469e+02, 2.93149296875e+02, 2.93142255859375e+02, 2.931476452636718e+02, 2.931532946777344e+02, 2.931546813964844e+02, 2.931528076171875e+02, 2.931507104492188e+02, 2.931483776855468e+02, 2.931502795410156e+02, 2.931511413574219e+02, 2.931487072753906e+02, 2.931518505859375e+02, 2.931491223144531e+02, 2.931485412597656e+02, 2.931488891601563e+02, 2.931464208984375e+02, 2.931452416992187e+02, 2.9314978515625e+02, 2.931514892578125e+02, 2.931519470214844e+02, 2.931498937988281e+02, 2.931499633789062e+02, 2.931499462890625e+02, 2.931525170898437e+02, 2.931494079589844e+02, 2.931557800292969e+02, 2.931491137695313e+02, 2.931492358398438e+02, 2.931497692871094e+02, 2.931496643066406e+02, 2.931424340820312e+02, 2.931495568847656e+02, 2.931506079101562e+02, 2.931515075683594e+02, 2.931504638671875e+02, 2.931501806640625e+02, 2.931503857421875e+02, 2.931537939453125e+02, 2.931500610351562e+02, 2.931534484863281e+02, 2.931489636230469e+02, 2.931498352050781e+02, 2.931494445800781e+02, 2.931495764160156e+02, 2.931391296386719e+02, 2.9314880859375e+02, 2.931504052734375e+02, 2.931516491699219e+02, 2.931510705566406e+02, 2.931499450683594e+02, 2.931499487304687e+02, 2.931520532226563e+02, 2.931515649414063e+02, 2.931503479003906e+02, 2.931506652832031e+02, 2.931495788574219e+02, 2.9314953125e+02, 2.931497875976563e+02, 2.931440783691406e+02, 2.931488525390625e+02, 2.931506518554688e+02, 2.931505700683594e+02, 2.931508898925781e+02, 2.931523266601562e+02, 2.931499633789062e+02, 2.931493200683594e+02, 2.931526599121094e+02, 2.93149560546875e+02, 2.931541174316406e+02, 2.931492004394531e+02]
bui.terUniHea.QReqHea_flow=[2.63e+03, 3.638e+03, 5.5212e+03, 7.6044e+03, 2.59068e+04, 2.4716e+04, 1.91216e+04, 1.440959999999999e+04, 1.22584e+04, 1.23016e+04, 1.3912e+04, 9.1636e+03, 9.741200000000001e+03, 2.618e+03, 4.216400000000007e+03, 7.074e+03, 9.354799999999999e+03, 1.10564e+04, 2.75636e+04, 3.24256e+04, 2.5074e+04, 1.5712e+04, 9.731200000000001e+03, 1.06416e+04, 1.37028e+04, 1.012e+04, 8.5044e+03, 7.111200000000001e+03, 2.520800000000017e+03, 5.6912e+03, 8.236e+03, 1.01084e+04, 2.37552e+04, 3.20936e+04, 2.546839999999994e+04, 1.3146e+04, 5.5044e+03, 2.8492e+03, 6.4276e+03, 7.240799999999999e+03, 3.268e+03, 7.019199999999983e+03, 1.456e+02, 2.2708e+03, 6.026799999999999e+03, 8.966e+03, 1.58264e+04, 3.32648e+04, 3.3414e+04, 3.03236e+04, 2.547e+04, 2.5268e+04, 2.55716e+04, 2.57228e+04, 1.82636e+04, 1.9244e+04, 8.877600000000044e+03, 1.249719999999998e+04, 1.45504e+04, 1.52364e+04, 1.6082e+04, 3.579e+04, 3.83552e+04, 3.77672e+04, 3.422e+04, 3.2516e+04, 3.2776e+04, 3.16776e+04, 2.382919999999995e+04, 2.203959999999998e+04, 1.6404e+04, 1.602e+04, 1.63728e+04, 1.7802e+04, 1.88756e+04, 3.714e+04, 3.99716e+04, 3.91456e+04, 3.5344e+04, 3.29344e+04, 3.2988e+04, 3.284960000000001e+04, 2.966360000000007e+04, 2.4666e+04, 2.47064e+04, 1.7132e+04, 1.86004e+04, 1.96652e+04, 2.04044e+04, 3.02468e+04, 3.8972e+04, 3.67112e+04, 3.537e+04, 3.36484e+04, 2.65144e+04, 2.6202e+04, 2.81544e+04, 2.27784e+04, 2.43028e+04, 1.44292e+04, 1.751e+04]
bui.terUniHea.QActHea_flow=[1.390008544921875e+03, 3.63536080078125e+03, 5.51780630859375e+03, 7.600332265625e+03, 2.5886030234375e+04, 2.4721516796875e+04, 1.9131730625e+04, 1.441693472656249e+04, 1.226133046875e+04, 1.23008553125e+04, 1.390917578125e+04, 9.172687695312499e+03, 9.7366137890625e+03, 2.638520068359376e+03, 4.211027246093758e+03, 7.069599609375e+03, 9.351209609375001e+03, 1.1053674765625e+04, 2.7528019140625e+04, 3.2426144296875e+04, 2.5088405078125e+04, 1.572678828125e+04, 9.7388478125e+03, 1.06392121484375e+04, 1.3697480546875e+04, 1.01329443359375e+04, 8.5031120703125e+03, 7.117300905761718e+03, 2.515945390625016e+03, 5.68638546875e+03, 8.232117968750001e+03, 1.01054023828125e+04, 2.3718668828125e+04, 3.2087406328125e+04, 2.548432632812493e+04, 1.3164849609375e+04, 5.5150391796875e+03, 2.851262939453125e+03, 6.4200117578125e+03, 7.243237578124999e+03, 3.27203798828125e+03, 7.013528769531233e+03, 1.497145965957641e+02, 2.266460380859375e+03, 6.0206083203125e+03, 8.961556640625e+03, 1.5809738203125e+04, 3.3248405859375e+04, 3.341425328125e+04, 3.0330514765625e+04, 2.547789453125e+04, 2.526671890625e+04, 2.55715521875e+04, 2.572213328125e+04, 1.827403609375e+04, 1.9239889453125e+04, 8.904502070312543e+03, 1.249241499999998e+04, 1.4547266875e+04, 1.523539359375e+04, 1.6080489453125e+04, 3.575733421875e+04, 3.835553078125e+04, 3.777031984375e+04, 3.422658546875e+04, 3.251713046875e+04, 3.277715375e+04, 3.1679249140625e+04, 2.384624578124995e+04, 2.203801070312499e+04, 1.64202755859375e+04, 1.6012230546875e+04, 1.6372000390625e+04, 1.779951375e+04, 1.8873600234375e+04, 3.708851953125e+04, 3.996986453125e+04, 3.91474365625e+04, 3.5350913125e+04, 3.293867640625e+04, 3.298743203125e+04, 3.284883609375e+04, 2.967331203125008e+04, 2.467157828125e+04, 2.4708092890625e+04, 1.7131538671875e+04, 1.859878578125e+04, 1.966317453125e+04, 2.0403639453125e+04, 3.02182553125e+04, 3.897263125e+04, 3.6713945625e+04, 3.53723265625e+04, 3.36522121875e+04, 2.652346296875e+04, 2.6200941015625e+04, 2.8151908828125e+04, 2.2791297421875e+04, 2.430014375e+04, 1.444720453125e+04, 1.7506572265625e+04]
bui.terUniCoo.QReqCoo_flow=[0e+00, 0e+00, 0e+00, 0e+00, 0e+00, 0e+00, 0e+00, 0e+00, 0e+00, 0e+00, 0e+00, 0e+00, 0e+00, 0e+00, 0e+00, 0e+00, 0e+00, 0e+00, 0e+00, 0e+00, 0e+00, 0e+00, 0e+00, 0e+00, 0e+00, 0e+00, 0e+00, 0e+00, 0e+00, 0e+00, 0e+00, 0e+00, 0e+00, 0e+00, 0e+00, 0e+00, 0e+00, 0e+00, 0e+00, 0e+00, 0e+00, 0e+00, 0e+00, 0e+00, 0e+00, 0e+00, 0e+00, 0e+00, 0e+00, 0e+00, 0e+00, 0e+00, 0e+00, 0e+00, 0e+00, 0e+00, 0e+00, 0e+00, 0e+00, 0e+00, 0e+00, 0e+00, 0e+00, 0e+00, 0e+00, 0e+00, 0e+00, 0e+00, 0e+00, 0e+00, 0e+00, 0e+00, 0e+00, 0e+00, 0e+00, 0e+00, 0e+00, 0e+00, 0e+00, 0e+00, 0e+00, 0e+00, 0e+00, 0e+00, 0e+00, 0e+00, 0e+00, 0e+00, 0e+00, 0e+00, 0e+00, 0e+00, 0e+00, 0e+00, 0e+00, 0e+00, 0e+00, 0e+00, 0e+00, 0e+00, 0e+00]
bui.terUniCoo.QActCoo_flow=[-0e+00, 0e+00, 0e+00, 0e+00, 0e+00, 0e+00, 0e+00, 0e+00, 0e+00, 0e+00, 0e+00, 0e+00, 0e+00, 0e+00, 0e+00, 0e+00, 0e+00, 0e+00, 0e+00, 0e+00, 0e+00, 0e+00, 0e+00, 0e+00, 0e+00, -0e+00, 0e+00, 0e+00, 0e+00, 0e+00, 0e+00, 0e+00, 0e+00, 0e+00, 0e+00, 0e+00, 0e+00, 0e+00, 0e+00, 0e+00, 0e+00, 0e+00, 0e+00, 0e+00, 0e+00, 0e+00, 0e+00, 0e+00, 0e+00, 0e+00, -0e+00, 0e+00, 0e+00, 0e+00, 0e+00, 0e+00, 0e+00, 0e+00, 0e+00, 0e+00, 0e+00, 0e+00, 0e+00, 0e+00, 0e+00, 0e+00, 0e+00, 0e+00, 0e+00, 0e+00, 0e+00, 0e+00, 0e+00, 0e+00, 0e+00, -0e+00, 0e+00, 0e+00, 0e+00, 0e+00, 0e+00, 0e+00, 0e+00, 0e+00, 0e+00, 0e+00, 0e+00, 0e+00, 0e+00, 0e+00, 0e+00, 0e+00, 0e+00, 0e+00, 0e+00, 0e+00, 0e+00, 0e+00, 0e+00, 0e+00, -0e+00]
supHeaWat.T_in=[3.131499938964844e+02, 3.131499938964844e+02]
bui.terUniHea.T_aHeaWat_nominal=[3.131499938964844e+02, 3.131499938964844e+02]
bui.disFloHea.mReq_flow[1]=[5.927301198244095e-02, 1.585456544160843e-01, 2.438311266899109e-01, 3.391690540313721e-01, 1.198234167098999e+00, 1.142418169975281e+00, 8.754545187950135e-01, 6.534544539451597e-01, 5.529284739494323e-01, 5.547428846359252e-01, 6.295980930328369e-01, 4.105257821083069e-01, 4.362330949306488e-01, 1.164789567887783e-01, 1.845909219980243e-01, 3.142432630062103e-01, 4.185118663311005e-01, 4.969632446765901e-01, 1.277844638824463e+00, 1.516480841636658e+00, 1.160604119300842e+00, 7.15128390789032e-01, 4.364050173759461e-01, 4.778362655639649e-01, 6.197287106513977e-01, 4.545328617095947e-01, 3.797190690040588e-01, 3.191432819515466e-01, 1.08286694884301e-01, 2.514493829011917e-01, 3.672523140907288e-01, 4.531948065757752e-01, 1.096871259212494e+00, 1.499755005836487e+00, 1.179599471092221e+00, 5.955800771713258e-01, 2.437380111217499e-01, 1.232127773761749e-01, 2.847169077396393e-01, 3.22472894191742e-01, 1.422110795974731e-01, 3.116850185394279e-01, 7.209016773849726e-03, 9.77321806550026e-02, 2.665946245193481e-01, 4.006621539592743e-01, 7.224721479415893e-01, 1.556579298973084e+00, 1.5650412940979e+00, 1.414247441291809e+00, 1.178795695304871e+00, 1.168507814407349e+00, 1.183188028335571e+00, 1.190515244007111e+00, 8.349311900138855e-01, 8.804100394248963e-01, 3.981800997257253e-01, 5.636405014991749e-01, 6.594006395339966e-01, 6.91627631187439e-01, 7.312817335128784e-01, 1.680370655059815e+00, 1.809467830657959e+00, 1.780470604896546e+00, 1.605244302749634e+00, 1.521043729782104e+00, 1.533775024414062e+00, 1.479967699050903e+00, 1.100545930862424e+00, 1.013605217933654e+00, 7.491253733634948e-01, 7.280464696884156e-01, 7.449885177612304e-01, 8.12253007888794e-01, 8.630503344535828e-01, 1.745527029037476e+00, 1.889906768798828e+00, 1.849059910774231e+00, 1.660658254623413e+00, 1.541802635192871e+00, 1.544081473350525e+00, 1.53727463722229e+00, 1.382355833053593e+00, 1.139959959983826e+00, 1.142457067966461e+00, 7.808646559715271e-01, 8.500375699996948e-01, 9.004865574836731e-01, 9.356787347793579e-01, 1.413197374343872e+00, 1.840170669555664e+00, 1.728025932312012e+00, 1.661624164581299e+00, 1.577203464508057e+00, 1.229330673217774e+00, 1.213575148582458e+00, 1.307984104156494e+00, 1.049815607070923e+00, 1.121972584724426e+00, 6.549899888038635e-01, 7.984058856964111e-01]
bui.disFloHea.mAct_flow[1].y=[5.927301198244095e-02, 1.585456544160843e-01, 2.438311266899109e-01, 3.391690540313721e-01, 1.198234167098999e+00, 1.142418169975281e+00, 8.754545187950135e-01, 6.534544539451597e-01, 5.529284739494323e-01, 5.547428846359252e-01, 6.295980930328369e-01, 4.105257821083069e-01, 4.362330949306488e-01, 1.164789567887783e-01, 1.845909219980243e-01, 3.142432630062103e-01, 4.185118663311005e-01, 4.969632446765901e-01, 1.277844638824463e+00, 1.516480841636658e+00, 1.160604119300842e+00, 7.15128390789032e-01, 4.364050173759461e-01, 4.778362655639649e-01, 6.197287106513977e-01, 4.545328617095947e-01, 3.797190690040588e-01, 3.191432819515466e-01, 1.08286694884301e-01, 2.514493829011917e-01, 3.672523140907288e-01, 4.531948065757752e-01, 1.096871259212494e+00, 1.499755005836487e+00, 1.179599471092221e+00, 5.955800771713258e-01, 2.437380111217499e-01, 1.232127773761749e-01, 2.847169077396393e-01, 3.22472894191742e-01, 1.422110795974731e-01, 3.116850185394279e-01, 7.209016773849726e-03, 9.77321806550026e-02, 2.665946245193481e-01, 4.006621539592743e-01, 7.224721479415893e-01, 1.556579298973084e+00, 1.5650412940979e+00, 1.414247441291809e+00, 1.178795695304871e+00, 1.168507814407349e+00, 1.183188028335571e+00, 1.190515244007111e+00, 8.349311900138855e-01, 8.804100394248963e-01, 3.981800997257253e-01, 5.636405014991749e-01, 6.594006395339966e-01, 6.91627631187439e-01, 7.312817335128784e-01, 1.680370655059815e+00, 1.809467830657959e+00, 1.780470604896546e+00, 1.605244302749634e+00, 1.521043729782104e+00, 1.533775024414062e+00, 1.479967699050903e+00, 1.100545930862424e+00, 1.013605217933654e+00, 7.491253733634948e-01, 7.280464696884156e-01, 7.449885177612304e-01, 8.12253007888794e-01, 8.630503344535828e-01, 1.745527029037476e+00, 1.889906768798828e+00, 1.849059910774231e+00, 1.660658254623413e+00, 1.541802635192871e+00, 1.544081473350525e+00, 1.53727463722229e+00, 1.382355833053593e+00, 1.139959959983826e+00, 1.142457067966461e+00, 7.808646559715271e-01, 8.500375699996948e-01, 9.004865574836731e-01, 9.356787347793579e-01, 1.413197374343872e+00, 1.840170669555664e+00, 1.728025932312012e+00, 1.661624164581299e+00, 1.577203464508057e+00, 1.229330673217774e+00, 1.213575148582458e+00, 1.307984104156494e+00, 1.049815607070923e+00, 1.121972584724426e+00, 6.549899888038635e-01, 7.984058856964111e-01]
bui.disFloHea.m_flow_nominal=[2.903441667556763e+00, 2.903441667556763e+00]
bui.facScaHea=[1e+00, 1e+00]
supChiWat.T_in=[2.911499938964844e+02, 2.911499938964844e+02]
bui.terUniCoo.T_aChiWat_nominal=[2.911499938964844e+02, 2.911499938964844e+02]
bui.disFloCoo.mReq_flow[1]=[0e+00, 0e+00, 0e+00, 0e+00, 0e+00, 0e+00, 0e+00, 0e+00, 0e+00, 0e+00, 0e+00, 0e+00, 0e+00, 0e+00, 0e+00, 0e+00, 0e+00, 0e+00, 0e+00, 0e+00, 0e+00, 0e+00, 0e+00, 0e+00, 0e+00, 0e+00, 0e+00, 0e+00, 0e+00, 0e+00, 0e+00, 0e+00, 0e+00, 0e+00, 0e+00, 0e+00, 0e+00, 0e+00, 0e+00, 0e+00, 0e+00, 0e+00, 0e+00, 0e+00, 0e+00, 0e+00, 0e+00, 0e+00, 0e+00, 0e+00, 0e+00, 0e+00, 0e+00, 0e+00, 0e+00, 0e+00, 0e+00, 0e+00, 0e+00, 0e+00, 0e+00, 0e+00, 0e+00, 0e+00, 0e+00, 0e+00, 0e+00, 0e+00, 0e+00, 0e+00, 0e+00, 0e+00, 0e+00, 0e+00, 0e+00, 0e+00, 0e+00, 0e+00, 0e+00, 0e+00, 0e+00, 0e+00, 0e+00, 0e+00, 0e+00, 0e+00, 0e+00, 0e+00, 0e+00, 0e+00, 0e+00, 0e+00, 0e+00, 0e+00, 0e+00, 0e+00, 0e+00, 0e+00, 0e+00, 0e+00, 0e+00]
bui.disFloCoo.mAct_flow[1].y=[0e+00, 0e+00, 0e+00, 0e+00, 0e+00, 0e+00, 0e+00, 0e+00, 0e+00, 0e+00, 0e+00, 0e+00, 0e+00, 0e+00, 0e+00, 0e+00, 0e+00, 0e+00, 0e+00, 0e+00, 0e+00, 0e+00, 0e+00, 0e+00, 0e+00, 0e+00, 0e+00, 0e+00, 0e+00, 0e+00, 0e+00, 0e+00, 0e+00, 0e+00, 0e+00, 0e+00, 0e+00, 0e+00, 0e+00, 0e+00, 0e+00, 0e+00, 0e+00, 0e+00, 0e+00, 0e+00, 0e+00, 0e+00, 0e+00, 0e+00, 0e+00, 0e+00, 0e+00, 0e+00, 0e+00, 0e+00, 0e+00, 0e+00, 0e+00, 0e+00, 0e+00, 0e+00, 0e+00, 0e+00, 0e+00, 0e+00, 0e+00, 0e+00, 0e+00, 0e+00, 0e+00, 0e+00, 0e+00, 0e+00, 0e+00, 0e+00, 0e+00, 0e+00, 0e+00, 0e+00, 0e+00, 0e+00, 0e+00, 0e+00, 0e+00, 0e+00, 0e+00, 0e+00, 0e+00, 0e+00, 0e+00, 0e+00, 0e+00, 0e+00, 0e+00, 0e+00, 0e+00, 0e+00, 0e+00, 0e+00, 0e+00]
bui.disFloCoo.m_flow_nominal=[2.543977022171021e+00, 2.543977022171021e+00]
bui.facScaCoo=[1e+00, 1e+00]
EHeaReq.y=[0e+00, 1.794095624e+07, 4.584230144e+07, 8.454810368000001e+07, 2.01343616e+08, 3.56929184e+08, 4.9109830016e+08, 5.909896524800001e+08, 6.7065627904e+08, 7.4440424192e+08, 8.237066112e+08, 8.9345956608e+08, 9.4752319488e+08, 9.9633189888e+08, 1.01536009728e+09, 1.0493528192e+09, 1.09921861376e+09, 1.16129133568e+09, 1.27125834752e+09, 1.46046355456e+09, 1.6350369536e+09, 1.75831880192e+09, 1.83447177728e+09, 1.89529309184e+09, 1.9686787072e+09, 2.04766848e+09, 2.09854874624e+09, 2.15114107904e+09, 2.17035049984e+09, 2.19605152768e+09, 2.238487296e+09, 2.29379479552e+09, 2.38170442752e+09, 2.55780932608e+09, 2.73633837056e+09, 2.8511077376e+09, 2.905363968e+09, 2.92910810112e+09, 2.955084288e+09, 3.00109254656e+09, 3.0312447488e+09, 3.06244434944e+09, 3.07848183808e+09, 3.08475558912e+09, 3.10928866304e+09, 3.155477504e+09, 3.22493640704e+09, 3.38267672576e+09, 3.58472103936e+09, 3.77872525312e+09, 3.948355072e+09, 4.09970840576e+09, 4.25384798208e+09, 4.408929792e+09, 4.53831370752e+09, 4.6505161728e+09, 4.74644236288e+09, 4.812778455039999e+09, 4.89515810816e+09, 4.98542045184e+09, 5.0801191936e+09, 5.24263718912e+09, 5.47023499264e+09, 5.7026338816e+09, 5.92007962624e+09, 6.1207453696e+09, 6.31969120256e+09, 6.514007552e+09, 6.685191311360002e+09, 6.819726151679998e+09, 6.944162304e+09, 7.03625705472e+09, 7.13422989312e+09, 7.23796365312e+09, 7.34897659904e+09, 7.496996352e+09, 7.73469626368e+09, 7.97461618688e+09, 8.20097796096e+09, 8.40710731776e+09, 8.6062974976e+09, 8.804954767360003e+09, 8.998727966719997e+09, 9.159457751040001e+09, 9.31061522432e+09, 9.4221049856e+09, 9.53093537792e+09, 9.646387773440001e+09, 9.768152883200001e+09, 9.90963924992e+09, 1.01302654976e+10, 1.035800129536e+10, 1.057570443264e+10, 1.078572408832e+10, 1.096552316928e+10, 1.11230613504e+10, 1.12881217536e+10, 1.144604393472e+10, 1.1588912128e+10, 1.17060777984e+10, 1.1803573248e+10]
EHeaAct.y=[0e+00, 1.790781504e+07, 4.579132416e+07, 8.44771872e+07, 2.0109314496e+08, 3.56690144e+08, 4.909150336e+08, 5.908528691200001e+08, 6.705405568e+08, 7.4428815872e+08, 8.23574912e+08, 8.9337361152e+08, 9.4743200512e+08, 9.9630737152e+08, 1.01532154368e+09, 1.0492871296e+09, 1.09913116416e+09, 1.16118735872e+09, 1.27099145728e+09, 1.46014637568e+09, 1.6347940352e+09, 1.7581691136e+09, 1.83438045696e+09, 1.89519312896e+09, 1.96854920192e+09, 2.047573248e+09, 2.09846925312e+09, 2.15107422208e+09, 2.17032798208e+09, 2.1959990272e+09, 2.2384103936e+09, 2.29370006528e+09, 2.38147525632e+09, 2.55749548032e+09, 2.736091381760001e+09, 2.8509830144e+09, 2.9053129216e+09, 2.92908235776e+09, 2.95502478336e+09, 3.00102519808e+09, 3.0312149504e+09, 3.0623791616e+09, 3.07848003584e+09, 3.0847346688e+09, 3.10923254784e+09, 3.1553932288e+09, 3.22478495744e+09, 3.38235090944e+09, 3.58439315456e+09, 3.77842890752e+09, 3.948107776e+09, 4.09946335232e+09, 4.25359998976e+09, 4.40868005888e+09, 4.53813819392e+09, 4.6503315456e+09, 4.74635792384e+09, 4.812660039679999e+09, 4.89501949952e+09, 4.98527551488e+09, 5.079965696e+09, 5.24228552704e+09, 5.46985590784e+09, 5.70226081792e+09, 5.91974344704e+09, 6.1204265984e+09, 6.31936956416e+09, 6.5136971776e+09, 6.684960440320002e+09, 6.819513343999999e+09, 6.9440048128e+09, 7.03610464256e+09, 7.13407379456e+09, 7.23779336192e+09, 7.3487955968e+09, 7.496631296e+09, 7.7343005696e+09, 7.97422866432e+09, 8.20062988288e+09, 8.40678418432e+09, 8.605973811200001e+09, 8.804632903680002e+09, 8.998438133759998e+09, 9.159218298879999e+09, 9.31037569024e+09, 9.421941555200001e+09, 9.53075679232e+09, 9.6461983744e+09, 9.767956602879999e+09, 9.90934315008e+09, 1.01298794496e+10, 1.035763884032e+10, 1.057535619072e+10, 1.07853932544e+10, 1.096526573568e+10, 1.11228071936e+10, 1.12878475264e+10, 1.144582402048e+10, 1.158867714048e+10, 1.170594025472e+10, 1.1803406336e+10]
ECooReq.y=[0e+00, 0e+00, 0e+00, 0e+00, 0e+00, 0e+00, 0e+00, 0e+00, 0e+00, 0e+00, 0e+00, 0e+00, 0e+00, 0e+00, 0e+00, 0e+00, 0e+00, 0e+00, 0e+00, 0e+00, 0e+00, 0e+00, 0e+00, 0e+00, 0e+00, 0e+00, 0e+00, 0e+00, 0e+00, 0e+00, 0e+00, 0e+00, 0e+00, 0e+00, 0e+00, 0e+00, 0e+00, 0e+00, 0e+00, 0e+00, 0e+00, 0e+00, 0e+00, 0e+00, 0e+00, 0e+00, 0e+00, 0e+00, 0e+00, 0e+00, 0e+00, 0e+00, 0e+00, 0e+00, 0e+00, 0e+00, 0e+00, 0e+00, 0e+00, 0e+00, 0e+00, 0e+00, 0e+00, 0e+00, 0e+00, 0e+00, 0e+00, 0e+00, 0e+00, 0e+00, 0e+00, 0e+00, 0e+00, 0e+00, 0e+00, 0e+00, 0e+00, 0e+00, 0e+00, 0e+00, 0e+00, 0e+00, 0e+00, 0e+00, 0e+00, 0e+00, 0e+00, 0e+00, 0e+00, 0e+00, 0e+00, 0e+00, 0e+00, 0e+00, 0e+00, 0e+00, 0e+00, 0e+00, 0e+00, 0e+00, 0e+00]
ECooAct.y=[0e+00, 0e+00, 0e+00, 0e+00, 0e+00, 0e+00, 0e+00, 0e+00, 0e+00, 0e+00, 0e+00, 0e+00, 0e+00, 0e+00, 0e+00, 0e+00, 0e+00, 0e+00, 0e+00, 0e+00, 0e+00, 0e+00, 0e+00, 0e+00, 0e+00, 0e+00, 0e+00, 0e+00, 0e+00, 0e+00, 0e+00, 0e+00, 0e+00, 0e+00, 0e+00, 0e+00, 0e+00, 0e+00, 0e+00, 0e+00, 0e+00, 0e+00, 0e+00, 0e+00, 0e+00, 0e+00, 0e+00, 0e+00, 0e+00, 0e+00, 0e+00, 0e+00, 0e+00, 0e+00, 0e+00, 0e+00, 0e+00, 0e+00, 0e+00, 0e+00, 0e+00, 0e+00, 0e+00, 0e+00, 0e+00, 0e+00, 0e+00, 0e+00, 0e+00, 0e+00, 0e+00, 0e+00, 0e+00, 0e+00, 0e+00, 0e+00, 0e+00, 0e+00, 0e+00, 0e+00, 0e+00, 0e+00, 0e+00, 0e+00, 0e+00, 0e+00, 0e+00, 0e+00, 0e+00, 0e+00, 0e+00, 0e+00, 0e+00, 0e+00, 0e+00, 0e+00, 0e+00, 0e+00, 0e+00, 0e+00, 0e+00]
QAveHeaReq_flow.y=[0e+00, 3.558455966796875e+03, 5.4273768359375e+03, 7.475801171875e+03, 2.5243691171875e+04, 2.4887701953125e+04, 1.944365453125e+04, 1.46353618359375e+04, 1.23945670703125e+04, 1.22776135546875e+04, 1.37864751953125e+04, 9.481182968749999e+03, 9.5703977734375e+03, 3.285187084960937e+03, 4.042434921875008e+03, 6.8962697265625e+03, 9.239628789062499e+03, 1.09500808203125e+04, 2.6415781484375e+04, 3.2410096015625e+04, 2.557258359375e+04, 1.63548315234375e+04, 1.00337492578125e+04, 1.05615661328125e+04, 1.35090418359375e+04, 1.053627734375e+04, 8.459358281249999e+03, 7.322646274414063e+03, 2.365124492187516e+03, 5.5266351171875e+03, 8.10381181640625e+03, 9.993437929687499e+03, 2.266248484375e+04, 3.1858070390625e+04, 2.605515624999994e+04, 1.38492015625e+04, 5.92001107421875e+03, 2.929306650390625e+03, 6.15953095703125e+03, 7.32792009765625e+03, 3.42583759765625e+03, 6.824361972656233e+03, 4.063851977539063e+02, 2.11844400390625e+03, 5.820863515625e+03, 8.7869419921875e+03, 1.5330903203125e+04, 3.2675884140625e+04, 3.342084515625e+04, 3.0550407890625e+04, 2.5907142578125e+04, 2.5234716484375e+04, 2.5573720859375e+04, 2.571620234375e+04, 1.861865e+04, 1.9119522265625e+04, 9.773890078125023e+03, 1.234139546874997e+04, 1.4359463984375e+04, 1.52113593359375e+04, 1.60372896484375e+04, 3.477458765625e+04, 3.83692515625e+04, 3.786548125e+04, 3.454005765625e+04, 3.255075e+04, 3.28184184375e+04, 3.1742868125e+04, 2.440231671874994e+04, 2.199536703124999e+04, 1.70825748046875e+04, 1.57574753125e+04, 1.63565396875e+04, 1.77257040625e+04, 1.8801039140625e+04, 3.534646484375e+04, 3.990598203125e+04, 3.92120359375e+04, 3.55457978125e+04, 3.305850671875e+04, 3.297007734375e+04, 3.283607625000001e+04, 3.003926164062507e+04, 2.486858484375e+04, 2.47713304296875e+04, 1.71589087890625e+04, 1.853120234375e+04, 1.9567985703125e+04, 2.0381614296875e+04, 2.94056915625e+04, 3.89878765625e+04, 3.6796286875e+04, 3.54699540625e+04, 3.377325296875e+04, 2.691866828125e+04, 2.6170016015625e+04, 2.8056620234375e+04, 2.3229358671875e+04, 2.4170962265625e+04, 1.5010924296875e+04, 1.741118359375e+04]
QAveHeaAct_flow.y=[0e+00, 3.5559658984375e+03, 5.42463611328125e+03, 7.4718653125e+03, 2.522323140625e+04, 2.489280625e+04, 1.9453540859375e+04, 1.464218781249999e+04, 1.2397183125e+04, 1.227695859375e+04, 1.3783829296875e+04, 9.489687851562499e+03, 9.565889218750001e+03, 3.305415361328124e+03, 4.037163125000007e+03, 6.8919205078125e+03, 9.2363112109375e+03, 1.09474539453125e+04, 2.63803475e+04, 3.2410550859375e+04, 2.558662734375e+04, 1.63696356640625e+04, 1.00413871484375e+04, 1.0559274453125e+04, 1.350376921875e+04, 1.0548673828125e+04, 8.458160039062501e+03, 7.329058217773438e+03, 2.360560390625016e+03, 5.521904609375e+03, 8.09999736328125e+03, 9.99065e+03, 2.262611609375e+04, 3.1851764140625e+04, 2.607032328124994e+04, 1.3868003125e+04, 5.930646914062499e+03, 2.931360888671875e+03, 6.15210935546875e+03, 7.33030791015625e+03, 3.42989912109375e+03, 6.818747363281233e+03, 4.137714636230469e+02, 2.114247568359375e+03, 5.8148668359375e+03, 8.7825630859375e+03, 1.5314563046875e+04, 3.26598859375e+04, 3.342107265625e+04, 3.055713171875e+04, 2.59149921875e+04, 2.5233473359375e+04, 2.557378890625e+04, 2.5715927734375e+04, 1.8629020703125e+04, 1.9116059375e+04, 9.800750429687523e+03, 1.233662507812497e+04, 1.43565386328125e+04, 1.5210590234375e+04, 1.6035855859375e+04, 3.474206109375e+04, 3.836959171875e+04, 3.786859078125e+04, 3.454635609375e+04, 3.25520734375e+04, 3.28194759375e+04, 3.1744416328125e+04, 2.441927203124994e+04, 2.199388460937499e+04, 1.70988451171875e+04, 1.575005703125e+04, 1.6356049765625e+04, 1.7723406875e+04, 1.8799413984375e+04, 3.5295234375e+04, 3.99041834375e+04, 3.92139565625e+04, 3.5552685625e+04, 3.3062665e+04, 3.2969471875e+04, 3.283577265625e+04, 3.004897460937507e+04, 2.4874038828125e+04, 2.4773179765625e+04, 1.7158630078125e+04, 1.8529641328125e+04, 1.9566050234375e+04, 2.038092734375e+04, 2.937764234375e+04, 3.898854296875e+04, 3.679890046875e+04, 3.5472205625e+04, 3.377720125e+04, 2.692756234375e+04, 2.616891953125e+04, 2.805393125e+04, 2.324142171875e+04, 2.4168375078125e+04, 1.5028895e+04, 1.7407984375e+04]
QAveCooReq_flow.y=[0e+00, 0e+00, 0e+00, 0e+00, 0e+00, 0e+00, 0e+00, 0e+00, 0e+00, 0e+00, 0e+00, 0e+00, 0e+00, 0e+00, 0e+00, 0e+00, 0e+00, 0e+00, 0e+00, 0e+00, 0e+00, 0e+00, 0e+00, 0e+00, 0e+00, 0e+00, 0e+00, 0e+00, 0e+00, 0e+00, 0e+00, 0e+00, 0e+00, 0e+00, 0e+00, 0e+00, 0e+00, 0e+00, 0e+00, 0e+00, 0e+00, 0e+00, 0e+00, 0e+00, 0e+00, 0e+00, 0e+00, 0e+00, 0e+00, 0e+00, 0e+00, 0e+00, 0e+00, 0e+00, 0e+00, 0e+00, 0e+00, 0e+00, 0e+00, 0e+00, 0e+00, 0e+00, 0e+00, 0e+00, 0e+00, 0e+00, 0e+00, 0e+00, 0e+00, 0e+00, 0e+00, 0e+00, 0e+00, 0e+00, 0e+00, 0e+00, 0e+00, 0e+00, 0e+00, 0e+00, 0e+00, 0e+00, 0e+00, 0e+00, 0e+00, 0e+00, 0e+00, 0e+00, 0e+00, 0e+00, 0e+00, 0e+00, 0e+00, 0e+00, 0e+00, 0e+00, 0e+00, 0e+00, 0e+00, 0e+00, 0e+00]
QAveCooAct_flow.y=[0e+00, 0e+00, 0e+00, 0e+00, 0e+00, 0e+00, 0e+00, 0e+00, 0e+00, 0e+00, 0e+00, 0e+00, 0e+00, 0e+00, 0e+00, 0e+00, 0e+00, 0e+00, 0e+00, 0e+00, 0e+00, 0e+00, 0e+00, 0e+00, 0e+00, 0e+00, 0e+00, 0e+00, 0e+00, 0e+00, 0e+00, 0e+00, 0e+00, 0e+00, 0e+00, 0e+00, 0e+00, 0e+00, 0e+00, 0e+00, 0e+00, 0e+00, 0e+00, 0e+00, 0e+00, 0e+00, 0e+00, 0e+00, 0e+00, 0e+00, 0e+00, 0e+00, 0e+00, 0e+00, 0e+00, 0e+00, 0e+00, 0e+00, 0e+00, 0e+00, 0e+00, 0e+00, 0e+00, 0e+00, 0e+00, 0e+00, 0e+00, 0e+00, 0e+00, 0e+00, 0e+00, 0e+00, 0e+00, 0e+00, 0e+00, 0e+00, 0e+00, 0e+00, 0e+00, 0e+00, 0e+00, 0e+00, 0e+00, 0e+00, 0e+00, 0e+00, 0e+00, 0e+00, 0e+00, 0e+00, 0e+00, 0e+00, 0e+00, 0e+00, 0e+00, 0e+00, 0e+00, 0e+00, 0e+00, 0e+00, 0e+00]
bui.terUniHea.hex.sta_a1.T=[3.131499938964844e+02, 3.131499938964844e+02]
bui.terUniHea.hex.sta_b1.T=[3.075450744628906e+02, 3.076628442382813e+02, 3.077405261230469e+02, 3.077781091308594e+02, 3.079854943847656e+02, 3.079772888183594e+02, 3.079264514160157e+02, 3.078761206054688e+02, 3.07849951171875e+02, 3.078501892089844e+02, 3.078697082519531e+02, 3.078066357421875e+02, 3.078151062011719e+02, 3.075896997070312e+02, 3.076879638671875e+02, 3.077721069335938e+02, 3.078093969726563e+02, 3.078336511230469e+02, 3.079981103515625e+02, 3.080394641113281e+02, 3.079806091308594e+02, 3.0789068359375e+02, 3.07815888671875e+02, 3.078280236816406e+02, 3.078669445800781e+02, 3.078218078613281e+02, 3.0779611328125e+02, 3.077263208007813e+02, 3.075930908203125e+02, 3.077419995117187e+02, 3.07791845703125e+02, 3.078205212402344e+02, 3.079598046875e+02, 3.080363940429688e+02, 3.079840417480469e+02, 3.078605773925781e+02, 3.077277795410157e+02, 3.07615302734375e+02, 3.07754345703125e+02, 3.077717687988281e+02, 3.076364135742188e+02, 3.077704931640625e+02, 3.095433374023438e+02, 3.075843408203125e+02, 3.077502905273437e+02, 3.078032104492187e+02, 3.078804699707031e+02, 3.080445837402344e+02, 3.080471350097656e+02, 3.0802365234375e+02, 3.079842529296875e+02, 3.079818701171875e+02, 3.079845007324218e+02, 3.079856860351563e+02, 3.079177905273438e+02, 3.079268127441406e+02, 3.078042651367188e+02, 3.078522998046875e+02, 3.078771154785156e+02, 3.078850830078125e+02, 3.078943603515625e+02, 3.080625085449219e+02, 3.080837463378906e+02, 3.080797473144531e+02, 3.080536926269531e+02, 3.080404724121094e+02, 3.080423767089844e+02, 3.080339929199219e+02, 3.079704650878906e+02, 3.079534619140625e+02, 3.078944885253906e+02, 3.078934411621094e+02, 3.078975646972656e+02, 3.079124084472656e+02, 3.079232629394531e+02, 3.080716552734375e+02, 3.080952185058593e+02, 3.080897045898437e+02, 3.080621948242188e+02, 3.080438330078125e+02, 3.080439208984375e+02, 3.080428552246094e+02, 3.08018505859375e+02, 3.079772045898437e+02, 3.07975732421875e+02, 3.079055786132812e+02, 3.0792052734375e+02, 3.079310095214844e+02, 3.079381872558594e+02, 3.080160363769531e+02, 3.080880187988281e+02, 3.080720349121094e+02, 3.080620581054687e+02, 3.080489855957031e+02, 3.079931030273438e+02, 3.079897888183594e+02, 3.080057263183594e+02, 3.079609240722656e+02, 3.079734545898438e+02, 3.078769470214844e+02, 3.079093322753906e+02]
bui.terUniCoo.hex.sta_a1.T=[2.911499938964844e+02, 2.911499938964844e+02]
bui.terUniCoo.hex.sta_b1.T=[2.911499938964844e+02, 2.911499938964844e+02, 2.911499938964844e+02, 2.911499938964844e+02, 2.911499938964844e+02, 2.911499938964844e+02, 2.911499938964844e+02, 2.911499938964844e+02, 2.911499938964844e+02, 2.911499938964844e+02, 2.911499938964844e+02, 2.911499938964844e+02, 2.911499938964844e+02, 2.911499938964844e+02, 2.911499938964844e+02, 2.911499938964844e+02, 2.911499938964844e+02, 2.911499938964844e+02, 2.911499938964844e+02, 2.911499938964844e+02, 2.911499938964844e+02, 2.911499938964844e+02, 2.911499938964844e+02, 2.911499938964844e+02, 2.911499938964844e+02, 2.911499938964844e+02, 2.911499938964844e+02, 2.911499938964844e+02, 2.911499938964844e+02, 2.911499938964844e+02, 2.911499938964844e+02, 2.911499938964844e+02, 2.911499938964844e+02, 2.911499938964844e+02, 2.911499938964844e+02, 2.911499938964844e+02, 2.911499938964844e+02, 2.911499938964844e+02, 2.911499938964844e+02, 2.911499938964844e+02, 2.911499938964844e+02, 2.911499938964844e+02, 2.911499938964844e+02, 2.911499938964844e+02, 2.911499938964844e+02, 2.911499938964844e+02, 2.911499938964844e+02, 2.911499938964844e+02, 2.911499938964844e+02, 2.911499938964844e+02, 2.911499938964844e+02, 2.911499938964844e+02, 2.911499938964844e+02, 2.911499938964844e+02, 2.911499938964844e+02, 2.911499938964844e+02, 2.911499938964844e+02, 2.911499938964844e+02, 2.911499938964844e+02, 2.911499938964844e+02, 2.911499938964844e+02, 2.911499938964844e+02, 2.911499938964844e+02, 2.911499938964844e+02, 2.911499938964844e+02, 2.911499938964844e+02, 2.911499938964844e+02, 2.911499938964844e+02, 2.911499938964844e+02, 2.911499938964844e+02, 2.911499938964844e+02, 2.911499938964844e+02, 2.911499938964844e+02, 2.911499938964844e+02, 2.911499938964844e+02, 2.911499938964844e+02, 2.911499938964844e+02, 2.911499938964844e+02, 2.911499938964844e+02, 2.911499938964844e+02, 2.911499938964844e+02, 2.911499938964844e+02, 2.911499938964844e+02, 2.911499938964844e+02, 2.911499938964844e+02, 2.911499938964844e+02, 2.911499938964844e+02, 2.911499938964844e+02, 2.911499938964844e+02, 2.911499938964844e+02, 2.911499938964844e+02, 2.911499938964844e+02, 2.911499938964844e+02, 2.911499938964844e+02, 2.911499938964844e+02, 2.911499938964844e+02, 2.911499938964844e+02, 2.911499938964844e+02, 2.911499938964844e+02, 2.911499938964844e+02, 2.911499938964844e+02]
