last-generated=2020-02-18
statistics-initialization=
{
  "nonlinear": "1, 1",
  "numerical Jacobians": "0"
}
statistics-simulation=
{
  "linear": " ",
  "nonlinear": "1, 1",
  "number of continuous time states": "14",
  "numerical Jacobians": "0"
}
time=[0e+00, 6.048e+05]
bui.maxTSet.y=[2.4e+01, 2.4e+01]
bui.minTSet.y=[2e+01, 2e+01]
bui.terUniHea.QReqHea_flow=[1.823e+04, 1.9166904296875e+04, 2.3183625e+04, 2.61755859375e+04, 7.74650703125e+04, 2.5307759765625e+04, 2.3810955078125e+04, 5.860314453125004e+04, 3.583986328125e+04, 1.47858388671875e+04, 6.1009578125e+04, 5.46262421875e+04, 5.7369484375e+04, 1.648243359375e+04, 2.303720507812501e+04, 2.839984375e+04, 3.308358203125e+04, 3.641284375000001e+04, 8.817546875e+04, 3.60429609375e+04, 3.44023828125e+04, 3.492191015625e+04, 5.761500390625e+04, 1.32938994140625e+04, 3.30650390625e+04, 6.206e+04, 5.79527890625e+04, 4.8849328125e+04, 2.390453320312503e+04, 2.9071302734375e+04, 3.348101953125e+04, 3.675559765625e+04, 8.4768375e+04, 6.5100796875e+04, 3.434975390624995e+04, 2.0915212890625e+04, 5.68405234375e+04, 3.118868408203125e+03, 9.9768876953125e+03, 5.671216015625e+04, 4.592536328125e+04, 5.472299218749998e+04, 1.38582802734375e+04, 2.267275e+04, 2.9603423828125e+04, 3.510576953125e+04, 4.939738671875e+04, 8.882746875e+04, 4.106209375e+04, 4.09918828125e+04, 8.879e+04, 4.05102421875e+04, 3.74203671875e+04, 9.1466984375e+04, 7.9560734375e+04, 8.49035078125e+04, 3.396172265625014e+04, 4.538020703124996e+04, 4.98362421875e+04, 5.0819265625e+04, 5.21085859375e+04, 1.085195e+05, 4.795008984375e+04, 5.295652734375e+04, 8.2708296875e+04, 9.3111125e+04, 4.887903515625e+04, 8.63100078125e+04, 1.022649218749998e+05, 9.784197656249994e+04, 6.3354078125e+04, 5.49254921875e+04, 5.500849609375e+04, 5.857159765625e+04, 6.142234375e+04, 1.2508e+05, 7.23245078125e+04, 6.315011328125e+04, 6.205686328125e+04, 1.1564365625e+05, 5.230916015625e+04, 6.072353125000106e+04, 1.158878515625001e+05, 1.0466771875e+05, 1.072193359375e+05, 5.74762734375e+04, 6.05759375e+04, 6.353008984375e+04, 6.624284375e+04, 1.005386953125e+05, 1.1654946875e+05, 6.6385203125e+04, 6.747103125e+04, 1.278174375e+05, 4.773111328125e+04, 5.285979296875e+04, 1.124612890625e+05, 9.6887234375e+04, 1.02459359375e+05, 4.658624609375e+04, 5.609e+04]
bui.terUniHea.QActHea_flow=[0e+00, 1.9157775390625e+04, 2.31784375e+04, 2.6139458984375e+04, 7.748009375e+04, 2.5298859375e+04, 2.38188671875e+04, 5.847047265625004e+04, 3.6019640625e+04, 1.477907421875e+04, 6.088215625e+04, 5.465266015625e+04, 5.73588984375e+04, 1.6580462890625e+04, 2.302936523437501e+04, 2.8391369140625e+04, 3.307724609375e+04, 3.640911328125001e+04, 8.817203125e+04, 3.61088984375e+04, 3.44189609375e+04, 3.47880625e+04, 5.76666953125e+04, 1.32737021484375e+04, 3.289451171875e+04, 6.20786484375e+04, 5.793365234375e+04, 4.902677734375e+04, 2.389269140625003e+04, 2.9064083984375e+04, 3.347528515625e+04, 3.675179296875e+04, 8.45998125e+04, 6.531603125e+04, 3.435876953124995e+04, 2.0927068359375e+04, 5.687659375e+04, 3.114478515625e+03, 9.9602978515625e+03, 5.6739765625e+04, 4.591397265625e+04, 5.471898046874998e+04, 1.3831931640625e+04, 2.2662333984375e+04, 2.9593107421875e+04, 3.509821484375e+04, 4.921932421875e+04, 8.8847578125e+04, 4.104219140625e+04, 4.0997375e+04, 8.878640625e+04, 4.06776640625e+04, 3.741496875e+04, 9.14682421875e+04, 7.95839765625e+04, 8.489159375e+04, 3.395365234375014e+04, 4.537341406249996e+04, 4.9832078125e+04, 5.081741796875e+04, 5.210619140625e+04, 1.08528921875e+05, 4.79378671875e+04, 5.2957203125e+04, 8.24679609375e+04, 9.32830625e+04, 4.88622890625e+04, 8.6069078125e+04, 1.022994062499998e+05, 9.783346093749994e+04, 6.358002734375e+04, 5.4925046875e+04, 5.500845703125e+04, 5.856581640625e+04, 6.1419734375e+04, 1.25075046875e+05, 7.2545015625e+04, 6.315226171875e+04, 6.20224765625e+04, 1.15683359375e+05, 5.228553125e+04, 6.064433203125104e+04, 1.159100390625001e+05, 1.046546015625e+05, 1.07326546875e+05, 5.745016015625e+04, 6.057296875e+04, 6.352348046875e+04, 6.62409453125e+04, 1.00264171875e+05, 1.167372578125e+05, 6.63727890625e+04, 6.747015625e+04, 1.278461171875e+05, 4.780346484375e+04, 5.285528125e+04, 1.12474359375e+05, 9.68931328125e+04, 1.02452984375e+05, 4.6559140625e+04, 5.608228125e+04]
bui.terUniCoo.QReqCoo_flow=[0e+00, 0e+00, 0e+00, 0e+00, 0e+00, 0e+00, 0e+00, 0e+00, 0e+00, 0e+00, 0e+00, 0e+00, 0e+00, 0e+00, 0e+00, 0e+00, 0e+00, 0e+00, 0e+00, 0e+00, 0e+00, 0e+00, 0e+00, 0e+00, 0e+00, 0e+00, 0e+00, 0e+00, 0e+00, 0e+00, 0e+00, 0e+00, 0e+00, 0e+00, 0e+00, 0e+00, 0e+00, 0e+00, 0e+00, 0e+00, 0e+00, 0e+00, 0e+00, 0e+00, 0e+00, 0e+00, 0e+00, 0e+00, 0e+00, 0e+00, 0e+00, 0e+00, 0e+00, 0e+00, 0e+00, 0e+00, 0e+00, 0e+00, 0e+00, 0e+00, 0e+00, 0e+00, 0e+00, 0e+00, 0e+00, 0e+00, 0e+00, 0e+00, 0e+00, 0e+00, 0e+00, 0e+00, 0e+00, 0e+00, 0e+00, 0e+00, 0e+00, 0e+00, 0e+00, 0e+00, 0e+00, 0e+00, 0e+00, 0e+00, 0e+00, 0e+00, 0e+00, 0e+00, 0e+00, 0e+00, 0e+00, 0e+00, 0e+00, 0e+00, 0e+00, 0e+00, 0e+00, 0e+00, 0e+00, 0e+00, 0e+00]
bui.terUniCoo.QActCoo_flow=[-0e+00, -0e+00, -0e+00, -0e+00, -0e+00, -0e+00, -0e+00, 0e+00, -0e+00, -0e+00, -0e+00, -0e+00, -0e+00, -0e+00, 0e+00, -0e+00, -0e+00, 0e+00, -0e+00, -0e+00, -0e+00, -0e+00, -0e+00, -0e+00, -0e+00, -0e+00, -0e+00, -0e+00, 0e+00, -0e+00, -0e+00, -0e+00, -0e+00, -0e+00, 0e+00, -0e+00, -0e+00, -0e+00, -0e+00, -0e+00, -0e+00, 0e+00, -0e+00, -0e+00, -0e+00, -0e+00, -0e+00, -0e+00, -0e+00, -0e+00, -0e+00, -0e+00, -0e+00, -0e+00, -0e+00, -0e+00, 0e+00, 0e+00, -0e+00, -0e+00, -0e+00, -0e+00, -0e+00, -0e+00, -0e+00, -0e+00, -0e+00, -0e+00, 0e+00, 0e+00, -0e+00, -0e+00, -0e+00, -0e+00, -0e+00, -0e+00, -0e+00, -0e+00, -0e+00, -0e+00, -0e+00, 0e+00, 0e+00, -0e+00, -0e+00, -0e+00, -0e+00, -0e+00, -0e+00, -0e+00, -0e+00, -0e+00, -0e+00, -0e+00, -0e+00, -0e+00, -0e+00, -0e+00, -0e+00, -0e+00, -0e+00]
supHeaWat.T_in=[3.131499938964844e+02, 3.131499938964844e+02]
bui.terUniHea.T_aHeaWat_nominal=[3.131499938964844e+02, 3.131499938964844e+02]
bui.disFloHea.mReq_flow[1]=[8.714148998260498e-01, 8.22883665561676e-01, 1.002667784690857e+00, 1.137204647064209e+00, 3.552166223526001e+00, 1.098768353462219e+00, 1.031170606613159e+00, 2.640512704849245e+00, 1.582644939422607e+00, 6.283100247383118e-01, 2.7547447681427e+00, 2.45716381072998e+00, 2.58603572845459e+00, 7.056374549865723e-01, 9.960370063781744e-01, 1.238363146781921e+00, 1.452150821685791e+00, 1.605229020118714e+00, 4.074149131774902e+00, 1.590947031974792e+00, 1.513213753700256e+00, 1.534446120262146e+00, 2.599368810653687e+00, 5.617169737815857e-01, 1.448383569717407e+00, 2.810278415679932e+00, 2.613669157028198e+00, 2.187841653823853e+00, 1.035007238388063e+00, 1.26891815662384e+00, 1.470386981964111e+00, 1.621020674705505e+00, 3.901498079299927e+00, 2.961234569549561e+00, 1.510705113410947e+00, 9.013591408729553e-01, 2.561530828475952e+00, 1.23347319662571e-01, 4.134518802165985e-01, 2.555178880691528e+00, 2.046978712081909e+00, 2.46070384979248e+00, 5.868391394615173e-01, 9.796176552772522e-01, 1.293060541152954e+00, 1.544952273368835e+00, 2.206091642379761e+00, 4.108863830566406e+00, 1.820381164550781e+00, 1.817302823066711e+00, 4.103116989135742e+00, 1.799202919006348e+00, 1.651675581932068e+00, 4.235209465026855e+00, 3.65559983253479e+00, 3.915239810943604e+00, 1.493611931800849e+00, 2.021337747573851e+00, 2.230266809463501e+00, 2.276636123657227e+00, 2.337376117706299e+00, 5.087414264678955e+00, 2.143276691436768e+00, 2.377501964569092e+00, 3.800341129302979e+00, 4.325010776519775e+00, 2.185279130935669e+00, 3.97619104385376e+00, 4.776507377624502e+00, 4.554586887359616e+00, 2.878619194030762e+00, 2.47045111656189e+00, 2.474477529525757e+00, 2.643347024917603e+00, 2.779259920120239e+00, 5.922772407531738e+00, 3.311416625976562e+00, 2.862076044082642e+00, 2.809152841567993e+00, 5.449312686920166e+00, 2.347508907318115e+00, 2.744492053985646e+00, 5.461133480072027e+00, 4.895656585693359e+00, 5.026232719421387e+00, 2.591156721115112e+00, 2.738897323608398e+00, 2.879886388778687e+00, 3.010047912597656e+00, 4.6788649559021e+00, 5.500638008117676e+00, 3.016997098922729e+00, 3.069132804870605e+00, 6.066981315612793e+00, 2.135558128356934e+00, 2.37280535697937e+00, 5.284994602203369e+00, 4.508449554443359e+00, 4.784780979156494e+00, 2.078547716140747e+00, 2.525487184524536e+00]
bui.disFloHea.mAct_flow[1].y=[8.714148998260498e-01, 8.22883665561676e-01, 1.002667784690857e+00, 1.137204647064209e+00, 3.552166223526001e+00, 1.098768353462219e+00, 1.031170606613159e+00, 2.640512704849245e+00, 1.582644939422607e+00, 6.283100247383118e-01, 2.7547447681427e+00, 2.45716381072998e+00, 2.58603572845459e+00, 7.056374549865723e-01, 9.960370063781744e-01, 1.238363146781921e+00, 1.452150821685791e+00, 1.605229020118714e+00, 4.074149131774902e+00, 1.590947031974792e+00, 1.513213753700256e+00, 1.534446120262146e+00, 2.599368810653687e+00, 5.617169737815857e-01, 1.448383569717407e+00, 2.810278415679932e+00, 2.613669157028198e+00, 2.187841653823853e+00, 1.035007238388063e+00, 1.26891815662384e+00, 1.470386981964111e+00, 1.621020674705505e+00, 3.901498079299927e+00, 2.961234569549561e+00, 1.510705113410947e+00, 9.013591408729553e-01, 2.561530828475952e+00, 1.23347319662571e-01, 4.134518802165985e-01, 2.555178880691528e+00, 2.046978712081909e+00, 2.46070384979248e+00, 5.868391394615173e-01, 9.796176552772522e-01, 1.293060541152954e+00, 1.544952273368835e+00, 2.206091642379761e+00, 4.108863830566406e+00, 1.820381164550781e+00, 1.817302823066711e+00, 4.103116989135742e+00, 1.799202919006348e+00, 1.651675581932068e+00, 4.235209465026855e+00, 3.65559983253479e+00, 3.915239810943604e+00, 1.493611931800849e+00, 2.021337747573851e+00, 2.230266809463501e+00, 2.276636123657227e+00, 2.337376117706299e+00, 5.087414264678955e+00, 2.143276691436768e+00, 2.377501964569092e+00, 3.800341129302979e+00, 4.325010776519775e+00, 2.185279130935669e+00, 3.97619104385376e+00, 4.776507377624502e+00, 4.554586887359616e+00, 2.878619194030762e+00, 2.47045111656189e+00, 2.474477529525757e+00, 2.643347024917603e+00, 2.779259920120239e+00, 5.922772407531738e+00, 3.311416625976562e+00, 2.862076044082642e+00, 2.809152841567993e+00, 5.449312686920166e+00, 2.347508907318115e+00, 2.744492053985646e+00, 5.461133480072027e+00, 4.895656585693359e+00, 5.026232719421387e+00, 2.591156721115112e+00, 2.738897323608398e+00, 2.879886388778687e+00, 3.010047912597656e+00, 4.6788649559021e+00, 5.500638008117676e+00, 3.016997098922729e+00, 3.069132804870605e+00, 6.066981315612793e+00, 2.135558128356934e+00, 2.37280535697937e+00, 5.284994602203369e+00, 4.508449554443359e+00, 4.784780979156494e+00, 2.078547716140747e+00, 2.525487184524536e+00]
bui.terUniHea.mHeaWat_flow_nominal=[8.015774726867676e+00, 8.015774726867676e+00]
bui.terUniHea.QHea_flow_nominal=[1.6769e+05, 1.6769e+05]
supChiWat.T_in=[2.911499938964844e+02, 2.911499938964844e+02]
bui.terUniCoo.T_aChiWat_nominal=[2.911499938964844e+02, 2.911499938964844e+02]
bui.disFloCoo.mReq_flow[1]=[0e+00, 0e+00, 0e+00, 0e+00, 0e+00, 0e+00, 0e+00, 0e+00, 0e+00, 0e+00, 0e+00, 0e+00, 0e+00, 0e+00, 0e+00, 0e+00, 0e+00, 0e+00, 0e+00, 0e+00, 0e+00, 0e+00, 0e+00, 0e+00, 0e+00, 0e+00, 0e+00, 0e+00, 0e+00, 0e+00, 0e+00, 0e+00, 0e+00, 0e+00, 0e+00, 0e+00, 0e+00, 0e+00, 0e+00, 0e+00, 0e+00, 0e+00, 0e+00, 0e+00, 0e+00, 0e+00, 0e+00, 0e+00, 0e+00, 0e+00, 0e+00, 0e+00, 0e+00, 0e+00, 0e+00, 0e+00, 0e+00, 0e+00, 0e+00, 0e+00, 0e+00, 0e+00, 0e+00, 0e+00, 0e+00, 0e+00, 0e+00, 0e+00, 0e+00, 0e+00, 0e+00, 0e+00, 0e+00, 0e+00, 0e+00, 0e+00, 0e+00, 0e+00, 0e+00, 0e+00, 0e+00, 0e+00, 0e+00, 0e+00, 0e+00, 0e+00, 0e+00, 0e+00, 0e+00, 0e+00, 0e+00, 0e+00, 0e+00, 0e+00, 0e+00, 0e+00, 0e+00, 0e+00, 0e+00, 0e+00, 0e+00]
bui.disFloCoo.mAct_flow[1].y=[0e+00, 0e+00, 0e+00, 0e+00, 0e+00, 0e+00, 0e+00, 0e+00, 0e+00, 0e+00, 0e+00, 0e+00, 0e+00, 0e+00, 0e+00, 0e+00, 0e+00, 0e+00, 0e+00, 0e+00, 0e+00, 0e+00, 0e+00, 0e+00, 0e+00, 0e+00, 0e+00, 0e+00, 0e+00, 0e+00, 0e+00, 0e+00, 0e+00, 0e+00, 0e+00, 0e+00, 0e+00, 0e+00, 0e+00, 0e+00, 0e+00, 0e+00, 0e+00, 0e+00, 0e+00, 0e+00, 0e+00, 0e+00, 0e+00, 0e+00, 0e+00, 0e+00, 0e+00, 0e+00, 0e+00, 0e+00, 0e+00, 0e+00, 0e+00, 0e+00, 0e+00, 0e+00, 0e+00, 0e+00, 0e+00, 0e+00, 0e+00, 0e+00, 0e+00, 0e+00, 0e+00, 0e+00, 0e+00, 0e+00, 0e+00, 0e+00, 0e+00, 0e+00, 0e+00, 0e+00, 0e+00, 0e+00, 0e+00, 0e+00, 0e+00, 0e+00, 0e+00, 0e+00, 0e+00, 0e+00, 0e+00, 0e+00, 0e+00, 0e+00, 0e+00, 0e+00, 0e+00, 0e+00, 0e+00, 0e+00, 0e+00]
bui.terUniCoo.mChiWat_flow_nominal=[7.024856567382812e+00, 7.024856567382812e+00]
