last-generated=2015-08-11
statistics-initialization=
{
  "numerical Jacobians": "0", 
  "nonlinear": "1, 19"
}
statistics-simulation=
{
  "numerical Jacobians": "0", 
  "nonlinear": "1, 19, 1", 
  "number of continuous time states": "22", 
  "linear": "0"
}
pump.m_flow=[0.10000000149011611938, 0.10000000149011611938, 0.10000000149011611938, 0.10000000149011611938, 0.10000000149011611938, 0.10000000149011611938, 0.10000000149011611938, 0.10000000149011611938, 0.10000000149011611938, 0.10000000149011611938, 0.10000000149011611938, 0.10000000149011611938, 0.10000000149011611938, 0.10000000149011611938, 0.10000000149011611938, 0.10000000149011611938, 0.10000000149011611938, 0.10000000149011611938, 0.10000000149011611938, 0.10000000149011611938, 0.10000000149011611938, 0.10000000149011611938, 0.10000000149011611938, 0.10000000149011611938, 0.10000000149011611938, 0.10000000149011611938, 0.10000000149011611938, 0.10000000149011611938, 0.10000000149011611938, 0.10000000149011611938, 0.10000000149011611938, 0.10000000149011611938, 0.10000000149011611938, 0.10000000149011611938, 0.10000000149011611938, 0.10000000149011611938, 0.10000000149011611938, 0.10000000149011611938, 0.10000000149011611938, 0.10000000149011611938, 0.10000000149011611938, 0.10000000149011611938, 0.10000000149011611938, 0.10000000149011611938, 0.10000000149011611938, 0.10000000149011611938, 0.10000000149011611938, 0.10000000149011611938, 0.10000000149011611938, 0.10000000149011611938, 0.10000000149011611938, 0.10000000149011611938, 0.10000000149011611938, 0.10000000149011611938, 0.10000000149011611938, 0.10000000149011611938, 0.10000000149011611938, 0.10000000149011611938, 0.10000000149011611938, 0.10000000149011611938, 0.10000000149011611938, 0.10000000149011611938, 0.10000000149011611938, 0.10000000149011611938, 0.10000000149011611938, 0.10000000149011611938, 0.10000000149011611938, 0.10000000149011611938, 0.10000000149011611938, 0.10000000149011611938, 0.10000000149011611938, 0.10000000149011611938, 0.10000000149011611938, 0.10000000149011611938, 0.10000000149011611938, 0.10000000149011611938, 0.10000000149011611938, 0.10000000149011611938, 0.10000000149011611938, 0.10000000149011611938, 0.10000000149011611938, 0.10000000149011611938, 0.10000000149011611938, 0.10000000149011611938, 0.10000000149011611938, 0.10000000149011611938, 0.10000000149011611938, 0.10000000149011611938, 0.10000000149011611938, 0.10000000149011611938, 0.10000000149011611938, 0.10000000149011611938, 0.10000000149011611938, 0.10000000149011611938, 0.10000000149011611938, 0.10000000149011611938, 0.10000000149011611938, 0.10000000149011611938, 0.10000000149011611938, 0.10000000149011611938, 0.10000000149011611938]
time=[0., 20.]
