last-generated=2016-02-16
statistics-initialization=
{
  "numerical Jacobians": "0", 
  "nonlinear": "1, 1"
}
statistics-simulation=
{
  "numerical Jacobians": "0", 
  "nonlinear": " ", 
  "number of continuous time states": "3", 
  "linear": " "
}
beam.HeatToRoom.Q_flow=[-0., 0., 0., 0., 0., -0., -247.389984130859375, -499.00579833984375, -716.81121826171875, -857.0478515625, -928.20001220703125, -979.30535888671875, -1017.30712890625, -1050.0672607421875, -1074.440673828125, -1092., -1092., -1092., -1092., -1092., -1092., -1092., -1092., -1092., -1092., -1092., -1107.9517822265625, -1122.9591064453125, -1137.1883544921875, -1150.8060302734375, -1163.9786376953125, -1176.8724365234375, -1189.6539306640625, -1202.489501953125, -1215.5457763671875, -1228.9888916015625, -1228.9888916015625, -1228.9888916015625, -1228.9888916015625, -1228.9888916015625, -1228.9888916015625, -1228.9888916015625, -1228.9888916015625, -1228.9888916015625, -1228.9888916015625, -1228.9888916015625, -1167.5394287109375, -1106.0899658203125, -1044.640625, -983.191162109375, -921.74169921875, -860.292236328125, -798.8427734375, -737.39337158203125, -675.94390869140625, -614.49444580078125, -614.49444580078125, -614.49444580078125, -614.49444580078125, -614.49444580078125, -614.49444580078125, -614.49444580078125, -614.49444580078125, -614.49444580078125, -614.49444580078125, -614.49444580078125, -614.49444580078125, -614.49444580078125, -614.49444580078125, -614.49444580078125, -614.49444580078125, -614.49444580078125, -614.49444580078125, -614.49444580078125, -614.49444580078125, -614.49444580078125, -614.49444580078125, -614.49444580078125, -614.49444580078125, -614.49444580078125, -614.49444580078125, -614.49444580078125, -614.49444580078125, -614.49444580078125, -614.49444580078125, -614.49444580078125, -614.49444580078125, -614.49444580078125, -614.49444580078125, -614.49444580078125, -614.49444580078125, -614.49444580078125, -614.49444580078125, -614.49444580078125, -614.49444580078125, -614.49444580078125, -614.49444580078125, -614.49444580078125, -614.49444580078125, -614.49444580078125, -614.49444580078125]
time=[0., 1000.]
