last-generated=2024-01-03
statistics-simulation=
{
  "linear": " ",
  "nonlinear": "2",
  "number of continuous time states": "5",
  "numerical Jacobians": "0"
}
time=[0e+00, 3.6e+03]
chi.refCyc.sigBus.TConInMea=[3.031499938964844e+02, 3.031499938964844e+02, 3.051499938964844e+02, 3.111499938964844e+02, 3.131499938964844e+02, 3.131499938964844e+02, 3.131499938964844e+02, 3.131499938964844e+02, 3.131499938964844e+02, 3.131499938964844e+02, 3.131499938964844e+02, 3.131499938964844e+02, 3.131499938964844e+02, 3.131499938964844e+02, 3.131499938964844e+02, 3.131499938964844e+02, 3.131499938964844e+02, 3.131499938964844e+02, 3.131499938964844e+02, 3.131499938964844e+02, 3.131499938964844e+02, 3.131499938964844e+02, 3.131499938964844e+02, 3.131499938964844e+02, 3.131499938964844e+02, 3.131499938964844e+02, 3.131499938964844e+02, 3.131499938964844e+02, 3.131499938964844e+02, 3.131499938964844e+02, 3.131499938964844e+02, 3.131499938964844e+02, 3.131499938964844e+02, 3.131499938964844e+02, 3.131499938964844e+02, 3.131499938964844e+02, 3.131499938964844e+02, 3.131499938964844e+02, 3.131499938964844e+02, 3.131499938964844e+02, 3.131499938964844e+02, 3.131499938964844e+02, 3.131499938964844e+02, 3.131499938964844e+02, 3.131499938964844e+02, 3.131499938964844e+02, 3.131499938964844e+02, 3.131499938964844e+02, 3.131499938964844e+02, 3.131499938964844e+02, 3.131499938964844e+02, 3.131499938964844e+02, 3.131499938964844e+02, 3.131499938964844e+02, 3.131499938964844e+02, 3.131499938964844e+02, 3.131499938964844e+02, 3.131499938964844e+02, 3.131499938964844e+02, 3.131499938964844e+02, 3.131499938964844e+02, 3.131499938964844e+02, 3.131499938964844e+02, 3.131499938964844e+02, 3.131499938964844e+02, 3.131499938964844e+02, 3.131499938964844e+02, 3.131499938964844e+02, 3.131499938964844e+02, 3.131499938964844e+02, 3.131499938964844e+02, 3.131499938964844e+02, 3.131499938964844e+02, 3.131499938964844e+02, 3.131499938964844e+02, 3.131499938964844e+02, 3.131499938964844e+02, 3.131499938964844e+02, 3.131499938964844e+02, 3.131499938964844e+02, 3.131499938964844e+02, 3.131499938964844e+02, 3.131499938964844e+02, 3.131499938964844e+02, 3.131499938964844e+02, 3.131499938964844e+02, 3.131499938964844e+02, 3.131499938964844e+02, 3.131499938964844e+02, 3.131499938964844e+02, 3.131499938964844e+02, 3.131499938964844e+02, 3.131499938964844e+02, 3.131499938964844e+02, 3.131499938964844e+02, 3.131499938964844e+02, 3.131499938964844e+02, 3.131499938964844e+02, 3.131499938964844e+02, 3.131499938964844e+02, 3.131499938964844e+02]
chi.refCyc.sigBus.TConOutMea=[2.931499938964844e+02, 3.0236669921875e+02, 3.069718017578125e+02, 3.121814880371094e+02, 3.165908508300781e+02, 3.178920288085938e+02, 3.181808471679688e+02, 3.182193603515625e+02, 3.182117004394531e+02, 3.182028503417969e+02, 3.181983947753906e+02, 3.181966857910156e+02, 3.181962280273438e+02, 3.181961669921875e+02, 3.181961669921875e+02, 3.181561584472656e+02, 3.180148010253906e+02, 3.177961730957031e+02, 3.175331420898438e+02, 3.172454528808594e+02, 3.169425659179688e+02, 3.166279907226562e+02, 3.163023681640625e+02, 3.159651184082031e+02, 3.156148681640625e+02, 3.152496032714844e+02, 3.148709106445312e+02, 3.144931030273438e+02, 3.140849914550781e+02, 3.1369140625e+02, 3.13435302734375e+02, 3.137104187011719e+02, 3.15501708984375e+02, 3.166986389160156e+02, 3.171172180175781e+02, 3.170857849121094e+02, 3.168442993164062e+02, 3.165099182128906e+02, 3.161289978027344e+02, 3.157153015136719e+02, 3.152686767578125e+02, 3.147813720703125e+02, 3.145680236816406e+02, 3.162135314941406e+02, 3.174931030273438e+02, 3.179988403320312e+02, 3.180292663574219e+02, 3.178355407714844e+02, 3.175463562011719e+02, 3.172149658203125e+02, 3.168597412109375e+02, 3.164850158691406e+02, 3.160894165039062e+02, 3.156690063476562e+02, 3.152173767089844e+02, 3.147243957519531e+02, 3.146522216796875e+02, 3.163440856933594e+02, 3.175546875e+02, 3.166435546875e+02, 3.134902648925781e+02, 3.113740844726562e+02, 3.104176330566406e+02, 3.101629943847656e+02, 3.102625427246094e+02, 3.105273132324219e+02, 3.108677062988281e+02, 3.112442932128906e+02, 3.116404113769531e+02, 3.120494689941406e+02, 3.118710632324219e+02, 3.10318115234375e+02, 3.092683715820312e+02, 3.088743896484375e+02, 3.088833312988281e+02, 3.09093994140625e+02, 3.093974609375e+02, 3.097432250976562e+02, 3.101099243164062e+02, 3.104891357421875e+02, 3.108777770996094e+02, 3.112747802734375e+02, 3.11679931640625e+02, 3.1209326171875e+02, 3.117116088867188e+02, 3.1016455078125e+02, 3.091962280273438e+02, 3.088600158691406e+02, 3.088994445800781e+02, 3.091244201660156e+02, 3.094343566894531e+02, 3.097831726074219e+02, 3.101515197753906e+02, 3.105318908691406e+02, 3.109214782714844e+02, 3.113193969726562e+02, 3.117254333496094e+02, 3.121397094726562e+02, 3.115411376953125e+02, 3.100202026367188e+02, 3.091322021484375e+02]
chi.refCyc.sigBus.TEvaOutMea=[2.931499938964844e+02, 2.869875793457031e+02, 2.835358581542969e+02, 2.82354736328125e+02, 2.822667236328125e+02, 2.825318603515625e+02, 2.827853088378906e+02, 2.829432067871094e+02, 2.830240783691406e+02, 2.83060546875e+02, 2.830753784179688e+02, 2.830809326171875e+02, 2.830827941894531e+02, 2.830833740234375e+02, 2.830835876464844e+02, 2.831217041015625e+02, 2.832553405761719e+02, 2.834605407714844e+02, 2.837060852050781e+02, 2.839745178222656e+02, 2.842585144042969e+02, 2.845562133789062e+02, 2.848682556152344e+02, 2.851962585449219e+02, 2.855426025390625e+02, 2.859102783203125e+02, 2.888030700683594e+02, 2.937847290039062e+02, 2.962391052246094e+02, 2.972817077636719e+02, 2.97750732421875e+02, 2.974821166992188e+02, 2.954375305175781e+02, 2.941005249023438e+02, 2.936610412597656e+02, 2.937186584472656e+02, 2.939939880371094e+02, 2.943591918945312e+02, 2.947695007324219e+02, 2.952162170410156e+02, 2.95705078125e+02, 2.962499084472656e+02, 2.964992065429688e+02, 2.946740417480469e+02, 2.932918395996094e+02, 2.927825012207031e+02, 2.927834777832031e+02, 2.9300732421875e+02, 2.933162536621094e+02, 2.936596984863281e+02, 2.940245361328125e+02, 2.944112548828125e+02, 2.948249816894531e+02, 2.952728881835938e+02, 2.957649536132812e+02, 2.963159790039062e+02, 2.964094543457031e+02, 2.945342712402344e+02, 2.932293701171875e+02, 2.946557006835938e+02, 2.99010986328125e+02, 3.018273010253906e+02, 3.030023498535156e+02, 3.032088317871094e+02, 3.029404296875e+02, 3.024577026367188e+02, 3.018798828125e+02, 3.012568664550781e+02, 3.006083679199219e+02, 2.999414978027344e+02, 3.002323608398438e+02, 3.027587585449219e+02, 3.044595336914062e+02, 3.050912475585938e+02, 3.05070068359375e+02, 3.047246704101562e+02, 3.04231689453125e+02, 3.036719360351562e+02, 3.030791015625e+02, 3.024661254882812e+02, 3.018375854492188e+02, 3.011948852539062e+02, 3.005382690429688e+02, 2.998675231933594e+02, 3.004907836914062e+02, 3.030075073242188e+02, 3.045755920410156e+02, 3.051135864257812e+02, 3.050433044433594e+02, 3.046750793457031e+02, 3.04171875e+02, 3.036073608398438e+02, 3.030118713378906e+02, 3.023970336914062e+02, 3.017668762207031e+02, 3.011226196289062e+02, 3.004644470214844e+02, 2.997921142578125e+02, 3.007684631347656e+02, 3.032418518066406e+02, 3.046787109375e+02]
chi.refCyc.sigBus.TEvaInMea=[2.881499938964844e+02, 2.881499938964844e+02, 2.881499938964844e+02, 2.881499938964844e+02, 2.881499938964844e+02, 2.881499938964844e+02, 2.881499938964844e+02, 2.881499938964844e+02, 2.881499938964844e+02, 2.881499938964844e+02, 2.881499938964844e+02, 2.881499938964844e+02, 2.881499938964844e+02, 2.881499938964844e+02, 2.881499938964844e+02, 2.881499938964844e+02, 2.881499938964844e+02, 2.881499938964844e+02, 2.881499938964844e+02, 2.881499938964844e+02, 2.881499938964844e+02, 2.881499938964844e+02, 2.881499938964844e+02, 2.881499938964844e+02, 2.881499938964844e+02, 2.881499938964844e+02, 2.941499938964844e+02, 2.981499938964844e+02, 2.981499938964844e+02, 2.981499938964844e+02, 2.981499938964844e+02, 2.981499938964844e+02, 2.981499938964844e+02, 2.981499938964844e+02, 2.981499938964844e+02, 2.981499938964844e+02, 2.981499938964844e+02, 2.981499938964844e+02, 2.981499938964844e+02, 2.981499938964844e+02, 2.981499938964844e+02, 2.981499938964844e+02, 2.981499938964844e+02, 2.981499938964844e+02, 2.981499938964844e+02, 2.981499938964844e+02, 2.981499938964844e+02, 2.981499938964844e+02, 2.981499938964844e+02, 2.981499938964844e+02, 2.981499938964844e+02, 2.981499938964844e+02, 2.981499938964844e+02, 2.981499938964844e+02, 2.981499938964844e+02, 2.981499938964844e+02, 2.981499938964844e+02, 2.981499938964844e+02, 2.981499938964844e+02, 2.981499938964844e+02, 2.981499938964844e+02, 2.981499938964844e+02, 2.981499938964844e+02, 2.981499938964844e+02, 2.981499938964844e+02, 2.981499938964844e+02, 2.981499938964844e+02, 2.981499938964844e+02, 2.981499938964844e+02, 2.981499938964844e+02, 2.981499938964844e+02, 2.981499938964844e+02, 2.981499938964844e+02, 2.981499938964844e+02, 2.981499938964844e+02, 2.981499938964844e+02, 2.981499938964844e+02, 2.981499938964844e+02, 2.981499938964844e+02, 2.981499938964844e+02, 2.981499938964844e+02, 2.981499938964844e+02, 2.981499938964844e+02, 2.981499938964844e+02, 2.981499938964844e+02, 2.981499938964844e+02, 2.981499938964844e+02, 2.981499938964844e+02, 2.981499938964844e+02, 2.981499938964844e+02, 2.981499938964844e+02, 2.981499938964844e+02, 2.981499938964844e+02, 2.981499938964844e+02, 2.981499938964844e+02, 2.981499938964844e+02, 2.981499938964844e+02, 2.981499938964844e+02, 2.981499938964844e+02, 2.981499938964844e+02, 2.981499938964844e+02]
chi.QCon_flow=[9.37364140625e+04, 6.282301953125e+04, 5.2809390625e+04, 4.705889453125e+04, 4.386278125e+04, 4.32270859375e+04, 4.322890625e+04, 4.331875390625e+04, 4.3382171875e+04, 4.341422265625e+04, 4.342784375e+04, 4.34329375e+04, 4.343459375e+04, 4.343504296875e+04, 4.312484374999999e+04, 4.03613828125e+04, 3.76759296875e+04, 3.502019921875e+04, 3.234098046875e+04, 2.96046796875e+04, 2.679034765625e+04, 2.388239453125e+04, 2.086561328125e+04, 1.7722388671875e+04, 1.443064453125e+04, 1.09614716796875e+04, 7.81883447265625e+03, 4.229597167968735e+03, 0e+00, 0e+00, 0e+00, 5.139239453125e+04, 4.312123828125e+04, 3.699819921875e+04, 3.2607068359375e+04, 2.8920791015625e+04, 2.539362890625e+04, 2.177545703125e+04, 1.7939763671875e+04, 1.37905478515625e+04, 9.208830078125e+03, 3.998784423828125e+03, 5.92852578125e+04, 5.16670078125e+04, 4.557066015625e+04, 4.130242578125e+04, 3.78855546875e+04, 3.474056640625e+04, 3.16039921875e+04, 2.8363322265625e+04, 2.4962515625e+04, 2.1357984375e+04, 1.749784375e+04, 1.33069951171875e+04, 8.666393554687469e+03, 3.367559326171838e+03, 5.867631640624996e+04, 5.099496484375e+04, 4.508298046875e+04, -4.369007421875e+04, -3.676686328125e+04, -3.122971875e+04, -2.6876330078125e+04, -2.311509375e+04, -1.9578130859375e+04, -1.60904208984375e+04, -1.2577955078125e+04, -9.010984375e+03, -5.377318359375e+03, -1.671287475585938e+03, -4.9919734375e+04, -4.4413515625e+04, -3.971778515625e+04, -3.5838703125e+04, -3.2378111328125e+04, -2.90705625e+04, -2.5786849609375e+04, -2.2471943359375e+04, -1.91036875e+04, -1.56729443359375e+04, -1.21753017578125e+04, -8.607943359375e+03, -4.9685263671875e+03, -1.25480908203125e+03, -4.930976953125e+04, -4.384071875e+04, -3.92538984375e+04, -3.543980859375e+04, -3.2006333984375e+04, -2.8705974609375e+04, -2.542065234375e+04, -2.21005625e+04, -1.8725685546875e+04, -1.52876796875e+04, -1.1782416015625e+04, -8.2071630859375e+03, -4.5596015625e+03, -8.374889526367188e+02, -4.86897578125e+04, -4.3281296875e+04, -3.879980859375e+04]
chi.QEva_flow=[-8.07000234375e+04, -4.9786625e+04, -3.977299609375e+04, -3.40225e+04, -3.0826388671875e+04, -3.019069140625e+04, -3.0192513671875e+04, -3.0282359375e+04, -3.034577734375e+04, -3.0377828125e+04, -3.0391451171875e+04, -3.039654296875e+04, -3.0398201171875e+04, -3.03986484375e+04, -3.01927421875e+04, -2.836790234375e+04, -2.6621068359375e+04, -2.490395703125e+04, -2.3163359375e+04, -2.13656796875e+04, -1.948996875e+04, -1.75206328125e+04, -1.544247265625e+04, -1.3237869140625e+04, -1.08847451171875e+04, -8.3541923828125e+03, -6.15017626953125e+03, -3.499559082031238e+03, 0e+00, 0e+00, 0e+00, -4.13804453125e+04, -3.404790625e+04, -2.8863490234375e+04, -2.541098046875e+04, -2.2663322265625e+04, -2.0074779296875e+04, -1.739523046875e+04, -1.44981552734375e+04, -1.1287560546875e+04, -7.64446240234375e+03, -3.37303759765625e+03, -4.656173828125e+04, -3.9882109375e+04, -3.47243828125e+04, -3.1394767578125e+04, -2.8916517578125e+04, -2.67101484375e+04, -2.4512193359375e+04, -2.221014453125e+04, -1.974795703125e+04, -1.7082046875e+04, -1.41605283203125e+04, -1.0908298828125e+04, -7.206317871093725e+03, -2.846103515624969e+03, -4.605708593749996e+04, -3.931435546875e+04, -3.434099609375e+04, 4.991150390625e+04, 4.1825703125e+04, 3.54127421875e+04, 3.0428451171875e+04, 2.615882421875e+04, 2.2159875e+04, 1.8220369140625e+04, 1.4250984375e+04, 1.0215818359375e+04, 6.10015771484375e+03, 1.89716064453125e+03, 5.665064453125e+04, 5.027500390625e+04, 4.48775390625e+04, 4.04656875e+04, 3.655891015625e+04, 3.283683984375e+04, 2.9143537109375e+04, 2.54125859375e+04, 2.161725e+04, 1.7746494140625e+04, 1.37950009765625e+04, 9.7593671875e+03, 5.63676611328125e+03, 1.424491821289062e+03, 5.594445703125e+04, 4.9613671875e+04, 4.434765625e+04, 4.001424609375e+04, 3.614019140625e+04, 3.2426796875e+04, 2.8731552734375e+04, 2.4994345703125e+04, 2.1191015625e+04, 1.7311498046875e+04, 1.3350806640625e+04, 9.30564453125e+03, 5.1732138671875e+03, 9.508072509765625e+02, 5.5226140625e+04, 4.896848828125e+04, 4.382959375e+04]
chi.P=[1.30363935546875e+04, 1.30363935546875e+04, 1.30363935546875e+04, 1.30363935546875e+04, 1.30363935546875e+04, 1.30363935546875e+04, 1.30363935546875e+04, 1.30363935546875e+04, 1.30363935546875e+04, 1.30363935546875e+04, 1.30363935546875e+04, 1.30363935546875e+04, 1.30363935546875e+04, 1.30363935546875e+04, 1.29321025390625e+04, 1.19934814453125e+04, 1.1054861328125e+04, 1.01162412109375e+04, 9.17762109375e+03, 8.2390009765625e+03, 7.30038037109375e+03, 6.361759765625e+03, 5.4231396484375e+03, 4.48451904296875e+03, 3.54589892578125e+03, 2.607278564453125e+03, 1.668658325195312e+03, 7.300380249023408e+02, 0e+00, 0e+00, 0e+00, 1.00119501953125e+04, 9.073330078125e+03, 8.13470947265625e+03, 7.1960888671875e+03, 6.25746875e+03, 5.3188486328125e+03, 4.38022802734375e+03, 3.44160791015625e+03, 2.502987548828125e+03, 1.5643671875e+03, 6.257468872070312e+02, 1.272351953125e+04, 1.17848994140625e+04, 1.0846279296875e+04, 9.9076591796875e+03, 8.9690380859375e+03, 8.03041845703125e+03, 7.0917978515625e+03, 6.153177734375e+03, 5.21455712890625e+03, 4.27593701171875e+03, 3.337316650390625e+03, 2.3986962890625e+03, 1.460076049804682e+03, 5.214557495117128e+02, 1.261922851562499e+04, 1.16806083984375e+04, 1.074198828125e+04, 6.2214296875e+03, 5.05883984375e+03, 4.1830224609375e+03, 3.552119873046875e+03, 3.0437314453125e+03, 2.581744384765625e+03, 2.129947998046875e+03, 1.673029541015625e+03, 1.204833984375e+03, 7.22839599609375e+02, 2.258731536865234e+02, 6.7309072265625e+03, 5.86148828125e+03, 5.159755859375e+03, 4.62698583984375e+03, 4.18080029296875e+03, 3.766278076171875e+03, 3.356687744140625e+03, 2.940643310546875e+03, 2.513561767578125e+03, 2.073551025390625e+03, 1.619699584960938e+03, 1.151423828125e+03, 6.682396240234375e+02, 1.696828155517578e+02, 6.63468505859375e+03, 5.77295556640625e+03, 5.09375732421875e+03, 4.57443408203125e+03, 4.13385791015625e+03, 3.720823486328125e+03, 3.310900390625e+03, 2.89378369140625e+03, 2.465331787109375e+03, 2.02381884765625e+03, 1.568390502929688e+03, 1.0984814453125e+03, 6.136121215820312e+02, 1.133183441162109e+02, 6.53638427734375e+03, 5.68719140625e+03, 5.02978515625e+03]
chi.safCtr.ySet=[1e+00, 1e+00, 1e+00, 1e+00, 1e+00, 1e+00, 1e+00, 1e+00, 1e+00, 1e+00, 1e+00, 1e+00, 1e+00, 1e+00, 9.919999837875365e-01, 9.200000166893005e-01, 8.479999899864197e-01, 7.760000228881836e-01, 7.039999961853027e-01, 6.320000290870667e-01, 5.600000023841858e-01, 4.880000054836273e-01, 4.160000085830688e-01, 3.440000116825104e-01, 2.720000147819519e-01, 2.000000029802322e-01, 1.280000060796738e-01, 5.600000172853447e-02, 9.840000271797178e-01, 9.120000004768372e-01, 8.399999737739563e-01, 7.680000066757202e-01, 6.959999799728394e-01, 6.240000128746033e-01, 5.519999861717224e-01, 4.799999892711639e-01, 4.079999923706055e-01, 3.35999995470047e-01, 2.639999985694885e-01, 1.920000016689301e-01, 1.19999997317791e-01, 4.800000041723251e-02, 9.760000109672546e-01, 9.039999842643738e-01, 8.320000171661377e-01, 7.599999904632568e-01, 6.880000233650208e-01, 6.159999966621399e-01, 5.440000295639038e-01, 4.720000028610229e-01, 4.000000059604645e-01, 3.28000009059906e-01, 2.560000121593475e-01, 1.840000003576279e-01, 1.120000034570689e-01, 3.999999910592987e-02, 9.679999947547908e-01, 8.960000276565552e-01, 8.240000009536743e-01, 7.519999742507935e-01, 6.800000071525574e-01, 6.079999804496765e-01, 5.360000133514404e-01, 4.639999866485596e-01, 3.919999897480011e-01, 3.199999928474426e-01, 2.479999959468842e-01, 1.759999990463257e-01, 1.040000021457672e-01, 3.200000151991844e-02, 9.599999785423279e-01, 8.880000114440918e-01, 8.159999847412109e-01, 7.440000176429749e-01, 6.71999990940094e-01, 6.000000238418579e-01, 5.279999971389771e-01, 4.560000002384186e-01, 3.840000033378601e-01, 3.120000064373016e-01, 2.39999994635582e-01, 1.679999977350235e-01, 9.600000083446503e-02, 2.400000020861626e-02, 9.520000219345093e-01, 8.799999952316284e-01, 8.080000281333923e-01, 7.360000014305115e-01, 6.639999747276306e-01, 5.920000076293945e-01, 5.199999809265137e-01, 4.480000138282776e-01, 3.759999871253967e-01, 3.039999902248383e-01, 2.319999933242798e-01, 1.599999964237213e-01, 8.799999952316284e-02, 1.600000075995922e-02, 9.440000057220459e-01, 8.71999979019165e-01, 8.00000011920929e-01]
chi.safCtr.yOut=[1e+00, 1e+00, 1e+00, 1e+00, 1e+00, 1e+00, 1e+00, 1e+00, 1e+00, 1e+00, 1e+00, 1e+00, 1e+00, 1e+00, 9.919999837875365e-01, 9.200000166893005e-01, 8.479999899864197e-01, 7.760000228881836e-01, 7.039999961853027e-01, 6.320000290870667e-01, 5.600000023841858e-01, 4.880000054836273e-01, 4.160000085830688e-01, 3.440000116825104e-01, 2.720000147819519e-01, 2.000000029802322e-01, 1.280000060796738e-01, 5.600000172853447e-02, 0e+00, 0e+00, 0e+00, 7.680000066757202e-01, 6.959999799728394e-01, 6.240000128746033e-01, 5.519999861717224e-01, 4.799999892711639e-01, 4.079999923706055e-01, 3.35999995470047e-01, 2.639999985694885e-01, 1.920000016689301e-01, 1.19999997317791e-01, 4.800000041723251e-02, 9.760000109672546e-01, 9.039999842643738e-01, 8.320000171661377e-01, 7.599999904632568e-01, 6.880000233650208e-01, 6.159999966621399e-01, 5.440000295639038e-01, 4.720000028610229e-01, 4.000000059604645e-01, 3.28000009059906e-01, 2.560000121593475e-01, 1.840000003576279e-01, 1.120000034570689e-01, 3.999999910592987e-02, 9.679999947547908e-01, 8.960000276565552e-01, 8.240000009536743e-01, 7.519999742507935e-01, 6.800000071525574e-01, 6.079999804496765e-01, 5.360000133514404e-01, 4.639999866485596e-01, 3.919999897480011e-01, 3.199999928474426e-01, 2.479999959468842e-01, 1.759999990463257e-01, 1.040000021457672e-01, 3.200000151991844e-02, 9.599999785423279e-01, 8.880000114440918e-01, 8.159999847412109e-01, 7.440000176429749e-01, 6.71999990940094e-01, 6.000000238418579e-01, 5.279999971389771e-01, 4.560000002384186e-01, 3.840000033378601e-01, 3.120000064373016e-01, 2.39999994635582e-01, 1.679999977350235e-01, 9.600000083446503e-02, 2.400000020861626e-02, 9.520000219345093e-01, 8.799999952316284e-01, 8.080000281333923e-01, 7.360000014305115e-01, 6.639999747276306e-01, 5.920000076293945e-01, 5.199999809265137e-01, 4.480000138282776e-01, 3.759999871253967e-01, 3.039999902248383e-01, 2.319999933242798e-01, 1.599999964237213e-01, 8.799999952316284e-02, 1.600000075995922e-02, 9.440000057220459e-01, 8.71999979019165e-01, 8.00000011920929e-01]
