last-generated=2017-04-14
statistics-initialization=
{
  "numerical Jacobians": "0", 
  "nonlinear": "1, 1, 1"
}
statistics-simulation=
{
  "numerical Jacobians": "0", 
  "nonlinear": "0", 
  "number of continuous time states": "52", 
  "linear": " "
}
hex.sta_b1.T=[2.931499938964844e+02, 2.933847351074219e+02, 2.922654418945312e+02, 2.9137451171875e+02, 2.912965087890625e+02, 2.913125305175781e+02, 2.914284973144531e+02, 2.916279296875e+02, 2.916970520019531e+02, 2.917046508789062e+02, 2.918634338378906e+02, 2.921495971679688e+02, 2.924216003417969e+02, 2.926159973144531e+02, 2.927390747070312e+02, 2.92801513671875e+02, 2.928169250488281e+02, 2.92785888671875e+02, 2.923962097167969e+02, 2.914886779785156e+02, 2.899989929199219e+02, 2.882435607910156e+02, 2.869150085449219e+02, 2.863771362304688e+02, 2.862380676269531e+02, 2.863100280761719e+02, 2.864328002929688e+02, 2.864963989257812e+02, 2.864753723144531e+02, 2.864148559570312e+02, 2.863882751464844e+02, 2.863971557617188e+02, 2.864227294921875e+02, 2.864380187988281e+02, 2.8642919921875e+02, 2.863991394042969e+02, 2.863909912109375e+02, 2.8640625e+02, 2.864278259277344e+02, 2.864378356933594e+02, 2.864226379394531e+02, 2.863969116210938e+02, 2.863927307128906e+02, 2.864139709472656e+02, 2.864321594238281e+02, 2.864368286132812e+02, 2.864147338867188e+02, 2.8639453125e+02, 2.863959350585938e+02, 2.864203491210938e+02, 2.864357604980469e+02, 2.865261840820312e+02, 2.867594909667969e+02, 2.87080810546875e+02, 2.874652709960938e+02, 2.879070129394531e+02, 2.883846130371094e+02, 2.888702392578125e+02, 2.8934375e+02, 2.897998046875e+02, 2.902446899414062e+02, 2.906683349609375e+02, 2.910848693847656e+02, 2.915027770996094e+02, 2.918877258300781e+02, 2.922767944335938e+02, 2.926699523925781e+02, 2.930399169921875e+02, 2.936307067871094e+02, 2.941700134277344e+02, 2.945097045898438e+02, 2.947153625488281e+02, 2.948606262207031e+02, 2.949671630859375e+02, 2.95043212890625e+02, 2.950657958984375e+02, 2.950738830566406e+02, 2.950755920410156e+02, 2.950699157714844e+02, 2.950472412109375e+02, 2.950291748046875e+02, 2.950188293457031e+02, 2.950020751953125e+02, 2.949894714355469e+02, 2.949570617675781e+02, 2.948999328613281e+02, 2.94887939453125e+02, 2.94955322265625e+02, 2.950382690429688e+02, 2.950840454101562e+02, 2.950989379882812e+02, 2.95099365234375e+02, 2.950961303710938e+02, 2.950931701660156e+02, 2.950905151367188e+02, 2.950874328613281e+02, 2.95083740234375e+02, 2.950799560546875e+02, 2.950767822265625e+02, 2.950746765136719e+02, 2.950738525390625e+02]
time=[0e+00, 3.6e+03]
hex.sta_a1.T=[2.781499938964844e+02, 2.781499938964844e+02, 2.781499938964844e+02, 2.781499938964844e+02, 2.781499938964844e+02, 2.781499938964844e+02, 2.781499938964844e+02, 2.781499938964844e+02, 2.781499938964844e+02, 2.781499938964844e+02, 2.781499938964844e+02, 2.781499938964844e+02, 2.781499938964844e+02, 2.781499938964844e+02, 2.781499938964844e+02, 2.781499938964844e+02, 2.781499938964844e+02, 2.781499938964844e+02, 2.781499938964844e+02, 2.781499938964844e+02, 2.781499938964844e+02, 2.781499938964844e+02, 2.781499938964844e+02, 2.781499938964844e+02, 2.781499938964844e+02, 2.781499938964844e+02, 2.781499938964844e+02, 2.781499938964844e+02, 2.781499938964844e+02, 2.781499938964844e+02, 2.781499938964844e+02, 2.781499938964844e+02, 2.781499938964844e+02, 2.781499938964844e+02, 2.781499938964844e+02, 2.781499938964844e+02, 2.781499938964844e+02, 2.781499938964844e+02, 2.781499938964844e+02, 2.781499938964844e+02, 2.781499938964844e+02, 2.781499938964844e+02, 2.781499938964844e+02, 2.781499938964844e+02, 2.781499938964844e+02, 2.781499938964844e+02, 2.781499938964844e+02, 2.781499938964844e+02, 2.781499938964844e+02, 2.781499938964844e+02, 2.781499938964844e+02, 2.781499938964844e+02, 2.781499938964844e+02, 2.781499938964844e+02, 2.781499938964844e+02, 2.781499938964844e+02, 2.781499938964844e+02, 2.781499938964844e+02, 2.781499938964844e+02, 2.781499938964844e+02, 2.781499938964844e+02, 2.781499938964844e+02, 2.781499938964844e+02, 2.781499938964844e+02, 2.781499938964844e+02, 2.781499938964844e+02, 2.781499938964844e+02, 2.781499938964844e+02, 2.781499938964844e+02, 2.781499938964844e+02, 2.781499938964844e+02, 2.781499938964844e+02, 2.781499938964844e+02, 2.781499938964844e+02, 2.781499938964844e+02, 2.781499938964844e+02, 2.781499938964844e+02, 2.781499938964844e+02, 2.781499938964844e+02, 2.781499938964844e+02, 2.781499938964844e+02, 2.781499938964844e+02, 2.781499938964844e+02, 2.781499938964844e+02, 2.881499938964844e+02, 2.881499938964844e+02, 2.881499938964844e+02, 2.881499938964844e+02, 2.881499938964844e+02, 2.881499938964844e+02, 2.881499938964844e+02, 2.881499938964844e+02, 2.881499938964844e+02, 2.881499938964844e+02, 2.881499938964844e+02, 2.881499938964844e+02, 2.881499938964844e+02, 2.881499938964844e+02, 2.881499938964844e+02, 2.881499938964844e+02, 2.881499938964844e+02]
hex.sta_b2.T=[2.931499938964844e+02, 2.942801818847656e+02, 2.916814880371094e+02, 2.907078857421875e+02, 2.911978149414062e+02, 2.918118286132812e+02, 2.924305419921875e+02, 2.930390930175781e+02, 2.93511474609375e+02, 2.935944519042969e+02, 2.935770568847656e+02, 2.93487548828125e+02, 2.934231262207031e+02, 2.934056701660156e+02, 2.934227294921875e+02, 2.934359436035156e+02, 2.934488830566406e+02, 2.934481811523438e+02, 2.928955383300781e+02, 2.917117614746094e+02, 2.904946594238281e+02, 2.895278930664062e+02, 2.889549255371094e+02, 2.888436279296875e+02, 2.889226684570312e+02, 2.890102233886719e+02, 2.890340881347656e+02, 2.890191955566406e+02, 2.889842834472656e+02, 2.88950439453125e+02, 2.889555053710938e+02, 2.88984130859375e+02, 2.890047607421875e+02, 2.889922790527344e+02, 2.889701843261719e+02, 2.88947021484375e+02, 2.889623413085938e+02, 2.889906921386719e+02, 2.890034484863281e+02, 2.889877624511719e+02, 2.889642639160156e+02, 2.889476928710938e+02, 2.889692077636719e+02, 2.889977722167969e+02, 2.890010681152344e+02, 2.889824523925781e+02, 2.889577941894531e+02, 2.889520568847656e+02, 2.889765625e+02, 2.890042114257812e+02, 2.889974365234375e+02, 2.89058349609375e+02, 2.893484497070312e+02, 2.897544250488281e+02, 2.901793823242188e+02, 2.905840148925781e+02, 2.909604187011719e+02, 2.913371276855469e+02, 2.917241516113281e+02, 2.921113891601562e+02, 2.925073852539062e+02, 2.929019165039062e+02, 2.933127746582031e+02, 2.93704345703125e+02, 2.941104736328125e+02, 2.945241088867188e+02, 2.94919677734375e+02, 2.953167114257812e+02, 2.955375366210938e+02, 2.954679565429688e+02, 2.953452758789062e+02, 2.953222351074219e+02, 2.953512878417969e+02, 2.953762817382812e+02, 2.953229370117188e+02, 2.953085021972656e+02, 2.953330688476562e+02, 2.953636169433594e+02, 2.953459777832031e+02, 2.95307373046875e+02, 2.953424377441406e+02, 2.95368896484375e+02, 2.953192138671875e+02, 2.9532373046875e+02, 2.948222045898438e+02, 2.950118103027344e+02, 2.952435607910156e+02, 2.954006652832031e+02, 2.954488525390625e+02, 2.954533081054688e+02, 2.954515075683594e+02, 2.954486694335938e+02, 2.954460754394531e+02, 2.954439392089844e+02, 2.954421691894531e+02, 2.954408264160156e+02, 2.954400024414062e+02, 2.954397277832031e+02, 2.954400024414062e+02, 2.954407043457031e+02, 2.954416809082031e+02]
hex.hexReg[1].ele[1, 1].vol2.T=[2.931499938964844e+02, 2.962326965332031e+02, 2.959332275390625e+02, 2.962733154296875e+02, 2.969405822753906e+02, 2.976578063964844e+02, 2.98304931640625e+02, 2.988760681152344e+02, 2.983885498046875e+02, 2.968387451171875e+02, 2.963904113769531e+02, 2.963185119628906e+02, 2.963819580078125e+02, 2.964658203125e+02, 2.965216064453125e+02, 2.965415649414062e+02, 2.965486145019531e+02, 2.965184326171875e+02, 2.961471557617188e+02, 2.960214233398438e+02, 2.960111083984375e+02, 2.960103759765625e+02, 2.960151062011719e+02, 2.960708312988281e+02, 2.96084228515625e+02, 2.960669250488281e+02, 2.960487976074219e+02, 2.960466613769531e+02, 2.960464782714844e+02, 2.960464477539062e+02, 2.960591125488281e+02, 2.960621032714844e+02, 2.960544128417969e+02, 2.960471801757812e+02, 2.960464477539062e+02, 2.960472412109375e+02, 2.9606005859375e+02, 2.960619812011719e+02, 2.960516967773438e+02, 2.960467224121094e+02, 2.960462341308594e+02, 2.960520629882812e+02, 2.960608825683594e+02, 2.960618896484375e+02, 2.960494079589844e+02, 2.960463562011719e+02, 2.960460815429688e+02, 2.960563049316406e+02, 2.96061279296875e+02, 2.960606994628906e+02, 2.960478210449219e+02, 2.961054382324219e+02, 2.96236328125e+02, 2.963356628417969e+02, 2.963671875e+02, 2.963758544921875e+02, 2.963984985351562e+02, 2.964511413574219e+02, 2.965379333496094e+02, 2.966278686523438e+02, 2.967102966308594e+02, 2.96821044921875e+02, 2.969754028320312e+02, 2.9707177734375e+02, 2.972957763671875e+02, 2.975213623046875e+02, 2.976806030273438e+02, 2.979415283203125e+02, 2.972377624511719e+02, 2.965755615234375e+02, 2.965143432617188e+02, 2.966376953125e+02, 2.967403259277344e+02, 2.967876281738281e+02, 2.967085876464844e+02, 2.967626342773438e+02, 2.968202819824219e+02, 2.968560485839844e+02, 2.967725524902344e+02, 2.967509155273438e+02, 2.968209838867188e+02, 2.968188781738281e+02, 2.967213439941406e+02, 2.967750549316406e+02, 2.951881713867188e+02, 2.957589721679688e+02, 2.962763977050781e+02, 2.966689147949219e+02, 2.968215026855469e+02, 2.968659973144531e+02, 2.968834838867188e+02, 2.968905639648438e+02, 2.968934326171875e+02, 2.968945617675781e+02, 2.968950500488281e+02, 2.968952331542969e+02, 2.968952941894531e+02, 2.968953247070312e+02, 2.968953552246094e+02, 2.968953552246094e+02, 2.968953552246094e+02]
hex.hexReg[1].ele[1, 1].vol1.T=[2.931499938964844e+02, 2.792229614257812e+02, 2.792341003417969e+02, 2.812295532226562e+02, 2.839727783203125e+02, 2.862400207519531e+02, 2.882334594726562e+02, 2.899918518066406e+02, 2.859540100097656e+02, 2.820970458984375e+02, 2.809369506835938e+02, 2.80813232421875e+02, 2.811267395019531e+02, 2.815096130371094e+02, 2.817001953125e+02, 2.817674865722656e+02, 2.81791259765625e+02, 2.814381713867188e+02, 2.797687072753906e+02, 2.794886779785156e+02, 2.794700927734375e+02, 2.794688110351562e+02, 2.795286254882812e+02, 2.79756591796875e+02, 2.797873840332031e+02, 2.796797790527344e+02, 2.796274108886719e+02, 2.796230773925781e+02, 2.796227111816406e+02, 2.796226806640625e+02, 2.796836547851562e+02, 2.796901245117188e+02, 2.796410522460938e+02, 2.796239318847656e+02, 2.796224365234375e+02, 2.796391296386719e+02, 2.796852722167969e+02, 2.796893310546875e+02, 2.796336364746094e+02, 2.796226196289062e+02, 2.796216735839844e+02, 2.796637878417969e+02, 2.796866455078125e+02, 2.796887817382812e+02, 2.796279907226562e+02, 2.7962158203125e+02, 2.796210327148438e+02, 2.796758422851562e+02, 2.796871948242188e+02, 2.796687622070312e+02, 2.796243591308594e+02, 2.799866333007812e+02, 2.805514221191406e+02, 2.809165649414062e+02, 2.810145568847656e+02, 2.810413513183594e+02, 2.812024230957031e+02, 2.814374694824219e+02, 2.817978820800781e+02, 2.82243896484375e+02, 2.8254541015625e+02, 2.830921325683594e+02, 2.835331115722656e+02, 2.837957153320312e+02, 2.846873168945312e+02, 2.853397216796875e+02, 2.857957763671875e+02, 2.866507263183594e+02, 2.832894897460938e+02, 2.816354064941406e+02, 2.817237548828125e+02, 2.823126220703125e+02, 2.8269091796875e+02, 2.828095092773438e+02, 2.824276123046875e+02, 2.827882385253906e+02, 2.829673461914062e+02, 2.83061767578125e+02, 2.826485290527344e+02, 2.827460327148438e+02, 2.829821472167969e+02, 2.828006591796875e+02, 2.824908142089844e+02, 2.828470153808594e+02, 2.848164367675781e+02, 2.866303100585938e+02, 2.882241821289062e+02, 2.892686157226562e+02, 2.895792846679688e+02, 2.896806335449219e+02, 2.897218322753906e+02, 2.897384643554688e+02, 2.897452087402344e+02, 2.897479248046875e+02, 2.897490234375e+02, 2.897494506835938e+02, 2.897496337890625e+02, 2.897496948242188e+02, 2.897497253417969e+02, 2.89749755859375e+02, 2.89749755859375e+02]
hex.sta_a2.T=[3.031499938964844e+02, 3.031499938964844e+02, 3.031499938964844e+02, 3.031499938964844e+02, 3.031499938964844e+02, 3.031499938964844e+02, 3.031499938964844e+02, 3.031499938964844e+02, 3.031499938964844e+02, 3.031499938964844e+02, 3.031499938964844e+02, 3.031499938964844e+02, 3.031499938964844e+02, 3.031499938964844e+02, 3.031499938964844e+02, 3.031499938964844e+02, 3.031499938964844e+02, 3.031499938964844e+02, 3.031499938964844e+02, 3.031499938964844e+02, 3.031499938964844e+02, 3.031499938964844e+02, 3.031499938964844e+02, 3.031499938964844e+02, 3.031499938964844e+02, 3.031499938964844e+02, 3.031499938964844e+02, 3.031499938964844e+02, 3.031499938964844e+02, 3.031499938964844e+02, 3.031499938964844e+02, 3.031499938964844e+02, 3.031499938964844e+02, 3.031499938964844e+02, 3.031499938964844e+02, 3.031499938964844e+02, 3.031499938964844e+02, 3.031499938964844e+02, 3.031499938964844e+02, 3.031499938964844e+02, 3.031499938964844e+02, 3.031499938964844e+02, 3.031499938964844e+02, 3.031499938964844e+02, 3.031499938964844e+02, 3.031499938964844e+02, 3.031499938964844e+02, 3.031499938964844e+02, 3.031499938964844e+02, 3.031499938964844e+02, 3.031499938964844e+02, 3.031499938964844e+02, 3.031499938964844e+02, 3.031499938964844e+02, 3.031499938964844e+02, 3.031499938964844e+02, 3.031499938964844e+02, 3.031499938964844e+02, 3.031499938964844e+02, 3.031499938964844e+02, 3.031499938964844e+02, 3.031499938964844e+02, 3.031499938964844e+02, 3.031499938964844e+02, 3.031499938964844e+02, 3.031499938964844e+02, 3.031499938964844e+02, 3.031499938964844e+02, 3.031499938964844e+02, 3.031499938964844e+02, 3.031499938964844e+02, 3.031499938964844e+02, 3.031499938964844e+02, 3.031499938964844e+02, 3.031499938964844e+02, 3.031499938964844e+02, 3.031499938964844e+02, 3.031499938964844e+02, 3.031499938964844e+02, 3.031499938964844e+02, 3.031499938964844e+02, 3.031499938964844e+02, 3.031499938964844e+02, 3.031499938964844e+02, 3.001499938964844e+02, 3.001499938964844e+02, 3.001499938964844e+02, 3.001499938964844e+02, 3.001499938964844e+02, 3.001499938964844e+02, 3.001499938964844e+02, 3.001499938964844e+02, 3.001499938964844e+02, 3.001499938964844e+02, 3.001499938964844e+02, 3.001499938964844e+02, 3.001499938964844e+02, 3.001499938964844e+02, 3.001499938964844e+02, 3.001499938964844e+02, 3.001499938964844e+02]
hex.hexReg[1].ele[1, 2].vol1.T=[2.931499938964844e+02, 2.80969970703125e+02, 2.801553649902344e+02, 2.822799072265625e+02, 2.848126525878906e+02, 2.869759216308594e+02, 2.888825988769531e+02, 2.905644836425781e+02, 2.903459167480469e+02, 2.865585632324219e+02, 2.8412060546875e+02, 2.833127746582031e+02, 2.835111083984375e+02, 2.839997863769531e+02, 2.843934326171875e+02, 2.846110534667969e+02, 2.847213745117188e+02, 2.844256591796875e+02, 2.817090148925781e+02, 2.807888488769531e+02, 2.806875915527344e+02, 2.806779479980469e+02, 2.807451171875e+02, 2.811357421875e+02, 2.812401428222656e+02, 2.8109912109375e+02, 2.809787902832031e+02, 2.809599914550781e+02, 2.809576110839844e+02, 2.809573364257812e+02, 2.810537109375e+02, 2.810765075683594e+02, 2.810115051269531e+02, 2.809645385742188e+02, 2.809576110839844e+02, 2.809742126464844e+02, 2.8106005859375e+02, 2.810758972167969e+02, 2.809950256347656e+02, 2.809607849121094e+02, 2.809559631347656e+02, 2.81009765625e+02, 2.810662536621094e+02, 2.810756225585938e+02, 2.809803771972656e+02, 2.809576721191406e+02, 2.809546203613281e+02, 2.810351257324219e+02, 2.810698547363281e+02, 2.810546264648438e+02, 2.809696350097656e+02, 2.814356994628906e+02, 2.823040771484375e+02, 2.829713134765625e+02, 2.832665710449219e+02, 2.833909912109375e+02, 2.835941467285156e+02, 2.839484558105469e+02, 2.844880676269531e+02, 2.851134338378906e+02, 2.856787414550781e+02, 2.864071655273438e+02, 2.871046752929688e+02, 2.876218566894531e+02, 2.885764465332031e+02, 2.8941650390625e+02, 2.901085510253906e+02, 2.910119323730469e+02, 2.883934326171875e+02, 2.856516418457031e+02, 2.850302429199219e+02, 2.854716796875e+02, 2.8599560546875e+02, 2.863236999511719e+02, 2.860392150878906e+02, 2.863735961914062e+02, 2.866482543945312e+02, 2.868420104980469e+02, 2.864957885742188e+02, 2.864752807617188e+02, 2.867303771972656e+02, 2.866466064453125e+02, 2.862658081054688e+02, 2.865370178222656e+02, 2.87614990234375e+02, 2.891061706542969e+02, 2.903554077148438e+02, 2.90738037109375e+02, 2.90873291015625e+02, 2.90978271484375e+02, 2.910516357421875e+02, 2.910936889648438e+02, 2.911156616210938e+02, 2.911265563964844e+02, 2.911317749023438e+02, 2.911342163085938e+02, 2.911353454589844e+02, 2.911358337402344e+02, 2.911360778808594e+02, 2.911361694335938e+02, 2.9113623046875e+02]
hex.hexReg[1].ele[1, 2].vol2.T=[2.931499938964844e+02, 2.970524291992188e+02, 2.961546020507812e+02, 2.965242614746094e+02, 2.971986999511719e+02, 2.978965759277344e+02, 2.985157775878906e+02, 2.990620727539062e+02, 2.993093566894531e+02, 2.982903747558594e+02, 2.973792114257812e+02, 2.96985595703125e+02, 2.969805603027344e+02, 2.971089477539062e+02, 2.972485046386719e+02, 2.973311767578125e+02, 2.973742980957031e+02, 2.973620300292969e+02, 2.966875915527344e+02, 2.963424682617188e+02, 2.962973937988281e+02, 2.962928161621094e+02, 2.962976379394531e+02, 2.96383544921875e+02, 2.964195861816406e+02, 2.96400146484375e+02, 2.963657836914062e+02, 2.963584594726562e+02, 2.963574523925781e+02, 2.963573303222656e+02, 2.963760681152344e+02, 2.963842163085938e+02, 2.9637548828125e+02, 2.963603210449219e+02, 2.963575744628906e+02, 2.963580627441406e+02, 2.9637841796875e+02, 2.9638427734375e+02, 2.963708801269531e+02, 2.963591003417969e+02, 2.963571472167969e+02, 2.963638305664062e+02, 2.963808288574219e+02, 2.963844299316406e+02, 2.963663330078125e+02, 2.963580322265625e+02, 2.963567810058594e+02, 2.963705749511719e+02, 2.963823547363281e+02, 2.963833312988281e+02, 2.963627014160156e+02, 2.964323120117188e+02, 2.966253662109375e+02, 2.967947692871094e+02, 2.969053649902344e+02, 2.969572448730469e+02, 2.970004272460938e+02, 2.971037902832031e+02, 2.972660217285156e+02, 2.974421081542969e+02, 2.976354064941406e+02, 2.978367919921875e+02, 2.980690002441406e+02, 2.9824658203125e+02, 2.985036010742188e+02, 2.987785949707031e+02, 2.990084228515625e+02, 2.992841186523438e+02, 2.988283081054688e+02, 2.978912963867188e+02, 2.974999694824219e+02, 2.975668640136719e+02, 2.977371215820312e+02, 2.97864990234375e+02, 2.978192138671875e+02, 2.978710021972656e+02, 2.979626159667969e+02, 2.980303039550781e+02, 2.9797607421875e+02, 2.9791455078125e+02, 2.9798974609375e+02, 2.980136108398438e+02, 2.978983459472656e+02, 2.9792529296875e+02, 2.961184692382812e+02, 2.965635681152344e+02, 2.969833068847656e+02, 2.971794128417969e+02, 2.972368774414062e+02, 2.972706909179688e+02, 2.972967834472656e+02, 2.973125610351562e+02, 2.973210754394531e+02, 2.973253479003906e+02, 2.973274536132812e+02, 2.973284301757812e+02, 2.97328857421875e+02, 2.973290710449219e+02, 2.973291625976562e+02, 2.973292236328125e+02, 2.973292236328125e+02]
hex.hexReg[1].ele[1, 1].Gc_2=[1.213007568359375e+03, 1.213007568359375e+03]
hex.hexReg[1].ele[1, 1].Gc_1=[2.42601513671875e+03, 2.42601513671875e+03]
hex.Q1_flow=[0e+00, 8.90118359375e+04, 9.056078125e+04, 6.28153203125e+04, 5.296465234375e+04, 4.97325703125e+04, 4.704012890625e+04, 4.440198046875e+04, 5.218558984375e+04, 5.487565234375e+04, 5.6286359375e+04, 5.581103125e+04, 5.397335546875e+04, 5.224222265625e+04, 5.194046875e+04, 5.18609296875e+04, 5.180138671875e+04, 5.480997265625e+04, 7.20562890625e+04, 7.92637890625e+04, 8.3206078125e+04, 8.47623046875e+04, 8.40484609375e+04, 8.0531234375e+04, 7.90105703125e+04, 7.93539765625e+04, 8.00371171875e+04, 8.04566015625e+04, 8.07206796875e+04, 8.082196875e+04, 7.99967890625e+04, 7.96678046875e+04, 8.01164921875e+04, 8.04737265625e+04, 8.06886875e+04, 8.0573375e+04, 7.9920859375e+04, 7.9634765625e+04, 8.02191640625e+04, 8.0536859375e+04, 8.07321015625e+04, 8.02682109375e+04, 7.98455859375e+04, 7.95920234375e+04, 8.03153828125e+04, 8.06020546875e+04, 8.077403125e+04, 8.01099765625e+04, 7.9772875e+04, 7.98052734375e+04, 8.040559375e+04, 7.622915625e+04, 7.062771875e+04, 6.71e+04, 6.535319140624999e+04, 6.390839453124999e+04, 6.167446874999999e+04, 5.950858984375e+04, 5.7025578125e+04, 5.40861484375e+04, 5.218520703125e+04, 4.905494140625e+04, 4.722402734375e+04, 4.563973828125e+04, 4.231390625e+04, 4.05160625e+04, 3.88611796875e+04, 3.65642265625e+04, 4.51568359375e+04, 4.7207609375e+04, 4.423818359375e+04, 4.16444609375e+04, 4.106021875e+04, 4.128601953125e+04, 4.319433203125e+04, 4.110475390625e+04, 4.086635546875e+04, 4.073728125e+04, 4.275871875e+04, 4.124480859375e+04, 4.069615234375e+04, 4.2231125e+04, 4.29558671875e+04, 4.08371875e+04, 2.519180078125e+04, 2.25074921875e+04, 2.181103125e+04, 2.3830474609375e+04, 2.4913859375e+04, 2.5013666015625e+04, 2.50343984375e+04, 2.504876171875e+04, 2.5058576171875e+04, 2.506633203125e+04, 2.5072634765625e+04, 2.5077e+04, 2.507891015625e+04, 2.5078171875e+04, 2.5075341796875e+04, 2.50711875e+04, 2.506648828125e+04]
hex.Q2_flow=[0e+00, -4.932188671875e+04, -6.7649e+04, -7.00335078125e+04, -6.351811328125e+04, -6.025030859375e+04, -5.69645625e+04, -5.373275390625e+04, -5.13637734375e+04, -5.096508203125e+04, -5.213344140625e+04, -5.277708203125e+04, -5.29171796875e+04, -5.2758421875e+04, -5.251427734375e+04, -5.238987890625e+04, -5.230221875e+04, -5.2433640625e+04, -5.68046640625e+04, -6.498533984375e+04, -7.27968125e+04, -7.8522453125e+04, -8.1956359375e+04, -8.1768953125e+04, -8.03847421875e+04, -7.953253125e+04, -7.97500078125e+04, -8.00724921875e+04, -8.03758125e+04, -8.059359375e+04, -8.03957265625e+04, -8.00217265625e+04, -7.98933125e+04, -8.01888984375e+04, -8.04334375e+04, -8.0597265625e+04, -8.0304984375e+04, -7.9960578125e+04, -7.99508828125e+04, -8.02495078125e+04, -8.04842734375e+04, -8.055340625e+04, -8.02102890625e+04, -7.98923359375e+04, -8.00225625e+04, -8.0315203125e+04, -8.053725e+04, -8.04707890625e+04, -8.01177109375e+04, -7.98448984375e+04, -8.01023203125e+04, -7.9086625e+04, -7.56829765625e+04, -7.250071875e+04, -7.016354687499999e+04, -6.799607031249999e+04, -6.592567187499999e+04, -6.37755859375e+04, -6.14730234375e+04, -5.914909765625e+04, -5.681455859375e+04, -5.4518078125e+04, -5.23348203125e+04, -5.025628125e+04, -4.807596484375e+04, -4.5878765625e+04, -4.37781953125e+04, -4.165934765625e+04, -4.06268125e+04, -4.15767890625e+04, -4.233155859375e+04, -4.207408984375e+04, -4.162740625e+04, -4.140296484375e+04, -4.1897421875e+04, -4.178853125e+04, -4.16243515625e+04, -4.14625390625e+04, -4.159162109375e+04, -4.182987109375e+04, -4.157341796875e+04, -4.1456e+04, -4.187847265625e+04, -4.167359765625e+04, -2.8330322265625e+04, -2.7299849609375e+04, -2.607362109375e+04, -2.5277296875e+04, -2.5038537109375e+04, -2.501612890625e+04, -2.502578125e+04, -2.5040783203125e+04, -2.505452734375e+04, -2.50659765625e+04, -2.507534375e+04, -2.508248828125e+04, -2.5086919921875e+04, -2.5088322265625e+04, -2.50868515625e+04, -2.508312109375e+04, -2.5077978515625e+04]
hex.m2_flow=[5.25e+00, 5.25e+00]
hex.m1_flow=[2.820636749267578e+00, 5e+00, 2.657767772674561e+00, 4.375000116851879e-06, 4.375000116851879e-06, 4.375000116851879e-06, 4.375000116851879e-06, 3.749999905267031e-06, 1.163784742355347e+00, 1.321136236190796e+00, 1.321136236190796e+00, 1.145116686820984e+00, 9.708794951438904e-01, 8.072349429130554e-01, 8.072349429130554e-01, 8.072349429130554e-01, 8.072349429130554e-01, 1.434165239334106e+00, 2.672612428665161e+00, 2.672612428665161e+00, 2.672612428665161e+00, 2.672612428665161e+00, 2.29539942741394e+00, 2.099754810333252e+00, 2.099754810333252e+00, 2.36784553527832e+00, 2.36784553527832e+00, 2.36784553527832e+00, 2.36784553527832e+00, 2.36784553527832e+00, 2.252387762069702e+00, 2.252387762069702e+00, 2.368481159210205e+00, 2.368481159210205e+00, 2.368481159210205e+00, 2.254073858261108e+00, 2.254073858261108e+00, 2.254073858261108e+00, 2.369787931442261e+00, 2.369787931442261e+00, 2.369787931442261e+00, 2.255303144454956e+00, 2.255303144454956e+00, 2.255303144454956e+00, 2.370857715606689e+00, 2.370857715606689e+00, 2.370857715606689e+00, 2.256290912628174e+00, 2.256290912628174e+00, 2.371737241744995e+00, 2.371737241744995e+00, 1.49742329120636e+00, 1.081170916557312e+00, 1.081170916557312e+00, 1.081170916557312e+00, 1.081170916557312e+00, 9.177107214927673e-01, 7.513501048088074e-01, 7.513501048088074e-01, 5.843721032142639e-01, 5.843721032142639e-01, 4.168976843357086e-01, 4.168976843357086e-01, 4.168976843357086e-01, 2.483755201101303e-01, 2.483755201101303e-01, 2.483755201101303e-01, 4.454663395881653e-01, 1.107487440109253e+00, 1.107487440109253e+00, 7.145438194274902e-01, 5.454833507537842e-01, 5.454833507537842e-01, 7.059416770935059e-01, 6.993217468261719e-01, 5.280454158782959e-01, 5.280454158782959e-01, 5.280454158782959e-01, 6.912940144538879e-01, 5.17456591129303e-01, 5.17456591129303e-01, 6.847245693206787e-01, 6.847245693206787e-01, 5.140889286994934e-01, 1.249999399988155e-06, 1.249999399988155e-06, 2.587835192680359e-01, 6.909238696098328e-01, 8.633041381835938e-01, 8.633041381835938e-01, 8.633041381835938e-01, 8.633041381835938e-01, 8.633041381835938e-01, 8.633041381835938e-01, 8.633041381835938e-01, 8.633041381835938e-01, 8.633041381835938e-01, 8.633041381835938e-01, 8.633041381835938e-01, 8.633041381835938e-01, 8.633041381835938e-01]
con.u_m=[2.931499938964844e+02, 2.943316955566406e+02, 2.917466735839844e+02, 2.907021789550781e+02, 2.911815795898438e+02, 2.917945556640625e+02, 2.924134826660156e+02, 2.930223693847656e+02, 2.935059204101562e+02, 2.935938415527344e+02, 2.935785217285156e+02, 2.934900512695312e+02, 2.934243469238281e+02, 2.934052429199219e+02, 2.934223327636719e+02, 2.934356079101562e+02, 2.93448486328125e+02, 2.934510498046875e+02, 2.929228820800781e+02, 2.9174658203125e+02, 2.905262756347656e+02, 2.895496826171875e+02, 2.889648742675781e+02, 2.888428649902344e+02, 2.889196472167969e+02, 2.890086364746094e+02, 2.890339965820312e+02, 2.890199890136719e+02, 2.889853515625e+02, 2.889512329101562e+02, 2.88954833984375e+02, 2.889832458496094e+02, 2.890048217773438e+02, 2.889927673339844e+02, 2.889708557128906e+02, 2.889473876953125e+02, 2.889616088867188e+02, 2.889898681640625e+02, 2.890036926269531e+02, 2.889883422851562e+02, 2.889649658203125e+02, 2.889474487304688e+02, 2.889684753417969e+02, 2.889969482421875e+02, 2.890014343261719e+02, 2.889830932617188e+02, 2.889584655761719e+02, 2.889515380859375e+02, 2.889757995605469e+02, 2.890037231445312e+02, 2.889978637695312e+02, 2.890534362792969e+02, 2.893385009765625e+02, 2.897426147460938e+02, 2.901677551269531e+02, 2.905731811523438e+02, 2.909497680664062e+02, 2.913268127441406e+02, 2.917135009765625e+02, 2.921001892089844e+02, 2.924966735839844e+02, 2.928904113769531e+02, 2.933015747070312e+02, 2.936937866210938e+02, 2.940988159179688e+02, 2.945128173828125e+02, 2.949089660644531e+02, 2.953054809570312e+02, 2.955364074707031e+02, 2.954717712402344e+02, 2.9534716796875e+02, 2.953215942382812e+02, 2.953504943847656e+02, 2.953758544921875e+02, 2.953251342773438e+02, 2.953080139160156e+02, 2.95332275390625e+02, 2.953627014160156e+02, 2.953476867675781e+02, 2.953069152832031e+02, 2.953412170410156e+02, 2.9536962890625e+02, 2.9532080078125e+02, 2.953226318359375e+02, 2.948200988769531e+02, 2.950055236816406e+02, 2.952372741699219e+02, 2.953980712890625e+02, 2.954484558105469e+02, 2.954533081054688e+02, 2.954515686035156e+02, 2.954487609863281e+02, 2.954461669921875e+02, 2.954439697265625e+02, 2.954421997070312e+02, 2.954408569335938e+02, 2.954400024414062e+02, 2.954397277832031e+02, 2.954400024414062e+02, 2.95440673828125e+02, 2.95441650390625e+02]
con.u_s=[2.931499938964844e+02, 2.931499938964844e+02, 2.931499938964844e+02, 2.931499938964844e+02, 2.931499938964844e+02, 2.931499938964844e+02, 2.931499938964844e+02, 2.931499938964844e+02, 2.931499938964844e+02, 2.931499938964844e+02, 2.931499938964844e+02, 2.931499938964844e+02, 2.931499938964844e+02, 2.931499938964844e+02, 2.931499938964844e+02, 2.931499938964844e+02, 2.931499938964844e+02, 2.881499938964844e+02, 2.881499938964844e+02, 2.881499938964844e+02, 2.881499938964844e+02, 2.881499938964844e+02, 2.881499938964844e+02, 2.881499938964844e+02, 2.881499938964844e+02, 2.881499938964844e+02, 2.881499938964844e+02, 2.881499938964844e+02, 2.881499938964844e+02, 2.881499938964844e+02, 2.881499938964844e+02, 2.881499938964844e+02, 2.881499938964844e+02, 2.881499938964844e+02, 2.881499938964844e+02, 2.881499938964844e+02, 2.881499938964844e+02, 2.881499938964844e+02, 2.881499938964844e+02, 2.881499938964844e+02, 2.881499938964844e+02, 2.881499938964844e+02, 2.881499938964844e+02, 2.881499938964844e+02, 2.881499938964844e+02, 2.881499938964844e+02, 2.881499938964844e+02, 2.881499938964844e+02, 2.881499938964844e+02, 2.881499938964844e+02, 2.881499938964844e+02, 2.885700073242188e+02, 2.88989990234375e+02, 2.894100036621094e+02, 2.898299865722656e+02, 2.9025e+02, 2.906700134277344e+02, 2.910899963378906e+02, 2.91510009765625e+02, 2.919299926757812e+02, 2.923500061035156e+02, 2.927699890136719e+02, 2.931900024414062e+02, 2.936099853515625e+02, 2.940299987792969e+02, 2.944500122070312e+02, 2.948699951171875e+02, 2.951499938964844e+02, 2.951499938964844e+02, 2.951499938964844e+02, 2.951499938964844e+02, 2.951499938964844e+02, 2.951499938964844e+02, 2.951499938964844e+02, 2.951499938964844e+02, 2.951499938964844e+02, 2.951499938964844e+02, 2.951499938964844e+02, 2.951499938964844e+02, 2.951499938964844e+02, 2.951499938964844e+02, 2.951499938964844e+02, 2.951499938964844e+02, 2.951499938964844e+02, 2.951499938964844e+02, 2.951499938964844e+02, 2.951499938964844e+02, 2.951499938964844e+02, 2.951499938964844e+02, 2.951499938964844e+02, 2.951499938964844e+02, 2.951499938964844e+02, 2.951499938964844e+02, 2.951499938964844e+02, 2.951499938964844e+02, 2.951499938964844e+02, 2.951499938964844e+02, 2.951499938964844e+02, 2.951499938964844e+02, 2.951499938964844e+02, 2.951499938964844e+02]
