last-generated=2020-08-17
statistics-simulation=
{
  "linear": " ",
  "nonlinear": " ",
  "number of continuous time states": "2",
  "numerical Jacobians": "0"
}
time=[0e+00, 6e+01]
senM_flow.m_flow=[1e+00, 9.800000198682163e-01, 9.599999801317882e-01, 9.399999960263539e-01, 9.200000198682181e-01, 8.999999761581421e-01, 8.799999920527108e-01, 8.600000079472923e-01, 8.399999801317788e-01, 8.199999960263665e-01, 8.00000011920929e-01, 7.79999968210894e-01, 7.599999841054343e-01, 7.400000158945657e-01, 7.200000158946351e-01, 6.99999988079071e-01, 6.800000198681517e-01, 6.600000198681959e-01, 6.399999920527331e-01, 6.199999920527772e-01, 6.000000238418579e-01, 5.799999960262938e-01, 5.599999960263381e-01, 5.400000278155198e-01, 5.199999682109193e-01, 5e-01, 4.800000019867583e-01, 4.600000337756495e-01, 4.399999721846254e-01, 4.199999741714786e-01, 4.000000059604645e-01, 3.800000079472228e-01, 3.600000397361141e-01, 3.399999781450899e-01, 3.199999801319429e-01, 3.00000011920929e-01, 2.800000139076874e-01, 2.600000158944457e-01, 2.399999692044879e-01, 2.1999998609236e-01, 2.000000029802322e-01, 1.800000198681045e-01, 1.600000218549101e-01, 1.399999751649524e-01, 1.199999846022203e-01, 1.000000014901161e-01, 8.000001092743132e-02, 6.000002409006062e-02, 3.9999973674789e-02, 1.999998683740042e-02, -2.442490654175344e-15, -1.999998683740042e-02, -3.9999973674789e-02, -6.000002409006062e-02, -7.999994735038643e-02, -1.000000014901161e-01, -1.200000481792654e-01, -1.39999975164548e-01, -1.600000218553142e-01, -1.799999562909882e-01, -2.000000029802322e-01, -2.200000496694763e-01, -2.399999692040838e-01, -2.600000158948497e-01, -2.799999503305237e-01, -3.00000011920929e-01, -3.200000437090118e-01, -3.399999781446858e-01, -3.600000397365184e-01, -3.799999443700592e-01, -4.000000059604645e-01, -4.200000377485471e-01, -4.39999972184221e-01, -4.600000337760537e-01, -4.799999384099737e-01, -5e-01, -5.200000317880829e-01, -5.399999960260792e-01, -5.60000027815779e-01, -5.799999324491305e-01, -6.000000238418579e-01, -6.200000556299408e-01, -6.399999602632921e-01, -6.600000516572576e-01, -6.799999562909882e-01, -6.99999988079071e-01, -7.200000794710408e-01, -7.399999841051502e-01, -7.600000158948498e-01, -7.799999205289592e-01, -8.00000011920929e-01, -8.200000437090118e-01, -8.399999483427424e-01, -8.600000397367079e-01, -8.799999443700592e-01, -8.999999761581421e-01, -9.200000675508695e-01, -9.39999972184221e-01, -9.600000039739208e-01, -9.799999682119171e-01, -1e+00]
senH.h_out=[4.53009453125e+04, 4.53009453125e+04, 4.53009453125e+04, 4.53009453125e+04, 4.53009453125e+04, 4.53009453125e+04, 4.53009453125e+04, 4.53009453125e+04, 4.53009453125e+04, 4.53009453125e+04, 4.53009453125e+04, 4.53009453125e+04, 4.53009453125e+04, 4.53009453125e+04, 4.53009453125e+04, 4.53009453125e+04, 4.53009453125e+04, 4.53009453125e+04, 4.53009453125e+04, 4.53009453125e+04, 4.53009453125e+04, 4.53009453125e+04, 4.53009453125e+04, 4.53009453125e+04, 4.53009453125e+04, 4.53009453125e+04, 4.53009453125e+04, 4.53009453125e+04, 4.53009453125e+04, 4.53009453125e+04, 4.53009453125e+04, 4.53009453125e+04, 4.53009453125e+04, 4.53009453125e+04, 4.53009453125e+04, 4.53009453125e+04, 4.53009453125e+04, 4.53009453125e+04, 4.53009453125e+04, 4.53009453125e+04, 4.53009453125e+04, 4.53009453125e+04, 4.53009453125e+04, 4.53009453125e+04, 4.53009453125e+04, 4.53009453125e+04, 4.53009453125e+04, 4.53009453125e+04, 4.53009453125e+04, 4.53009453125e+04, 4.53009453125e+04, 4.536176946177382e+04, 4.55429176779062e+04, 4.584125827865474e+04, 4.625155353432553e+04, 4.67666953125e+04, 4.737775950155764e+04, 4.807439751158327e+04, 4.884514556110325e+04, 4.967777907736108e+04, 5.055952734375e+04, 5.147738518729338e+04, 5.241847145160458e+04, 5.337035668069706e+04, 5.432127883949432e+04, 5.5260390625e+04, 5.61779007280044e+04, 5.70652371706069e+04, 5.791512995490372e+04, 5.87216425273877e+04, 5.94801953125e+04, 6.018750171791555e+04, 6.0841514820802e+04, 6.14413093150968e+04, 6.198708851027561e+04, 6.247984375e+04, 6.292131354693163e+04, 6.331384718117192e+04, 6.366030118840302e+04, 6.396385473836147e+04, 6.422790234375e+04, 6.445595756027879e+04, 6.465153492301991e+04, 6.481804316018195e+04, 6.495886294727295e+04, 6.507716015625e+04, 6.517583616155867e+04, 6.525758974763665e+04, 6.532488288827308e+04, 6.537989440260625e+04, 6.54245859375e+04, 6.546064461151575e+04, 6.548956637269726e+04, 6.551258596293154e+04, 6.553081636422969e+04, 6.55451328125e+04, 6.555634377443735e+04, 6.55650468650658e+04, 6.55717500072023e+04, 6.557688280077802e+04, 6.55807890625e+04]
senH_flow.H_flow=[4.53009453125e+04, 4.439492581725182e+04, 4.348890632200365e+04, 4.258288664674635e+04, 4.167687123775716e+04, 4.07708515625e+04, 3.986483188724284e+04, 3.895881221198626e+04, 3.805279325676374e+04, 3.714677358151055e+04, 3.62407578125e+04, 3.533473813724256e+04, 3.442871846198626e+04, 3.352269950676374e+04, 3.261667911147481e+04, 3.1710662109375e+04, 3.080464315415019e+04, 2.989862275886011e+04, 2.899260575676489e+04, 2.808658536147481e+04, 2.718056640625e+04, 2.627454940415019e+04, 2.536852900886011e+04, 2.446251005364299e+04, 2.35564916114686e+04, 2.265047265625e+04, 2.17444537010314e+04, 2.083843669892538e+04, 1.993241486357461e+04, 1.902639590834981e+04, 1.812037890625e+04, 1.721435995102519e+04, 1.63083409958128e+04, 1.540232013700591e+04, 1.44963021583467e+04, 1.3590283203125e+04, 1.26842652244658e+04, 1.177824724580039e+04, 1.087222541044961e+04, 9.9662074317842e+03, 9.060189453125e+03, 8.1541704979033e+03, 7.248152519240991e+03, 6.342131172165259e+03, 5.436112705223257e+03, 4.5300947265625e+03, 3.624076259620493e+03, 2.718057792680043e+03, 1.812036689741837e+03, 9.060183448711126e+02, -1.106471372858131e-10, -9.072347736504242e+02, -1.821715506126434e+03, -2.750476781567269e+03, -3.700122071653583e+03, -4.67666943359375e+03, -5.685333673829493e+03, -6.73041466709205e+03, -7.815224555634099e+03, -8.941998067487799e+03, -1.01119052734375e+04, -1.132502756423247e+04, -1.258043099981349e+04, -1.387629366943987e+04, -1.520995555621781e+04, -1.65781171875e+04, -1.797693133376745e+04, -1.940217786307251e+04, -2.084944716709021e+04, -2.231422086926914e+04, -2.3792078125e+04, -2.527875378962623e+04, -2.677026568019687e+04, -2.826300385037014e+04, -2.975379894688453e+04, -3.1239921875e+04, -3.271908578009767e+04, -3.418947860392759e+04, -3.564977137985485e+04, -3.709903148225413e+04, -3.85367421875e+04, -3.996269892088261e+04, -4.137698258247368e+04, -4.277991193178883e+04, -4.417202381409339e+04, -4.555401171875e+04, -4.692660503965605e+04, -4.829061545716177e+04, -4.964691187546193e+04, -5.099631298109781e+04, -5.233966796875e+04, -5.367773386429923e+04, -5.501123268146796e+04, -5.634082590681825e+04, -5.766711772392952e+04, -5.89906171875e+04, -6.031183929435675e+04, -6.16311467607319e+04, -6.294888058078289e+04, -6.426534040327579e+04, -6.55807890625e+04]
cheEqu.y=[0e+00, 0e+00, 0e+00, 0e+00, 0e+00, 0e+00, 0e+00, 0e+00, 0e+00, 0e+00, 0e+00, 0e+00, 0e+00, 0e+00, 0e+00, 0e+00, 0e+00, 0e+00, 0e+00, 0e+00, 0e+00, 0e+00, 0e+00, 0e+00, 0e+00, 0e+00, 0e+00, 0e+00, 0e+00, 0e+00, 0e+00, 0e+00, 0e+00, 0e+00, 0e+00, 0e+00, 0e+00, 0e+00, 0e+00, 0e+00, 0e+00, 0e+00, 0e+00, 0e+00, 0e+00, 0e+00, 0e+00, 0e+00, 0e+00, 0e+00, 0e+00, 0e+00, 0e+00, 0e+00, 0e+00, 0e+00, 0e+00, 0e+00, 0e+00, 0e+00, 0e+00, 0e+00, 0e+00, 0e+00, 0e+00, 0e+00, 0e+00, 0e+00, 0e+00, 0e+00, 0e+00, 0e+00, 0e+00, 0e+00, 0e+00, 0e+00, 0e+00, 0e+00, 0e+00, 0e+00, 0e+00, 0e+00, 0e+00, 0e+00, 0e+00, 0e+00, 0e+00, 0e+00, 0e+00, 0e+00, 0e+00, 0e+00, 0e+00, 0e+00, 0e+00, 0e+00, 0e+00, 0e+00, 0e+00, 0e+00, 0e+00]
