last-generated=2022-02-18
statistics-initialization=
{
  "linear": "0",
  "nonlinear": "1",
  "numerical Jacobians": "0"
}
statistics-simulation=
{
  "linear": " ",
  "nonlinear": "1",
  "number of continuous time states": "12",
  "numerical Jacobians": "0"
}
time=[0e+00, 8.64e+04]
cooETS.senTDisSup.T=[2.931499938964844e+02, 2.781499938964844e+02, 2.781499938964844e+02, 2.781499938964844e+02, 2.781499938964844e+02, 2.781499938964844e+02, 2.781499938964844e+02, 2.781499938964844e+02, 2.781499938964844e+02, 2.781499938964844e+02, 2.781499938964844e+02, 2.781499938964844e+02, 2.781499938964844e+02, 2.781499938964844e+02, 2.781499938964844e+02, 2.781499938964844e+02, 2.781499938964844e+02, 2.781499938964844e+02, 2.781499938964844e+02, 2.781499938964844e+02, 2.781499938964844e+02, 2.781499938964844e+02, 2.781499938964844e+02, 2.781499938964844e+02, 2.781499938964844e+02, 2.781499938964844e+02, 2.781499938964844e+02, 2.781499938964844e+02, 2.781499938964844e+02, 2.781499938964844e+02, 2.781499938964844e+02, 2.781499938964844e+02, 2.781499938964844e+02, 2.781499938964844e+02, 2.781499938964844e+02, 2.781499938964844e+02, 2.781499938964844e+02, 2.781499938964844e+02, 2.781499938964844e+02, 2.781499938964844e+02, 2.781499938964844e+02, 2.781499938964844e+02, 2.781499938964844e+02, 2.781499938964844e+02, 2.781499938964844e+02, 2.781499938964844e+02, 2.781499938964844e+02, 2.781499938964844e+02, 2.781499938964844e+02, 2.781499938964844e+02, 2.781499938964844e+02, 2.781499938964844e+02, 2.781499938964844e+02, 2.781499938964844e+02, 2.781499938964844e+02, 2.781499938964844e+02, 2.781499938964844e+02, 2.781499938964844e+02, 2.781499938964844e+02, 2.781499938964844e+02, 2.781499938964844e+02, 2.781499938964844e+02, 2.781499938964844e+02, 2.781499938964844e+02, 2.781499938964844e+02, 2.781499938964844e+02, 2.781499938964844e+02, 2.781499938964844e+02, 2.781499938964844e+02, 2.781499938964844e+02, 2.781499938964844e+02, 2.781499938964844e+02, 2.781499938964844e+02, 2.781499938964844e+02, 2.781499938964844e+02, 2.781499938964844e+02, 2.781499938964844e+02, 2.781499938964844e+02, 2.781499938964844e+02, 2.781499938964844e+02, 2.781499938964844e+02, 2.781499938964844e+02, 2.781499938964844e+02, 2.781499938964844e+02, 2.781499938964844e+02, 2.781499938964844e+02, 2.781499938964844e+02, 2.781499938964844e+02, 2.781499938964844e+02, 2.781499938964844e+02, 2.781499938964844e+02, 2.781499938964844e+02, 2.781499938964844e+02, 2.781499938964844e+02, 2.781499938964844e+02, 2.781499938964844e+02, 2.781499938964844e+02, 2.781499938964844e+02, 2.781499938964844e+02, 2.781499938964844e+02, 2.781499938964844e+02]
cooETS.senTDisRet.T=[2.931499938964844e+02, 2.791123352050781e+02, 2.787030334472656e+02, 2.784682312011719e+02, 2.783335571289062e+02, 2.799200744628906e+02, 2.809399108886719e+02, 2.813530883789062e+02, 2.817480163574219e+02, 2.821338500976562e+02, 2.825088500976562e+02, 2.828732604980469e+02, 2.832278747558594e+02, 2.835735778808594e+02, 2.839112548828125e+02, 2.8424169921875e+02, 2.845656127929688e+02, 2.848835754394531e+02, 2.851961364746094e+02, 2.855037841796875e+02, 2.858069458007812e+02, 2.861059875488281e+02, 2.864012451171875e+02, 2.866929931640625e+02, 2.869815673828125e+02, 2.872762145996094e+02, 2.8758349609375e+02, 2.875977783203125e+02, 2.876120300292969e+02, 2.876265869140625e+02, 2.876413879394531e+02, 2.87656494140625e+02, 2.876719055175781e+02, 2.876876525878906e+02, 2.877037048339844e+02, 2.877201538085938e+02, 2.877369384765625e+02, 2.87754150390625e+02, 2.877717590332031e+02, 2.87789794921875e+02, 2.878083190917969e+02, 2.878273010253906e+02, 2.878468322753906e+02, 2.87866943359375e+02, 2.878876037597656e+02, 2.87908935546875e+02, 2.879309387207031e+02, 2.879536743164062e+02, 2.879772338867188e+02, 2.880016479492188e+02, 2.880270080566406e+02, 2.87990234375e+02, 2.878902893066406e+02, 2.878023986816406e+02, 2.877245178222656e+02, 2.876543273925781e+02, 2.875902709960938e+02, 2.875311889648438e+02, 2.87476318359375e+02, 2.874244079589844e+02, 2.873704223632812e+02, 2.873334655761719e+02, 2.873067932128906e+02, 2.872847595214844e+02, 2.872647399902344e+02, 2.872450561523438e+02, 2.872252502441406e+02, 2.872063293457031e+02, 2.871881713867188e+02, 2.871706848144531e+02, 2.8715380859375e+02, 2.86977783203125e+02, 2.869378662109375e+02, 2.869125366210938e+02, 2.86888671875e+02, 2.868623657226562e+02, 2.868585815429688e+02, 2.8686865234375e+02, 2.868787841796875e+02, 2.868885803222656e+02, 2.868977355957031e+02, 2.869067077636719e+02, 2.869158325195312e+02, 2.869253540039062e+02, 2.869356689453125e+02, 2.869473266601562e+02, 2.869615173339844e+02, 2.869818725585938e+02, 2.870578918457031e+02, 2.871453857421875e+02, 2.871556701660156e+02, 2.871620483398438e+02, 2.871685485839844e+02, 2.871751098632812e+02, 2.871817932128906e+02, 2.871885375976562e+02, 2.871954345703125e+02, 2.87202392578125e+02, 2.8720947265625e+02, 2.872166748046875e+02, 2.872239990234375e+02]
cooETS.senTBuiSup.T=[2.931499938964844e+02, 2.7904736328125e+02, 2.786655883789062e+02, 2.784466247558594e+02, 2.783210754394531e+02, 2.800704345703125e+02, 2.801938171386719e+02, 2.801776733398438e+02, 2.801678771972656e+02, 2.801627197265625e+02, 2.801596069335938e+02, 2.801575622558594e+02, 2.801561279296875e+02, 2.801550598144531e+02, 2.801542358398438e+02, 2.801536254882812e+02, 2.801531066894531e+02, 2.801526794433594e+02, 2.801523132324219e+02, 2.801520080566406e+02, 2.801517639160156e+02, 2.801515197753906e+02, 2.801513366699219e+02, 2.801511535644531e+02, 2.801509704589844e+02, 2.801500854492188e+02, 2.801469421386719e+02, 2.801468200683594e+02, 2.801467590332031e+02, 2.801466674804688e+02, 2.801465759277344e+02, 2.80146484375e+02, 2.801463928222656e+02, 2.801462707519531e+02, 2.801461791992188e+02, 2.801460571289062e+02, 2.801459350585938e+02, 2.801457824707031e+02, 2.801456604003906e+02, 2.801455078125e+02, 2.801453247070312e+02, 2.801451416015625e+02, 2.801449584960938e+02, 2.801447448730469e+02, 2.8014453125e+02, 2.80144287109375e+02, 2.801440124511719e+02, 2.801437072753906e+02, 2.801433715820312e+02, 2.801430053710938e+02, 2.801426086425781e+02, 2.80176025390625e+02, 2.801715393066406e+02, 2.801684265136719e+02, 2.801661071777344e+02, 2.80164306640625e+02, 2.801628723144531e+02, 2.801617126464844e+02, 2.801607666015625e+02, 2.801599731445312e+02, 2.801592407226562e+02, 2.80158447265625e+02, 2.801578674316406e+02, 2.801573791503906e+02, 2.80156982421875e+02, 2.801566467285156e+02, 2.801563110351562e+02, 2.801560363769531e+02, 2.8015576171875e+02, 2.80155517578125e+02, 2.801553039550781e+02, 2.801566162109375e+02, 2.801551208496094e+02, 2.801548767089844e+02, 2.801547546386719e+02, 2.801546325683594e+02, 2.80148193359375e+02, 2.80148193359375e+02, 2.801481628417969e+02, 2.801481628417969e+02, 2.801481323242188e+02, 2.801481018066406e+02, 2.801480712890625e+02, 2.801480407714844e+02, 2.801480102539062e+02, 2.8014794921875e+02, 2.801478881835938e+02, 2.801477355957031e+02, 2.801456909179688e+02, 2.801470336914062e+02, 2.801478881835938e+02, 2.801478576660156e+02, 2.801478271484375e+02, 2.801477966308594e+02, 2.801477661132812e+02, 2.801477355957031e+02, 2.801476745605469e+02, 2.801476440429688e+02, 2.801475830078125e+02, 2.801475524902344e+02, 2.801474914550781e+02]
cooETS.senTBuiRet.T=[2.931499938964844e+02, 2.790814819335938e+02, 2.786853637695312e+02, 2.784580993652344e+02, 2.783277282714844e+02, 2.8014599609375e+02, 2.809468078613281e+02, 2.813717651367188e+02, 2.817931823730469e+02, 2.822195129394531e+02, 2.826479797363281e+02, 2.830775451660156e+02, 2.835077819824219e+02, 2.839383544921875e+02, 2.843692016601562e+02, 2.848002014160156e+02, 2.852313537597656e+02, 2.856625671386719e+02, 2.860938415527344e+02, 2.865251770019531e+02, 2.8695654296875e+02, 2.87387939453125e+02, 2.878193664550781e+02, 2.882507934570312e+02, 2.886822204589844e+02, 2.89113037109375e+02, 2.8914453125e+02, 2.891448364257812e+02, 2.891447143554688e+02, 2.891445922851562e+02, 2.891444396972656e+02, 2.89144287109375e+02, 2.891441040039062e+02, 2.891439514160156e+02, 2.891437683105469e+02, 2.891435852050781e+02, 2.891433715820312e+02, 2.891431579589844e+02, 2.891429138183594e+02, 2.891426696777344e+02, 2.891423950195312e+02, 2.8914208984375e+02, 2.891417846679688e+02, 2.891414489746094e+02, 2.891410827636719e+02, 2.891406860351562e+02, 2.891402587890625e+02, 2.891397705078125e+02, 2.891392517089844e+02, 2.89138671875e+02, 2.891380310058594e+02, 2.8919287109375e+02, 2.891868286132812e+02, 2.891811218261719e+02, 2.891769714355469e+02, 2.89173828125e+02, 2.8917138671875e+02, 2.891694030761719e+02, 2.891677551269531e+02, 2.891664123535156e+02, 2.891652221679688e+02, 2.891640319824219e+02, 2.891630859375e+02, 2.891622924804688e+02, 2.8916162109375e+02, 2.891610412597656e+02, 2.891605224609375e+02, 2.891600341796875e+02, 2.891596069335938e+02, 2.891592102050781e+02, 2.891588439941406e+02, 2.891607360839844e+02, 2.891584167480469e+02, 2.891580505371094e+02, 2.891578369140625e+02, 2.891576232910156e+02, 2.891473083496094e+02, 2.891472778320312e+02, 2.89147216796875e+02, 2.891471862792969e+02, 2.891471557617188e+02, 2.891471252441406e+02, 2.891470642089844e+02, 2.891470031738281e+02, 2.891469421386719e+02, 2.891468811035156e+02, 2.891467895507812e+02, 2.891466064453125e+02, 2.891445617675781e+02, 2.891458435058594e+02, 2.891466979980469e+02, 2.891466369628906e+02, 2.891465759277344e+02, 2.891465148925781e+02, 2.891464538574219e+02, 2.891463623046875e+02, 2.891463012695312e+02, 2.89146240234375e+02, 2.891461486816406e+02, 2.891460876464844e+02, 2.8914599609375e+02]
cooETS.hex.m1_flow=[7.407407451864856e-07, 9.65117197483778e-03, 9.65117197483778e-03, 9.65117197483778e-03, 9.65117197483778e-03, 9.65117197483778e-03, 6.822215020656586e-02, 9.346955269575122e-02, 1.122976168990135e-01, 1.272499710321426e-01, 1.394941210746765e-01, 1.497485339641571e-01, 1.584789454936981e-01, 1.660041362047195e-01, 1.725494414567947e-01, 1.782808750867844e-01, 1.83323472738266e-01, 1.877746134996414e-01, 1.917104423046112e-01, 1.951930224895477e-01, 1.982726603746414e-01, 2.009911686182022e-01, 2.033836841583252e-01, 2.054798603057861e-01, 2.073052227497101e-01, 2.086731195449829e-01, 1.236318722367287e-01, 1.204160675406456e-01, 1.172034218907356e-01, 1.139971986413002e-01, 1.107975095510483e-01, 1.076044589281082e-01, 1.044181957840919e-01, 1.012387722730637e-01, 9.806636720895766e-02, 9.490112960338594e-02, 9.174320846796036e-02, 8.859265595674515e-02, 8.544967323541641e-02, 8.231445401906967e-02, 7.918715476989746e-02, 7.606793940067291e-02, 7.295700907707214e-02, 6.985457986593246e-02, 6.676089763641357e-02, 6.367608904838562e-02, 6.060049310326576e-02, 5.753444135189056e-02, 5.447822436690331e-02, 5.143202468752861e-02, 4.839612171053886e-02, 6.121506169438362e-02, 7.461278140544891e-02, 8.816398680210114e-02, 1.018591746687889e-01, 1.156858950853349e-01, 1.296349465847016e-01, 1.43698289990425e-01, 1.578692197799683e-01, 1.721520721912384e-01, 1.866402328014374e-01, 2.00923278927803e-01, 2.150806039571762e-01, 2.292053699493408e-01, 2.433438450098038e-01, 2.575357556343079e-01, 2.717925608158112e-01, 2.860842347145081e-01, 3.004105091094972e-01, 3.147699236869811e-01, 3.291642367839812e-01, 3.498395383358002e-01, 3.655399680137634e-01, 3.807802796363831e-01, 3.960435688495636e-01, 4.115045666694641e-01, 4.061915278434753e-01, 4.002399146556854e-01, 3.942980766296387e-01, 3.883863389492035e-01, 3.825152814388275e-01, 3.766637444496155e-01, 3.708185851573944e-01, 3.649681806564331e-01, 3.590985834598541e-01, 3.531886637210846e-01, 3.471954464912415e-01, 3.409817814826965e-01, 3.326978981494904e-01, 3.241516053676605e-01, 3.184780478477478e-01, 3.129477798938751e-01, 3.074223101139069e-01, 3.019017577171326e-01, 2.963861227035522e-01, 2.908754348754883e-01, 2.853697836399078e-01, 2.798691391944885e-01, 2.743737399578094e-01, 2.688835561275482e-01, 2.633987665176392e-01]
cooETS.hex.m2_flow=[0e+00, 2.634564340114594e-01, 2.613319158554077e-01, 2.592074275016785e-01, 2.570829391479492e-01, 2.5495845079422e-01, 2.528339326381683e-01, 2.507094442844391e-01, 2.485849559307098e-01, 2.464604675769806e-01, 2.443359643220901e-01, 2.422114759683609e-01, 2.400869727134705e-01, 2.379624843597412e-01, 2.358379811048508e-01, 2.337134927511215e-01, 2.315889894962311e-01, 2.294645011425018e-01, 2.273399978876114e-01, 2.252155095338821e-01, 2.230910062789917e-01, 2.209665179252625e-01, 2.18842014670372e-01, 2.167175263166428e-01, 2.145930230617523e-01, 2.124685347080231e-01, 1.296227127313614e-01, 1.264359652996063e-01, 1.232492178678512e-01, 1.200624778866768e-01, 1.168757379055023e-01, 1.136889904737473e-01, 1.105022504925728e-01, 1.073155030608177e-01, 1.041287630796432e-01, 1.009420156478882e-01, 9.775527566671371e-02, 9.456853568553925e-02, 9.138178825378418e-02, 8.819504827260971e-02, 8.500830084085464e-02, 8.182156085968018e-02, 7.863481342792511e-02, 7.544807344675064e-02, 7.226133346557617e-02, 6.907458603382111e-02, 6.588784605264664e-02, 6.270109862089157e-02, 5.95143586397171e-02, 5.632761493325233e-02, 5.314087122678757e-02, 6.679816544055939e-02, 8.060739189386368e-02, 9.441661089658737e-02, 1.082258298993111e-01, 1.220350489020349e-01, 1.358442753553392e-01, 1.496534943580626e-01, 1.634627133607864e-01, 1.772719323635101e-01, 1.910811513662338e-01, 2.048903703689575e-01, 2.186995893716812e-01, 2.325088083744049e-01, 2.463180273771286e-01, 2.601272463798523e-01, 2.739364802837372e-01, 2.877456843852997e-01, 3.015549182891847e-01, 3.15364122390747e-01, 3.291733562946318e-01, 3.429825603961945e-01, 3.567917943000793e-01, 3.706010282039642e-01, 3.844102323055267e-01, 3.982194662094116e-01, 3.930791318416595e-01, 3.87767881155014e-01, 3.824566602706909e-01, 3.771454095840454e-01, 3.718341886997223e-01, 3.665229380130768e-01, 3.612116873264313e-01, 3.559004664421082e-01, 3.505892157554626e-01, 3.452779948711395e-01, 3.39966744184494e-01, 3.346554934978485e-01, 3.293442726135254e-01, 3.240330219268799e-01, 3.187218010425568e-01, 3.134105503559113e-01, 3.080992996692657e-01, 3.027880787849426e-01, 2.974768280982971e-01, 2.92165607213974e-01, 2.868543565273285e-01, 2.815431356430054e-01, 2.762318849563599e-01, 2.709206342697144e-01, 2.656094133853912e-01]
loa.m_flow=[0e+00, 2.634564340114594e-01, 2.613319158554077e-01, 2.592074275016785e-01, 2.570829391479492e-01, 2.5495845079422e-01, 2.528339326381683e-01, 2.507094442844391e-01, 2.485849559307098e-01, 2.464604675769806e-01, 2.443359643220901e-01, 2.422114759683609e-01, 2.400869727134705e-01, 2.379624843597412e-01, 2.358379811048508e-01, 2.337134927511215e-01, 2.315889894962311e-01, 2.294645011425018e-01, 2.273399978876114e-01, 2.252155095338821e-01, 2.230910062789917e-01, 2.209665179252625e-01, 2.18842014670372e-01, 2.167175263166428e-01, 2.145930230617523e-01, 2.124685347080231e-01, 1.296227127313614e-01, 1.264359652996063e-01, 1.232492178678512e-01, 1.200624778866768e-01, 1.168757379055023e-01, 1.136889904737473e-01, 1.105022504925728e-01, 1.073155030608177e-01, 1.041287630796432e-01, 1.009420156478882e-01, 9.775527566671371e-02, 9.456853568553925e-02, 9.138178825378418e-02, 8.819504827260971e-02, 8.500830084085464e-02, 8.182156085968018e-02, 7.863481342792511e-02, 7.544807344675064e-02, 7.226133346557617e-02, 6.907458603382111e-02, 6.588784605264664e-02, 6.270109862089157e-02, 5.95143586397171e-02, 5.632761493325233e-02, 5.314087122678757e-02, 6.679816544055939e-02, 8.060739189386368e-02, 9.441661089658737e-02, 1.082258298993111e-01, 1.220350489020349e-01, 1.358442753553392e-01, 1.496534943580626e-01, 1.634627133607864e-01, 1.772719323635101e-01, 1.910811513662338e-01, 2.048903703689575e-01, 2.186995893716812e-01, 2.325088083744049e-01, 2.463180273771286e-01, 2.601272463798523e-01, 2.739364802837372e-01, 2.877456843852997e-01, 3.015549182891847e-01, 3.15364122390747e-01, 3.291733562946318e-01, 3.429825603961945e-01, 3.567917943000793e-01, 3.706010282039642e-01, 3.844102323055267e-01, 3.982194662094116e-01, 3.930791318416595e-01, 3.87767881155014e-01, 3.824566602706909e-01, 3.771454095840454e-01, 3.718341886997223e-01, 3.665229380130768e-01, 3.612116873264313e-01, 3.559004664421082e-01, 3.505892157554626e-01, 3.452779948711395e-01, 3.39966744184494e-01, 3.346554934978485e-01, 3.293442726135254e-01, 3.240330219268799e-01, 3.187218010425568e-01, 3.134105503559113e-01, 3.080992996692657e-01, 3.027880787849426e-01, 2.974768280982971e-01, 2.92165607213974e-01, 2.868543565273285e-01, 2.815431356430054e-01, 2.762318849563599e-01, 2.709206342697144e-01, 2.656094133853912e-01]
cooETS.conVal.y=[9.999999776482582e-03, 9.999999776482582e-03, 9.999999776482582e-03, 9.999999776482582e-03, 9.999999776482582e-03, 9.999999776482582e-03, 4.778040945529938e-01, 5.582599639892579e-01, 6.052092313766479e-01, 6.3722163438797e-01, 6.607696413993835e-01, 6.789653301239014e-01, 6.935099959373474e-01, 7.054245471954346e-01, 7.153615951538086e-01, 7.23762035369873e-01, 7.309354543685913e-01, 7.371076941490173e-01, 7.424464225769043e-01, 7.470811009407043e-01, 7.511122226715088e-01, 7.546197772026062e-01, 7.576682567596436e-01, 7.603102922439575e-01, 7.625894546508789e-01, 7.64279305934906e-01, 6.297244429588318e-01, 6.229666471481323e-01, 6.160340905189514e-01, 6.089242696762085e-01, 6.016278266906738e-01, 5.941343903541565e-01, 5.86432933807373e-01, 5.78511118888855e-01, 5.703558921813965e-01, 5.619527697563171e-01, 5.53286075592041e-01, 5.443381071090698e-01, 5.350897312164307e-01, 5.255199074745178e-01, 5.156049728393555e-01, 5.053187012672424e-01, 4.946316778659821e-01, 4.835110306739807e-01, 4.719195365905762e-01, 4.59814578294754e-01, 4.471481740474701e-01, 4.338652789592743e-01, 4.199018180370331e-01, 4.051826894283295e-01, 3.896198570728302e-01, 4.499339163303375e-01, 5.005446076393127e-01, 5.432412624359131e-01, 5.80203115940094e-01, 6.128062605857851e-01, 6.419858336448672e-01, 6.684044599533079e-01, 6.925495862960815e-01, 7.14805543422699e-01, 7.355899214744568e-01, 7.545772194862366e-01, 7.721306085586548e-01, 7.885485291481018e-01, 8.040193915367126e-01, 8.186907172203064e-01, 8.326573371887207e-01, 8.459624648094177e-01, 8.58669936656952e-01, 8.708341121673583e-01, 8.825048208236693e-01, 8.984493017196655e-01, 9.099594354629517e-01, 9.206984639167786e-01, 9.310564994812012e-01, 9.411749243736267e-01, 9.376968741416931e-01, 9.33796763420105e-01, 9.298486709594727e-01, 9.258650541305542e-01, 9.218520522117615e-01, 9.177943468093872e-01, 9.136813879013062e-01, 9.095029830932617e-01, 9.052466750144958e-01, 9.008940458297729e-01, 8.964086771011353e-01, 8.916793465614319e-01, 8.85235071182251e-01, 8.784434795379639e-01, 8.738400936126709e-01, 8.692709803581238e-01, 8.646277785301208e-01, 8.59907865524292e-01, 8.551084399223328e-01, 8.502265214920044e-01, 8.452590107917786e-01, 8.402026295661926e-01, 8.350540399551392e-01, 8.298095464706421e-01, 8.244653344154358e-01]
cooETS.hex.port_a1.p=[3e+05, 3.00000375e+05, 3.00000375e+05, 3.00000375e+05, 3.00000375e+05, 3.00000375e+05, 3.000093125e+05, 3.0001746875e+05, 3.0002521875e+05, 3.00032375e+05, 3.0003890625e+05, 3.0004484375e+05, 3.0005021875e+05, 3.00055125e+05, 3.0005953125e+05, 3.000635625e+05, 3.0006721875e+05, 3.0007053125e+05, 3.000735e+05, 3.000761875e+05, 3.00078625e+05, 3.0008078125e+05, 3.0008271875e+05, 3.000844375e+05, 3.000859375e+05, 3.0008709375e+05, 3.000305625e+05, 3.00029e+05, 3.0002746875e+05, 3.00026e+05, 3.000245625e+05, 3.0002315625e+05, 3.000218125e+05, 3.000205e+05, 3.0001921875e+05, 3.00018e+05, 3.0001684375e+05, 3.000156875e+05, 3.0001459375e+05, 3.000135625e+05, 3.0001253125e+05, 3.000115625e+05, 3.0001065625e+05, 3.0000975e+05, 3.0000890625e+05, 3.0000809375e+05, 3.0000734375e+05, 3.00006625e+05, 3.000059375e+05, 3.0000528125e+05, 3.000046875e+05, 3.000075e+05, 3.00011125e+05, 3.0001553125e+05, 3.0002075e+05, 3.0002678125e+05, 3.00033625e+05, 3.000413125e+05, 3.0004984375e+05, 3.0005928125e+05, 3.0006965625e+05, 3.0008075e+05, 3.0009253125e+05, 3.001050625e+05, 3.001184375e+05, 3.0013265625e+05, 3.0014775e+05, 3.001636875e+05, 3.001805e+05, 3.0019815625e+05, 3.002166875e+05, 3.0024478125e+05, 3.0026725e+05, 3.0029e+05, 3.003136875e+05, 3.003386875e+05, 3.0032996875e+05, 3.00320375e+05, 3.003109375e+05, 3.003016875e+05, 3.00292625e+05, 3.0028375e+05, 3.00275e+05, 3.0026640625e+05, 3.0025790625e+05, 3.002495e+05, 3.0024109375e+05, 3.0023253125e+05, 3.00221375e+05, 3.0021015625e+05, 3.0020284375e+05, 3.00195875e+05, 3.0018903125e+05, 3.0018228125e+05, 3.001756875e+05, 3.0016921875e+05, 3.00162875e+05, 3.0015665625e+05, 3.001505625e+05, 3.0014459375e+05, 3.0013875e+05]
cooETS.hex.port_b1.p=[3e+05, 3e+05]
cooETS.hex.port_a2.p=[3e+05, 3.001388125e+05, 3.0013659375e+05, 3.00134375e+05, 3.001321875e+05, 3.0013e+05, 3.0012784375e+05, 3.0012571875e+05, 3.0012359375e+05, 3.001215e+05, 3.0011940625e+05, 3.0011734375e+05, 3.0011528125e+05, 3.0011325e+05, 3.0011125e+05, 3.0010925e+05, 3.0010728125e+05, 3.001053125e+05, 3.00103375e+05, 3.001014375e+05, 3.0009953125e+05, 3.0009765625e+05, 3.0009578125e+05, 3.000939375e+05, 3.0009209375e+05, 3.0009028125e+05, 3.0003359375e+05, 3.0003196875e+05, 3.00030375e+05, 3.0002884375e+05, 3.000273125e+05, 3.0002584375e+05, 3.0002440625e+05, 3.0002303125e+05, 3.000216875e+05, 3.00020375e+05, 3.00019125e+05, 3.00017875e+05, 3.000166875e+05, 3.000155625e+05, 3.000144375e+05, 3.00013375e+05, 3.00012375e+05, 3.00011375e+05, 3.000104375e+05, 3.0000953125e+05, 3.000086875e+05, 3.00007875e+05, 3.0000709375e+05, 3.0000634375e+05, 3.0000565625e+05, 3.000089375e+05, 3.00013e+05, 3.0001784375e+05, 3.000234375e+05, 3.0002978125e+05, 3.0003690625e+05, 3.0004478125e+05, 3.000534375e+05, 3.0006284375e+05, 3.0007303125e+05, 3.0008396875e+05, 3.0009565625e+05, 3.00108125e+05, 3.0012134375e+05, 3.0013534375e+05, 3.0015009375e+05, 3.0016559375e+05, 3.00181875e+05, 3.0019890625e+05, 3.0021671875e+05, 3.0023528125e+05, 3.0025459375e+05, 3.002746875e+05, 3.0029553125e+05, 3.0031715625e+05, 3.0030903125e+05, 3.0030071875e+05, 3.0029253125e+05, 3.0028446875e+05, 3.0027653125e+05, 3.002686875e+05, 3.002609375e+05, 3.0025334375e+05, 3.002458125e+05, 3.002384375e+05, 3.0023115625e+05, 3.00224e+05, 3.002169375e+05, 3.0021e+05, 3.0020315625e+05, 3.001964375e+05, 3.0018984375e+05, 3.00183375e+05, 3.00177e+05, 3.0017071875e+05, 3.001645625e+05, 3.0015853125e+05, 3.0015259375e+05, 3.0014678125e+05, 3.0014109375e+05]
cooETS.hex.port_b2.p=[3e+05, 3e+05]
cooETS.Q_flow=[0e+00, -3.76135139465332e+01, -2.161765670776367e+01, -1.244118404388428e+01, -7.177163600921631e+00, -8.059940338134766e+01, -7.983275756835938e+02, -1.25995556640625e+03, -1.711758911132812e+03, -2.16665966796875e+03, -2.6252158203125e+03, -3.087352294921875e+03, -3.5526064453125e+03, -4.0203701171875e+03, -4.489933105468751e+03, -4.960576171875e+03, -5.43157421875e+03, -5.902242187500001e+03, -6.37189404296875e+03, -6.83990771484375e+03, -7.3056728515625e+03, -7.7686201171875e+03, -8.2282080078125e+03, -8.6839228515625e+03, -9.13528125e+03, -9.571701171875e+03, -5.68719775390625e+03, -5.53943408203125e+03, -5.391580566406249e+03, -5.24402197265625e+03, -5.09676513671875e+03, -4.94981298828125e+03, -4.80317333984375e+03, -4.65684912109375e+03, -4.510848144531249e+03, -4.365176757812501e+03, -4.21984228515625e+03, -4.074847412109375e+03, -3.930201416015625e+03, -3.785912353515625e+03, -3.641988525390625e+03, -3.49843701171875e+03, -3.355267333984375e+03, -3.212489013671875e+03, -3.070113525390625e+03, -2.9281474609375e+03, -2.786605712890625e+03, -2.645503662109375e+03, -2.50485498046875e+03, -2.364668212890625e+03, -2.22495654296875e+03, -2.82834130859375e+03, -3.4454775390625e+03, -4.06913525390625e+03, -4.6994619140625e+03, -5.335867675781255e+03, -5.977915527343755e+03, -6.625228515624995e+03, -7.2774990234375e+03, -7.934939453125e+03, -8.601822265625e+03, -9.2590908203125e+03, -9.9106484375e+03, -1.05607421875e+04, -1.1211490234375e+04, -1.186472265625e+04, -1.25209306640625e+04, -1.31787451171875e+04, -1.383814941406251e+04, -1.449908300781249e+04, -1.516162597656249e+04, -1.61167138671875e+04, -1.6836462890625e+04, -1.7537873046875e+04, -1.8240470703125e+04, -1.8952193359375e+04, -1.868998828125e+04, -1.84160703125e+04, -1.81426015625e+04, -1.787053515625e+04, -1.76003359375e+04, -1.7331025390625e+04, -1.7062001953125e+04, -1.6792732421875e+04, -1.6522572265625e+04, -1.62505439453125e+04, -1.59746494140625e+04, -1.56885e+04, -1.53045087890625e+04, -1.4913126953125e+04, -1.46532333984375e+04, -1.4398705078125e+04, -1.41443984375e+04, -1.3890318359375e+04, -1.3636466796875e+04, -1.3382841796875e+04, -1.3129447265625e+04, -1.28762861328125e+04, -1.2623365234375e+04, -1.23706845703125e+04, -1.21182529296875e+04]
cooETS.Q=[0e+00, -8.76432625e+05, -9.013825e+05, -9.15731375e+05, -9.239975e+05, -9.47775625e+05, -1.42676225e+06, -2.319849000000001e+06, -3.60345075e+06, -5.2786725e+06, -7.348496e+06, -9.816079e+06, -1.2684333e+07, -1.5955702e+07, -1.963205000000001e+07, -2.3714622e+07, -2.8204034e+07, -3.310029200000001e+07, -3.8402816e+07, -4.4110456e+07, -5.0221528e+07, -5.6733844e+07, -6.3644736e+07, -7.0951072e+07, -7.8649296e+07, -8.6736928e+07, -9.173992e+07, -9.6589928e+07, -1.01312104e+08, -1.05906664e+08, -1.10373864e+08, -1.14713968e+08, -1.1892724e+08, -1.23013944e+08, -1.26974376e+08, -1.308088e+08, -1.34517504e+08, -1.38100784e+08, -1.41558944e+08, -1.44892272e+08, -1.48101104e+08, -1.51185744e+08, -1.54146512e+08, -1.56983744e+08, -1.59697808e+08, -1.62289024e+08, -1.6475776e+08, -1.671044e+08, -1.69329312e+08, -1.71432912e+08, -1.734156e+08, -1.75591616e+08, -1.78301536e+08, -1.81547344e+08, -1.85334928e+08, -1.8966976e+08, -1.94556912e+08, -2.000011039999999e+08, -2.06006736e+08, -2.12578048e+08, -2.19722064e+08, -2.27438656e+08, -2.3572024e+08, -2.44563904e+08, -2.53969392e+08, -2.63938064e+08, -2.74472512e+08, -2.85574656e+08, -2.972458240000001e+08, -3.094874239999999e+08, -3.223007359999999e+08, -3.35792224e+08, -3.50031552e+08, -3.648816e+08, -3.8033744e+08, -3.96404288e+08, -4.12671136e+08, -4.28700928e+08, -4.44494304e+08, -4.60051968e+08, -4.75375424e+08, -4.9046576e+08, -5.0532352e+08, -5.19948704e+08, -5.34340864e+08, -5.48498816e+08, -5.62420352e+08, -5.76099968e+08, -5.89509952e+08, -6.02556928e+08, -6.15327424e+08, -6.27877824e+08, -6.40208512e+08, -6.52319552e+08, -6.64211136e+08, -6.7588352e+08, -6.87336768e+08, -6.98571264e+08, -7.09587072e+08, -7.20384512e+08, -7.30963712e+08]
