last-generated=2016-11-29
statistics-initialization=
{
  "linear": "11"
}
statistics-simulation=
{
  "numerical Jacobians": "0", 
  "nonlinear": " ", 
  "number of continuous time states": "10", 
  "linear": "0"
}
conS1.T[2]=[288.500701904296875, 288.500701904296875, 288.500701904296875, 288.500701904296875, 288.500701904296875, 288.500701904296875, 288.500701904296875, 288.500701904296875, 288.500701904296875, 288.500701904296875, 288.500701904296875, 288.500701904296875, 288.500701904296875, 288.500701904296875, 288.500701904296875, 288.500701904296875, 288.500701904296875, 288.500701904296875, 288.500701904296875, 288.500701904296875, 288.500701904296875, 288.500701904296875, 288.500701904296875, 288.500701904296875, 288.500701904296875, 288.500701904296875, 288.500701904296875, 288.500701904296875, 288.500701904296875, 288.500701904296875, 288.500701904296875, 288.500701904296875, 288.500701904296875, 288.500701904296875, 288.500701904296875, 288.500701904296875, 288.500701904296875, 288.500701904296875, 288.500701904296875, 288.500701904296875, 288.500701904296875, 288.500701904296875, 288.500701904296875, 288.500701904296875, 288.500701904296875, 288.500701904296875, 288.500701904296875, 288.500701904296875, 288.500701904296875, 288.500701904296875, 288.500701904296875, 294.871826171875, 295.468414306640625, 295.5535888671875, 295.578277587890625, 295.592926025390625, 295.605682373046875, 295.614990234375, 295.624267578125, 295.633575439453125, 295.641448974609375, 295.648895263671875, 295.656341552734375, 295.6629638671875, 295.66845703125, 295.6739501953125, 295.679443359375, 295.684967041015625, 295.690460205078125, 295.695953369140625, 295.700531005859375, 295.704742431640625, 295.708953857421875, 295.713134765625, 295.71734619140625, 295.7215576171875, 295.72576904296875, 295.72900390625, 295.732269287109375, 295.73553466796875, 295.73876953125, 295.742034912109375, 295.74530029296875, 295.74847412109375, 295.75140380859375, 295.7542724609375, 295.757049560546875, 295.759735107421875, 295.762359619140625, 295.764892578125, 295.767364501953125, 295.769744873046875, 295.772064208984375, 295.7742919921875, 295.77642822265625, 295.77850341796875, 295.780517578125, 295.78240966796875, 295.7841796875, 295.785888671875, 295.78753662109375]
conS1.T[3]=[292.067840576171875, 292.067840576171875, 292.067840576171875, 292.067840576171875, 292.067840576171875, 292.067840576171875, 292.067840576171875, 292.067840576171875, 292.067840576171875, 292.067840576171875, 292.067840576171875, 292.067840576171875, 292.067840576171875, 292.067840576171875, 292.067840576171875, 292.067840576171875, 292.067840576171875, 292.067840576171875, 292.067840576171875, 292.067840576171875, 292.067840576171875, 292.067840576171875, 292.067840576171875, 292.067840576171875, 292.067840576171875, 292.067840576171875, 292.067840576171875, 292.067840576171875, 292.067840576171875, 292.067840576171875, 292.067840576171875, 292.067840576171875, 292.067840576171875, 292.067840576171875, 292.067840576171875, 292.067840576171875, 292.067840576171875, 292.067840576171875, 292.067840576171875, 292.067840576171875, 292.067840576171875, 292.067840576171875, 292.067840576171875, 292.067840576171875, 292.067840576171875, 292.067840576171875, 292.067840576171875, 292.067840576171875, 292.067840576171875, 292.067840576171875, 292.067840576171875, 296.2962646484375, 297.052093505859375, 297.16534423828125, 297.201934814453125, 297.225067138671875, 297.245513916015625, 297.2607421875, 297.2760009765625, 297.291259765625, 297.304229736328125, 297.3165283203125, 297.328826904296875, 297.33978271484375, 297.348876953125, 297.35797119140625, 297.367095947265625, 297.376190185546875, 297.38531494140625, 297.3944091796875, 297.4019775390625, 297.408966064453125, 297.415924072265625, 297.422882080078125, 297.42987060546875, 297.43682861328125, 297.44378662109375, 297.449188232421875, 297.45458984375, 297.459991455078125, 297.46539306640625, 297.470794677734375, 297.4761962890625, 297.4814453125, 297.486297607421875, 297.491058349609375, 297.495635986328125, 297.5001220703125, 297.50445556640625, 297.508697509765625, 297.51275634765625, 297.5167236328125, 297.52056884765625, 297.524261474609375, 297.52783203125, 297.53125, 297.534576416015625, 297.537689208984375, 297.540679931640625, 297.54351806640625, 297.54620361328125]
conS1.T[1]=[284.933563232421875, 284.933563232421875, 284.933563232421875, 284.933563232421875, 284.933563232421875, 284.933563232421875, 284.933563232421875, 284.933563232421875, 284.933563232421875, 284.933563232421875, 284.933563232421875, 284.933563232421875, 284.933563232421875, 284.933563232421875, 284.933563232421875, 284.933563232421875, 284.933563232421875, 284.933563232421875, 284.933563232421875, 284.933563232421875, 284.933563232421875, 284.933563232421875, 284.933563232421875, 284.933563232421875, 284.933563232421875, 284.933563232421875, 284.933563232421875, 284.933563232421875, 284.933563232421875, 284.933563232421875, 284.933563232421875, 284.933563232421875, 284.933563232421875, 284.933563232421875, 284.933563232421875, 284.933563232421875, 284.933563232421875, 284.933563232421875, 284.933563232421875, 284.933563232421875, 284.933563232421875, 284.933563232421875, 284.933563232421875, 284.933563232421875, 284.933563232421875, 284.933563232421875, 284.933563232421875, 284.933563232421875, 284.933563232421875, 284.933563232421875, 284.933563232421875, 293.693389892578125, 293.918548583984375, 293.9501953125, 293.95892333984375, 293.963958740234375, 293.968292236328125, 293.971405029296875, 293.97454833984375, 293.9776611328125, 293.98028564453125, 293.9827880859375, 293.98529052734375, 293.98748779296875, 293.989349365234375, 293.991180419921875, 293.993011474609375, 293.994873046875, 293.9967041015625, 293.99853515625, 294.00006103515625, 294.00146484375, 294.00286865234375, 294.0042724609375, 294.00567626953125, 294.007080078125, 294.00848388671875, 294.00958251953125, 294.01068115234375, 294.011749267578125, 294.012847900390625, 294.013946533203125, 294.0150146484375, 294.016082763671875, 294.017059326171875, 294.018035888671875, 294.018951416015625, 294.019866943359375, 294.020721435546875, 294.021575927734375, 294.02239990234375, 294.023193359375, 294.02398681640625, 294.02471923828125, 294.02545166015625, 294.026123046875, 294.02679443359375, 294.027435302734375, 294.02801513671875, 294.028594970703125, 294.029144287109375]
time=[0., 86400.]
conS1.Q_flow[5]=[-21.402805328369140625, -21.402805328369140625, -21.402805328369140625, -21.402805328369140625, -21.402805328369140625, -21.402805328369140625, -21.402805328369140625, -21.402805328369140625, -21.402805328369140625, -21.402805328369140625, -21.402805328369140625, -21.402805328369140625, -21.402805328369140625, -21.402805328369140625, -21.402805328369140625, -21.402805328369140625, -21.402805328369140625, -21.402805328369140625, -21.402805328369140625, -21.402805328369140625, -21.402805328369140625, -21.402805328369140625, -21.402805328369140625, -21.402805328369140625, -21.402805328369140625, -21.402805328369140625, -21.402805328369140625, -21.402805328369140625, -21.402805328369140625, -21.402805328369140625, -21.402805328369140625, -21.402805328369140625, -21.402805328369140625, -21.402805328369140625, -21.402805328369140625, -21.402805328369140625, -21.402805328369140625, -21.402805328369140625, -21.402805328369140625, -21.402805328369140625, -21.402805328369140625, -21.402805328369140625, -21.402805328369140625, -21.402805328369140625, -21.402805328369140625, -21.402805328369140625, -21.402805328369140625, -21.402805328369140625, -21.402805328369140625, -21.402805328369140625, -21.402805328369140625, -12.0276031494140625, -9.9956722259521484375, -9.81356525421142578125, -9.8265590667724609375, -9.8590297698974609375, -9.89311504364013671875, -9.924488067626953125, -9.95586109161376953125, -9.9872341156005859375, -10.01509761810302734375, -10.04193115234375, -10.0687656402587890625, -10.09289836883544921875, -10.113285064697265625, -10.133670806884765625, -10.154056549072265625, -10.174442291259765625, -10.194828033447265625, -10.21521472930908203125, -10.2322978973388671875, -10.2480316162109375, -10.2637653350830078125, -10.27950000762939453125, -10.29523372650146484375, -10.31096744537353515625, -10.32669734954833984375, -10.33893108367919921875, -10.3511638641357421875, -10.36339664459228515625, -10.37563037872314453125, -10.3878631591796875, -10.40009593963623046875, -10.41203022003173828125, -10.4230518341064453125, -10.4337825775146484375, -10.4442195892333984375, -10.45436573028564453125, -10.4642200469970703125, -10.473781585693359375, -10.483051300048828125, -10.4920291900634765625, -10.50071430206298828125, -10.5091075897216796875, -10.5172100067138671875, -10.5250186920166015625, -10.53253650665283203125, -10.53962802886962890625, -10.5463886260986328125, -10.5528354644775390625, -10.55896854400634765625]
conS1.Q_flow[4]=[-21.402805328369140625, -21.402805328369140625, -21.402805328369140625, -21.402805328369140625, -21.402805328369140625, -21.402805328369140625, -21.402805328369140625, -21.402805328369140625, -21.402805328369140625, -21.402805328369140625, -21.402805328369140625, -21.402805328369140625, -21.402805328369140625, -21.402805328369140625, -21.402805328369140625, -21.402805328369140625, -21.402805328369140625, -21.402805328369140625, -21.402805328369140625, -21.402805328369140625, -21.402805328369140625, -21.402805328369140625, -21.402805328369140625, -21.402805328369140625, -21.402805328369140625, -21.402805328369140625, -21.402805328369140625, -21.402805328369140625, -21.402805328369140625, -21.402805328369140625, -21.402805328369140625, -21.402805328369140625, -21.402805328369140625, -21.402805328369140625, -21.402805328369140625, -21.402805328369140625, -21.402805328369140625, -21.402805328369140625, -21.402805328369140625, -21.402805328369140625, -21.402805328369140625, -21.402805328369140625, -21.402805328369140625, -21.402805328369140625, -21.402805328369140625, -21.402805328369140625, -21.402805328369140625, -21.402805328369140625, -21.402805328369140625, -21.402805328369140625, -21.402805328369140625, -10.42983341217041015625, -9.76261997222900390625, -9.739837646484375, -9.7804050445556640625, -9.8219852447509765625, -9.8622341156005859375, -9.89598846435546875, -9.9297428131103515625, -9.96349811553955078125, -9.99289798736572265625, -10.02102184295654296875, -10.049144744873046875, -10.07433032989501953125, -10.09543895721435546875, -10.116546630859375, -10.1376552581787109375, -10.15876293182373046875, -10.17987155914306640625, -10.2009792327880859375, -10.21861934661865234375, -10.2348423004150390625, -10.25106525421142578125, -10.2672882080078125, -10.28351116180419921875, -10.2997341156005859375, -10.31595325469970703125, -10.32854557037353515625, -10.3411388397216796875, -10.35373210906982421875, -10.36632442474365234375, -10.378917694091796875, -10.39151096343994140625, -10.4037952423095703125, -10.41513919830322265625, -10.426181793212890625, -10.43692302703857421875, -10.44736385345458984375, -10.45750331878662109375, -10.4673404693603515625, -10.4768772125244140625, -10.48611354827880859375, -10.49504756927490234375, -10.503681182861328125, -10.512012481689453125, -10.52004337310791015625, -10.5277729034423828125, -10.535064697265625, -10.54201412200927734375, -10.548641204833984375, -10.5549449920654296875]
conS1.Q_flow[2]=[-21.402805328369140625, -21.402805328369140625, -21.402805328369140625, -21.402805328369140625, -21.402805328369140625, -21.402805328369140625, -21.402805328369140625, -21.402805328369140625, -21.402805328369140625, -21.402805328369140625, -21.402805328369140625, -21.402805328369140625, -21.402805328369140625, -21.402805328369140625, -21.402805328369140625, -21.402805328369140625, -21.402805328369140625, -21.402805328369140625, -21.402805328369140625, -21.402805328369140625, -21.402805328369140625, -21.402805328369140625, -21.402805328369140625, -21.402805328369140625, -21.402805328369140625, -21.402805328369140625, -21.402805328369140625, -21.402805328369140625, -21.402805328369140625, -21.402805328369140625, -21.402805328369140625, -21.402805328369140625, -21.402805328369140625, -21.402805328369140625, -21.402805328369140625, -21.402805328369140625, -21.402805328369140625, -21.402805328369140625, -21.402805328369140625, -21.402805328369140625, -21.402805328369140625, -21.402805328369140625, -21.402805328369140625, -21.402805328369140625, -21.402805328369140625, -21.402805328369140625, -21.402805328369140625, -21.402805328369140625, -21.402805328369140625, -21.402805328369140625, -21.402805328369140625, -7.07061100006103515625, -9.29909229278564453125, -9.62046527862548828125, -9.7161884307861328125, -9.77391147613525390625, -9.8243732452392578125, -9.861408233642578125, -9.8984432220458984375, -9.93547821044921875, -9.96685314178466796875, -9.9965686798095703125, -10.02628326416015625, -10.05275058746337890625, -10.07470989227294921875, -10.09666919708251953125, -10.11862850189208984375, -10.14058780670166015625, -10.16254711151123046875, -10.18450641632080078125, -10.20279598236083984375, -10.21958827972412109375, -10.2363796234130859375, -10.25317096710205078125, -10.26996326446533203125, -10.286754608154296875, -10.30354213714599609375, -10.31655120849609375, -10.32956027984619140625, -10.34257030487060546875, -10.355579376220703125, -10.3685894012451171875, -10.38159847259521484375, -10.3942890167236328125, -10.40600490570068359375, -10.4174098968505859375, -10.42850208282470703125, -10.4392833709716796875, -10.44975185394287109375, -10.4599094390869140625, -10.46975421905517578125, -10.4792881011962890625, -10.4885101318359375, -10.4974193572998046875, -10.5060176849365234375, -10.5143032073974609375, -10.52227783203125, -10.52979946136474609375, -10.536968231201171875, -10.5438022613525390625, -10.5503025054931640625]
conS1.Q_flow[3]=[-21.402805328369140625, -21.402805328369140625, -21.402805328369140625, -21.402805328369140625, -21.402805328369140625, -21.402805328369140625, -21.402805328369140625, -21.402805328369140625, -21.402805328369140625, -21.402805328369140625, -21.402805328369140625, -21.402805328369140625, -21.402805328369140625, -21.402805328369140625, -21.402805328369140625, -21.402805328369140625, -21.402805328369140625, -21.402805328369140625, -21.402805328369140625, -21.402805328369140625, -21.402805328369140625, -21.402805328369140625, -21.402805328369140625, -21.402805328369140625, -21.402805328369140625, -21.402805328369140625, -21.402805328369140625, -21.402805328369140625, -21.402805328369140625, -21.402805328369140625, -21.402805328369140625, -21.402805328369140625, -21.402805328369140625, -21.402805328369140625, -21.402805328369140625, -21.402805328369140625, -21.402805328369140625, -21.402805328369140625, -21.402805328369140625, -21.402805328369140625, -21.402805328369140625, -21.402805328369140625, -21.402805328369140625, -21.402805328369140625, -21.402805328369140625, -21.402805328369140625, -21.402805328369140625, -21.402805328369140625, -21.402805328369140625, -21.402805328369140625, -21.402805328369140625, -8.5466518402099609375, -9.5022106170654296875, -9.67042064666748046875, -9.74193096160888671875, -9.79275989532470703125, -9.83892917633056640625, -9.8746547698974609375, -9.9103794097900390625, -9.94610500335693359375, -9.9767093658447265625, -10.00581073760986328125, -10.03491306304931640625, -10.06088924407958984375, -10.0825252532958984375, -10.1041622161865234375, -10.1257991790771484375, -10.1474361419677734375, -10.1690731048583984375, -10.19070911407470703125, -10.2087535858154296875, -10.22533130645751953125, -10.24190807342529296875, -10.2584857940673828125, -10.27506256103515625, -10.2916393280029296875, -10.3082122802734375, -10.32106494903564453125, -10.3339176177978515625, -10.34677028656005859375, -10.359622955322265625, -10.37247562408447265625, -10.3853282928466796875, -10.39786529541015625, -10.40944194793701171875, -10.42071056365966796875, -10.43167018890380859375, -10.4423236846923828125, -10.45266819000244140625, -10.46270465850830078125, -10.47243404388427734375, -10.4818553924560546875, -10.4909687042236328125, -10.499774932861328125, -10.5082721710205078125, -10.5164623260498046875, -10.52434444427490234375, -10.531780242919921875, -10.5388660430908203125, -10.54562282562255859375, -10.55204868316650390625]
conS1.Q_flow[1]=[-21.402805328369140625, -21.402805328369140625, -21.402805328369140625, -21.402805328369140625, -21.402805328369140625, -21.402805328369140625, -21.402805328369140625, -21.402805328369140625, -21.402805328369140625, -21.402805328369140625, -21.402805328369140625, -21.402805328369140625, -21.402805328369140625, -21.402805328369140625, -21.402805328369140625, -21.402805328369140625, -21.402805328369140625, -21.402805328369140625, -21.402805328369140625, -21.402805328369140625, -21.402805328369140625, -21.402805328369140625, -21.402805328369140625, -21.402805328369140625, -21.402805328369140625, -21.402805328369140625, -21.402805328369140625, -21.402805328369140625, -21.402805328369140625, -21.402805328369140625, -21.402805328369140625, -21.402805328369140625, -21.402805328369140625, -21.402805328369140625, -21.402805328369140625, -21.402805328369140625, -21.402805328369140625, -21.402805328369140625, -21.402805328369140625, -21.402805328369140625, -21.402805328369140625, -21.402805328369140625, -21.402805328369140625, -21.402805328369140625, -21.402805328369140625, -21.402805328369140625, -21.402805328369140625, -21.402805328369140625, -21.402805328369140625, -21.402805328369140625, -21.402805328369140625, -6.5205841064453125, -9.2226810455322265625, -9.6022434234619140625, -9.70711231231689453125, -9.76738739013671875, -9.8194179534912109375, -9.8569126129150390625, -9.8944072723388671875, -9.9319019317626953125, -9.963542938232421875, -9.9934673309326171875, -10.02339076995849609375, -10.05002498626708984375, -10.07209300994873046875, -10.0941600799560546875, -10.1162281036376953125, -10.1382961273193359375, -10.16036319732666015625, -10.18243122100830078125, -10.2008037567138671875, -10.21766757965087890625, -10.234531402587890625, -10.2513942718505859375, -10.26825809478759765625, -10.28512096405029296875, -10.30198001861572265625, -10.3150424957275390625, -10.3281040191650390625, -10.34116649627685546875, -10.35422801971435546875, -10.36728954315185546875, -10.380352020263671875, -10.393093109130859375, -10.40485668182373046875, -10.41630649566650390625, -10.42744350433349609375, -10.438266754150390625, -10.4487781524658203125, -10.4589748382568359375, -10.4688587188720703125, -10.4784297943115234375, -10.4876880645751953125, -10.49663257598876953125, -10.50526332855224609375, -10.5135822296142578125, -10.521587371826171875, -10.52913761138916015625, -10.53633403778076171875, -10.543193817138671875, -10.5497188568115234375]
conS1.Q_flow[6]=[-21.402805328369140625, -21.402805328369140625, -21.402805328369140625, -21.402805328369140625, -21.402805328369140625, -21.402805328369140625, -21.402805328369140625, -21.402805328369140625, -21.402805328369140625, -21.402805328369140625, -21.402805328369140625, -21.402805328369140625, -21.402805328369140625, -21.402805328369140625, -21.402805328369140625, -21.402805328369140625, -21.402805328369140625, -21.402805328369140625, -21.402805328369140625, -21.402805328369140625, -21.402805328369140625, -21.402805328369140625, -21.402805328369140625, -21.402805328369140625, -21.402805328369140625, -21.402805328369140625, -21.402805328369140625, -21.402805328369140625, -21.402805328369140625, -21.402805328369140625, -21.402805328369140625, -21.402805328369140625, -21.402805328369140625, -21.402805328369140625, -21.402805328369140625, -21.402805328369140625, -21.402805328369140625, -21.402805328369140625, -21.402805328369140625, -21.402805328369140625, -21.402805328369140625, -21.402805328369140625, -21.402805328369140625, -21.402805328369140625, -21.402805328369140625, -21.402805328369140625, -21.402805328369140625, -21.402805328369140625, -21.402805328369140625, -21.402805328369140625, -21.402805328369140625, -12.7355251312255859375, -10.133289337158203125, -9.87891864776611328125, -9.87584590911865234375, -9.90146541595458984375, -9.9303607940673828125, -9.95917987823486328125, -9.98799991607666015625, -10.01681995391845703125, -10.0429134368896484375, -10.068206787109375, -10.09350109100341796875, -10.1163616180419921875, -10.13584804534912109375, -10.15533351898193359375, -10.17481899261474609375, -10.19430446624755859375, -10.2137908935546875, -10.2332763671875, -10.24965953826904296875, -10.2647762298583984375, -10.27989292144775390625, -10.295009613037109375, -10.31012630462646484375, -10.3252429962158203125, -10.34035587310791015625, -10.3521327972412109375, -10.3639087677001953125, -10.37568569183349609375, -10.38746166229248046875, -10.39923858642578125, -10.41101551055908203125, -10.422504425048828125, -10.43311786651611328125, -10.443450927734375, -10.45350360870361328125, -10.46327495574951171875, -10.472766876220703125, -10.4819774627685546875, -10.4909076690673828125, -10.4995574951171875, -10.50792694091796875, -10.5160160064697265625, -10.5238246917724609375, -10.53135204315185546875, -10.53859996795654296875, -10.545436859130859375, -10.55195522308349609375, -10.55817317962646484375, -10.56408977508544921875]
