last-generated=2025-11-05
statistics-initialization=
{
  "nonlinear": "1, 1, 2, 0, 2, 0, 7, 1, 1, 1, 1, 1, 1, 1, 1, 1, 1",
  "numerical Jacobians": "0"
}
statistics-simulation=
{
  "linear": "0, 0, 0, 2",
  "nonlinear": "2, 2, 6, 1, 1, 1, 1, 1, 1, 1, 1, 1, 1, 1",
  "number of continuous time states": "97",
  "numerical Jacobians": "0"
}
time=[7.776e+06, 8.64e+06]
bui.QHeaWat_flow_nominal=[6.109395e+06, 6.109395e+06]
bui.ets.heaPum.heaPum.QCon_flow=[-0e+00, 0e+00, 0e+00, 1.200374362270451e+06, 1.68155815718978e-45, 0e+00, 6.010054249609171e+06, 1.630906654562769e+06, 1.150825204545455e+06, 1.222540458854703e+06, 0e+00, 4.03580205e+06, 3.71573575e+06, 1.615696097124206e+06, -4.139248981650086e-37, 0e+00, 1.277633997933884e+06, 1.24578662854157e+06, 1.15814275e+06, 7.848293956622773e+06, 1.148883375e+06, 6.103160872913585e+06, 1.150459868918332e+06, 7.004800472552032e+06, 1.15205195e+06, 1.144090875e+06, 1.135622438949777e+06, 1.247557535276556e+06, 2.50656585e+06, 2.4731406e+06, 2.93824975e+06, 3.4253607e+06, 4.0572537e+06, 2.264681464285714e+06, 9.262671492957747e+06, 1.15490375e+06, 1.146239286042945e+06, 1.262588856788079e+06, 9.825565829721128e-37, 4.33612995e+06, 3.84609975e+06, 4.02955995e+06, 4.4410493e+06, 2.426679543706294e+06, -1.121038771459854e-45, 1.0461583e+07, 5.621975998644986e+06, 1.274591096956224e+06, -1.912921041862711e-15, 0e+00, -0e+00, 2.2181391e+06, 2.46750235e+06, 1.373616825e+06, 4.792624318089701e-40, 1.15716525e+06, 1.1485113e+06, 1.695107125400733e+06, 2.571122186493739e+06, 1.50924655e+06, 1.826711875e+06, 1.823482375e+06, 1.57280185e+06, 1.251986150723157e+06, 5.605193857299268e-45, 0e+00, 5.885240251613809e+06, 1.153214975e+06, 1.144796902351513e+06, 1.139426156183708e+06, -0e+00, 4.0146129e+06, 2.477269467980295e+06, 1.204428397952444e+06, -2.345920484282608e-34, 0e+00, 6.971212207256461e+06, 1.509286775e+06, 1.174999882089552e+07, 1.153797575e+06, 1.2054534e+07, 1.14676495e+06, 6.574995580080754e+06, 1.1526701e+06, 1.145323554104478e+06, 2.544489e+06, 3.6223178e+06, 3.00947875e+06, 1.37007375e+06, 1.210164259387352e+06, 1.961817850054744e-44, 0e+00, 1.108417789961186e+06, 2.97837949702381e+06, 8.522265836624775e+06, 3.23852375e+06, 3.52050785e+06, 2.886575592039801e+06, 1.212343842857143e+06, -4.868088195775261e-35, 1.2289599e+07]
bui.QChiWat_flow_nominal=[-1.0547405e+07, -1.0547405e+07]
bui.ets.heaPum.heaPum.QEva_flow=[0e+00, 0e+00, 0e+00, -9.82908952003339e+05, -1.121038771459854e-45, -0e+00, -5.645169678087546e+06, -1.28495014766893e+06, -8.99305230909091e+05, -1.18250729559841e+06, -0e+00, -3.3549332e+06, -3.0155536e+06, -1.312193157110092e+06, 3.381591471835771e-37, -0e+00, -1.235583323347108e+06, -1.20390447996981e+06, -9.11651225e+05, -6.173417845081332e+06, -8.960321875e+05, -4.827192921508557e+06, -8.993840128149436e+05, -5.52662427427015e+06, -9.013732875e+05, -8.87951625e+05, -8.736757439747818e+05, -1.205662321495915e+06, -2.1034684e+06, -2.0453809e+06, -2.38748e+06, -2.73645825e+06, -3.2045361e+06, -1.795587697519084e+06, -7.212265211267605e+06, -9.061815e+05, -8.915735111196319e+05, -1.220615728094753e+06, -9.528230474289288e-37, -3.6088777e+06, -3.1144755e+06, -3.17814945e+06, -3.4405037e+06, -1.890799125874126e+06, 1.121038771459854e-45, -8.151086e+06, -4.159621413763066e+06, -1.232557437414501e+06, 1.853728009912007e-15, 0e+00, 0e+00, -1.89286805e+06, -2.0896514e+06, -1.1647386e+06, -4.070677217667507e-40, -9.099943125e+05, -8.954038875e+05, -1.516404873110831e+06, -2.271612963774598e+06, -1.324163275e+06, -1.588071e+06, -1.5721284e+06, -1.348969175e+06, -1.06995091791778e+06, -4.484155085839415e-45, -0e+00, -4.613692334830199e+06, -9.03334225e+05, -8.891419063810996e+05, -8.801678235309715e+05, 0e+00, -3.33991055e+06, -2.034695730295566e+06, -9.897025009907529e+05, 1.926972277268629e-34, -0e+00, -6.568066099652087e+06, -1.45740715e+06, -9.126787731343284e+06, -9.043170625e+05, -9.407741e+06, -8.9246075e+05, -5.171300370794078e+06, -9.02414675e+05, -8.900295652985075e+05, -2.4505985e+06, -3.4621438e+06, -2.8905392e+06, -1.327906525e+06, -1.171041897727273e+06, -1.961817850054744e-44, 0e+00, -1.071774491178546e+06, -2.610990014880952e+06, -6.316089452423698e+06, -3.10570825e+06, -3.36574715e+06, -2.769618554726368e+06, -1.172870303571429e+06, 4.724171969005784e-35, -1.0665047e+07]
bui.PCoo=[0e+00, 0e+00, 0e+00, 2.174653758086394e+05, 5.605193857299269e-46, 0e+00, 3.64884798120766e+05, 3.459565583440295e+05, 2.515199580113636e+05, 4.003323745721699e+04, 0e+00, 6.808689125e+05, 7.001821125e+05, 3.035028870412844e+05, -7.576574258457405e-38, 0e+00, 4.205072146177686e+04, 4.188219017069205e+04, 2.46491578125e+05, 1.674876056254841e+06, 2.52851203125e+05, 1.275967641849778e+06, 2.510758453654431e+05, 1.478175923854589e+06, 2.5067868125e+05, 2.56139296875e+05, 2.619466899340285e+05, 4.189511444256757e+04, 4.0309760625e+05, 4.277598375e+05, 5.507696875e+05, 6.889024625e+05, 8.527177125e+05, 4.690937600531625e+05, 2.050405829225352e+06, 2.48722265625e+05, 2.546657749233129e+05, 4.197312284091633e+04, 2.973356917434713e-38, 7.27252125e+05, 7.316240625e+05, 8.51410425e+05, 1.000545575e+06, 5.358804003496503e+05, -5.605193857299269e-46, 2.31049725e+06, 1.462354724061169e+06, 4.203370302881327e+04, -5.919295288176536e-17, 0e+00, -0e+00, 3.2527094375e+05, 3.7785095625e+05, 2.08878203125e+05, 7.219471004221933e-41, 2.47170984375e+05, 2.53107384375e+05, 1.787022706171643e+05, 2.995092056686046e+05, 1.85083225e+05, 2.38640890625e+05, 2.51353984375e+05, 2.2383265e+05, 1.820351874066578e+05, 5.605193857299269e-46, 0e+00, 1.271548041011788e+06, 2.4988076875e+05, 2.556549966914606e+05, 2.592583586789351e+05, -0e+00, 6.74702375e+05, 4.42573699815271e+05, 2.147259274479855e+05, -4.189481610962307e-35, 0e+00, 4.031458752485089e+05, 5.187966328125e+04, 2.623211384328358e+06, 2.494805e+05, 2.64679375e+06, 2.543042125e+05, 1.403695165040377e+06, 2.5025545625e+05, 2.552939731809701e+05, 9.38905078125e+04, 1.60173996875e+05, 1.1893961875e+05, 4.216716875e+04, 3.912229716835474e+04, 0e+00, 0e+00, 3.66432984711318e+04, 3.673894944196428e+05, 2.206175926840215e+06, 1.32815328125e+05, 1.5476066875e+05, 1.169570357198383e+05, 3.947348069196429e+04, -1.439160082291628e-36, 1.6245515e+06]
bui.PPum=[1.52633857421875e+04, 5.176138408430233e+04, 5.08387828125e+04, 2.144935643520451e+05, 7.10077765625e+04, 7.86282578125e+04, 2.501356342903205e+05, 2.486328258270537e+05, 2.456838043181818e+05, 2.448402649740542e+05, 6.133707421875e+04, 2.1887069375e+05, 2.43640821875e+05, 2.403594046621383e+05, 7.34721737341515e+04, 7.32408359375e+04, 2.449005547520661e+05, 2.456617349628425e+05, 2.35519334375e+05, 2.961122516702169e+05, 2.2076759375e+05, 2.884086045353106e+05, 2.434143727193745e+05, 2.413384972783384e+05, 2.38348059375e+05, 2.37989453125e+05, 2.377761667276282e+05, 2.429389129576524e+05, 2.35145609375e+05, 2.24792478125e+05, 2.1842603125e+05, 2.18822721875e+05, 2.46395559375e+05, 2.425321193600055e+05, 2.385187158890845e+05, 2.38246828125e+05, 2.389174689417178e+05, 2.438187582224274e+05, 7.0186846875e+04, 2.27195946875e+05, 2.2073740625e+05, 2.181076375e+05, 2.41022271875e+05, 2.432757559003496e+05, 7.504510312499999e+04, 2.4122259375e+05, 1.324121997253678e+05, 2.50458424632353e+05, 7.380649786395722e+04, 7.199574374999999e+04, 1.99231359375e+05, 2.22721946875e+05, 2.45413709375e+05, 2.42320825e+05, 1.75407190625e+05, 2.443711875e+05, 2.46186859375e+05, 2.501142769457007e+05, 2.398490500894454e+05, 2.39167196875e+05, 2.3992746875e+05, 2.29794578125e+05, 2.22210965625e+05, 2.322880499970524e+05, 7.086327968750001e+04, 7.38439375e+04, 2.420637491799397e+05, 2.4483585625e+05, 2.406007676673935e+05, 2.356177330889372e+05, 5.808147265625e+04, 2.1849215e+05, 2.18000656942734e+05, 2.207671997812087e+05, 7.029274062500001e+04, 7.62331875e+04, 2.493707959430914e+05, 2.5150209375e+05, 2.45358463386194e+05, 2.39717159375e+05, 2.2881609375e+05, 2.18470559375e+05, 2.460607756140646e+05, 2.38813384375e+05, 2.42777484375e+05, 2.5714965625e+05, 2.581119e+05, 2.5830238125e+05, 2.49344840625e+05, 2.482314738759881e+05, 7.84468671875e+04, 7.52194140625e+04, 2.497906949320748e+05, 2.479370431547619e+05, 1.41502420556553e+05, 2.58828953125e+05, 2.59731959375e+05, 2.582928599191542e+05, 2.4862339375e+05, 7.614624637262031e+04, 2.7437784375e+05]
bui.bui.QReqHea_flow=[1.241603e+06, 1.677271686046512e+06, 1.8812586e+06, 1.316447335559265e+06, 8.74362e+05, 6.72063e+05, 5.087438337675873e+05, 5.17711666445843e+05, 6.649263127272727e+05, 8.212964428087737e+05, 1.063151e+06, 1.5831614e+06, 2.4991148e+06, 1.82664507833451e+06, 1.314073910273082e+06, 8.79472e+05, 7.195781652892563e+05, 7.238689795633999e+05, 7.958208e+05, 1.043247483346243e+06, 1.403377e+06, 1.681672653496725e+06, 2.53118719374457e+06, 1.910836161195698e+06, 1.4566852e+06, 1.103886e+06, 1.004644242179187e+06, 1.130071825267127e+06, 1.142211e+06, 1.4801062e+06, 1.846516e+06, 2.510151e+06, 3.55612e+06, 2.558385954198473e+06, 1.586952397887324e+06, 1.175641e+06, 8.790446027607362e+05, 8.435822745797249e+05, 9.966598e+05, 1.367727e+06, 2.206278e+06, 2.5882668e+06, 3.6527096e+06, 2.958031293706294e+06, 2.0285238e+06, 1.316462e+06, 8.463675193815331e+05, 9.263798276333789e+05, 7.634765750629018e+05, 8.879178e+05, 1.101501e+06, 1.3048546e+06, 2.0589928e+06, 1.520426e+06, 1.226046666666667e+06, 1.148045e+06, 9.891876e+05, 1.017966221204488e+06, 7.485389284436493e+05, 8.701894e+05, 1.138726e+06, 1.236003e+06, 1.2496644e+06, 9.1907847775507e+05, 7.594034e+05, 6.59596e+05, 5.977994082409487e+05, 6.411152e+05, 7.858867822918966e+05, 9.472756406448876e+05, 1.26083e+06, 1.5837386e+06, 1.750356231527094e+06, 1.26140172655218e+06, 8.441374e+05, 6.70175e+05, 5.384676580516899e+05, 5.475444e+05, 7.042208208955224e+05, 8.497284e+05, 1.062434e+06, 1.4826554e+06, 2.185900352624496e+06, 1.505969e+06, 9.037589104477612e+05, 5.62746e+05, 3.730156e+05, 3.1396e+05, 4.145944e+05, 5.205616956521739e+05, 6.39019e+05, 7.433586e+05, 1.062791766055046e+06, 8.390250349702381e+05, 5.7417216752693e+05, 4.30053e+05, 2.971288e+05, 2.918136343283582e+05, 4.250999803571429e+05, 5.869784796404019e+05, 1.411459e+06]
bui.bui.QReqCoo_flow=[-1.3342e+04, -5.752958030523256e+03, -5.4186e+03, -6.00727274624374e+03, -2.98774e+05, -9.36131e+05, -1.488533944762897e+06, -1.744823870486916e+06, -1.077336156363636e+06, -4.451817984690123e+05, -3.4136e+04, -7.88e+03, -1.721612e+05, -2.075415786873677e+05, -4.205860754226268e+05, -5.60259e+05, -8.93885173553719e+05, -9.413378792382722e+05, -2.095686e+05, -6.250884420991479e+04, -1.4123e+04, -6.958749451986056e+03, -2.007197240443093e+05, -2.220462188853192e+05, -2.773424e+05, -4.11895e+05, -4.081862443072994e+05, -5.04271511627907e+05, -8.58998e+04, -2.336e+04, -6.955e+03, -4.8372e+03, -1.06726e+05, -1.465321649400218e+05, -3.009858367077465e+05, -3.79204e+05, -5.393857937116565e+05, -7.011837727967397e+05, -1.354244e+05, -3.363060000000001e+04, -7.548e+03, -4.447e+03, -6.480360000000001e+04, -1.222999309440559e+05, -2.387238e+05, -4.77621e+05, -9.475688406649245e+05, -1.010483783857729e+06, -4.4987854682695e+05, -2.278642e+05, -2.0345e+04, -1.46582e+04, -2.904098e+05, -3.328542e+05, -4.94476784375e+05, -6.92459e+05, -8.771692e+05, -8.663797744446988e+05, -3.929374919499105e+05, -2.740966e+05, -1.15398e+05, -4.184239999999999e+04, -1.3549e+04, -7.099881630246817e+04, -2.95731e+05, -5.93914e+05, -8.463933369000842e+05, -1.062159e+06, -5.457106460587326e+05, -1.391264433602036e+05, -2.0821e+04, -7.2814e+03, -6.54220243226601e+03, -1.634193015191546e+04, -2.702566e+05, -8.02421e+05, -1.258586652087475e+06, -1.527255e+06, -9.123159850746269e+05, -3.719996e+05, -3.9764e+04, -9.550200000000001e+03, -2.403018950201884e+05, -3.021506e+05, -9.213901194029851e+05, -1.972285e+06, -2.702649e+06, -2.923849e+06, -1.6419434e+06, -1.241815577075099e+06, -8.53983e+05, -5.59143e+05, -1.098501115031757e+06, -1.191234113095238e+06, -1.842923550942549e+06, -2.464902e+06, -2.9456586e+06, -2.862156169154229e+06, -1.455596267857143e+06, -6.906212744579588e+05, -8.846e+03]
bui.bui.QHea_flow=[-4.283334255218506e+00, 1.676914436046512e+06, 1.8835904e+06, 1.322393623539232e+06, 8.727871875e+05, 6.62633375e+05, 5.134846988828817e+05, 5.124367554653859e+05, 6.582540613636364e+05, 8.273653036029737e+05, 1.0576685e+06, 1.576761125e+06, 2.49611945e+06, 1.836736542342978e+06, 1.319463456111833e+06, 8.82686375e+05, 7.205887231404958e+05, 7.237698702682303e+05, 7.921598125e+05, 1.039476335011619e+06, 1.398455375e+06, 1.676426961440946e+06, 2.5285204018245e+06, 1.920537179773711e+06, 1.4606393e+06, 1.10374225e+06, 1.009384531389657e+06, 1.127622607086738e+06, 1.138249675e+06, 1.474365075e+06, 1.841511625e+06, 2.50392965e+06, 3.5544876e+06, 2.584454332878953e+06, 1.591999420774648e+06, 1.1770985e+06, 8.76504615797546e+05, 8.428898556100357e+05, 9.917873e+05, 1.3620247e+06, 2.1956075e+06, 2.5840642e+06, 3.6523704e+06, 2.961119115384615e+06, 2.0357661e+06, 1.318575e+06, 8.392670396825396e+05, 9.243242759917921e+05, 7.63819007670534e+05, 8.853653e+05, 1.098636125e+06, 1.30052005e+06, 2.055337925e+06, 1.52940445e+06, 1.229294716666667e+06, 1.14789825e+06, 9.8828315e+05, 1.015718260848409e+06, 7.488758082513417e+05, 8.662179875e+05, 1.137528e+06, 1.2368707e+06, 1.251516925e+06, 9.231945919961485e+05, 7.596415e+05, 6.582645e+05, 5.968406043362335e+05, 6.37758475e+05, 7.855322008997571e+05, 9.457819885977939e+05, 1.25842275e+06, 1.5828082e+06, 1.751072084359606e+06, 1.268086255614267e+06, 8.433706e+05, 6.65365e+05, 5.438253295228628e+05, 5.4320105625e+05, 6.975306110074627e+05, 8.550213625e+05, 1.05546275e+06, 1.476673525e+06, 2.178076795760431e+06, 1.518375425e+06, 9.005552192164179e+05, 5.7049625e+05, 3.78035e+05, 3.1560635625e+05, 4.09727875e+05, 5.154125625e+05, 6.33939625e+05, 7.45646275e+05, 1.057737641848977e+06, 8.503070186011905e+05, 5.736416806552962e+05, 4.3809271875e+05, 2.9930831875e+05, 2.930794009639304e+05, 4.1884720625e+05, 5.822212155274986e+05, 9.082395e+05]
bui.bui.QCoo_flow=[-3.806608729064465e-04, -5.794117198855378e+03, -5.383426953125e+03, -5.620464803807126e+03, -2.912271125e+05, -9.2545175e+05, -1.490344108715477e+06, -1.73533358293309e+06, -1.084589757727273e+06, -4.564548134016634e+05, -3.457304296875e+04, -7.9446837890625e+03, -1.7197316875e+05, -2.066894158764114e+05, -4.162933515117035e+05, -5.580830625e+05, -8.88835784607438e+05, -9.401701406177427e+05, -2.125607875e+05, -6.289881427309256e+04, -1.42755458984375e+04, -7.019787966265781e+03, -2.003538436413988e+05, -2.216981632254854e+05, -2.76234075e+05, -4.1142584375e+05, -4.0571130928123e+05, -4.982774303504085e+05, -8.613891484375e+04, -2.36279896484375e+04, -7.0500888671875e+03, -4.855528515625e+03, -1.065878703125e+05, -1.455711318838604e+05, -2.973322962147887e+05, -3.7940715625e+05, -5.378462101226994e+05, -6.995381061831381e+05, -1.369922265625e+05, -3.3945696484375e+04, -7.69247509765625e+03, -4.4707998046875e+03, -6.463624921875e+04, -1.214319928977273e+05, -2.36888759375e+05, -4.70104625e+05, -9.469720182442896e+05, -1.007757905523256e+06, -4.524444449084428e+05, -2.31215696875e+05, -2.0630517578125e+04, -1.46848591796875e+04, -2.8998128125e+05, -3.321055e+05, -4.8749674375e+05, -6.885724375e+05, -8.769098125e+05, -8.651173453457751e+05, -3.960138912119857e+05, -2.7605516875e+05, -1.158004453125e+05, -4.18481875e+04, -1.35827970703125e+04, -7.028488933540323e+04, -2.9142179375e+05, -5.902151875e+05, -8.454243883139208e+05, -1.0600918125e+06, -5.522828928847428e+05, -1.43432110422412e+05, -2.106241015625e+04, -7.3425232421875e+03, -6.509769382119766e+03, -1.538211546658273e+04, -2.6339913125e+05, -7.95379125e+05, -1.259928703280318e+06, -1.524563475e+06, -9.191664505597015e+05, -3.80756825e+05, -4.005276171875e+04, -9.635973828124999e+03, -2.405622466352624e+05, -2.99269425e+05, -9.058407462686567e+05, -1.96341775e+06, -2.7013413e+06, -2.92182245e+06, -1.64616845e+06, -1.249363783596838e+06, -8.57726125e+05, -5.604045e+05, -1.0998888798518e+06, -1.185401648809524e+06, -1.844197647441652e+06, -2.45620325e+06, -2.94786025e+06, -2.858711563432836e+06, -1.464185996428571e+06, -7.039323093270756e+05, -8.9910634765625e+03]
dHChiWat.y=[0e+00, -8.235633294883721e+08, -1.2905238784e+09, -1.633118844153589e+09, -2.283176192e+09, -7.307561984e+09, -1.851115956387285e+10, -3.193474246694667e+10, -4.459604927208727e+10, -5.111973414665685e+10, -5.267296256e+10, -5.31022307328e+10, -5.37301655552e+10, -5.508454415031193e+10, -5.76359447116567e+10, -6.2076510208e+10, -6.816763027252892e+10, -7.615052638766373e+10, -8.041822453760001e+10, -8.151235308448026e+10, -8.2090688512e+10, -8.242524766481471e+10, -8.302680755444656e+10, -8.452847396009499e+10, -8.65979318272e+10, -8.9580331008e+10, -9.288465358793956e+10, -9.655468007799875e+10, -9.863366410239999e+10, -9.9290955776e+10, -9.9668959232e+10, -9.9899744256e+10, -1.001936175104e+11, -1.008689917599128e+11, -1.025175175860282e+11, -1.05816064e+11, -1.097379549510675e+11, -1.150434708153968e+11, -1.179976646656e+11, -1.187851321344e+11, -1.1923447808e+11, -1.194907910144e+11, -1.197553713152e+11, -1.202133879371189e+11, -1.214362615808e+11, -1.24215394304e+11, -1.306937942938908e+11, -1.389969395896908e+11, -1.445827119172133e+11, -1.473860632576e+11, -1.48412153856e+11, -1.488575266816e+11, -1.49986312192e+11, -1.525335752704e+11, -1.558517628928e+11, -1.61124335616e+11, -1.682518212608e+11, -1.75754706328709e+11, -1.807203340822898e+11, -1.83503044608e+11, -1.85087475712e+11, -1.858513862656e+11, -1.863198605312e+11, -1.866693952165408e+11, -1.877764210688e+11, -1.91652708352e+11, -1.97950104046325e+11, -2.056408203264e+11, -2.129578592602835e+11, -2.159640763057039e+11, -2.16641552384e+11, -2.170048577536e+11, -2.172437592174975e+11, -2.174304140641057e+11, -2.179721723904e+11, -2.2238183424e+11, -2.314038861807714e+11, -2.430943592448e+11, -2.539265441547463e+11, -2.593635565568e+11, -2.60707713024e+11, -2.611591610368e+11, -2.620736665972113e+11, -2.640827973632e+11, -2.68866592401194e+11, -2.81363611648e+11, -3.025146478592e+11, -3.269405179904e+11, -3.455382519808e+11, -3.581004393476047e+11, -3.66709768192e+11, -3.724729253888e+11, -3.79978898213036e+11, -3.89793949208381e+11, -4.027895071749515e+11, -4.21218975744e+11, -4.454745636864e+11, -4.703911874050547e+11, -4.878787571126857e+11, -4.970145282934998e+11, -4.995088384e+11]
dHHeaWat.y=[0e+00, 1.369990987013953e+10, 2.95712141312e+10, 4.343942182635059e+10, 5.23199995904e+10, 5.8506653696e+10, 6.345912076673267e+10, 6.773191921431998e+10, 7.279031952104727e+10, 7.925080359698277e+10, 8.7359823872e+10, 9.922725314560001e+10, 1.16963008512e+11, 1.361575821647311e+11, 1.496267586007386e+11, 1.58885462016e+11, 1.655227264380826e+11, 1.715882190569289e+11, 1.779755646976e+11, 1.859400584990736e+11, 1.96497637376e+11, 2.100188113743672e+11, 2.284003327288271e+11, 2.479578127167616e+11, 2.621159800832e+11, 2.73208999936e+11, 2.825106846089125e+11, 2.913546658198768e+11, 3.007950225408e+11, 3.120484319232e+11, 3.26616055808e+11, 3.463591493632e+11, 3.730712231936e+11, 4.000110290852432e+11, 4.165111611853521e+11, 4.27965415424e+11, 4.363708490883926e+11, 4.43677731668377e+11, 4.513463140352e+11, 4.615294615552e+11, 4.76185362432e+11, 4.972872138752e+11, 5.248510590976e+11, 5.532160693169231e+11, 5.747516768256e+11, 5.88745080832e+11, 5.974945689433496e+11, 6.049449403611929e+11, 6.119481421408331e+11, 6.190867021824e+11, 6.2777393152e+11, 6.383738421248e+11, 6.530737373184e+11, 6.687130386432e+11, 6.804113937749333e+11, 6.9059117056e+11, 6.995664437248e+11, 7.079574186954303e+11, 7.151690787244651e+11, 7.221467021312e+11, 7.30997587968e+11, 7.414426238976e+11, 7.523191226368e+11, 7.615101095433096e+11, 7.685329780736e+11, 7.74518472704e+11, 7.798401401089509e+11, 7.850204069888e+11, 7.91257081734359e+11, 7.988615040410555e+11, 8.08615018496e+11, 8.2133712896e+11, 8.35978185803665e+11, 8.490071920829379e+11, 8.575099076608e+11, 8.63679021056e+11, 8.686533480781869e+11, 8.731831959552e+11, 8.785228732140896e+11, 8.854335389696e+11, 8.93695361024e+11, 9.049098027008e+11, 9.206035104780404e+11, 9.37156411392e+11, 9.46738962065194e+11, 9.5252119552e+11, 9.564973563904e+11, 9.594729660416e+11, 9.625333399552e+11, 9.665147647392886e+11, 9.71498389504e+11, 9.776753278976e+11, 9.85280519330597e+11, 9.941488068510476e+11, 9.998788286644165e+11, 1.004198494208e+12, 1.0072396398592e+12, 1.009795694428975e+12, 1.012796821152914e+12, 1.017088511993502e+12, 1.025174470656e+12]
dHHotWat.y=[0e+00, 3.257812366883721e+09, 7.275020288e+09, 1.329400505482471e+10, 1.9426246656e+10, 2.4932644864e+10, 3.010502115985409e+10, 3.528602174579662e+10, 4.096835804439273e+10, 4.609848843350979e+10, 5.034809344e+10, 5.39655839744e+10, 5.8344013824e+10, 6.509993468603529e+10, 7.165136224873862e+10, 7.7799653376e+10, 8.370386046942149e+10, 8.964795402748909e+10, 9.597508648960001e+10, 1.017291853573354e+11, 1.0627653632e+11, 1.100865057097722e+11, 1.146620440928306e+11, 1.21437429623829e+11, 1.27957835776e+11, 1.34125887488e+11, 1.400301010877753e+11, 1.459665504349969e+11, 1.523428851712e+11, 1.58079909888e+11, 1.62644344832e+11, 1.664680951808e+11, 1.710458699776e+11, 1.778203103102465e+11, 1.843413495058028e+11, 1.90493704192e+11, 1.96397900831411e+11, 2.02341580574647e+11, 2.087107428352e+11, 2.144477904896e+11, 2.1901221888e+11, 2.228359593984e+11, 2.274137440256e+11, 2.341861022540979e+11, 2.406935232512e+11, 2.46861561856e+11, 2.527659197925637e+11, 2.587114328517866e+11, 2.650824782645032e+11, 2.708156481536e+11, 2.75380076544e+11, 2.792038334464e+11, 2.837816344576e+11, 2.905406636032e+11, 2.970866068138666e+11, 3.03218458624e+11, 3.091227017216e+11, 3.150676474639652e+11, 3.214403286948408e+11, 3.271755300864e+11, 3.31536039936e+11, 3.350246653952e+11, 3.39285147648e+11, 3.455889740393523e+11, 3.515459108864e+11, 3.57302566912e+11, 3.628309635088094e+11, 3.682825535488e+11, 3.742506281229057e+11, 3.796688648258906e+11, 3.83700467712e+11, 3.869687808e+11, 3.909571976449261e+11, 3.969952816968032e+11, 4.031268061184e+11, 4.08633212928e+11, 4.138054331984413e+11, 4.190272684032e+11, 4.246621995252537e+11, 4.297915629568e+11, 4.34045190144e+11, 4.376626659328e+11, 4.420235613951655e+11, 4.487967145984e+11, 4.553477735622687e+11, 4.61496844288e+11, 4.674010873856e+11, 4.733536567296e+11, 4.7971385344e+11, 4.854862382869249e+11, 4.90015424512e+11, 4.938391617536e+11, 4.984077373541171e+11, 5.051920902826667e+11, 5.117103962395117e+11, 5.17852921856e+11, 5.237572435968e+11, 5.296997351342488e+11, 5.360717753782857e+11, 5.418367249052227e+11, 5.4601629696e+11]
bui.ets.valIsoEva.y_actual=[1e+00, 1e+00, 1e+00, 1e+00, 1e+00, 1e+00, 0e+00, 1e+00, 1e+00, 0e+00, 1e+00, 1e+00, 1e+00, 1e+00, 1e+00, 1e+00, 0e+00, 0e+00, 1e+00, 1e+00, 1e+00, 1e+00, 1e+00, 1e+00, 1e+00, 1e+00, 1e+00, 0e+00, 1e+00, 1e+00, 1e+00, 1e+00, 1e+00, 1e+00, 1e+00, 1e+00, 1e+00, 0e+00, 1e+00, 1e+00, 1e+00, 1e+00, 1e+00, 1e+00, 1e+00, 1e+00, 5.794391716236803e-31, 0e+00, 9.188897845996369e-01, 1e+00, 1e+00, 1e+00, 1e+00, 1e+00, 1e+00, 1e+00, 1e+00, 0e+00, 1e+00, 1e+00, 1e+00, 1e+00, 1e+00, 1e+00, 1e+00, 1e+00, 1e+00, 1e+00, 1e+00, 1e+00, 1e+00, 1e+00, 1e+00, 1e+00, 1e+00, 1e+00, 0e+00, 0e+00, 1e+00, 1e+00, 1e+00, 1e+00, 1e+00, 1e+00, 1e+00, 0e+00, 0e+00, 0e+00, 0e+00, 0e+00, 1e+00, 1e+00, 1.71489064425924e-01, 1e+00, 3.184274347295034e-03, 0e+00, 0e+00, 0e+00, 0e+00, 1e+00, 1e+00]
bui.ets.valIsoCon.y_actual=[1e+00, 1e+00, 1e+00, 0e+00, 1e+00, 1e+00, 1e+00, 0e+00, 0e+00, 1e+00, 1e+00, 0e+00, 0e+00, 0e+00, 1e+00, 1e+00, 1e+00, 1e+00, 0e+00, 0e+00, 0e+00, 0e+00, 0e+00, 0e+00, 0e+00, 0e+00, 0e+00, 1e+00, 0e+00, 0e+00, 0e+00, 0e+00, 0e+00, 0e+00, 0e+00, 0e+00, 0e+00, 1e+00, 1e+00, 0e+00, 0e+00, 0e+00, 0e+00, 0e+00, 1e+00, -0e+00, 0e+00, 1e+00, 1e+00, 1e+00, 8.597705960273743e-01, 0e+00, 0e+00, 0e+00, 8.583333333333334e-01, 0e+00, 0e+00, 1.000000039308765e+00, 0e+00, 0e+00, 0e+00, 0e+00, 0e+00, 0e+00, 1e+00, 1e+00, 0e+00, 0e+00, 0e+00, 0e+00, 1e+00, 0e+00, 0e+00, 0e+00, 1e+00, 1e+00, 1e+00, 1e+00, 0e+00, 0e+00, 0e+00, 0e+00, 0e+00, 0e+00, 0e+00, 1e+00, 1e+00, 1e+00, 1e+00, 1e+00, 1e+00, 1e+00, 1e+00, 0e+00, 0e+00, 1e+00, 1e+00, 1e+00, 1e+00, 1e+00, -0e+00]
bui.ets.tanChiWat.port_genBot.m_flow=[0e+00, 0e+00, 0e+00, 2.60388401329692e-06, 0e+00, 0e+00, 5.041780395507812e+02, 2.60388401329692e-06, 2.60388401329692e-06, 5.041780395507812e+02, 0e+00, 2.60388401329692e-06, 2.60388401329692e-06, 2.60388401329692e-06, 0e+00, 0e+00, 5.041780395507812e+02, 5.041780395507812e+02, 2.60388401329692e-06, 2.60388401329692e-06, 2.60388401329692e-06, 2.60388401329692e-06, 2.60388401329692e-06, 2.60388401329692e-06, 2.60388401329692e-06, 2.60388401329692e-06, 2.60388401329692e-06, 5.041780395507812e+02, 2.60388401329692e-06, 2.60388401329692e-06, 2.60388401329692e-06, 2.60388401329692e-06, 2.60388401329692e-06, 2.60388401329692e-06, 2.60388401329692e-06, 2.60388401329692e-06, 2.60388401329692e-06, 5.041780395507812e+02, 0e+00, 2.60388401329692e-06, 2.60388401329692e-06, 2.60388401329692e-06, 2.60388401329692e-06, 2.60388401329692e-06, 0e+00, 2.60388401329692e-06, 5.041780395507812e+02, 5.041780395507812e+02, 0e+00, 0e+00, -2.265011289637187e-06, 2.60388401329692e-06, 2.60388401329692e-06, 2.60388401329692e-06, 1.746372951553591e-06, 2.60388401329692e-06, 2.60388401329692e-06, 5.041780395507812e+02, 2.60388401329692e-06, 2.60388401329692e-06, 2.60388401329692e-06, 2.60388401329692e-06, 2.60388401329692e-06, 2.60388401329692e-06, 0e+00, 0e+00, 2.60388401329692e-06, 2.60388401329692e-06, 2.60388401329692e-06, 2.60388401329692e-06, 0e+00, 2.60388401329692e-06, 2.60388401329692e-06, 2.60388401329692e-06, 0e+00, 0e+00, 5.041780395507812e+02, 5.041780395507812e+02, 2.60388401329692e-06, 2.60388401329692e-06, 2.60388401329692e-06, 2.60388401329692e-06, 2.60388401329692e-06, 2.60388401329692e-06, 2.60388401329692e-06, 5.041780395507812e+02, 5.041780395507812e+02, 5.041780395507812e+02, 5.041780395507812e+02, 5.041780395507812e+02, 0e+00, 0e+00, 4.019677960941635e+02, 2.60388401329692e-06, 4.679713597244549e+02, 5.041780395507812e+02, 5.041780395507812e+02, 5.041780395507812e+02, 5.041780395507812e+02, 0e+00, 2.60388401329692e-06]
bui.ets.tanChiWat.port_loaBot.m_flow=[-6.377629190683365e-02, -1.451360879942428e+00, -1.20032057762146e+00, -9.968981005512614e-01, -6.531390047073364e+00, -2.604508209228516e+01, -7.106639203682363e+01, -4.746007724975505e+01, -4.69561699329723e+01, -1.592712417618263e+01, -2.405871152877808e+00, -1.542611861228943e+00, -4.482003116607666e+00, -6.152185814601061e+00, -1.505962930389127e+01, -2.414792060852051e+01, -4.016502670414192e+01, -3.76310452285391e+01, -4.890650224685669e+00, -2.304793208814425e+00, -1.489991903305054e+00, -1.074443193235585e+00, -4.311002272300157e+00, -5.771187277209211e+00, -8.10973892211914e+00, -1.452038955688477e+01, -1.707427736656999e+01, -1.932119686958701e+01, -2.724505376815796e+00, -1.986156964302063e+00, -1.347438454627991e+00, -1.054505825042725e+00, -2.277981638908386e+00, -3.733043409875851e+00, -9.434970654232401e+00, -1.339209365844727e+01, -2.403214942604486e+01, -2.940746893763724e+01, -3.849832248687744e+00, -2.354351854324341e+00, -1.528047442436218e+00, -1.164062261581421e+00, -1.98894157409668e+00, -2.915273583018696e+00, -7.170603179931641e+00, -1.763632965087891e+01, -4.902003303554415e+01, -4.527868807332134e+01, -1.562874434345556e+01, -7.003081893920898e+00, -2.217952013015747e+00, -1.820989489555359e+00, -9.103132629394532e+00, -1.208926429748535e+01, -2.231810887654622e+01, -1.986992454528809e+01, -3.215469131469727e+01, -4.219115612396038e+01, -1.100765299754407e+01, -7.490943431854248e+00, -2.950472831726074e+00, -2.203256273269653e+00, -1.567497873306274e+00, -2.016196442969733e+00, -8.530171585083007e+00, -2.341380500793457e+01, -2.120815326188543e+01, -3.283722152709961e+01, -2.376754992201408e+01, -3.228696477074314e+00, -1.517505764961243e+00, -1.008986115455627e+00, -8.052099065240381e-01, -8.03256150517155e-01, -5.539465856552124e+00, -2.412206268310547e+01, -6.354791598007172e+01, -7.339250946044922e+01, -2.048519598548092e+01, -9.40617141723633e+00, -1.941527962684631e+00, -1.232933402061462e+00, -5.573146101282872e+00, -8.492779541015626e+00, -3.675917184174951e+01, -1.028131103515625e+02, -1.25529345703125e+02, -1.304553131103516e+02, -7.245643005371093e+01, -5.229223672014923e+01, -2.948087692260742e+01, -2.037620277404785e+01, -5.482866073748387e+01, -3.863248911358061e+01, -1.015615255057919e+02, -1.228000564575195e+02, -1.385558990478516e+02, -1.309265046380646e+02, -6.46882814679827e+01, -2.375549112558995e+01, -1.679399132728577e+00]
bui.ets.tanChiWat.TTop=[2.801499938964844e+02, 2.805672302246094e+02, 2.809828674316406e+02, 2.813019590043464e+02, 2.818263977050781e+02, 2.848592224121094e+02, 2.847534987552518e+02, 2.836907617519059e+02, 2.870016536088423e+02, 2.828830586757292e+02, 2.832515869140625e+02, 2.836161682128906e+02, 2.840763916015625e+02, 2.8495241980058e+02, 2.86364550289159e+02, 2.878756408691406e+02, 2.838752892864637e+02, 2.831392130977987e+02, 2.841686706542969e+02, 2.847647070615076e+02, 2.8507373046875e+02, 2.852367872620596e+02, 2.854624830257571e+02, 2.860590558447041e+02, 2.86880322265625e+02, 2.878301696777344e+02, 2.88531376791802e+02, 2.833752541533062e+02, 2.828690490722656e+02, 2.833666076660156e+02, 2.836714782714844e+02, 2.838494079589844e+02, 2.840428100585938e+02, 2.844311335406621e+02, 2.85406142543739e+02, 2.869548950195312e+02, 2.881024544370686e+02, 2.836283402367629e+02, 2.828693054199219e+02, 2.834910949707031e+02, 2.8386279296875e+02, 2.840646179199219e+02, 2.842477172851562e+02, 2.845076720764587e+02, 2.852078125e+02, 2.866392211914062e+02, 2.85859718573818e+02, 2.837523435913587e+02, 2.828471047495009e+02, 2.848501342773437e+02, 2.85480224609375e+02, 2.857329406738281e+02, 2.86212841796875e+02, 2.872428588867188e+02, 2.882459767659505e+02, 2.847611999511719e+02, 2.872849182128906e+02, 2.844069485080196e+02, 2.829780493447947e+02, 2.847422058105469e+02, 2.855854797363281e+02, 2.859592407226563e+02, 2.8616689453125e+02, 2.862884410419773e+02, 2.866169189453125e+02, 2.877880249023438e+02, 2.83155134913562e+02, 2.864595153808594e+02, 2.881411769712806e+02, 2.828855315942e+02, 2.833026123046875e+02, 2.835334777832031e+02, 2.836777361789948e+02, 2.83781354130653e+02, 2.840282592773438e+02, 2.860008239746094e+02, 2.863472010345155e+02, 2.831996459960938e+02, 2.825355643656716e+02, 2.852255737304687e+02, 2.857803039550781e+02, 2.859568908691406e+02, 2.862357830391597e+02, 2.869030639648437e+02, 2.880892206448228e+02, 2.842017822265625e+02, 2.821907897949219e+02, 2.812062255859375e+02, 2.815992126464844e+02, 2.822443256604342e+02, 2.836631469726562e+02, 2.866319885253906e+02, 2.852730796883959e+02, 2.832363059634254e+02, 2.871232945769223e+02, 2.834183959960938e+02, 2.821049255371094e+02, 2.815632025116118e+02, 2.82175914655413e+02, 2.832456530122641e+02, 2.849434509277344e+02]
bui.ets.tanChiWat.TBot=[2.801499938964844e+02, 2.801502373273983e+02, 2.801513610839844e+02, 2.801536014410411e+02, 2.801633728027344e+02, 2.805132751464844e+02, 2.828705575693517e+02, 2.787055177439045e+02, 2.828188253506747e+02, 2.826707443580981e+02, 2.824230651855469e+02, 2.824339294433594e+02, 2.824578491210938e+02, 2.825293315707081e+02, 2.827802689531225e+02, 2.837564392089844e+02, 2.837664111429009e+02, 2.830580090541813e+02, 2.806277954101562e+02, 2.808066834819862e+02, 2.809127197265625e+02, 2.809871811728736e+02, 2.811278862576191e+02, 2.814451551505317e+02, 2.819120300292969e+02, 2.827303771972656e+02, 2.83903697771883e+02, 2.831679834429383e+02, 2.820673400878906e+02, 2.821026184082031e+02, 2.821279602050781e+02, 2.8214765625e+02, 2.821758972167969e+02, 2.822333133077673e+02, 2.823875457333847e+02, 2.828907470703125e+02, 2.839380811445552e+02, 2.834722694867251e+02, 2.823754211425781e+02, 2.823916870117188e+02, 2.824059143066406e+02, 2.824183410644531e+02, 2.824353820800781e+02, 2.824673474718641e+02, 2.8256171875e+02, 2.8289794921875e+02, 2.843848783852654e+02, 2.83680496403685e+02, 2.824467944922912e+02, 2.825363647460937e+02, 2.826076965332031e+02, 2.826565612792969e+02, 2.828172180175781e+02, 2.832726135253906e+02, 2.841440195719401e+02, 2.808449401855469e+02, 2.825267761230469e+02, 2.841708295615554e+02, 2.811442063114937e+02, 2.814159790039063e+02, 2.816170654296875e+02, 2.817346862792969e+02, 2.818245788574219e+02, 2.819085733851178e+02, 2.821627990722656e+02, 2.832086181640625e+02, 2.796210077217781e+02, 2.812635131835938e+02, 2.838133612439237e+02, 2.800486165994702e+02, 2.80138671875e+02, 2.801955688476563e+02, 2.8023859258943e+02, 2.802761420750082e+02, 2.803751586914062e+02, 2.812122497558594e+02, 2.8390323974124e+02, 2.831984313964844e+02, 2.793333539820429e+02, 2.803465881347656e+02, 2.806369934082031e+02, 2.807512878417969e+02, 2.80999592345945e+02, 2.815240600585938e+02, 2.831174216199277e+02, 2.841218872070312e+02, 2.819097290039062e+02, 2.811962463378906e+02, 2.816190490722656e+02, 2.822525936322721e+02, 2.820527038574219e+02, 2.827202270507813e+02, 2.841893111116548e+02, 2.816208536057245e+02, 2.8450826363418e+02, 2.831909790039062e+02, 2.819451721191406e+02, 2.815687313554299e+02, 2.821944928850447e+02, 2.821482436625432e+02, 2.822586059570312e+02]
bui.ets.tanHeaWat.port_genTop.m_flow=[0e+00, 0e+00, 0e+00, 3.025068054199219e+02, 0e+00, 0e+00, -3.528565002852702e-06, 9.19867215998238e-06, 9.198676707455888e-06, -3.528565002852702e-06, 0e+00, 3.025068054199219e+02, 3.025068054199219e+02, 3.025068054199219e+02, 0e+00, 0e+00, -3.528565002852702e-06, -3.528565002852702e-06, 9.198676707455888e-06, 1.380572483881235e+02, 9.198681254929397e-06, 1.464589148512759e+02, 9.198676707455888e-06, 1.714921722412109e+02, 9.198674888466485e-06, 9.198676707455888e-06, 9.198676707455888e-06, -3.528565002852702e-06, 3.025068054199219e+02, 3.025068054199219e+02, 3.025068054199219e+02, 3.025068054199219e+02, 3.025068054199219e+02, 3.025068054199219e+02, 9.198673825254368e-06, 9.198676707455888e-06, 9.198674670857324e-06, -3.528565002852702e-06, 0e+00, 3.025068054199219e+02, 3.025068054199219e+02, 3.025068054199219e+02, 3.025068054199219e+02, 3.025068054199219e+02, 0e+00, 9.198681254929397e-06, 9.198676707455888e-06, -3.528565002852702e-06, 0e+00, 0e+00, -4.109451770782471e+00, 3.025068054199219e+02, 3.025068054199219e+02, 3.025068054199219e+02, -1.620083498954773e+00, 9.198676707455888e-06, 9.198676707455888e-06, -3.527142567301171e-06, 3.025068054199219e+02, 3.025068054199219e+02, 3.025068054199219e+02, 3.025068054199219e+02, 3.025068054199219e+02, 3.025068054199219e+02, 0e+00, 0e+00, 9.19867215998238e-06, 9.198676707455888e-06, 9.198676707455888e-06, 9.198676707455888e-06, 0e+00, 3.025068054199219e+02, 3.025068054199219e+02, 3.025068054199219e+02, 0e+00, 0e+00, -3.528565002852702e-06, -3.528565002852702e-06, 9.198678336401622e-06, 9.19867215998238e-06, 1.714921722412109e+02, 9.198676707455888e-06, 1.712621789575425e+02, 9.19867215998238e-06, 9.19867215998238e-06, -3.528565002852702e-06, -3.528565002852702e-06, -3.528565002852702e-06, -3.528565002852702e-06, -3.528565002852702e-06, 0e+00, 0e+00, -1.923527777354288e-06, 3.025068054199219e+02, 9.198672813120407e-06, -3.528565002852702e-06, -3.528565002852702e-06, -3.528565002852702e-06, -3.528565002852702e-06, 0e+00, 2.779963684082031e+02]
bui.ets.tanHeaWat.port_loaTop.m_flow=[-2.967512607574463e+00, -2.822004460179529e+01, -5.399462585449218e+01, -3.813950042851978e+01, -1.654990749359131e+01, -8.627483367919922e+00, -7.008614271490943e+00, -7.215599143927601e+00, -9.787408915433017e+00, -1.520851538414002e+01, -3.781099700927734e+01, -5.409969787597656e+01, -7.888730468750001e+01, -5.474176657225098e+01, -3.263785897739842e+01, -1.757530403137207e+01, -1.315222400476125e+01, -1.418134409518669e+01, -1.943485488891601e+01, -1.577203495607738e+01, -2.702472496032715e+01, -3.140026471822881e+01, -5.410787133648539e+01, -3.919047841480914e+01, -2.807257995605469e+01, -2.168480491638184e+01, -2.204321545351057e+01, -3.223960335549883e+01, -3.909024124145508e+01, -4.781075057983399e+01, -5.598862457275391e+01, -7.32485855102539e+01, -1.042989334106445e+02, -7.256502818333284e+01, -3.614822393068125e+01, -2.175798034667969e+01, -1.490931581719521e+01, -1.573296150211406e+01, -2.560594635009766e+01, -4.606456756591797e+01, -6.76798095703125e+01, -7.223549346923828e+01, -9.985028839111328e+01, -7.877192607959667e+01, -4.147579116821289e+01, -2.056648635864258e+01, -1.130600406862348e+01, -1.335585867363842e+01, -1.279617275337217e+01, -1.957220840454102e+01, -4.48155632019043e+01, -5.101369400024414e+01, -8.086338958740234e+01, -5.732444686889649e+01, -3.78591490427653e+01, -3.083530616760254e+01, -2.743938217163086e+01, -3.604256770887608e+01, -3.835307765817387e+01, -4.119543609619141e+01, -5.122980499267578e+01, -5.220393600463867e+01, -5.043253173828125e+01, -3.231096879934819e+01, -2.146702194213867e+01, -1.612431144714355e+01, -1.387194634500996e+01, -1.641640510559082e+01, -2.958372002886104e+01, -1.440779533111093e+01, -2.837217140197754e+01, -5.438125991821289e+01, -5.56854775527428e+01, -3.669752565935707e+01, -1.70952470779419e+01, -9.82072639465332e+00, -7.648055817924484e+00, -7.904813289642334e+00, -1.078678892619574e+01, -1.829277000427246e+01, -1.510194396972656e+01, -2.913291625976563e+01, -4.325038343098411e+01, -2.909407157897949e+01, -1.311471282902049e+01, -6.671613216400146e+00, -4.553406715393066e+00, -3.879674625396729e+00, -5.231453609466553e+00, -6.895640084866008e+00, -9.096222877502441e+00, -1.390400943756103e+01, -2.969380212351732e+01, -4.045429915473575e+01, -8.122889689954008e+00, -6.590328216552734e+00, -4.677129077911377e+00, -4.787982731909302e+00, -7.348236574445452e+00, -1.166217580893127e+01, -8.583137512207031e+01]
bui.ets.tanHeaWat.TTop=[3.231499938964844e+02, 3.226559299202852e+02, 3.191283264160156e+02, 3.186028105619555e+02, 3.184693359375e+02, 3.181083984375e+02, 3.176737288434783e+02, 3.171534197801942e+02, 3.163391414018111e+02, 3.149198868604256e+02, 3.120056762695312e+02, 3.154246032714844e+02, 3.189117980957031e+02, 3.196250038550787e+02, 3.190146012126392e+02, 3.1848583984375e+02, 3.176020780200801e+02, 3.16512088391153e+02, 3.149296264648438e+02, 3.163876343246212e+02, 3.207326049804688e+02, 3.180904748377829e+02, 3.223008275168756e+02, 3.197364605241422e+02, 3.220808654785156e+02, 3.203414916992188e+02, 3.18138308034549e+02, 3.155209709853215e+02, 3.147513000488281e+02, 3.166575073242187e+02, 3.188876342773438e+02, 3.209582397460937e+02, 3.223530822753906e+02, 3.225868652743108e+02, 3.217006603831976e+02, 3.208689270019531e+02, 3.195594231541172e+02, 3.180672398011902e+02, 3.159261413574219e+02, 3.154146118164062e+02, 3.18990966796875e+02, 3.222300476074219e+02, 3.244129943847656e+02, 3.247535396122432e+02, 3.233094787597656e+02, 3.215979309082031e+02, 3.200770330070941e+02, 3.186156092694618e+02, 3.169444492714412e+02, 3.14727587890625e+02, 3.109927978515625e+02, 3.124138549804687e+02, 3.135913330078125e+02, 3.137885620117187e+02, 3.135618469238281e+02, 3.127832946777344e+02, 3.110032165527344e+02, 3.086752463642782e+02, 3.069685409081857e+02, 3.082777404785156e+02, 3.09676513671875e+02, 3.10993994140625e+02, 3.118949645996094e+02, 3.124516029927626e+02, 3.128299072265625e+02, 3.123997192382812e+02, 3.116635247465268e+02, 3.106673706054688e+02, 3.089076515108472e+02, 3.202132002029775e+02, 3.174708251953125e+02, 3.156760498046875e+02, 3.177117613242765e+02, 3.180644476826314e+02, 3.180117309570313e+02, 3.176401672363281e+02, 3.171878484342965e+02, 3.16626953125e+02, 3.157459334188433e+02, 3.141032470703125e+02, 3.143205871582031e+02, 3.210059875488281e+02, 3.203243311680503e+02, 3.22346826171875e+02, 3.211698640282474e+02, 3.20360595703125e+02, 3.198010375976563e+02, 3.193310302734375e+02, 3.187932434082031e+02, 3.180049805169991e+02, 3.168666381835938e+02, 3.151158630371094e+02, 3.121407567187776e+02, 3.083772375924246e+02, 3.169783341084177e+02, 3.159017944335938e+02, 3.1514814453125e+02, 3.144951354069496e+02, 3.13689461844308e+02, 3.124429805761667e+02, 3.086888732910156e+02]
bui.ets.tanHeaWat.TBot=[3.231499938964844e+02, 3.154580163290335e+02, 3.118050048828125e+02, 3.185889762661891e+02, 3.149778991699219e+02, 3.118652038574219e+02, 3.096000053083729e+02, 3.079294650522278e+02, 3.062842431640625e+02, 3.04639501918982e+02, 3.041118469238281e+02, 3.139228271484375e+02, 3.180601501464844e+02, 3.196166738053822e+02, 3.177417973988388e+02, 3.12976806640625e+02, 3.105052265766238e+02, 3.085967343158075e+02, 3.071600646972656e+02, 3.088410459203742e+02, 3.130390319824219e+02, 3.112456645631095e+02, 3.175295514621287e+02, 3.139199508281206e+02, 3.166962219238281e+02, 3.127705078125e+02, 3.104428195989901e+02, 3.087829236139073e+02, 3.13851318359375e+02, 3.16105517578125e+02, 3.182492370605469e+02, 3.203667053222656e+02, 3.219591430664062e+02, 3.226054052188586e+02, 3.199591180505887e+02, 3.144096374511719e+02, 3.115189355019411e+02, 3.094288590324818e+02, 3.079320434570312e+02, 3.1341796875e+02, 3.179903259277344e+02, 3.213044006347656e+02, 3.238079406738281e+02, 3.247779353215144e+02, 3.189556518554688e+02, 3.134553527832031e+02, 3.105071891639937e+02, 3.081818564606756e+02, 3.064135939097118e+02, 3.05269140625e+02, 3.048958740234375e+02, 3.118413146972656e+02, 3.133028137207031e+02, 3.138012451171875e+02, 3.127236226399739e+02, 3.078786010742188e+02, 3.05284716796875e+02, 3.035422570971294e+02, 3.056549187457199e+02, 3.079278442382812e+02, 3.0928369140625e+02, 3.106489135742187e+02, 3.1169658203125e+02, 3.122782725475247e+02, 3.107368041992187e+02, 3.07837890625e+02, 3.05896979602575e+02, 3.043609558105469e+02, 3.032219042130511e+02, 3.104506782981668e+02, 3.083992614746094e+02, 3.138547607421875e+02, 3.172507724104257e+02, 3.180711031753762e+02, 3.1479541015625e+02, 3.117090759277344e+02, 3.094754177571291e+02, 3.076972900390625e+02, 3.059755239913713e+02, 3.044491577148438e+02, 3.052549133300781e+02, 3.13475537109375e+02, 3.137241125093976e+02, 3.174054260253906e+02, 3.135237768372493e+02, 3.113190307617188e+02, 3.097153625488281e+02, 3.08624609375e+02, 3.076059204101563e+02, 3.064298655393096e+02, 3.051723327636719e+02, 3.04039794921875e+02, 3.035847555199558e+02, 3.06490238734654e+02, 3.081666042252546e+02, 3.067444152832031e+02, 3.057958435058594e+02, 3.050624731263118e+02, 3.042883492606027e+02, 3.033459339999195e+02, 3.031962280273438e+02]
bui.ets.tanDhw.domHotWatTan.TTanTop.T=[3.231499938964844e+02, 3.231095985590026e+02, 3.229776123046875e+02, 3.226986599064032e+02, 3.222027099609375e+02, 3.214839782714844e+02, 3.205003982710925e+02, 3.230781714586913e+02, 3.240979127086293e+02, 3.269875774858066e+02, 3.26806396484375e+02, 3.264765014648438e+02, 3.259628173828125e+02, 3.252037997679889e+02, 3.242218324341297e+02, 3.230521545410156e+02, 3.217037202188791e+02, 3.202121100525384e+02, 3.232474548339844e+02, 3.238053913899487e+02, 3.242914428710938e+02, 3.254188655528462e+02, 3.239886650662128e+02, 3.243485003195756e+02, 3.239606811523437e+02, 3.248812561035156e+02, 3.258530511525266e+02, 3.25850090213874e+02, 3.255866027832031e+02, 3.251497863769531e+02, 3.244971923828125e+02, 3.235921936035156e+02, 3.224752258300781e+02, 3.211804921057648e+02, 3.224325466961928e+02, 3.236377258300781e+02, 3.24632832345787e+02, 3.275277785205501e+02, 3.272399780273437e+02, 3.26745166015625e+02, 3.260353393554688e+02, 3.250908325195313e+02, 3.239535217285156e+02, 3.226537023157506e+02, 3.21265185546875e+02, 3.2244482421875e+02, 3.256006631470908e+02, 3.261493705196355e+02, 3.259122284080584e+02, 3.254880737304687e+02, 3.248446655273438e+02, 3.239454467773438e+02, 3.228319641113281e+02, 3.21538037109375e+02, 3.201466389973958e+02, 3.233782043457031e+02, 3.243717102050781e+02, 3.282606123882107e+02, 3.27991759489602e+02, 3.274823059082031e+02, 3.267864074707031e+02, 3.258938049316406e+02, 3.248290954589844e+02, 3.236124356813615e+02, 3.223179016113281e+02, 3.209872741699219e+02, 3.228215652452973e+02, 3.238278564453125e+02, 3.247962103178496e+02, 3.253196624250901e+02, 3.258534851074219e+02, 3.256948974609375e+02, 3.254536867940367e+02, 3.250445235339307e+02, 3.244088256835938e+02, 3.235625610351562e+02, 3.224828196349249e+02, 3.212055908203125e+02, 3.214552849157533e+02, 3.237377624511719e+02, 3.245791015625e+02, 3.245422424316406e+02, 3.248205281767197e+02, 3.239159912109375e+02, 3.247428424892141e+02, 3.289977722167969e+02, 3.284827941894531e+02, 3.277859985351562e+02, 3.268917846679688e+02, 3.257965134933532e+02, 3.245262451171875e+02, 3.23138427734375e+02, 3.216934943242904e+02, 3.202187096732004e+02, 3.250031983188924e+02, 3.270655822753906e+02, 3.267451904296875e+02, 3.262691437830379e+02, 3.255516985212054e+02, 3.245698703743679e+02, 3.233580017089844e+02]
bui.ets.tanDhw.domHotWatTan.TTanBot.T=[3.231499938964844e+02, 3.199886737202489e+02, 3.171738403320313e+02, 3.133635635503346e+02, 3.109298522949219e+02, 3.097458190917969e+02, 3.089987925757587e+02, 3.218817179105897e+02, 3.232946238014915e+02, 3.222169421940195e+02, 3.198845520019531e+02, 3.189568481445312e+02, 3.173859680175781e+02, 3.138673127577518e+02, 3.11636050339638e+02, 3.102192687988281e+02, 3.090959931680979e+02, 3.078060832149862e+02, 3.224549072265625e+02, 3.229132031855151e+02, 3.235257873535156e+02, 3.247387212047661e+02, 3.232374776116047e+02, 3.234049962855431e+02, 3.231468505859375e+02, 3.240701904296875e+02, 3.250486343620838e+02, 3.201077558612164e+02, 3.160620788574219e+02, 3.140699829101562e+02, 3.137912292480469e+02, 3.139775695800781e+02, 3.12885888671875e+02, 3.096131931916448e+02, 3.157843825649207e+02, 3.228209838867188e+02, 3.238221946669502e+02, 3.217801377485434e+02, 3.177278991699219e+02, 3.157175842285156e+02, 3.154058532714844e+02, 3.155536193847656e+02, 3.144273193359375e+02, 3.111329422530595e+02, 3.089315856933594e+02, 3.148419189453125e+02, 3.237145812137617e+02, 3.205217767759811e+02, 3.164194697165976e+02, 3.144267333984375e+02, 3.141428833007812e+02, 3.143290161132812e+02, 3.132388244628906e+02, 3.099954833984375e+02, 3.077537628173828e+02, 3.225574951171875e+02, 3.235596923828125e+02, 3.239677710684917e+02, 3.193385834122387e+02, 3.170027648925781e+02, 3.166986083984375e+02, 3.169759765625e+02, 3.159325805664063e+02, 3.128949075982811e+02, 3.109316467285156e+02, 3.093977966308594e+02, 3.184934700605343e+02, 3.230164916992188e+02, 3.23989752191875e+02, 3.245973964427354e+02, 3.230513916015625e+02, 3.209240356445313e+02, 3.187323623431727e+02, 3.15238701803996e+02, 3.129534973144531e+02, 3.118119812011719e+02, 3.11048238644306e+02, 3.100615478515625e+02, 3.137376098632812e+02, 3.229540466308594e+02, 3.239431457519531e+02, 3.237715759277344e+02, 3.241126442006908e+02, 3.230716064453125e+02, 3.239273116837687e+02, 3.224727783203125e+02, 3.191289733886719e+02, 3.167521057128906e+02, 3.145988830566406e+02, 3.134810343504894e+02, 3.135675048828125e+02, 3.137369018554688e+02, 3.124980096810286e+02, 3.090237481253488e+02, 3.22409993087796e+02, 3.2114404296875e+02, 3.176142150878906e+02, 3.152059968407474e+02, 3.13097571672712e+02, 3.120750899130803e+02, 3.126406860351562e+02]
bui.ets.tanDhw.THotWatSupSet=[3.181499938964844e+02, 3.181499938964844e+02]
bui.ets.tanDhw.domHotWatTan.junTop.port_2.m_flow=[0e+00, 0e+00, 0e+00, 5.929133294557687e-06, 0e+00, 0e+00, -2.866189333872171e-06, 3.025068054199219e+02, 3.025068054199219e+02, -2.866189333872171e-06, 0e+00, 5.929133294557687e-06, 5.929133294557687e-06, 5.929133294557687e-06, 0e+00, 0e+00, -2.866189333872171e-06, -2.866189333872171e-06, 3.025068054199219e+02, 1.054714032682128e+02, 3.025068054199219e+02, 1.118900101446284e+02, 3.025068054199219e+02, 1.310146331787109e+02, 3.025068054199219e+02, 3.025068054199219e+02, 3.025068054199219e+02, -2.866189333872171e-06, 5.929133294557687e-06, 5.929133294557687e-06, 5.929133294557687e-06, 5.929133294557687e-06, 5.929133294557687e-06, 5.929133294557687e-06, 3.025068054199219e+02, 3.025068054199219e+02, 3.025068054199219e+02, -2.866189333872171e-06, 0e+00, 5.929133294557687e-06, 5.929133294557687e-06, 5.929133294557687e-06, 5.929133294557687e-06, 5.929133294557687e-06, 0e+00, 3.025068054199219e+02, 3.025068054199219e+02, -2.866189333872171e-06, 0e+00, 0e+00, -1.63777758643846e-06, 5.929133294557687e-06, 5.929133294557687e-06, 5.929133294557687e-06, -1.443412637710571e+00, 3.025068054199219e+02, 3.025068054199219e+02, -2.865033961120269e-06, 5.929133294557687e-06, 5.929133294557687e-06, 5.929133294557687e-06, 5.929133294557687e-06, 5.929133294557687e-06, 5.929133294557687e-06, 0e+00, 0e+00, 3.025068054199219e+02, 3.025068054199219e+02, 3.025068054199219e+02, 3.025068054199219e+02, 0e+00, 5.929133294557687e-06, 5.929133294557687e-06, 5.929133294557687e-06, 0e+00, 0e+00, -2.866189333872171e-06, -2.866189333872171e-06, 3.025068054199219e+02, 3.025068054199219e+02, 1.310146331787109e+02, 3.025068054199219e+02, 1.308389307897473e+02, 3.025068054199219e+02, 3.025068054199219e+02, -2.866189333872171e-06, -2.866189333872171e-06, -2.866189333872171e-06, -2.866189333872171e-06, -2.866189333872171e-06, 0e+00, 0e+00, -1.562446708313404e-06, 5.929133294557687e-06, 3.025068054199219e+02, -2.866189333872171e-06, -2.866189333872171e-06, -2.866189333872171e-06, -2.866189333872171e-06, 0e+00, 5.448728643386858e-06]
bui.ets.tanDhw.domHotWatTan.junTop.port_1.m_flow=[-0e+00, -1.081173896789551e+01, -1.081173896789551e+01, -1.081173896789551e+01, -1.081173896789551e+01, -1.081173896789551e+01, -1.081173896789551e+01, -1.081173896789551e+01, -1.081173896789551e+01, -1.081173896789551e+01, -1.081173896789551e+01, -1.081173896789551e+01, -1.081173896789551e+01, -1.081173896789551e+01, -1.081173896789551e+01, -1.081173896789551e+01, -1.081173896789551e+01, -1.081173896789551e+01, -1.081173896789551e+01, -1.081173896789551e+01, -1.081173896789551e+01, -1.081173896789551e+01, -1.081173896789551e+01, -1.081173896789551e+01, -1.081173896789551e+01, -1.081173896789551e+01, -1.081173896789551e+01, -1.081173896789551e+01, -1.081173896789551e+01, -1.081173896789551e+01, -1.081173896789551e+01, -1.081173896789551e+01, -1.081173896789551e+01, -1.081173896789551e+01, -1.081173896789551e+01, -1.081173896789551e+01, -1.081173896789551e+01, -1.081173896789551e+01, -1.081173896789551e+01, -1.081173896789551e+01, -1.081173896789551e+01, -1.081173896789551e+01, -1.081173896789551e+01, -1.081173896789551e+01, -1.081173896789551e+01, -1.081173896789551e+01, -1.081173896789551e+01, -1.081173896789551e+01, -1.081173896789551e+01, -1.081173896789551e+01, -1.081173896789551e+01, -1.081173896789551e+01, -1.081173896789551e+01, -1.081173896789551e+01, -1.081173896789551e+01, -1.081173896789551e+01, -1.081173896789551e+01, -1.081173896789551e+01, -1.081173896789551e+01, -1.081173896789551e+01, -1.081173896789551e+01, -1.081173896789551e+01, -1.081173896789551e+01, -1.081173896789551e+01, -1.081173896789551e+01, -1.081173896789551e+01, -1.081173896789551e+01, -1.081173896789551e+01, -1.081173896789551e+01, -1.081173896789551e+01, -1.081173896789551e+01, -1.081173896789551e+01, -1.081173896789551e+01, -1.081173896789551e+01, -1.081173896789551e+01, -1.081173896789551e+01, -1.081173896789551e+01, -1.081173896789551e+01, -1.081173896789551e+01, -1.081173896789551e+01, -1.081173896789551e+01, -1.081173896789551e+01, -1.081173896789551e+01, -1.081173896789551e+01, -1.081173896789551e+01, -1.081173896789551e+01, -1.081173896789551e+01, -1.081173896789551e+01, -1.081173896789551e+01, -1.081173896789551e+01, -1.081173896789551e+01, -1.081173896789551e+01, -1.081173896789551e+01, -1.081173896789551e+01, -1.081173896789551e+01, -1.081173896789551e+01, -1.081173896789551e+01, -1.081173896789551e+01, -1.081173896789551e+01, -1.081173896789551e+01, -1.081173896789551e+01]
bui.ets.valMixHea.y_actual=[1e+00, 1e+00, 1e+00, 1e+00, 1e+00, 1e+00, 1e+00, 4.492811656023535e-19, 7.510870305783555e-20, 1e+00, 1e+00, 1e+00, 1e+00, 1e+00, 1e+00, 1e+00, 1e+00, 1e+00, -3.897215104848719e-20, 5e-01, 1.176189006443541e-23, 5e-01, -9.04688832305698e-21, 5e-01, 5.520168936408924e-21, -2.675745761008054e-22, -2.220579956085057e-22, 1e+00, 1e+00, 1e+00, 1e+00, 1e+00, 1e+00, 1e+00, 9.177569556163544e-21, 7.791038090639373e-21, -1.333632645698513e-22, 1e+00, 1e+00, 1e+00, 1e+00, 1e+00, 1e+00, 1e+00, 1e+00, 4.470737696790935e-20, 2.256609249160179e-21, 1e+00, 1e+00, 1e+00, 1e+00, 1e+00, 1e+00, 1e+00, 8.583333333333334e-01, 3.257091314638778e-21, 4.118100391148893e-20, 1.000000039308765e+00, 1e+00, 1e+00, 1e+00, 1e+00, 1e+00, 1e+00, 1e+00, 1e+00, -7.775663835095984e-20, 2.056429551684559e-20, 1.328144802604095e-21, 5.132510046212474e-19, 1e+00, 1e+00, 1e+00, 1e+00, 1e+00, 1e+00, 1e+00, 1e+00, -8.696795062150526e-21, 2.078616602655021e-21, 5e-01, 1.977342305165724e-23, 5e-01, 1.704085850731327e-20, 9.8116637966702e-20, 1e+00, 1e+00, 1e+00, 1e+00, 1e+00, 1e+00, 1e+00, 1e+00, 1e+00, -2.940003971483058e-19, 1e+00, 1e+00, 1e+00, 1e+00, 1e+00, 1e+00]
