last-generated=2023-09-27
statistics-simulation=
{
  "linear": "4, 4",
  "nonlinear": "0, 0, 0, 0",
  "number of continuous time states": "4",
  "numerical Jacobians": "0"
}
time=[0e+00, 3.6e+02]
TSup.y=[3.031499938964844e+02, 3.031499938964844e+02, 3.031499938964844e+02, 3.031499938964844e+02, 3.031499938964844e+02, 3.031499938964844e+02, 3.031499938964844e+02, 3.031499938964844e+02, 3.031499938964844e+02, 3.031499938964844e+02, 3.031499938964844e+02, 3.031499938964844e+02, 3.031499938964844e+02, 3.031499938964844e+02, 3.031499938964844e+02, 3.031499938964844e+02, 3.031499938964844e+02, 3.033500059763645e+02, 3.039500116982971e+02, 3.045499875386664e+02, 3.051499938964844e+02, 3.057500002543024e+02, 3.063500066121204e+02, 3.069500116982971e+02, 3.075499875386664e+02, 3.081499938964844e+02, 3.087500002543024e+02, 3.093500066121204e+02, 3.099500116982971e+02, 3.105499875386664e+02, 3.111499938964844e+02, 3.117500002543024e+02, 3.123500066121204e+02, 3.129500116982971e+02, 3.131499938964844e+02, 3.131499938964844e+02, 3.131499938964844e+02, 3.131499938964844e+02, 3.131499938964844e+02, 3.131499938964844e+02, 3.131499938964844e+02, 3.131499938964844e+02, 3.131499938964844e+02, 3.131499938964844e+02, 3.131499938964844e+02, 3.131499938964844e+02, 3.131499938964844e+02, 3.131499938964844e+02, 3.131499938964844e+02, 3.131499938964844e+02, 3.131499938964844e+02, 3.131499938964844e+02, 3.131499938964844e+02, 3.131499938964844e+02, 3.131499938964844e+02, 3.131499938964844e+02, 3.131499938964844e+02, 3.131499938964844e+02, 3.131499938964844e+02, 3.131499938964844e+02, 3.131499938964844e+02, 3.131499938964844e+02, 3.131499938964844e+02, 3.131499938964844e+02, 3.131499938964844e+02, 3.131499938964844e+02, 3.131499938964844e+02, 3.131499938964844e+02, 3.131499938964844e+02, 3.131499938964844e+02, 3.131499938964844e+02, 3.131499938964844e+02, 3.131499938964844e+02, 3.131499938964844e+02, 3.131499938964844e+02, 3.131499938964844e+02, 3.131499938964844e+02, 3.131499938964844e+02, 3.131499938964844e+02, 3.131499938964844e+02, 3.131499938964844e+02, 3.131499938964844e+02, 3.131499938964844e+02, 3.131499938964844e+02, 3.131499938964844e+02, 3.131499938964844e+02, 3.131499938964844e+02, 3.131499938964844e+02, 3.131499938964844e+02, 3.131499938964844e+02, 3.131499938964844e+02, 3.131499938964844e+02, 3.131499938964844e+02, 3.131499938964844e+02, 3.131499938964844e+02, 3.131499938964844e+02, 3.131499938964844e+02, 3.131499938964844e+02, 3.131499938964844e+02, 3.131499938964844e+02, 3.131499938964844e+02]
TExh.y=[2.931499938964844e+02, 2.931499938964844e+02]
whe.m1_flow=[1.048808860778809e+01, 7.838669731185422e+00, 6.51013797729668e+00, 5.688554791860437e+00, 5.414145932514915e+00, 5.322700977325439e+00, 5.28668833045008e+00, 5.270296576204192e+00, 5.261088368892973e+00, 5.250776294452705e+00, 5.245974063873291e+00, 5.244564056146879e+00, 5.244194507641825e+00, 5.24409389494839e+00, 5.244063377387445e+00, 5.244052886962891e+00, 5.244048595427456e+00, 5.244046688080339e+00, 5.244045734405518e+00, 5.244045257568359e+00, 5.244045257568359e+00, 5.244044780731201e+00, 5.244044780731201e+00, 5.244044780731201e+00, 5.244044780731201e+00, 5.244044780731201e+00, 5.244044780731201e+00, 5.244044780731201e+00, 5.244044780731201e+00, 5.244044303894043e+00, 5.244044303894043e+00, 5.244044303894043e+00, 5.244044303894043e+00, 5.244044303894043e+00, 5.244044303894043e+00, 5.244044303894043e+00, 5.244044303894043e+00, 5.244044303894043e+00, 5.244044303894043e+00, 5.244044303894043e+00, 5.244044303894043e+00, 5.244044303894043e+00, 5.244044303894043e+00, 5.244044303894043e+00, 5.244044303894043e+00, 5.244044303894043e+00, 5.244044303894043e+00, 5.244044303894043e+00, 5.244044303894043e+00, 5.244044303894043e+00, 5.244044303894043e+00, 5.244044303894043e+00, 5.244044303894043e+00, 5.244044303894043e+00, 5.244044303894043e+00, 5.244044303894043e+00, 5.244044303894043e+00, 5.244044303894043e+00, 5.244044303894043e+00, 5.244044303894043e+00, 5.244044303894043e+00, 5.244044303894043e+00, 5.244044303894043e+00, 5.244044303894043e+00, 5.244044303894043e+00, 5.244044303894043e+00, 5.244044303894043e+00, 5.196152564374041e+00, 5.049752837786086e+00, 4.898979403475134e+00, 4.743416786193849e+00, 4.582576074528673e+00, 4.415881253792514e+00, 4.242640370198497e+00, 4.062019033670093e+00, 3.872983455657959e+00, 3.67423497285181e+00, 3.464102520985334e+00, 3.24036972149338e+00, 2.999999572554381e+00, 2.73861289024353e+00, 2.449490344706786e+00, 2.121321665568173e+00, 1.732049269542411e+00, 1.581138849258423e+00, 1.581138849258423e+00, 1.581138849258423e+00, 1.581138849258423e+00, 1.581138849258423e+00, 1.581138849258423e+00, 1.581138849258423e+00, 1.581138849258423e+00, 1.581138849258423e+00, 1.581138849258423e+00, 1.581138849258423e+00, 1.581138849258423e+00, 1.581138849258423e+00, 1.581138849258423e+00, 1.581138849258423e+00, 1.581138849258423e+00, 1.581138849258423e+00]
whe.m2_flow=[2.157636642456055e+00, 2.958472017451665e+00, 3.095468770477392e+00, 3.369881851047612e+00, 3.722177781981661e+00, 4.077624797821045e+00, 4.417335475052226e+00, 4.738231592495051e+00, 5.040587486276104e+00, 5.321988465617926e+00, 5.592362880706787e+00, 5.852997410881996e+00, 6.103481240481806e+00, 6.344361355144748e+00, 6.576503179823463e+00, 6.8007493019104e+00, 7.017842383104378e+00, 7.158915042877703e+00, 7.158913612365723e+00, 7.158912658691406e+00, 7.158912181854248e+00, 7.15891170501709e+00, 7.15891170501709e+00, 7.158911228179932e+00, 7.158911228179932e+00, 7.158911228179932e+00, 7.158911228179932e+00, 7.158911228179932e+00, 7.158911228179932e+00, 7.158911228179932e+00, 7.158911228179932e+00, 7.158911228179932e+00, 7.158911228179932e+00, 7.158911228179932e+00, 7.158911228179932e+00, 7.158911228179932e+00, 7.158911228179932e+00, 7.158911228179932e+00, 7.158911228179932e+00, 7.158911228179932e+00, 7.158911228179932e+00, 7.158911228179932e+00, 7.158911228179932e+00, 7.158911228179932e+00, 7.158911228179932e+00, 7.158911228179932e+00, 7.158911228179932e+00, 7.158911228179932e+00, 7.158911228179932e+00, 7.158911228179932e+00, 7.158911228179932e+00, 7.158911228179932e+00, 7.158911228179932e+00, 7.158911228179932e+00, 7.158911228179932e+00, 7.158911228179932e+00, 7.158911228179932e+00, 7.158911228179932e+00, 7.158911228179932e+00, 7.158911228179932e+00, 7.158911228179932e+00, 7.158911228179932e+00, 7.158911228179932e+00, 7.158911228179932e+00, 7.158911228179932e+00, 7.158911228179932e+00, 7.158911228179932e+00, 7.158911228179932e+00, 7.158911228179932e+00, 7.158911228179932e+00, 7.158911228179932e+00, 7.158911228179932e+00, 7.158911228179932e+00, 7.158911228179932e+00, 7.158911228179932e+00, 7.158911228179932e+00, 7.158911228179932e+00, 7.158911228179932e+00, 7.158911228179932e+00, 7.158911228179932e+00, 7.158911228179932e+00, 7.158911228179932e+00, 7.158911228179932e+00, 7.158911228179932e+00, 7.158911228179932e+00, 7.158911228179932e+00, 7.158911228179932e+00, 7.158911228179932e+00, 7.158911228179932e+00, 7.158911228179932e+00, 7.158911228179932e+00, 7.158911228179932e+00, 7.158911228179932e+00, 7.158911228179932e+00, 7.158911228179932e+00, 7.158911228179932e+00, 7.158911228179932e+00, 7.158911228179932e+00, 7.158911228179932e+00, 7.158911228179932e+00, 7.158911228179932e+00]
whe.sta_b1.T=[3.026019287109375e+02, 3.017606506123233e+02, 3.00925903273326e+02, 3.000804748941316e+02, 2.994389037502406e+02, 2.989251403808594e+02, 2.984759521941143e+02, 2.980650635611252e+02, 2.976794737968531e+02, 2.97376586935858e+02, 2.973302612304688e+02, 2.972895812824007e+02, 2.972517395098112e+02, 2.972156982347499e+02, 2.971810608055029e+02, 2.971476440429688e+02, 2.971152953967039e+02, 2.971551208110307e+02, 2.97333434909453e+02, 2.975054625746304e+02, 2.976712646484375e+02, 2.978307800953301e+02, 2.979840699509819e+02, 2.981311033931304e+02, 2.982718505273419e+02, 2.984063720703125e+02, 2.985346069863686e+02, 2.986566163110545e+02, 2.987723387712097e+02, 2.988818053745846e+02, 2.989850463867188e+02, 2.990820007719383e+02, 2.991726990483389e+02, 2.992571410438202e+02, 2.992839050292969e+02, 2.992839050292969e+02, 2.992839050292969e+02, 2.992839050292969e+02, 2.992839050292969e+02, 2.992839050292969e+02, 2.992839050292969e+02, 2.992839050292969e+02, 2.992839050292969e+02, 2.992839050292969e+02, 2.992839050292969e+02, 2.992839050292969e+02, 2.992839050292969e+02, 2.992839050292969e+02, 2.992839050292969e+02, 2.992839050292969e+02, 2.992839050292969e+02, 2.992839050292969e+02, 2.992839050292969e+02, 2.992839050292969e+02, 2.992839050292969e+02, 2.992839050292969e+02, 2.992839050292969e+02, 2.992839050292969e+02, 2.992839050292969e+02, 2.992839050292969e+02, 2.992839050292969e+02, 2.992839050292969e+02, 2.992839050292969e+02, 2.992839050292969e+02, 2.992839050292969e+02, 2.992839050292969e+02, 2.992839050292969e+02, 2.99300567669768e+02, 2.993515624562797e+02, 2.994040528251788e+02, 2.994582214355469e+02, 2.995142210951698e+02, 2.995722654252834e+02, 2.996325990865004e+02, 2.996954651975796e+02, 2.997612915039062e+02, 2.998305052510568e+02, 2.999036557518157e+02, 2.999815371404915e+02, 3.000652162134645e+02, 3.001562194824219e+02, 3.00256866276575e+02, 3.003711238567621e+02, 3.005066228385799e+02, 3.005591430664062e+02, 3.005591430664062e+02, 3.005591430664062e+02, 3.005591430664062e+02, 3.005591430664062e+02, 3.005591430664062e+02, 3.005591430664062e+02, 3.005591430664062e+02, 3.005591430664062e+02, 3.005591430664062e+02, 3.005591430664062e+02, 3.005591430664062e+02, 3.005591430664062e+02, 3.005591430664062e+02, 3.005591430664062e+02, 3.005591430664062e+02, 3.005591430664062e+02]
whe.sta_b2.T=[2.958210754394531e+02, 2.968398742977289e+02, 2.978374634160945e+02, 2.983415527163872e+02, 2.985578308255353e+02, 2.986744079589844e+02, 2.987531127855473e+02, 2.988148193238109e+02, 2.988684082147665e+02, 2.988544617786407e+02, 2.986173706054688e+02, 2.984091490881726e+02, 2.982256164920723e+02, 2.980627441083845e+02, 2.979170532817693e+02, 2.977857360839844e+02, 2.976665954111895e+02, 2.976951293295651e+02, 2.98004455302532e+02, 2.983183592411226e+02, 2.986368408203125e+02, 2.98959900040425e+02, 2.992875369011368e+02, 2.996197812108638e+02, 2.999565733428141e+02, 3.002979736328125e+02, 3.006439210462847e+02, 3.009944766178049e+02, 3.013496090723207e+02, 3.017093199150794e+02, 3.020736083984375e+02, 3.024424745227182e+02, 3.028159182875981e+02, 3.031939388869025e+02, 3.033209533691406e+02, 3.033209533691406e+02, 3.033209533691406e+02, 3.033209533691406e+02, 3.033209533691406e+02, 3.033209533691406e+02, 3.033209533691406e+02, 3.033209533691406e+02, 3.033209533691406e+02, 3.033209533691406e+02, 3.033209533691406e+02, 3.033209533691406e+02, 3.033209533691406e+02, 3.033209533691406e+02, 3.033209533691406e+02, 3.033209533691406e+02, 3.033209533691406e+02, 3.033209533691406e+02, 3.033209533691406e+02, 3.033209533691406e+02, 3.033209533691406e+02, 3.033209533691406e+02, 3.033209533691406e+02, 3.033209533691406e+02, 3.033209533691406e+02, 3.033209533691406e+02, 3.033209533691406e+02, 3.033209533691406e+02, 3.033209533691406e+02, 3.033209533691406e+02, 3.033209533691406e+02, 3.033209533691406e+02, 3.033209533691406e+02, 3.032160641847235e+02, 3.028967593062613e+02, 3.025700372798999e+02, 3.022352905273438e+02, 3.018916021515605e+02, 3.015380261156481e+02, 3.011734301355792e+02, 3.007963860655318e+02, 3.004051513671875e+02, 2.999975287793192e+02, 2.995706801870813e+02, 2.991209090659422e+02, 2.986430960802065e+02, 2.981298522949219e+02, 2.97569825206209e+02, 2.969439719612155e+02, 2.962150851039056e+02, 2.959364624023438e+02, 2.959364624023438e+02, 2.959364624023438e+02, 2.959364624023438e+02, 2.959364624023438e+02, 2.959364624023438e+02, 2.959364624023438e+02, 2.959364624023438e+02, 2.959364624023438e+02, 2.959364624023438e+02, 2.959364624023438e+02, 2.959364624023438e+02, 2.959364624023438e+02, 2.959364624023438e+02, 2.959364624023438e+02, 2.959364624023438e+02, 2.959364624023438e+02]
whe.yWheSpe=[6.99999988079071e-01, 6.99999988079071e-01, 6.99999988079071e-01, 6.99999988079071e-01, 6.99999988079071e-01, 6.99999988079071e-01, 6.99999988079071e-01, 6.99999988079071e-01, 6.99999988079071e-01, 6.99999988079071e-01, 6.99999988079071e-01, 6.99999988079071e-01, 6.99999988079071e-01, 6.99999988079071e-01, 6.99999988079071e-01, 6.99999988079071e-01, 6.99999988079071e-01, 7.020000206629241e-01, 7.07999999205194e-01, 7.139999841055157e-01, 7.200000286102295e-01, 7.260000135102985e-01, 7.319999984106202e-01, 7.37999970595217e-01, 7.440000150998046e-01, 7.5e-01, 7.559999849001954e-01, 7.62000029404783e-01, 7.680000015893798e-01, 7.739999864897014e-01, 7.799999713897705e-01, 7.860000158944843e-01, 7.92000000794806e-01, 7.979999729794028e-01, 8.00000011920929e-01, 8.00000011920929e-01, 8.00000011920929e-01, 8.00000011920929e-01, 8.00000011920929e-01, 8.00000011920929e-01, 8.00000011920929e-01, 8.00000011920929e-01, 8.00000011920929e-01, 8.00000011920929e-01, 8.00000011920929e-01, 8.00000011920929e-01, 8.00000011920929e-01, 8.00000011920929e-01, 8.00000011920929e-01, 8.00000011920929e-01, 8.00000011920929e-01, 8.00000011920929e-01, 8.00000011920929e-01, 8.00000011920929e-01, 8.00000011920929e-01, 8.00000011920929e-01, 8.00000011920929e-01, 8.00000011920929e-01, 8.00000011920929e-01, 8.00000011920929e-01, 8.00000011920929e-01, 8.00000011920929e-01, 8.00000011920929e-01, 8.00000011920929e-01, 8.00000011920929e-01, 8.00000011920929e-01, 8.00000011920929e-01, 8.00000011920929e-01, 8.00000011920929e-01, 8.00000011920929e-01, 8.00000011920929e-01, 8.00000011920929e-01, 8.00000011920929e-01, 8.00000011920929e-01, 8.00000011920929e-01, 8.00000011920929e-01, 8.00000011920929e-01, 8.00000011920929e-01, 8.00000011920929e-01, 8.00000011920929e-01, 8.00000011920929e-01, 8.00000011920929e-01, 8.00000011920929e-01, 8.00000011920929e-01, 8.00000011920929e-01, 8.00000011920929e-01, 8.00000011920929e-01, 8.00000011920929e-01, 8.00000011920929e-01, 8.00000011920929e-01, 8.00000011920929e-01, 8.00000011920929e-01, 8.00000011920929e-01, 8.00000011920929e-01, 8.00000011920929e-01, 8.00000011920929e-01, 8.00000011920929e-01, 8.00000011920929e-01, 8.00000011920929e-01, 8.00000011920929e-01, 8.00000011920929e-01]
whe.effCal.epsS=[5.170192718505859e-01, 5.312478545138076e-01, 5.40760577160995e-01, 5.484306212443264e-01, 5.550360686130297e-01, 5.609251856803894e-01, 5.662894839513049e-01, 5.71247934274199e-01, 5.758802900235686e-01, 5.802431088486153e-01, 5.843783617019653e-01, 5.883180515327717e-01, 5.920873276485421e-01, 5.957063444002655e-01, 5.991915449841776e-01, 6.025567054748535e-01, 6.058131469921517e-01, 6.096656311435854e-01, 6.148764446907661e-01, 6.200872637596438e-01, 6.252980828285217e-01, 6.305089018972733e-01, 6.357197209660248e-01, 6.40930528991761e-01, 6.461413480606387e-01, 6.513521671295166e-01, 6.565629861983945e-01, 6.617738052672723e-01, 6.669846132927558e-01, 6.721954323616336e-01, 6.774062514305115e-01, 6.826170704993894e-01, 6.878278895682671e-01, 6.930386975937507e-01, 6.947756409645081e-01, 6.947756409645081e-01, 6.947756409645081e-01, 6.947756409645081e-01, 6.947756409645081e-01, 6.947756409645081e-01, 6.947756409645081e-01, 6.947756409645081e-01, 6.947756409645081e-01, 6.947756409645081e-01, 6.947756409645081e-01, 6.947756409645081e-01, 6.947756409645081e-01, 6.947756409645081e-01, 6.947756409645081e-01, 6.947756409645081e-01, 6.947756409645081e-01, 6.947756409645081e-01, 6.947756409645081e-01, 6.947756409645081e-01, 6.947756409645081e-01, 6.947756409645081e-01, 6.947756409645081e-01, 6.947756409645081e-01, 6.947756409645081e-01, 6.947756409645081e-01, 6.947756409645081e-01, 6.947756409645081e-01, 6.947756409645081e-01, 6.947756409645081e-01, 6.947756409645081e-01, 6.947756409645081e-01, 6.947756409645081e-01, 6.939390280270684e-01, 6.913816950792416e-01, 6.887478782950465e-01, 6.860304474830627e-01, 6.832208085675543e-01, 6.803089480480323e-01, 6.772826804871406e-01, 6.741275136373681e-01, 6.708253622055054e-01, 6.673535168688834e-01, 6.636828311578116e-01, 6.597745876503653e-01, 6.555756851872224e-01, 6.510096788406372e-01, 6.459591478277363e-01, 6.402265635537387e-01, 6.334265803313571e-01, 6.307904124259949e-01, 6.307904124259949e-01, 6.307904124259949e-01, 6.307904124259949e-01, 6.307904124259949e-01, 6.307904124259949e-01, 6.307904124259949e-01, 6.307904124259949e-01, 6.307904124259949e-01, 6.307904124259949e-01, 6.307904124259949e-01, 6.307904124259949e-01, 6.307904124259949e-01, 6.307904124259949e-01, 6.307904124259949e-01, 6.307904124259949e-01, 6.307904124259949e-01]
whe.effCal.epsL=[4.040385484695435e-01, 4.324957435983013e-01, 4.515210994857404e-01, 4.668611876524033e-01, 4.80072171796706e-01, 4.918503165245056e-01, 5.025789726709812e-01, 5.124958733167062e-01, 5.217605252109901e-01, 5.304862224656023e-01, 5.387567281723022e-01, 5.466361078337888e-01, 5.541746600654557e-01, 5.614126935689026e-01, 5.683831543412451e-01, 5.751133561134338e-01, 5.816263583570672e-01, 5.875312675324159e-01, 5.925528960573978e-01, 5.975745299035463e-01, 6.025961637496948e-01, 6.076177975958433e-01, 6.126394314419918e-01, 6.176610546458072e-01, 6.226826884919557e-01, 6.277043223381042e-01, 6.327259561842528e-01, 6.377475900304013e-01, 6.427692132342167e-01, 6.477908470803652e-01, 6.528124809265137e-01, 6.578341147726622e-01, 6.628557486188107e-01, 6.678773718228788e-01, 6.695512533187866e-01, 6.695512533187866e-01, 6.695512533187866e-01, 6.695512533187866e-01, 6.695512533187866e-01, 6.695512533187866e-01, 6.695512533187866e-01, 6.695512533187866e-01, 6.695512533187866e-01, 6.695512533187866e-01, 6.695512533187866e-01, 6.695512533187866e-01, 6.695512533187866e-01, 6.695512533187866e-01, 6.695512533187866e-01, 6.695512533187866e-01, 6.695512533187866e-01, 6.695512533187866e-01, 6.695512533187866e-01, 6.695512533187866e-01, 6.695512533187866e-01, 6.695512533187866e-01, 6.695512533187866e-01, 6.695512533187866e-01, 6.695512533187866e-01, 6.695512533187866e-01, 6.695512533187866e-01, 6.695512533187866e-01, 6.695512533187866e-01, 6.695512533187866e-01, 6.695512533187866e-01, 6.695512533187866e-01, 6.695512533187866e-01, 6.678780870485522e-01, 6.627633615482537e-01, 6.574957875840031e-01, 6.520609259605408e-01, 6.46441648129524e-01, 6.406178674858352e-01, 6.345653919676859e-01, 6.282549986645067e-01, 6.216506958007812e-01, 6.147070647321822e-01, 6.073656933100384e-01, 5.99549206295146e-01, 5.911514013683548e-01, 5.820193886756897e-01, 5.719183266498878e-01, 5.604531581018929e-01, 5.468531916571295e-01, 5.41580855846405e-01, 5.41580855846405e-01, 5.41580855846405e-01, 5.41580855846405e-01, 5.41580855846405e-01, 5.41580855846405e-01, 5.41580855846405e-01, 5.41580855846405e-01, 5.41580855846405e-01, 5.41580855846405e-01, 5.41580855846405e-01, 5.41580855846405e-01, 5.41580855846405e-01, 5.41580855846405e-01, 5.41580855846405e-01, 5.41580855846405e-01, 5.41580855846405e-01]
