last-generated=2022-05-25
statistics-initialization=
{
  "nonlinear": "1, 1, 1, 1, 1, 1, 1, 1, 1, 1, 1, 1, 1, 1, 1, 1, 1, 1, 1, 1, 1, 1, 1, 1, 1, 1, 2,   1, 1, 1, 1, 1, 1, 1, 1, 1, 1, 1, 1, 1, 1, 1, 1, 1, 1, 1, 1, 1, 1, 1, 1, 1, 1",
  "numerical Jacobians": "0"
}
statistics-simulation=
{
  "linear": "0, 0, 0, 0, 0, 0",
  "nonlinear": "1, 1, 1, 1, 1, 1, 1, 1, 1, 1, 1, 1, 1, 1, 1, 1, 1, 1, 1, 1, 1, 1, 1, 1, 1, 1, 1,   1, 1, 1, 1, 1, 1, 1, 1, 1, 1, 1, 1, 1, 1, 1, 1, 1, 1, 1, 1, 1, 1, 1, 1, 1",
  "number of continuous time states": "61",
  "numerical Jacobians": "0"
}
time=[0e+00, 3.1536e+07]
weaDat.weaBus.TDryBul=[2.803500061035156e+02, 2.835484008789062e+02, 2.770389404296875e+02, 2.831499938964844e+02, 2.855327758789062e+02, 2.859500122070312e+02, 2.863263549804688e+02, 2.820830078125e+02, 2.786632690429688e+02, 2.815326538085938e+02, 2.859500122070312e+02, 2.817511901855469e+02, 2.885028076171875e+02, 2.879779968261719e+02, 2.866836853027344e+02, 2.846499938964844e+02, 2.832253112792969e+02, 2.852710876464844e+02, 2.905267944335938e+02, 2.85869384765625e+02, 2.8375e+02, 2.885899963378906e+02, 2.800525817871094e+02, 2.8375e+02, 2.9037841796875e+02, 2.864500122070312e+02, 2.831499938964844e+02, 2.8875e+02, 2.875617980957031e+02, 2.864657287597656e+02, 2.920499877929688e+02, 2.8204345703125e+02, 2.851651916503906e+02, 2.994768371582031e+02, 2.831355895996094e+02, 2.859500122070312e+02, 2.925713195800781e+02, 2.891605834960938e+02, 2.900167846679688e+02, 2.889595947265625e+02, 2.8425e+02, 2.885757751464844e+02, 2.889704284667969e+02, 2.870499877929688e+02, 2.915001220703125e+02, 2.848500061035156e+02, 2.852939147949219e+02, 2.8925e+02, 2.859500122070312e+02, 2.883904724121094e+02, 2.9275e+02, 2.859880065917969e+02, 2.891083984375e+02, 2.930523986816406e+02, 2.881499938964844e+02, 2.896499938964844e+02, 2.903481750488281e+02, 2.864500122070312e+02, 2.922699890136719e+02, 2.905599975585938e+02, 2.875499877929688e+02, 2.968235778808594e+02, 2.86503662109375e+02, 2.893653564453125e+02, 2.93510009765625e+02, 2.864500122070312e+02, 2.875499877929688e+02, 2.920499877929688e+02, 2.849372863769531e+02, 2.896205444335938e+02, 2.925499877929688e+02, 2.853434448242188e+02, 2.880203857421875e+02, 2.939845275878906e+02, 2.8875e+02, 2.875499877929688e+02, 2.918733215332031e+02, 2.863281860351562e+02, 2.911700134277344e+02, 2.900556030273438e+02, 2.875499877929688e+02, 2.897840576171875e+02, 2.850614318847656e+02, 2.842689208984375e+02, 2.870499877929688e+02, 2.848500061035156e+02, 2.872200012207031e+02, 2.894700012207031e+02, 2.847069702148438e+02, 2.871203002929688e+02, 2.875499877929688e+02, 2.824481201171875e+02, 2.853500061035156e+02, 2.864500122070312e+02, 2.812572937011719e+02, 2.825499877929688e+02, 2.839954528808594e+02, 2.825499877929688e+02, 2.854684143066406e+02, 2.796802978515625e+02, 2.845499877929688e+02]
pla.sta_a.T=[2.931499938964844e+02, 2.838339538574219e+02, 2.834425964355469e+02, 2.827603759765625e+02, 2.850327758789062e+02, 2.851499938964844e+02, 2.8380712890625e+02, 2.837615661621094e+02, 2.839895324707031e+02, 2.842195129394531e+02, 2.851499938964844e+02, 2.844335632324219e+02, 2.891499938964844e+02, 2.872172241210938e+02, 2.873179321289062e+02, 2.851499938964844e+02, 2.851499938964844e+02, 2.890557861328125e+02, 2.891499938964844e+02, 2.851499938964844e+02, 2.891358642578125e+02, 2.890690307617188e+02, 2.851499938964844e+02, 2.831266479492188e+02, 2.891499938964844e+02, 2.891498718261719e+02, 2.877227478027344e+02, 2.851576843261719e+02, 2.891496276855469e+02, 2.886797790527344e+02, 2.891499938964844e+02, 2.891485900878906e+02, 2.890596618652344e+02, 2.891499938964844e+02, 2.890945739746094e+02, 2.891497497558594e+02, 2.891499938964844e+02, 2.891499938964844e+02, 2.891499938964844e+02, 2.891499938964844e+02, 2.883999938964844e+02, 2.891466064453125e+02, 2.891499938964844e+02, 2.891499633789062e+02, 2.891499938964844e+02, 2.881772766113281e+02, 2.891470642089844e+02, 2.891499938964844e+02, 2.891461791992188e+02, 2.891499938964844e+02, 2.891863098144531e+02, 2.891499938964844e+02, 2.891499938964844e+02, 2.891499938964844e+02, 2.891499938964844e+02, 2.891499938964844e+02, 2.891499938964844e+02, 2.891499938964844e+02, 2.891499938964844e+02, 2.891499938964844e+02, 2.891494445800781e+02, 2.891499938964844e+02, 2.890576171875e+02, 2.891499938964844e+02, 2.891499938964844e+02, 2.890835876464844e+02, 2.891499938964844e+02, 2.891499938964844e+02, 2.8914208984375e+02, 2.891499938964844e+02, 2.891499938964844e+02, 2.891499938964844e+02, 2.891499938964844e+02, 2.891499938964844e+02, 2.891499938964844e+02, 2.891474609375e+02, 2.891499938964844e+02, 2.891499938964844e+02, 2.891499938964844e+02, 2.891499938964844e+02, 2.891499938964844e+02, 2.891499938964844e+02, 2.882265625e+02, 2.884628295898438e+02, 2.891499938964844e+02, 2.851499938964844e+02, 2.891499633789062e+02, 2.891499938964844e+02, 2.886896057128906e+02, 2.891206970214844e+02, 2.852353820800781e+02, 2.845319213867188e+02, 2.837843933105469e+02, 2.851499938964844e+02, 2.851122741699219e+02, 2.851499938964844e+02, 2.851482543945312e+02, 2.847067565917969e+02, 2.849684143066406e+02, 2.845175170898438e+02, 2.843166809082031e+02]
pla.sta_b.T=[2.931499938964844e+02, 2.851499938964844e+02, 2.851499938964844e+02, 2.851499938964844e+02, 2.851499938964844e+02, 2.851499938964844e+02, 2.851499938964844e+02, 2.851499938964844e+02, 2.851499938964844e+02, 2.851499938964844e+02, 2.851499938964844e+02, 2.851499938964844e+02, 2.891499938964844e+02, 2.872172241210938e+02, 2.873179321289062e+02, 2.851499938964844e+02, 2.851499938964844e+02, 2.890557861328125e+02, 2.891499938964844e+02, 2.851499938964844e+02, 2.891358642578125e+02, 2.890690307617188e+02, 2.851499938964844e+02, 2.851499938964844e+02, 2.891499938964844e+02, 2.891498718261719e+02, 2.877227478027344e+02, 2.851576843261719e+02, 2.891496276855469e+02, 2.886797790527344e+02, 2.891499938964844e+02, 2.891485900878906e+02, 2.890596618652344e+02, 2.898870544433594e+02, 2.890945739746094e+02, 2.891497497558594e+02, 2.90476318359375e+02, 2.891499938964844e+02, 2.905167846679688e+02, 2.894595947265625e+02, 2.883999938964844e+02, 2.891466064453125e+02, 2.894704284667969e+02, 2.891499633789062e+02, 2.915208435058594e+02, 2.881772766113281e+02, 2.891470642089844e+02, 2.8975e+02, 2.891461791992188e+02, 2.891499938964844e+02, 2.891863098144531e+02, 2.891499938964844e+02, 2.896083984375e+02, 2.925388793945312e+02, 2.891499938964844e+02, 2.901499938964844e+02, 2.908481750488281e+02, 2.891499938964844e+02, 2.925388793945312e+02, 2.910599975585938e+02, 2.891494445800781e+02, 2.925388793945312e+02, 2.890576171875e+02, 2.891499938964844e+02, 2.925388793945312e+02, 2.890835876464844e+02, 2.891499938964844e+02, 2.925435180664062e+02, 2.8914208984375e+02, 2.891499938964844e+02, 2.924323120117188e+02, 2.891499938964844e+02, 2.891499938964844e+02, 2.919669494628906e+02, 2.891499938964844e+02, 2.891474609375e+02, 2.915472717285156e+02, 2.891499938964844e+02, 2.910428771972656e+02, 2.9056298828125e+02, 2.891499938964844e+02, 2.897890319824219e+02, 2.882265625e+02, 2.884628295898438e+02, 2.891499938964844e+02, 2.851499938964844e+02, 2.891499633789062e+02, 2.891499938964844e+02, 2.886896057128906e+02, 2.891206970214844e+02, 2.852353820800781e+02, 2.851499938964844e+02, 2.851499938964844e+02, 2.851499938964844e+02, 2.851499938964844e+02, 2.851499938964844e+02, 2.851499938964844e+02, 2.851499938964844e+02, 2.851499938964844e+02, 2.851499938964844e+02, 2.851499938964844e+02]
watTem.y[1]=[2.848166809082031e+02, 2.843339538574219e+02, 2.839425964355469e+02, 2.837068786621094e+02, 2.83691162109375e+02, 2.838516845703125e+02, 2.840456237792969e+02, 2.842615661621094e+02, 2.844895324707031e+02, 2.847195129394531e+02, 2.849415893554688e+02, 2.85145751953125e+02, 2.853220520019531e+02, 2.854700622558594e+02, 2.856149291992188e+02, 2.85758544921875e+02, 2.859005737304688e+02, 2.86040771484375e+02, 2.861788330078125e+02, 2.86314453125e+02, 2.864474182128906e+02, 2.865636596679688e+02, 2.866377563476562e+02, 2.866899719238281e+02, 2.867427368164062e+02, 2.868185119628906e+02, 2.869397583007812e+02, 2.871381225585938e+02, 2.8747802734375e+02, 2.879055786132812e+02, 2.883445129394531e+02, 2.887188415527344e+02, 2.890557556152344e+02, 2.893870544433594e+02, 2.896651611328125e+02, 2.898452453613281e+02, 2.89976318359375e+02, 2.900993347167969e+02, 2.902210693359375e+02, 2.903484191894531e+02, 2.904834594726562e+02, 2.906195068359375e+02, 2.907552185058594e+02, 2.908895568847656e+02, 2.910208435058594e+02, 2.911480407714844e+02, 2.912731628417969e+02, 2.913982849121094e+02, 2.915299682617188e+02, 2.917096557617188e+02, 2.918949279785156e+02, 2.92019775390625e+02, 2.920388793945312e+02, 2.920388793945312e+02, 2.920388793945312e+02, 2.920388793945312e+02, 2.920388793945312e+02, 2.920388793945312e+02, 2.920388793945312e+02, 2.920388793945312e+02, 2.920388793945312e+02, 2.920388793945312e+02, 2.920388793945312e+02, 2.920388793945312e+02, 2.920388793945312e+02, 2.920388793945312e+02, 2.920388793945312e+02, 2.920388793945312e+02, 2.920388793945312e+02, 2.920252075195312e+02, 2.919323120117188e+02, 2.917832946777344e+02, 2.916157836914062e+02, 2.914669494628906e+02, 2.913346557617188e+02, 2.911974792480469e+02, 2.910472717285156e+02, 2.908677978515625e+02, 2.905428771972656e+02, 2.901087951660156e+02, 2.896595153808594e+02, 2.892890319824219e+02, 2.890063171386719e+02, 2.887277526855469e+02, 2.884545593261719e+02, 2.881888122558594e+02, 2.879325866699219e+02, 2.876879577636719e+02, 2.87454345703125e+02, 2.87222412109375e+02, 2.86991455078125e+02, 2.867618103027344e+02, 2.865338745117188e+02, 2.863080139160156e+02, 2.860846252441406e+02, 2.858640747070312e+02, 2.856466979980469e+02, 2.854328918457031e+02, 2.852230529785156e+02, 2.850175170898438e+02, 2.848166809082031e+02]
pla.m_flow=[2.145250082015991e+00, 1.709420585632324e+01, 1.395989036560059e+01, 8.47398579120636e-01, 3.196170330047607e+00, 7.456494140625e+01, 7.387609481811523e-01, 1.551855373382568e+01, 3.174145460128784e+00, 5.157915878295898e+01, -7.504591941833496e+00, 1.087489128112793e+00, -1.421632289886475e+01, -6.053735733032227e+01, 6.621795296669006e-01, 3.168782424926758e+01, 1.807376861572266e+01, 2.297402918338776e-01, -6.554685974121094e+01, 7.543065071105957e+00, 2.471396923065186e-01, -3.763969802856445e+01, 4.459074401855469e+01, 3.748335838317871e-01, -8.286192321777344e+01, 5.341341495513916e+00, 5.298002362251282e-01, -1.453443717956543e+01, 1.567556571960449e+01, 6.968494653701782e-01, -7.693582916259766e+01, 9.162220358848572e-01, 3.977430725097656e+01, -9.156953430175781e+01, 2.636119425296783e-01, 1.822130393981934e+01, -8.709346771240234e+01, 1.977987289428711e-01, -6.847740173339844e+01, -6.365216445922852e+01, 2.486648261547089e-01, -5.84240837097168e+01, -6.445809936523438e+01, 2.002184987068176e-01, -7.241464996337891e+01, 2.684178352355957e+01, 4.453915655612946e-01, -7.233045959472656e+01, 7.376254558563232e+00, -2.295376205444336e+01, 2.723399996757507e-01, 4.982705116271973e-01, -7.058480739593506e+00, -8.443305206298828e+01, 1.711408942937851e-01, -6.682632446289062e+01, -7.841394805908203e+01, 1.829685270786285e-01, -8.304146575927734e+01, -8.879560089111328e+01, 1.849255561828613e-01, -9.359754180908203e+01, -3.212640762329102e+00, 1.027362942695618e-01, -8.874695587158203e+01, 2.882677841186523e+01, 4.139888882637024e-01, -8.291361999511719e+01, 5.472168350219727e+01, 4.339665472507477e-01, -8.902953338623047e+01, 3.409437537193298e-01, -5.522287750244141e+01, -7.583880615234375e+01, 1.627453565597534e-01, 6.905909180641174e-01, -8.088550567626953e+01, 2.092619985342026e-01, -7.752358245849609e+01, -5.994326019287109e+01, 1.74851730465889e-01, -7.166162872314453e+01, 8.773649215698242e+00, 3.059471547603607e-01, -2.16339282989502e+01, 7.511976623535156e+01, 4.797066211700439e+00, -8.048795318603516e+01, 9.068009257316589e-01, 2.376862716674805e+01, -2.497246170043945e+01, 9.190535545349121e-01, 7.303383350372314e-01, 2.364856243133545e+00, 1.309397578239441e+00, 4.199614334106445e+01, 4.391867637634277e+00, 1.097184777259827e+00, 4.403821468353271e+00, 3.479304122924805e+01, 2.077305793762207e+00]
EEleHea.y=[0e+00, 3.2122025984e+10, 8.633573376e+10, 1.40307185664e+11, 1.82816571392e+11, 2.10617106432e+11, 2.44514668544e+11, 3.0490689536e+11, 3.40265238528e+11, 3.92646852608e+11, 4.22842007552e+11, 4.57373253632e+11, 4.8370499584e+11, 5.00916125696e+11, 5.08973645824e+11, 5.40369092608e+11, 5.63364364288e+11, 5.83528087552e+11, 5.9571503104e+11, 6.17848897536e+11, 6.28718501888e+11, 6.47391870976e+11, 6.66345996288e+11, 7.0365937664e+11, 7.18923825152e+11, 7.30992934912e+11, 7.43712161792e+11, 7.63469561856e+11, 7.78292035584e+11, 7.87795673088e+11, 8.0171761664e+11, 8.12959858688e+11, 8.285110272e+11, 8.39826341888e+11, 8.50122440704e+11, 8.61763534848e+11, 8.74604003328e+11, 8.81891016704e+11, 8.93271277568e+11, 9.02314524672e+11, 9.11528296448e+11, 9.19747035136e+11, 9.29993261056e+11, 9.36445411328e+11, 9.4634541056e+11, 9.55502297088e+11, 9.7429651456e+11, 9.8656485376e+11, 9.96987305984e+11, 1.007137456128e+12, 1.013280079872e+12, 1.020398010368e+12, 1.028238802944e+12, 1.036660768768e+12, 1.0423861248e+12, 1.053070589952e+12, 1.06035576832e+12, 1.068806766592e+12, 1.07581865984e+12, 1.08365643776e+12, 1.089789755392e+12, 1.097802842112e+12, 1.104264036352e+12, 1.113827311616e+12, 1.120952516608e+12, 1.130197942272e+12, 1.138871369728e+12, 1.147362476032e+12, 1.15235684352e+12, 1.161952100352e+12, 1.169423335424e+12, 1.176633737216e+12, 1.184898220032e+12, 1.192061435904e+12, 1.200395780096e+12, 1.207481532416e+12, 1.2180422656e+12, 1.224303706112e+12, 1.23467661312e+12, 1.243193933824e+12, 1.254652116992e+12, 1.263697657856e+12, 1.276890710016e+12, 1.289370861568e+12, 1.305395331072e+12, 1.327466020864e+12, 1.352710750208e+12, 1.361531240448e+12, 1.375974588416e+12, 1.388793430016e+12, 1.405557407744e+12, 1.425965318144e+12, 1.461826486272e+12, 1.482850566144e+12, 1.52277024768e+12, 1.554416795648e+12, 1.590530670592e+12, 1.621849669632e+12, 1.655483138048e+12, 1.694567104512e+12, 1.722141376512e+12]
EEleCoo.y=[0e+00, 3.6663152e+08, 3.68721312e+08, 3.82866208e+08, 3.88832672e+08, 7.16636992e+08, 1.259150336e+09, 1.260857728e+09, 1.276945152e+09, 1.386550912e+09, 1.5369568e+09, 2.06448256e+09, 4.007332864e+09, 1.417423872e+10, 1.988947968e+10, 2.0024569856e+10, 2.0701528064e+10, 2.9027422208e+10, 3.6552138752e+10, 3.92996864e+10, 5.0169065472e+10, 5.452740608e+10, 5.567459328e+10, 5.5846592512e+10, 6.1019762688e+10, 7.1353516032e+10, 8.1860796416e+10, 8.355659776e+10, 9.1739906048e+10, 9.9844939776e+10, 1.07353260032e+11, 1.11846187008e+11, 1.24273451008e+11, 1.31539673088e+11, 1.53012568064e+11, 1.61867546624e+11, 1.817174016e+11, 2.06334410752e+11, 2.40229875712e+11, 2.50765197312e+11, 2.83806793728e+11, 2.9152165888e+11, 3.28266612736e+11, 3.7071044608e+11, 4.00933879808e+11, 4.1669459968e+11, 4.26229202944e+11, 4.42347290624e+11, 4.6761181184e+11, 4.95209119744e+11, 5.50622199808e+11, 5.6721833984e+11, 6.02553843712e+11, 6.4954105856e+11, 6.89283334144e+11, 7.18383546368e+11, 7.45483272192e+11, 7.97606346752e+11, 8.33311997952e+11, 8.95937675264e+11, 9.42245543936e+11, 1.009258463232e+12, 1.044898840576e+12, 1.088225476608e+12, 1.12118136832e+12, 1.159894663168e+12, 1.185530773504e+12, 1.236245413888e+12, 1.278503682048e+12, 1.32622778368e+12, 1.362300502016e+12, 1.420282298368e+12, 1.460828635136e+12, 1.503299895296e+12, 1.542822821888e+12, 1.580969754624e+12, 1.602775678976e+12, 1.639703904256e+12, 1.660421668864e+12, 1.677619888128e+12, 1.702789906432e+12, 1.718694969344e+12, 1.734556123136e+12, 1.742495547392e+12, 1.75076671488e+12, 1.751370563584e+12, 1.756884107264e+12, 1.762252029952e+12, 1.772727697408e+12, 1.779253379072e+12, 1.781454340096e+12, 1.7819271168e+12, 1.782295298048e+12, 1.783840505856e+12, 1.784357584896e+12, 1.784557207552e+12, 1.784689197056e+12, 1.785093554176e+12, 1.785167478784e+12, 1.785172590592e+12, 1.785400393728e+12]
ETheHea.y=[0e+00, 1.2357746688e+11, 3.02076821504e+11, 4.65927438336e+11, 6.02131202048e+11, 7.125352448e+11, 8.5154463744e+11, 1.049431769088e+12, 1.164642353152e+12, 1.346119532544e+12, 1.451178852352e+12, 1.58089740288e+12, 1.677057982464e+12, 1.752114266112e+12, 1.78293178368e+12, 1.903230058496e+12, 1.990301843456e+12, 2.066616680448e+12, 2.118710984704e+12, 2.2167355392e+12, 2.25539129344e+12, 2.337676460032e+12, 2.41234345984e+12, 2.555546697728e+12, 2.612251066368e+12, 2.66256908288e+12, 2.714829324288e+12, 2.796822724608e+12, 2.853222744064e+12, 2.890970693632e+12, 2.947281321984e+12, 2.996460322816e+12, 3.064123359232e+12, 3.110897188864e+12, 3.146152935424e+12, 3.194263175168e+12, 3.247357820928e+12, 3.274254057472e+12, 3.3258733568e+12, 3.36642834432e+12, 3.397373394944e+12, 3.42889201664e+12, 3.469472169984e+12, 3.486111760384e+12, 3.52700858368e+12, 3.565583335424e+12, 3.64831834112e+12, 3.702364831744e+12, 3.749262655488e+12, 3.793925701632e+12, 3.809738227712e+12, 3.837412769792e+12, 3.86935816192e+12, 3.900450275328e+12, 3.916296617984e+12, 3.961798524928e+12, 3.993808666624e+12, 4.022661021696e+12, 4.048193060864e+12, 4.074942758912e+12, 4.092450045952e+12, 4.115646644224e+12, 4.141242646528e+12, 4.179106725888e+12, 4.206569455616e+12, 4.245939027968e+12, 4.283157446656e+12, 4.315671166976e+12, 4.329634791424e+12, 4.368278749184e+12, 4.3955257344e+12, 4.418387836928e+12, 4.448183648256e+12, 4.474828488704e+12, 4.507688763392e+12, 4.53187731456e+12, 4.578586656768e+12, 4.596538802176e+12, 4.63838117888e+12, 4.680338374656e+12, 4.724357070848e+12, 4.759084859392e+12, 4.827228667904e+12, 4.89147334656e+12, 4.964096671744e+12, 5.060058677248e+12, 5.179048460288e+12, 5.21448194048e+12, 5.28470245376e+12, 5.345664565248e+12, 5.420789792768e+12, 5.502269915136e+12, 5.639476609024e+12, 5.729644183552e+12, 5.897405333504e+12, 6.013961371648e+12, 6.158374404096e+12, 6.277818744832e+12, 6.402231762944e+12, 6.534052446208e+12, 6.633154936832e+12]
ETheCoo.y=[0e+00, -2.281005056e+10, -2.2994751488e+10, -2.4223803392e+10, -2.4744943616e+10, -5.044271104e+10, -9.1357863936e+10, -9.150840832e+10, -9.2905537536e+10, -1.02319939584e+11, -1.14979782656e+11, -1.55247755264e+11, -2.20298870784e+11, -3.63743510528e+11, -4.43570126848e+11, -4.54536167424e+11, -4.83958423552e+11, -6.1227237376e+11, -7.21276370944e+11, -7.86270191616e+11, -9.48010287104e+11, -1.037655801856e+12, -1.08188499968e+12, -1.096694628352e+12, -1.197448364032e+12, -1.340182888448e+12, -1.486856650752e+12, -1.534213881856e+12, -1.668285988864e+12, -1.782171303936e+12, -1.89851303936e+12, -1.97821136896e+12, -2.141465739264e+12, -2.234708918272e+12, -2.421410496512e+12, -2.525540646912e+12, -2.684854206464e+12, -2.86812536832e+12, -3.137245544448e+12, -3.233485684736e+12, -3.444025851904e+12, -3.523110764544e+12, -3.725682016256e+12, -3.944060551168e+12, -4.1410166784e+12, -4.265669558272e+12, -4.37821505536e+12, -4.500296302592e+12, -4.659543015424e+12, -4.827990458368e+12, -5.041116676096e+12, -5.178522599424e+12, -5.38040598528e+12, -5.61156456448e+12, -5.79340075008e+12, -6.003396968448e+12, -6.164100677632e+12, -6.408767012864e+12, -6.607592226816e+12, -6.868013416448e+12, -7.0826459136e+12, -7.344552935424e+12, -7.521177174016e+12, -7.770281607168e+12, -7.956986331136e+12, -8.170652041216e+12, -8.337647730688e+12, -8.576453574656e+12, -8.748768690176e+12, -8.992812171264e+12, -9.193142616064e+12, -9.41398949888e+12, -9.645261324288e+12, -9.886090919936e+12, -1.0129529372672e+13, -1.0338945728512e+13, -1.0515402194944e+13, -1.0704442621952e+13, -1.0865698930688e+13, -1.1022361427968e+13, -1.1220794998784e+13, -1.135671771136e+13, -1.1535420227584e+13, -1.1650475229184e+13, -1.1783004749824e+13, -1.18191816704e+13, -1.1953711874048e+13, -1.2032846856192e+13, -1.2178393399296e+13, -1.2284606808064e+13, -1.2336545923072e+13, -1.2374270541824e+13, -1.2394607673344e+13, -1.2463344975872e+13, -1.2505454739456e+13, -1.2521692987392e+13, -1.2532635926528e+13, -1.256587264e+13, -1.2572286779392e+13, -1.2572734521344e+13, -1.259219714048e+13]
ETheHotWat.y=[0e+00, 1.2159995904e+10, 2.3935465472e+10, 3.6906246144e+10, 4.8302903296e+10, 5.8967949312e+10, 7.0721232896e+10, 8.4629397504e+10, 9.4829027328e+10, 1.09891821568e+11, 1.20265924608e+11, 1.34117244928e+11, 1.45742708736e+11, 1.59241863168e+11, 1.68119959552e+11, 1.82844768256e+11, 1.92895401984e+11, 2.07289040896e+11, 2.18463387648e+11, 2.31543455744e+11, 2.42969591808e+11, 2.5622380544e+11, 2.67123867648e+11, 2.80348000256e+11, 2.92355997696e+11, 3.03977791488e+11, 3.16688367616e+11, 3.27782170624e+11, 3.40011286528e+11, 3.51363792896e+11, 3.64617269248e+11, 3.74393044992e+11, 3.88668358656e+11, 3.98423851008e+11, 4.11475902464e+11, 4.22351929344e+11, 4.3489394688e+11, 4.45006184448e+11, 4.58595139584e+11, 4.67834765312e+11, 4.8109142016e+11, 4.89503490048e+11, 5.0143428608e+11, 5.11897075712e+11, 5.23862048768e+11, 5.33632843776e+11, 5.45838170112e+11, 5.56561465344e+11, 5.67203004416e+11, 5.78746384384e+11, 5.88820119552e+11, 5.98191374336e+11, 6.08504184832e+11, 6.20332187648e+11, 6.29562015744e+11, 6.4247463936e+11, 6.51300175872e+11, 6.63580246016e+11, 6.73459470336e+11, 6.85000818688e+11, 6.94668296192e+11, 7.07187113984e+11, 7.15821154304e+11, 7.28559386624e+11, 7.38030649344e+11, 7.49535232e+11, 7.59676862464e+11, 7.71186098176e+11, 7.7893337088e+11, 7.90928228352e+11, 8.01333379072e+11, 8.1204314112e+11, 8.23522885632e+11, 8.33654226944e+11, 8.44945620992e+11, 8.55334387712e+11, 8.67258466304e+11, 8.77018546176e+11, 8.88480202752e+11, 8.97575747584e+11, 9.10698676224e+11, 9.20931074048e+11, 9.33081513984e+11, 9.43632023552e+11, 9.56800303104e+11, 9.65965512704e+11, 9.80014989312e+11, 9.89329686528e+11, 1.002030432256e+12, 1.013155495936e+12, 1.023780192256e+12, 1.034300227584e+12, 1.04737472512e+12, 1.058400370688e+12, 1.070792179712e+12, 1.083169374208e+12, 1.094489079808e+12, 1.107075137536e+12, 1.118374330368e+12, 1.129202450432e+12, 1.140439646208e+12]
