last-generated=2023-03-02
statistics-initialization=
{
  "linear": "0",
  "nonlinear": "1, 3, 0, 0, 5, 2, 5, 2, 5, 2, 5, 2, 1, 1, 0, 0, 0, 1, 1",
  "numerical Jacobians": "0"
}
statistics-simulation=
{
  "linear": "0, 0, 0, 0, 0, 0, 3, 0, 0, 0, 4, 3, 0, 0, 0, 3, 0, 0, 0, 3, 0, 0, 0",
  "nonlinear": "5, 0, 0, 0, 0, 0, 0, 0, 0, 1, 0, 1, 0, 1, 1",
  "number of continuous time states": "172",
  "numerical Jacobians": "0"
}
time=[0e+00, 1.728e+05]
flo.sou.air.vol.T=[2.931499938964844e+02, 2.921277160644531e+02, 2.920469665527344e+02, 2.920375061035156e+02, 2.920677185058594e+02, 2.919853210449219e+02, 2.919112854003906e+02, 2.918204040527344e+02, 2.916888427734375e+02, 2.916121215820312e+02, 2.91657470703125e+02, 2.923875732421875e+02, 2.926189880371094e+02, 2.922225646972656e+02, 2.921271667480469e+02, 2.922878112792969e+02, 2.92580078125e+02, 2.929329833984375e+02, 2.934246826171875e+02, 2.937738342285156e+02, 2.937883605957031e+02, 2.939855346679688e+02, 2.940549926757812e+02, 2.941099853515625e+02, 2.941885986328125e+02, 2.943903503417969e+02, 2.943637084960938e+02, 2.94410888671875e+02, 2.948438110351562e+02, 2.950076293945312e+02, 2.950519714355469e+02, 2.950704345703125e+02, 2.950676879882812e+02, 2.950548400878906e+02, 2.95040283203125e+02, 2.950346069335938e+02, 2.949608764648438e+02, 2.947102966308594e+02, 2.944424438476562e+02, 2.941304626464844e+02, 2.937797241210938e+02, 2.93583251953125e+02, 2.935621032714844e+02, 2.937364196777344e+02, 2.937453308105469e+02, 2.936038208007812e+02, 2.932701721191406e+02, 2.931527099609375e+02, 2.930557556152344e+02, 2.929819641113281e+02, 2.929180603027344e+02, 2.928580017089844e+02, 2.928179931640625e+02, 2.926990661621094e+02, 2.925821228027344e+02, 2.9254052734375e+02, 2.924913635253906e+02, 2.92487060546875e+02, 2.925718688964844e+02, 2.925184631347656e+02, 2.922758178710938e+02, 2.923192443847656e+02, 2.930245971679688e+02, 2.927709350585938e+02, 2.925929565429688e+02, 2.926629028320312e+02, 2.92835205078125e+02, 2.929533081054688e+02, 2.932275695800781e+02, 2.935248413085938e+02, 2.935921936035156e+02, 2.936082458496094e+02, 2.935764465332031e+02, 2.935516052246094e+02, 2.936268615722656e+02, 2.938626098632812e+02, 2.938813781738281e+02, 2.939640197753906e+02, 2.942064819335938e+02, 2.941729431152344e+02, 2.941988525390625e+02, 2.94259033203125e+02, 2.942645568847656e+02, 2.942578735351562e+02, 2.942424621582031e+02, 2.936623229980469e+02, 2.935062561035156e+02, 2.937055969238281e+02, 2.936111755371094e+02, 2.932904663085938e+02, 2.930398864746094e+02, 2.929689025878906e+02, 2.929055480957031e+02, 2.928806457519531e+02, 2.929326171875e+02, 2.929573059082031e+02, 2.928533935546875e+02, 2.929598083496094e+02, 2.929986572265625e+02, 2.929311218261719e+02, 2.927838439941406e+02]
flo.eas.air.vol.T=[2.931499938964844e+02, 2.922457275390625e+02, 2.921407470703125e+02, 2.920318298339844e+02, 2.919625549316406e+02, 2.919295349121094e+02, 2.919173583984375e+02, 2.918603210449219e+02, 2.917684020996094e+02, 2.916989135742188e+02, 2.917638854980469e+02, 2.925842895507812e+02, 2.929265441894531e+02, 2.923868408203125e+02, 2.923334655761719e+02, 2.925343627929688e+02, 2.927308654785156e+02, 2.930465698242188e+02, 2.935599975585938e+02, 2.938963928222656e+02, 2.939452209472656e+02, 2.938953857421875e+02, 2.9379052734375e+02, 2.937476806640625e+02, 2.937576599121094e+02, 2.937644653320312e+02, 2.936871643066406e+02, 2.937048950195312e+02, 2.939256286621094e+02, 2.939805908203125e+02, 2.940070495605469e+02, 2.940274658203125e+02, 2.940472412109375e+02, 2.940699462890625e+02, 2.94087646484375e+02, 2.941106262207031e+02, 2.940685424804688e+02, 2.938756103515625e+02, 2.936172180175781e+02, 2.932654418945312e+02, 2.931071472167969e+02, 2.930249633789062e+02, 2.930080261230469e+02, 2.930106201171875e+02, 2.930354309082031e+02, 2.9290771484375e+02, 2.92893310546875e+02, 2.928019409179688e+02, 2.92716064453125e+02, 2.92660888671875e+02, 2.926171875e+02, 2.925858459472656e+02, 2.925786743164062e+02, 2.924889831542969e+02, 2.9241162109375e+02, 2.923821411132812e+02, 2.923497924804688e+02, 2.924033813476562e+02, 2.923015747070312e+02, 2.922889099121094e+02, 2.922457275390625e+02, 2.924190673828125e+02, 2.931585083007812e+02, 2.927491149902344e+02, 2.925123291015625e+02, 2.925578918457031e+02, 2.927297973632812e+02, 2.928777770996094e+02, 2.932434692382812e+02, 2.935779724121094e+02, 2.936407165527344e+02, 2.936450500488281e+02, 2.936251525878906e+02, 2.936061706542969e+02, 2.936375427246094e+02, 2.937041320800781e+02, 2.936794128417969e+02, 2.937402954101562e+02, 2.939646301269531e+02, 2.939883728027344e+02, 2.940107727050781e+02, 2.940439147949219e+02, 2.940231018066406e+02, 2.939272155761719e+02, 2.938274536132812e+02, 2.940180358886719e+02, 2.939434814453125e+02, 2.935903015136719e+02, 2.9343017578125e+02, 2.931518249511719e+02, 2.929939575195312e+02, 2.929825439453125e+02, 2.92965576171875e+02, 2.928670959472656e+02, 2.927868957519531e+02, 2.927659606933594e+02, 2.927912902832031e+02, 2.92958984375e+02, 2.929913024902344e+02, 2.929515991210938e+02, 2.928734741210938e+02]
flo.nor.air.vol.T=[2.931499938964844e+02, 2.923236694335938e+02, 2.922370300292969e+02, 2.921404724121094e+02, 2.920262145996094e+02, 2.91964599609375e+02, 2.919265747070312e+02, 2.91867431640625e+02, 2.917843627929688e+02, 2.917124938964844e+02, 2.917071533203125e+02, 2.923963928222656e+02, 2.927022094726562e+02, 2.923435363769531e+02, 2.923350219726562e+02, 2.924665832519531e+02, 2.926190185546875e+02, 2.927859497070312e+02, 2.931255798339844e+02, 2.93390625e+02, 2.934608459472656e+02, 2.934990844726562e+02, 2.935341796875e+02, 2.93574951171875e+02, 2.936012573242188e+02, 2.935986938476562e+02, 2.935152893066406e+02, 2.935001525878906e+02, 2.93635986328125e+02, 2.936285400390625e+02, 2.936148681640625e+02, 2.936466369628906e+02, 2.936773376464844e+02, 2.937095336914062e+02, 2.937359619140625e+02, 2.937666320800781e+02, 2.93734375e+02, 2.935595092773438e+02, 2.933276977539062e+02, 2.930077209472656e+02, 2.9282470703125e+02, 2.9275634765625e+02, 2.927377624511719e+02, 2.927448120117188e+02, 2.927663269042969e+02, 2.927017211914062e+02, 2.926109924316406e+02, 2.925503234863281e+02, 2.924839477539062e+02, 2.924488830566406e+02, 2.924165649414062e+02, 2.923692321777344e+02, 2.923338623046875e+02, 2.922692565917969e+02, 2.922269897460938e+02, 2.922005920410156e+02, 2.921554870605469e+02, 2.921445617675781e+02, 2.921245727539062e+02, 2.921122741699219e+02, 2.92033935546875e+02, 2.921731567382812e+02, 2.92754150390625e+02, 2.925614013671875e+02, 2.924448547363281e+02, 2.925094909667969e+02, 2.926370849609375e+02, 2.927806091308594e+02, 2.93148193359375e+02, 2.934943542480469e+02, 2.935851440429688e+02, 2.936200256347656e+02, 2.936195373535156e+02, 2.936148681640625e+02, 2.936104431152344e+02, 2.936166687011719e+02, 2.935419311523438e+02, 2.935763854980469e+02, 2.938009338378906e+02, 2.938256225585938e+02, 2.938495788574219e+02, 2.93884033203125e+02, 2.939050598144531e+02, 2.939149169921875e+02, 2.93915771484375e+02, 2.938917846679688e+02, 2.938093872070312e+02, 2.93611083984375e+02, 2.934007568359375e+02, 2.931441345214844e+02, 2.929789733886719e+02, 2.929475708007812e+02, 2.929107971191406e+02, 2.928619995117188e+02, 2.927735900878906e+02, 2.927170715332031e+02, 2.927909240722656e+02, 2.928087158203125e+02, 2.928481140136719e+02, 2.928079528808594e+02, 2.926117248535156e+02]
flo.wes.air.vol.T=[2.931499938964844e+02, 2.920885925292969e+02, 2.920011901855469e+02, 2.919342346191406e+02, 2.918894958496094e+02, 2.918588562011719e+02, 2.918583984375e+02, 2.918037414550781e+02, 2.917080688476562e+02, 2.9163623046875e+02, 2.915920715332031e+02, 2.924882507324219e+02, 2.927581176757812e+02, 2.923433227539062e+02, 2.9231396484375e+02, 2.924698791503906e+02, 2.926434936523438e+02, 2.928177490234375e+02, 2.931494750976562e+02, 2.933975219726562e+02, 2.934623107910156e+02, 2.932672119140625e+02, 2.934083251953125e+02, 2.935598754882812e+02, 2.934794311523438e+02, 2.934257507324219e+02, 2.933488159179688e+02, 2.933699340820312e+02, 2.935506286621094e+02, 2.935976867675781e+02, 2.936410827636719e+02, 2.936832275390625e+02, 2.937850036621094e+02, 2.938818359375e+02, 2.938989868164062e+02, 2.93922607421875e+02, 2.938870544433594e+02, 2.937090759277344e+02, 2.934742126464844e+02, 2.931507263183594e+02, 2.929263916015625e+02, 2.928644104003906e+02, 2.928487548828125e+02, 2.929028015136719e+02, 2.929123840332031e+02, 2.92851806640625e+02, 2.9270947265625e+02, 2.926546936035156e+02, 2.926111755371094e+02, 2.925882873535156e+02, 2.925665893554688e+02, 2.925068359375e+02, 2.92448974609375e+02, 2.924029846191406e+02, 2.924115905761719e+02, 2.923796081542969e+02, 2.923005981445312e+02, 2.92252197265625e+02, 2.9228271484375e+02, 2.922623596191406e+02, 2.921545104980469e+02, 2.923238525390625e+02, 2.928969421386719e+02, 2.926510314941406e+02, 2.924657287597656e+02, 2.924960021972656e+02, 2.926612243652344e+02, 2.928067626953125e+02, 2.93180419921875e+02, 2.935303344726562e+02, 2.93594482421875e+02, 2.936231994628906e+02, 2.936291198730469e+02, 2.936310424804688e+02, 2.936333618164062e+02, 2.936501159667969e+02, 2.936283569335938e+02, 2.936971435546875e+02, 2.939308166503906e+02, 2.939653625488281e+02, 2.939981079101562e+02, 2.940399475097656e+02, 2.940626831054688e+02, 2.9407080078125e+02, 2.9406884765625e+02, 2.940416870117188e+02, 2.93955078125e+02, 2.937507629394531e+02, 2.935393676757812e+02, 2.932818298339844e+02, 2.931133422851562e+02, 2.930748291015625e+02, 2.930324401855469e+02, 2.929946899414062e+02, 2.929292907714844e+02, 2.928946228027344e+02, 2.929294738769531e+02, 2.929825744628906e+02, 2.929882507324219e+02, 2.92936767578125e+02, 2.927872924804688e+02]
flo.cor.air.vol.T=[2.931499938964844e+02, 2.928221130371094e+02, 2.927656555175781e+02, 2.927209167480469e+02, 2.926880493164062e+02, 2.926540832519531e+02, 2.926307067871094e+02, 2.925934753417969e+02, 2.9253466796875e+02, 2.924859313964844e+02, 2.924758911132812e+02, 2.931695251464844e+02, 2.9308447265625e+02, 2.930073852539062e+02, 2.927594909667969e+02, 2.929078979492188e+02, 2.930873107910156e+02, 2.932268981933594e+02, 2.935558166503906e+02, 2.937922058105469e+02, 2.938943786621094e+02, 2.9394580078125e+02, 2.940145568847656e+02, 2.940865783691406e+02, 2.941269226074219e+02, 2.941590576171875e+02, 2.940978393554688e+02, 2.941214904785156e+02, 2.943433837890625e+02, 2.944082946777344e+02, 2.944494934082031e+02, 2.944920043945312e+02, 2.945367431640625e+02, 2.945825500488281e+02, 2.94615966796875e+02, 2.946502380371094e+02, 2.946134948730469e+02, 2.9442626953125e+02, 2.94176025390625e+02, 2.938404541015625e+02, 2.937290344238281e+02, 2.936799926757812e+02, 2.936552429199219e+02, 2.936488037109375e+02, 2.936513977050781e+02, 2.936143188476562e+02, 2.935521240234375e+02, 2.935048828125e+02, 2.934588623046875e+02, 2.934246215820312e+02, 2.933945922851562e+02, 2.933619384765625e+02, 2.933338012695312e+02, 2.932908020019531e+02, 2.932495727539062e+02, 2.932240600585938e+02, 2.931884460449219e+02, 2.931712951660156e+02, 2.931611938476562e+02, 2.931429748535156e+02, 2.93083251953125e+02, 2.931052551269531e+02, 2.9339453125e+02, 2.934353637695312e+02, 2.930963134765625e+02, 2.930198364257812e+02, 2.931580810546875e+02, 2.93267333984375e+02, 2.937164001464844e+02, 2.941569213867188e+02, 2.942527770996094e+02, 2.942975463867188e+02, 2.94318115234375e+02, 2.943336486816406e+02, 2.943621826171875e+02, 2.944181213378906e+02, 2.943672790527344e+02, 2.944078674316406e+02, 2.946468505859375e+02, 2.9468896484375e+02, 2.947219848632812e+02, 2.947657165527344e+02, 2.947937316894531e+02, 2.948042297363281e+02, 2.948076477050781e+02, 2.947696228027344e+02, 2.946779174804688e+02, 2.944699096679688e+02, 2.942525329589844e+02, 2.939849853515625e+02, 2.938832397460938e+02, 2.938479919433594e+02, 2.938114929199219e+02, 2.937710571289062e+02, 2.937326049804688e+02, 2.937068481445312e+02, 2.936958312988281e+02, 2.93726318359375e+02, 2.937353820800781e+02, 2.937075500488281e+02, 2.936239318847656e+02]
hvac.VAVBox[1].TSup=[2.931499938964844e+02, 2.931499633789062e+02, 2.931499633789062e+02, 2.931499633789062e+02, 2.931499633789062e+02, 2.931499633789062e+02, 2.931499633789062e+02, 2.931499633789062e+02, 2.931499633789062e+02, 2.931499633789062e+02, 2.945328369140625e+02, 3.003981323242188e+02, 3.025872497558594e+02, 3.034140319824219e+02, 3.04066162109375e+02, 3.041421203613281e+02, 3.041297607421875e+02, 3.0414453125e+02, 3.041689453125e+02, 3.041800231933594e+02, 3.041753540039062e+02, 3.041853332519531e+02, 3.00132568359375e+02, 2.95475830078125e+02, 2.912084350585938e+02, 2.911972045898438e+02, 2.911658325195312e+02, 2.911556091308594e+02, 2.911521606445312e+02, 2.911486511230469e+02, 2.911486511230469e+02, 2.911492919921875e+02, 2.911495056152344e+02, 2.911494140625e+02, 2.911495361328125e+02, 2.911498413085938e+02, 2.911485900878906e+02, 2.911490173339844e+02, 2.911501770019531e+02, 2.911505737304688e+02, 2.912128295898438e+02, 2.912128295898438e+02, 2.912128295898438e+02, 2.912128295898438e+02, 2.912128295898438e+02, 2.912128295898438e+02, 2.912128295898438e+02, 2.912128295898438e+02, 2.912128295898438e+02, 2.912128295898438e+02, 2.912128295898438e+02, 2.912128295898438e+02, 2.912128295898438e+02, 2.912128295898438e+02, 2.912128295898438e+02, 2.912128295898438e+02, 2.912128295898438e+02, 2.912128295898438e+02, 2.912128295898438e+02, 2.912128295898438e+02, 2.912128295898438e+02, 2.984703063964844e+02, 3.020545043945312e+02, 2.980594177246094e+02, 2.97323974609375e+02, 3.002599792480469e+02, 3.0225439453125e+02, 3.033725280761719e+02, 3.029700622558594e+02, 3.010441284179688e+02, 2.988405151367188e+02, 2.965450744628906e+02, 2.9441650390625e+02, 2.923462524414062e+02, 2.911503601074219e+02, 2.911498718261719e+02, 2.911498107910156e+02, 2.911497802734375e+02, 2.911435241699219e+02, 2.911479797363281e+02, 2.911508178710938e+02, 2.911514892578125e+02, 2.911531982421875e+02, 2.911507873535156e+02, 2.9114794921875e+02, 2.911480102539062e+02, 2.911461791992188e+02, 2.911499328613281e+02, 2.911542358398438e+02, 2.9115283203125e+02, 2.912117309570312e+02, 2.912117309570312e+02, 2.912117309570312e+02, 2.912117309570312e+02, 2.912117309570312e+02, 2.912117309570312e+02, 2.912117309570312e+02, 2.912117309570312e+02, 2.912117309570312e+02, 2.912117309570312e+02, 2.912117309570312e+02]
hvac.VAVBox[2].TSup=[2.931499938964844e+02, 2.931499633789062e+02, 2.931499633789062e+02, 2.931499633789062e+02, 2.931499633789062e+02, 2.931499633789062e+02, 2.931499633789062e+02, 2.931499633789062e+02, 2.931499633789062e+02, 2.931499633789062e+02, 2.945328369140625e+02, 2.998328857421875e+02, 3.018232421875e+02, 3.007081909179688e+02, 3.035897521972656e+02, 3.041405944824219e+02, 3.041329040527344e+02, 3.041498413085938e+02, 3.041763610839844e+02, 3.03513427734375e+02, 2.992941284179688e+02, 2.955514221191406e+02, 2.923334350585938e+02, 2.911215209960938e+02, 2.912039794921875e+02, 2.91197265625e+02, 2.911658630371094e+02, 2.911556091308594e+02, 2.911521606445312e+02, 2.911486511230469e+02, 2.911486511230469e+02, 2.911492919921875e+02, 2.911495056152344e+02, 2.911494140625e+02, 2.911495361328125e+02, 2.911498413085938e+02, 2.911485900878906e+02, 2.911490173339844e+02, 2.911501770019531e+02, 2.911505737304688e+02, 2.911905822753906e+02, 2.911905822753906e+02, 2.911905822753906e+02, 2.911905822753906e+02, 2.911905822753906e+02, 2.911905822753906e+02, 2.911905822753906e+02, 2.911905822753906e+02, 2.911905822753906e+02, 2.911905822753906e+02, 2.911905822753906e+02, 2.911905822753906e+02, 2.911905822753906e+02, 2.911905822753906e+02, 2.911905822753906e+02, 2.911905822753906e+02, 2.911905822753906e+02, 2.911905822753906e+02, 2.911905822753906e+02, 2.911905822753906e+02, 2.911905822753906e+02, 2.98203857421875e+02, 3.017521667480469e+02, 2.97267578125e+02, 2.963386535644531e+02, 2.99921142578125e+02, 3.025001220703125e+02, 3.040023193359375e+02, 3.035419006347656e+02, 3.012933654785156e+02, 2.988394775390625e+02, 2.963699035644531e+02, 2.939365234375e+02, 2.916403198242188e+02, 2.911503601074219e+02, 2.911498718261719e+02, 2.911498107910156e+02, 2.911497802734375e+02, 2.911435241699219e+02, 2.911479797363281e+02, 2.911508178710938e+02, 2.911514892578125e+02, 2.911531982421875e+02, 2.911508178710938e+02, 2.911479187011719e+02, 2.911480102539062e+02, 2.911461791992188e+02, 2.911499328613281e+02, 2.911542053222656e+02, 2.9115283203125e+02, 2.911896057128906e+02, 2.911896057128906e+02, 2.911896057128906e+02, 2.911896057128906e+02, 2.911896057128906e+02, 2.911896057128906e+02, 2.911896057128906e+02, 2.911896057128906e+02, 2.911896057128906e+02, 2.911896057128906e+02, 2.911896057128906e+02]
hvac.VAVBox[3].TSup=[2.931499938964844e+02, 2.931499938964844e+02, 2.931499938964844e+02, 2.931499938964844e+02, 2.931499938964844e+02, 2.931499938964844e+02, 2.931499938964844e+02, 2.931499938964844e+02, 2.931499938964844e+02, 2.931499938964844e+02, 2.945328369140625e+02, 3.003538208007812e+02, 3.024722290039062e+02, 3.026167297363281e+02, 3.040751953125e+02, 3.041460876464844e+02, 3.041308288574219e+02, 3.041376342773438e+02, 3.041553344726562e+02, 3.041658935546875e+02, 3.041643981933594e+02, 3.041651306152344e+02, 3.041650695800781e+02, 3.041670837402344e+02, 3.034143676757812e+02, 3.011776123046875e+02, 2.994573364257812e+02, 2.977138671875e+02, 2.951502075195312e+02, 2.926774597167969e+02, 2.911486511230469e+02, 2.911492919921875e+02, 2.911495056152344e+02, 2.911494140625e+02, 2.911495361328125e+02, 2.911498413085938e+02, 2.911485900878906e+02, 2.911490173339844e+02, 2.911501770019531e+02, 2.911505737304688e+02, 2.923659362792969e+02, 2.923659362792969e+02, 2.923659362792969e+02, 2.923659362792969e+02, 2.923659362792969e+02, 2.923659362792969e+02, 2.923659362792969e+02, 2.923659362792969e+02, 2.923659362792969e+02, 2.923659362792969e+02, 2.923659362792969e+02, 2.923659362792969e+02, 2.923659362792969e+02, 2.923659362792969e+02, 2.923659362792969e+02, 2.923659362792969e+02, 2.923659362792969e+02, 2.923659362792969e+02, 2.923659362792969e+02, 2.923659362792969e+02, 2.923659362792969e+02, 2.986392517089844e+02, 3.023691101074219e+02, 2.999227600097656e+02, 3.013553466796875e+02, 3.041431274414062e+02, 3.041410827636719e+02, 3.041419372558594e+02, 3.041543884277344e+02, 3.041664733886719e+02, 3.041665344238281e+02, 3.031262817382812e+02, 3.007766723632812e+02, 2.984538269042969e+02, 2.961725769042969e+02, 2.938369750976562e+02, 2.919547119140625e+02, 2.911497802734375e+02, 2.911435241699219e+02, 2.911479797363281e+02, 2.911508178710938e+02, 2.911514892578125e+02, 2.911531982421875e+02, 2.911507873535156e+02, 2.9114794921875e+02, 2.911480102539062e+02, 2.911461791992188e+02, 2.911499328613281e+02, 2.911542358398438e+02, 2.9115283203125e+02, 2.912117309570312e+02, 2.912117309570312e+02, 2.912117309570312e+02, 2.912117309570312e+02, 2.912117309570312e+02, 2.912117309570312e+02, 2.912117309570312e+02, 2.912117309570312e+02, 2.912117309570312e+02, 2.912117309570312e+02, 2.912117309570312e+02]
hvac.VAVBox[4].TSup=[2.931499938964844e+02, 2.931499633789062e+02, 2.931499633789062e+02, 2.931499633789062e+02, 2.931499633789062e+02, 2.931499633789062e+02, 2.931499633789062e+02, 2.931499633789062e+02, 2.931499633789062e+02, 2.931499633789062e+02, 2.945328369140625e+02, 3.002646789550781e+02, 3.023239135742188e+02, 3.022509765625e+02, 3.040596313476562e+02, 3.041407470703125e+02, 3.0412890625e+02, 3.041373901367188e+02, 3.041565246582031e+02, 3.041675720214844e+02, 3.041664123535156e+02, 3.041564331054688e+02, 3.041647338867188e+02, 3.041696166992188e+02, 3.041663818359375e+02, 3.037726745605469e+02, 3.029056396484375e+02, 3.018159790039062e+02, 2.996450805664062e+02, 2.974072570800781e+02, 2.949820556640625e+02, 2.922474975585938e+02, 2.911495056152344e+02, 2.911494140625e+02, 2.911495361328125e+02, 2.911498413085938e+02, 2.911485900878906e+02, 2.911490173339844e+02, 2.911501770019531e+02, 2.911505737304688e+02, 2.911905822753906e+02, 2.911905822753906e+02, 2.911905822753906e+02, 2.911905822753906e+02, 2.911905822753906e+02, 2.911905822753906e+02, 2.911905822753906e+02, 2.911905822753906e+02, 2.911905822753906e+02, 2.911905822753906e+02, 2.911905822753906e+02, 2.911905822753906e+02, 2.911905822753906e+02, 2.911905822753906e+02, 2.911905822753906e+02, 2.911905822753906e+02, 2.911905822753906e+02, 2.911905822753906e+02, 2.911905822753906e+02, 2.911905822753906e+02, 2.911905822753906e+02, 2.9837255859375e+02, 3.02124267578125e+02, 2.988561096191406e+02, 2.993579406738281e+02, 3.03301025390625e+02, 3.041331787109375e+02, 3.041403198242188e+02, 3.041568603515625e+02, 3.041721801757812e+02, 3.032286376953125e+02, 3.008564758300781e+02, 2.984606018066406e+02, 2.960681762695312e+02, 2.936077270507812e+02, 2.911499633789062e+02, 2.911498107910156e+02, 2.911497802734375e+02, 2.911435241699219e+02, 2.911479797363281e+02, 2.911508178710938e+02, 2.911514892578125e+02, 2.911531982421875e+02, 2.911508178710938e+02, 2.911479187011719e+02, 2.911480102539062e+02, 2.911461791992188e+02, 2.911499328613281e+02, 2.911542053222656e+02, 2.9115283203125e+02, 2.911896057128906e+02, 2.911896057128906e+02, 2.911896057128906e+02, 2.911896057128906e+02, 2.911896057128906e+02, 2.911896057128906e+02, 2.911896057128906e+02, 2.911896057128906e+02, 2.911896057128906e+02, 2.911896057128906e+02, 2.911896057128906e+02]
hvac.VAVBox[5].TSup=[2.931499938964844e+02, 2.931499938964844e+02, 2.931499938964844e+02, 2.931499938964844e+02, 2.931499938964844e+02, 2.931499938964844e+02, 2.931499938964844e+02, 2.931499938964844e+02, 2.931499938964844e+02, 2.931499938964844e+02, 2.945328369140625e+02, 2.983020324707031e+02, 2.974720764160156e+02, 2.96495849609375e+02, 2.921809692382812e+02, 2.945654602050781e+02, 2.951894836425781e+02, 2.947279663085938e+02, 2.925177307128906e+02, 2.902057800292969e+02, 2.904859008789062e+02, 2.907577819824219e+02, 2.90938232421875e+02, 2.911217346191406e+02, 2.912039794921875e+02, 2.911972045898438e+02, 2.911658325195312e+02, 2.911556091308594e+02, 2.911521606445312e+02, 2.911486511230469e+02, 2.911486511230469e+02, 2.911492919921875e+02, 2.911495056152344e+02, 2.911494140625e+02, 2.911495361328125e+02, 2.911498413085938e+02, 2.911485900878906e+02, 2.911490173339844e+02, 2.911501770019531e+02, 2.911505737304688e+02, 2.912128295898438e+02, 2.912128295898438e+02, 2.912128295898438e+02, 2.912128295898438e+02, 2.912128295898438e+02, 2.912128295898438e+02, 2.912128295898438e+02, 2.912128295898438e+02, 2.912128295898438e+02, 2.912128295898438e+02, 2.912128295898438e+02, 2.912128295898438e+02, 2.912128295898438e+02, 2.912128295898438e+02, 2.912128295898438e+02, 2.912128295898438e+02, 2.912128295898438e+02, 2.912128295898438e+02, 2.912128295898438e+02, 2.912128295898438e+02, 2.912128295898438e+02, 2.925483703613281e+02, 2.925484619140625e+02, 2.951398620605469e+02, 2.892763671875e+02, 2.889600219726562e+02, 2.906068420410156e+02, 2.908918762207031e+02, 2.909199523925781e+02, 2.910705871582031e+02, 2.912070617675781e+02, 2.911958618164062e+02, 2.911677856445312e+02, 2.911523132324219e+02, 2.911503601074219e+02, 2.911498718261719e+02, 2.911498107910156e+02, 2.911497802734375e+02, 2.911435241699219e+02, 2.911479797363281e+02, 2.911508178710938e+02, 2.911514892578125e+02, 2.911531982421875e+02, 2.911507873535156e+02, 2.9114794921875e+02, 2.911480102539062e+02, 2.911461791992188e+02, 2.911499328613281e+02, 2.911542358398438e+02, 2.9115283203125e+02, 2.912117309570312e+02, 2.912117309570312e+02, 2.912117309570312e+02, 2.912117309570312e+02, 2.912117309570312e+02, 2.912117309570312e+02, 2.912117309570312e+02, 2.912117309570312e+02, 2.912117309570312e+02, 2.912117309570312e+02, 2.912117309570312e+02]
hvac.VAVBox[1].vav.m_flow=[9.26812120972953e-13, 2.082084366028525e-10, 2.11608716660372e-10, 1.94375640583111e-10, 1.641267399765667e-10, 1.30012667298729e-10, 9.221058638875235e-11, 9.369249126534031e-11, 1.066894142476293e-10, 1.113793293705534e-10, 2.565661072731018e-02, 1.930446475744247e-01, 2.351609468460083e-01, 1.294548958539963e-01, 1.695253252983094e-01, 2.144229263067245e-01, 2.466182857751846e-01, 2.608429491519928e-01, 2.439556270837784e-01, 2.079125940799713e-01, 1.757037937641144e-01, 1.386329531669617e-01, 1.324429959058762e-01, 1.324604600667953e-01, 1.324494630098343e-01, 1.324417740106583e-01, 1.324389427900314e-01, 1.324399262666702e-01, 1.324497014284134e-01, 1.3245889544487e-01, 1.324573755264282e-01, 1.324550658464432e-01, 1.324517577886581e-01, 1.324487924575806e-01, 1.324480772018433e-01, 1.32447138428688e-01, 1.324459910392761e-01, 1.324452906847e-01, 1.324458420276642e-01, 1.324476450681686e-01, 1.456949560996179e-10, 1.803196481020564e-10, 9.284654989283325e-11, 9.872907179298007e-12, 4.468666647654274e-13, 8.043853083616881e-11, 1.40074021826031e-10, 1.764123847003418e-10, 2.001022125774909e-10, 1.802135524142656e-10, 1.669613752808274e-10, 1.687888162571483e-10, 1.178862008011095e-10, 1.902814988907764e-10, 1.711104313795175e-10, 1.67958355556941e-10, 1.973655266995781e-10, 1.19106655094293e-10, 8.865241873934337e-11, 9.248510290937872e-11, 3.27687016410394e-10, 6.540699303150177e-02, 2.184783816337585e-01, 1.294135600328445e-01, 1.324396729469299e-01, 1.323492228984833e-01, 1.323915421962738e-01, 1.324075013399124e-01, 1.324375718832016e-01, 1.324675977230072e-01, 1.324650347232819e-01, 1.324511915445328e-01, 1.324552595615387e-01, 1.324521154165268e-01, 1.324504911899567e-01, 1.324497014284134e-01, 1.324484646320343e-01, 1.32447138428688e-01, 1.324406117200851e-01, 1.32443904876709e-01, 1.32446363568306e-01, 1.324490904808044e-01, 1.324546784162521e-01, 1.324597150087357e-01, 1.324590444564819e-01, 1.324582993984222e-01, 1.324534267187119e-01, 1.324417144060135e-01, 1.324499547481537e-01, 1.324493288993835e-01, 1.259130716357859e-10, 1.159868590061564e-10, 1.167163310444863e-10, 1.332455812352862e-10, 2.390239950411654e-10, 3.5654140750907e-10, 2.69653854800822e-10, 2.865900225468287e-11, 3.440532065235302e-20, 4.121004579249465e-11, 9.926952315719717e-11]
hvac.VAVBox[2].vav.m_flow=[8.801232312394269e-13, 1.9771977111116e-10, 2.009487576337676e-10, 1.845838065728245e-10, 1.558587148231538e-10, 1.23463184120709e-10, 8.756539937593288e-11, 8.897265563190261e-11, 1.013148454021007e-10, 1.057685050653845e-10, 2.436413802206516e-02, 1.833198666572571e-01, 2.233145236968994e-01, 9.663540869951248e-02, 9.901980310678482e-02, 1.306438446044922e-01, 1.517510712146759e-01, 1.587868332862854e-01, 1.373281031847e-01, 9.910769760608673e-02, 9.909987449645996e-02, 9.910876303911209e-02, 9.910093992948532e-02, 9.911537170410156e-02, 9.910628199577332e-02, 9.909992665052414e-02, 9.909757971763611e-02, 9.909839183092117e-02, 9.910646826028824e-02, 9.91140678524971e-02, 9.911281615495682e-02, 9.911090880632401e-02, 9.910817444324493e-02, 9.910573065280914e-02, 9.910513460636139e-02, 9.910435229539871e-02, 9.91034135222435e-02, 9.910282492637634e-02, 9.910327941179276e-02, 9.910476952791214e-02, 1.383554520950625e-10, 1.71235900459088e-10, 8.816932600685945e-11, 9.375551550394601e-12, 4.243553750581108e-13, 7.638636945195287e-11, 1.330176802039063e-10, 1.675254795996395e-10, 1.900219009920434e-10, 1.711351477196033e-10, 1.5855056156866e-10, 1.602859373006638e-10, 1.119475970257078e-10, 1.806959165628896e-10, 1.624906043051766e-10, 1.594973181306971e-10, 1.874230770582134e-10, 1.131065519022209e-10, 8.418648417274355e-11, 8.782609361990268e-11, 3.111795265908768e-10, 6.211206316947937e-02, 2.074723541736603e-01, 9.660134464502335e-02, 9.909819066524506e-02, 9.902345389127731e-02, 9.905841946601868e-02, 9.907159954309464e-02, 9.909645467996597e-02, 9.912125766277313e-02, 9.91191491484642e-02, 9.910770505666733e-02, 9.911106526851654e-02, 9.910846501588821e-02, 9.910712391138077e-02, 9.910646826028824e-02, 9.910545498132706e-02, 9.910435974597931e-02, 9.909896552562714e-02, 9.910168498754501e-02, 9.910371899604797e-02, 9.910596162080765e-02, 9.911058098077774e-02, 9.911474585533142e-02, 9.911419451236725e-02, 9.91135835647583e-02, 9.910955280065536e-02, 9.909987449645996e-02, 9.910667687654495e-02, 9.910616278648376e-02, 1.195700899403462e-10, 1.101439217610078e-10, 1.108366523561166e-10, 1.265332283395537e-10, 2.269829740830787e-10, 3.385803581945623e-10, 2.560698042497478e-10, 2.721528037652465e-11, -2.636638525630202e-20, 3.913405363653588e-11, 9.426874558737808e-11]
hvac.VAVBox[3].vav.m_flow=[9.26812120972953e-13, 2.082084366028525e-10, 2.11608716660372e-10, 1.94375640583111e-10, 1.641267399765667e-10, 1.30012667298729e-10, 9.221058638875235e-11, 9.369249126534031e-11, 1.066894142476293e-10, 1.113793293705534e-10, 2.565661072731018e-02, 1.930446475744247e-01, 2.351609468460083e-01, 1.294548958539963e-01, 1.503152251243592e-01, 1.826727092266083e-01, 2.098897993564606e-01, 2.309156209230423e-01, 2.321576774120331e-01, 2.179522812366486e-01, 2.011208087205887e-01, 1.833105236291885e-01, 1.648278534412384e-01, 1.456264555454254e-01, 1.324494630098343e-01, 1.324417740106583e-01, 1.324389427900314e-01, 1.324399262666702e-01, 1.324497014284134e-01, 1.3245889544487e-01, 1.324573755264282e-01, 1.324550658464432e-01, 1.324517577886581e-01, 1.324487924575806e-01, 1.324480772018433e-01, 1.32447138428688e-01, 1.324459910392761e-01, 1.324452906847e-01, 1.324458420276642e-01, 1.324476450681686e-01, 1.456949560996179e-10, 1.803196481020564e-10, 9.284654989283325e-11, 9.872907179298007e-12, 4.46866637660373e-13, 8.043853083616881e-11, 1.40074021826031e-10, 1.764123847003418e-10, 2.001022125774909e-10, 1.802135524142656e-10, 1.669613752808274e-10, 1.687888162571483e-10, 1.178862008011095e-10, 1.902814988907764e-10, 1.711104313795175e-10, 1.67958355556941e-10, 1.973655266995781e-10, 1.19106655094293e-10, 8.865241873934337e-11, 9.248510290937872e-11, 3.27687016410394e-10, 6.540699303150177e-02, 2.184783816337585e-01, 1.294135600328445e-01, 1.324396729469299e-01, 1.397261023521423e-01, 1.624664813280106e-01, 1.810629814863205e-01, 1.813814342021941e-01, 1.639548987150194e-01, 1.439713537693025e-01, 1.324511915445328e-01, 1.324552595615387e-01, 1.324521154165268e-01, 1.324504911899567e-01, 1.324497014284134e-01, 1.324484646320343e-01, 1.32447138428688e-01, 1.324406117200851e-01, 1.32443904876709e-01, 1.32446363568306e-01, 1.324490904808044e-01, 1.324546784162521e-01, 1.324597150087357e-01, 1.324590444564819e-01, 1.324582993984222e-01, 1.324534267187119e-01, 1.324417144060135e-01, 1.324499547481537e-01, 1.324493288993835e-01, 1.259130716357859e-10, 1.159868590061564e-10, 1.167163310444863e-10, 1.332455812352862e-10, 2.390239950411654e-10, 3.5654140750907e-10, 2.69653854800822e-10, 2.865900225468287e-11, -3.446185004616792e-20, 4.121004579249465e-11, 9.926952315719717e-11]
hvac.VAVBox[4].vav.m_flow=[6.845403150573803e-13, 1.537820426555925e-10, 1.56293478159597e-10, 1.435651875159039e-10, 1.212234479464058e-10, 9.602691558585619e-11, 6.810642327881311e-11, 6.920095052542764e-11, 7.880043839669781e-11, 8.226438974467953e-11, 1.894988492131233e-02, 1.425821185112e-01, 1.73689067363739e-01, 7.516087591648102e-02, 9.486339241266256e-02, 1.214972361922264e-01, 1.432172507047653e-01, 1.594814062118531e-01, 1.593116223812103e-01, 1.470377594232559e-01, 1.329342871904373e-01, 1.286671310663223e-01, 1.187460422515869e-01, 1.014501377940178e-01, 8.894076198339462e-02, 7.7077716588974e-02, 7.707589119672775e-02, 7.707652449607849e-02, 7.708281278610229e-02, 7.708872109651566e-02, 7.708774507045746e-02, 7.708626240491867e-02, 7.708413153886795e-02, 7.708223164081573e-02, 7.708176970481873e-02, 7.708116620779037e-02, 7.708042860031128e-02, 7.707997411489487e-02, 7.708033174276352e-02, 7.708148658275604e-02, 1.076098030128314e-10, 1.331834781348462e-10, 6.857614476274421e-11, 7.292095746680438e-12, 3.300542077058072e-13, 5.941162145584045e-11, 1.034582003400786e-10, 1.302975921602112e-10, 1.477948180506061e-10, 1.331051102670955e-10, 1.233171065262439e-10, 1.246668462906442e-10, 8.707035092925253e-11, 1.405412591859445e-10, 1.263815718743899e-10, 1.240534619473267e-10, 1.457735043786104e-10, 8.797176181962805e-11, 6.547837272385948e-11, 6.830918469757918e-11, 2.420285083459817e-10, 4.830938205122948e-02, 1.613673865795135e-01, 7.513438165187836e-02, 7.707636803388596e-02, 7.701823860406876e-02, 9.44456085562706e-02, 1.080066412687302e-01, 1.070415303111076e-01, 9.213233739137663e-02, 7.709266990423203e-02, 7.70837739109993e-02, 7.708638906478882e-02, 7.708436250686646e-02, 7.708331942558289e-02, 7.70828053355217e-02, 7.708202302455902e-02, 7.708116620779037e-02, 7.70769789814949e-02, 7.707908749580383e-02, 7.708067446947098e-02, 7.708241790533066e-02, 7.708600908517838e-02, 7.708925008773804e-02, 7.708881795406342e-02, 7.708834111690521e-02, 7.708520442247391e-02, 7.707767933607101e-02, 7.708296924829483e-02, 7.70825669169426e-02, 9.299896269743257e-11, 8.566749393201789e-11, 8.620628516586848e-11, 9.841473469496265e-11, 1.765423085497986e-10, 2.633402662599593e-10, 1.991654063893122e-10, 2.116744106384072e-11, 1.36591025925303e-20, 3.043759688736714e-11, 7.33201346858614e-11]
hvac.VAVBox[5].vav.m_flow_turbulent=[1.618800044059753e+00, 1.618800044059753e+00]
hvac.conAHU.VEffOutAir_flow=[0e+00, 0e+00, 0e+00, 0e+00, 0e+00, 0e+00, 0e+00, 0e+00, 0e+00, 0e+00, 0e+00, 0e+00, 0e+00, 1.030270457267761e+00, 8.112808465957637e-01, 1.066131711006165e+00, 1.10735809803009e+00, 1.10735809803009e+00, 8.564049601554871e-01, 8.598875403404236e-01, 8.264573216438293e-01, 9.181102514266968e-01, 9.516404271125793e-01, 9.212204813957214e-01, 8.999171853065491e-01, 1.012861132621765e+00, 1.012877106666565e+00, 1.012871503829956e+00, 1.012816667556763e+00, 1.012765049934387e+00, 1.012773513793945e+00, 7.548609972000122e-01, 7.548659443855286e-01, 7.548704147338867e-01, 7.548714876174927e-01, 7.548729181289673e-01, 7.548746466636658e-01, 7.548757195472717e-01, 7.548748850822449e-01, 7.548721432685852e-01, 0e+00, 0e+00, 0e+00, 0e+00, 0e+00, 0e+00, 0e+00, 0e+00, 0e+00, 0e+00, 0e+00, 0e+00, 0e+00, 0e+00, 0e+00, 0e+00, 0e+00, 0e+00, 0e+00, 0e+00, 0e+00, 0e+00, 0e+00, 1.030521988868713e+00, 1.012872695922852e+00, 1.021348357200623e+00, 9.297150373458862e-01, 9.56395149230957e-01, 9.556996226310729e-01, 9.286755919456484e-01, 1.025130033493042e+00, 1.012808322906494e+00, 1.01278555393219e+00, 1.012803077697754e+00, 1.01281213760376e+00, 8.90058696269989e-01, 7.548708915710449e-01, 7.548729181289673e-01, 7.548826932907104e-01, 7.548777461051941e-01, 7.54874050617218e-01, 7.548699975013733e-01, 7.5486159324646e-01, 7.548540234565735e-01, 7.548549771308899e-01, 7.548561096191406e-01, 7.54863440990448e-01, 7.548810839653015e-01, 7.548686861991882e-01, 7.548696398735046e-01, 0e+00, 0e+00, 0e+00, 0e+00, 0e+00, 0e+00, 0e+00, 0e+00, 0e+00, 0e+00, 0e+00]
hvac.conAHU.VOut_flow=[0e+00, 1.450268140156764e-17, 1.488433095567103e-17, 1.373938229336086e-17, 1.18311345228439e-17, 9.159587644120164e-18, 6.488041592577038e-18, 6.488041592577038e-18, 7.251340700783821e-18, 8.014639808990603e-18, 1.806981342333813e-09, 1.6230838895126e-08, 7.52506590373514e-09, 1.268930174410343e-02, 3.628981709480292e-01, 5.028431415557861e-01, 5.266008377075195e-01, 5.601983070373535e-01, 5.622341632843018e-01, 5.399301052093506e-01, 5.354258418083191e-01, 5.291938185691833e-01, 5.308240652084351e-01, 5.316100716590881e-01, 5.367036461830139e-01, 5.494070649147034e-01, 5.626535415649414e-01, 5.738241672515869e-01, 5.931631922721864e-01, 6.06698215007782e-01, 6.075208187103271e-01, 6.080943942070007e-01, 6.087967157363892e-01, 6.093937754631042e-01, 6.096236109733582e-01, 6.098756790161133e-01, 6.072775721549988e-01, 5.955092310905457e-01, 5.843151211738586e-01, 5.736101865768433e-01, 9.922886752326947e-18, 1.297608318515408e-17, 6.488041592577038e-18, 7.632990048092059e-19, 0e+00, 5.724742484370256e-18, 9.541237198223556e-18, 1.259443363105069e-17, 1.412103184746425e-17, 1.259443363105069e-17, 1.18311345228439e-17, 1.18311345228439e-17, 8.396289363093994e-18, 1.335773273925747e-17, 1.18311345228439e-17, 1.18311345228439e-17, 1.412103184746425e-17, 8.014639808990719e-18, 6.106392038473647e-18, 6.488041592577038e-18, 2.328061949158441e-17, 2.016171674057432e-09, 6.950257702698082e-09, 1.265992131084204e-02, 3.785662651062012e-01, 6.322188973426819e-01, 6.280455589294434e-01, 6.528224945068359e-01, 6.676239967346191e-01, 6.635890603065492e-01, 6.530981063842773e-01, 6.560863852500916e-01, 6.77818775177002e-01, 6.920163631439209e-01, 6.923474073410034e-01, 6.931058168411255e-01, 6.92596435546875e-01, 6.930554509162903e-01, 6.764087080955505e-01, 6.441160440444946e-01, 6.290240287780762e-01, 6.233605742454529e-01, 6.339191794395447e-01, 6.556211113929749e-01, 6.63094162940979e-01, 6.608128547668457e-01, 6.482201218605042e-01, 6.230078935623169e-01, 6.225093603134155e-01, 6.406843066215515e-01, 8.777938090016773e-18, 8.396289363093994e-18, 8.396289363093994e-18, 9.541237198223556e-18, 1.717422828029138e-17, 2.480721770799798e-17, 1.908247439644711e-17, 1.908247563721803e-18, 0e+00, 2.671546465133432e-18, 6.86969114668043e-18]
hvac.conAHU.yOutDamPos=[0e+00, 0e+00, 0e+00, 0e+00, 0e+00, 0e+00, 0e+00, 0e+00, 0e+00, 0e+00, 0e+00, 0e+00, 0e+00, 4.758335947990417e-01, 1e+00, 6.49236798286438e-01, 5.27872622013092e-01, 5.299656987190247e-01, 5.331855416297913e-01, 5.369721055030823e-01, 5.417129397392273e-01, 5.461170077323914e-01, 5.501657128334045e-01, 5.544849634170532e-01, 5.589040517807007e-01, 5.637564063072205e-01, 5.672775506973267e-01, 5.702939629554749e-01, 5.756246447563171e-01, 5.794417262077332e-01, 5.796772241592407e-01, 5.798452496528625e-01, 5.800520181655884e-01, 5.80227792263031e-01, 5.802949070930481e-01, 5.803691744804382e-01, 5.79616367816925e-01, 5.762690305709839e-01, 5.731487274169922e-01, 5.702129602432251e-01, 0e+00, 0e+00, 0e+00, 0e+00, 0e+00, 0e+00, 0e+00, 0e+00, 0e+00, 0e+00, 0e+00, 0e+00, 0e+00, 0e+00, 0e+00, 0e+00, 0e+00, 0e+00, 0e+00, 0e+00, 0e+00, 0e+00, 0e+00, 4.756217896938324e-01, 1e+00, 7.492738962173462e-01, 5.781061053276062e-01, 5.799657702445984e-01, 5.840725898742676e-01, 5.882073640823364e-01, 5.912672877311707e-01, 5.944072604179382e-01, 6.016103625297546e-01, 6.065762639045715e-01, 6.06698751449585e-01, 6.069734692573547e-01, 6.067917943000793e-01, 6.069600582122803e-01, 6.011099815368652e-01, 5.906084775924683e-01, 5.860002040863037e-01, 5.843127369880676e-01, 5.874879360198975e-01, 5.942468643188477e-01, 5.9665846824646e-01, 5.959099531173706e-01, 5.918769836425781e-01, 5.842073559761047e-01, 5.840678811073303e-01, 5.895653963088989e-01, 0e+00, 0e+00, 0e+00, 0e+00, 0e+00, 0e+00, 0e+00, 0e+00, 0e+00, 0e+00, 0e+00]
hvac.conAHU.eco.mod.uOutDamPosMin=[0e+00, 0e+00, 0e+00, 0e+00, 0e+00, 0e+00, 0e+00, 0e+00, 0e+00, 0e+00, 0e+00, 0e+00, 0e+00, 4.758335947990417e-01, 1e+00, 1e+00, 1e+00, 1e+00, 1e+00, 1e+00, 1e+00, 1e+00, 1e+00, 1e+00, 1e+00, 1e+00, 1e+00, 1e+00, 1e+00, 1e+00, 1e+00, 1e+00, 1e+00, 1e+00, 1e+00, 1e+00, 1e+00, 1e+00, 1e+00, 1e+00, 0e+00, 0e+00, 0e+00, 0e+00, 0e+00, 0e+00, 0e+00, 0e+00, 0e+00, 0e+00, 0e+00, 0e+00, 0e+00, 0e+00, 0e+00, 0e+00, 0e+00, 0e+00, 0e+00, 0e+00, 0e+00, 0e+00, 0e+00, 4.756217896938324e-01, 1e+00, 1e+00, 1e+00, 1e+00, 1e+00, 1e+00, 1e+00, 1e+00, 1e+00, 1e+00, 1e+00, 1e+00, 1e+00, 1e+00, 1e+00, 1e+00, 1e+00, 1e+00, 1e+00, 1e+00, 1e+00, 1e+00, 1e+00, 1e+00, 1e+00, 1e+00, 0e+00, 0e+00, 0e+00, 0e+00, 0e+00, 0e+00, 0e+00, 0e+00, 0e+00, 0e+00, 0e+00]
hvac.conAHU.eco.mod.uOutDamPosMax=[0e+00, 0e+00, 0e+00, 0e+00, 0e+00, 0e+00, 0e+00, 0e+00, 0e+00, 0e+00, 0e+00, 0e+00, 0e+00, 1e+00, 1e+00, 1e+00, 1e+00, 1e+00, 1e+00, 1e+00, 1e+00, 1e+00, 1e+00, 1e+00, 1e+00, 1e+00, 1e+00, 1e+00, 1e+00, 1e+00, 1e+00, 1e+00, 1e+00, 1e+00, 1e+00, 1e+00, 1e+00, 1e+00, 1e+00, 1e+00, 0e+00, 0e+00, 0e+00, 0e+00, 0e+00, 0e+00, 0e+00, 0e+00, 0e+00, 0e+00, 0e+00, 0e+00, 0e+00, 0e+00, 0e+00, 0e+00, 0e+00, 0e+00, 0e+00, 0e+00, 0e+00, 0e+00, 0e+00, 1e+00, 1e+00, 1e+00, 1e+00, 1e+00, 1e+00, 1e+00, 1e+00, 1e+00, 1e+00, 1e+00, 1e+00, 1e+00, 1e+00, 1e+00, 1e+00, 1e+00, 1e+00, 1e+00, 1e+00, 1e+00, 1e+00, 1e+00, 1e+00, 1e+00, 1e+00, 1e+00, 0e+00, 0e+00, 0e+00, 0e+00, 0e+00, 0e+00, 0e+00, 0e+00, 0e+00, 0e+00, 0e+00]
hvac.conAHU.yRetDamPos=[1e+00, 1e+00, 1e+00, 1e+00, 1e+00, 1e+00, 1e+00, 1e+00, 1e+00, 1e+00, 1e+00, 1e+00, 1e+00, 1e+00, 9.406773447990411e-01, 5.837755799293518e-01, 4.721273481845856e-01, 4.700343012809753e-01, 4.668144583702087e-01, 4.630278944969177e-01, 4.582870602607727e-01, 4.538829922676086e-01, 4.498342871665955e-01, 4.455150365829468e-01, 4.410959482192993e-01, 4.362435936927795e-01, 4.32722419500351e-01, 4.297060668468475e-01, 4.243753850460052e-01, 4.205582737922668e-01, 4.203227758407593e-01, 4.201547801494598e-01, 4.199479818344116e-01, 4.19772207736969e-01, 4.197051227092743e-01, 4.196308553218842e-01, 4.20383632183075e-01, 4.237309992313385e-01, 4.268513023853302e-01, 4.297870695590973e-01, 1e+00, 1e+00, 1e+00, 1e+00, 1e+00, 1e+00, 1e+00, 1e+00, 1e+00, 1e+00, 1e+00, 1e+00, 1e+00, 1e+00, 1e+00, 1e+00, 1e+00, 1e+00, 1e+00, 1e+00, 1e+00, 1e+00, 1e+00, 1e+00, 8.944905400276184e-01, 5.577746629714966e-01, 4.218938648700714e-01, 4.20034259557724e-01, 4.159274101257324e-01, 4.117926359176636e-01, 4.087327122688293e-01, 4.055927395820618e-01, 3.98389607667923e-01, 3.934237360954285e-01, 3.93301248550415e-01, 3.930265307426453e-01, 3.932081758975983e-01, 3.930399119853973e-01, 3.988900482654572e-01, 4.093914926052094e-01, 4.139997959136963e-01, 4.156872630119324e-01, 4.125120639801025e-01, 4.057531356811523e-01, 4.0334153175354e-01, 4.040900468826294e-01, 4.081230163574219e-01, 4.157926440238953e-01, 4.159320890903473e-01, 4.104346036911011e-01, 1e+00, 1e+00, 1e+00, 1e+00, 1e+00, 1e+00, 1e+00, 1e+00, 1e+00, 1e+00, 1e+00]
