last-generated=2024-09-13
statistics-initialization=
{
  "nonlinear": "5",
  "numerical Jacobians": "0"
}
statistics-simulation=
{
  "linear": "0, 0, 0, 0, 0",
  "nonlinear": "1",
  "number of continuous time states": "9",
  "numerical Jacobians": "0"
}
time=[0e+00, 3.1536e+07]
zon.T=[2.931499938964844e+02, 2.9383740234375e+02, 2.948395385742188e+02, 2.951160888671875e+02, 2.933800354003906e+02, 2.948947448730469e+02, 2.937331237792969e+02, 2.949746704101562e+02, 2.949635620117188e+02, 2.944471130371094e+02, 2.949724426269531e+02, 2.932081604003906e+02, 2.945489196777344e+02, 2.949959106445312e+02, 2.950682983398438e+02, 2.951318969726562e+02, 2.94079345703125e+02, 2.940500793457031e+02, 2.93251708984375e+02, 2.933990783691406e+02, 2.932026672363281e+02, 2.936112365722656e+02, 2.941801452636719e+02, 2.951361694335938e+02, 2.93716552734375e+02, 2.932197570800781e+02, 2.950960388183594e+02, 2.934937744140625e+02, 2.94099609375e+02, 2.960980529785156e+02, 2.970367736816406e+02, 2.962557373046875e+02, 2.963287963867188e+02, 2.957503662109375e+02, 2.968569030761719e+02, 2.973105163574219e+02, 2.972327575683594e+02, 2.974053955078125e+02, 2.9729833984375e+02, 2.974791259765625e+02, 2.975252685546875e+02, 2.97537109375e+02, 2.975236511230469e+02, 2.975829772949219e+02, 2.975098876953125e+02, 2.974815979003906e+02, 2.975858764648438e+02, 2.97586181640625e+02, 2.975217590332031e+02, 2.97598876953125e+02, 2.974871215820312e+02, 2.975801391601562e+02, 2.975681762695312e+02, 2.975058288574219e+02, 2.975873107910156e+02, 2.976448059082031e+02, 2.975876770019531e+02, 2.975962524414062e+02, 2.976087036132812e+02, 2.975819396972656e+02, 2.975244140625e+02, 2.97537109375e+02, 2.974706420898438e+02, 2.975226135253906e+02, 2.975242004394531e+02, 2.974746398925781e+02, 2.974830322265625e+02, 2.974789123535156e+02, 2.974937744140625e+02, 2.974888000488281e+02, 2.974450988769531e+02, 2.974119873046875e+02, 2.970668334960938e+02, 2.966714172363281e+02, 2.971568908691406e+02, 2.972569580078125e+02, 2.96673095703125e+02, 2.959283447265625e+02, 2.957220764160156e+02, 2.948124389648438e+02, 2.944173583984375e+02, 2.947107238769531e+02, 2.939200744628906e+02, 2.940605773925781e+02, 2.940164184570312e+02, 2.937287902832031e+02, 2.931647033691406e+02, 2.933880004882812e+02, 2.950128784179688e+02, 2.940987243652344e+02, 2.951145935058594e+02, 2.951122436523438e+02, 2.931898193359375e+02, 2.951496887207031e+02, 2.950305480957031e+02, 2.942147827148438e+02, 2.936344299316406e+02, 2.943554077148438e+02, 2.931622009277344e+02, 2.951441650390625e+02, 2.932518920898438e+02]
heaWat.u=[1e+00, 0e+00, 1e+00, 1e+00, 0e+00, 1e+00, 1e+00, 1e+00, 1e+00, 0e+00, 0e+00, 0e+00, 1e+00, 1e+00, 1e+00, 1e+00, 0e+00, 1e+00, 0e+00, 0e+00, 0e+00, 0e+00, 0e+00, 0e+00, 0e+00, 0e+00, 1e+00, 0e+00, 0e+00, 0e+00, 0e+00, 0e+00, 0e+00, 0e+00, 0e+00, 0e+00, 0e+00, 0e+00, 0e+00, 0e+00, 0e+00, 0e+00, 0e+00, 0e+00, 0e+00, 0e+00, 0e+00, 0e+00, 0e+00, 0e+00, 0e+00, 0e+00, 0e+00, 0e+00, 0e+00, 0e+00, 0e+00, 0e+00, 0e+00, 0e+00, 0e+00, 0e+00, 0e+00, 0e+00, 0e+00, 0e+00, 0e+00, 0e+00, 0e+00, 0e+00, 0e+00, 0e+00, 0e+00, 0e+00, 0e+00, 0e+00, 0e+00, 0e+00, 0e+00, 0e+00, 0e+00, 0e+00, 0e+00, 0e+00, 0e+00, 0e+00, 0e+00, 0e+00, 1e+00, 0e+00, 1e+00, 1e+00, 0e+00, 1e+00, 1e+00, 1e+00, 0e+00, 0e+00, 0e+00, 1e+00, 0e+00]
vavDam.y=[2.5e-01, 2.5e-01, 2.5e-01, 2.5e-01, 2.5e-01, 2.5e-01, 2.5e-01, 2.5e-01, 2.5e-01, 2.5e-01, 2.5e-01, 2.5e-01, 2.5e-01, 2.5e-01, 2.5e-01, 2.5e-01, 2.5e-01, 2.5e-01, 2.5e-01, 2.5e-01, 2.5e-01, 2.5e-01, 2.5e-01, 2.5e-01, 2.5e-01, 2.5e-01, 2.5e-01, 2.5e-01, 2.5e-01, 2.5e-01, 2.5e-01, 2.5e-01, 2.5e-01, 2.5e-01, 2.5e-01, 2.5e-01, 2.5e-01, 2.553925514221191e-01, 2.5e-01, 3.291155099868774e-01, 3.752652704715729e-01, 3.871184885501862e-01, 3.736608326435089e-01, 4.329791069030762e-01, 3.59874039888382e-01, 3.31609845161438e-01, 4.358777403831482e-01, 4.361938238143921e-01, 3.717730045318604e-01, 4.48868453502655e-01, 3.371348083019257e-01, 4.301444888114929e-01, 4.181613922119141e-01, 3.558394908905029e-01, 4.373158812522888e-01, 4.947918057441711e-01, 4.376653432846069e-01, 4.46266770362854e-01, 4.587029218673706e-01, 4.31944727897644e-01, 3.744049966335297e-01, 3.871162235736847e-01, 3.206354081630707e-01, 3.726148009300232e-01, 3.741947710514069e-01, 3.246372044086456e-01, 3.330214023590088e-01, 3.289011120796204e-01, 3.43769371509552e-01, 3.387857675552368e-01, 2.951039671897888e-01, 2.619933485984802e-01, 2.5e-01, 2.5e-01, 2.5e-01, 2.5e-01, 2.5e-01, 2.5e-01, 2.5e-01, 2.5e-01, 2.5e-01, 2.5e-01, 2.5e-01, 2.5e-01, 2.5e-01, 2.5e-01, 2.5e-01, 2.5e-01, 2.5e-01, 2.5e-01, 2.5e-01, 2.5e-01, 2.5e-01, 2.5e-01, 2.5e-01, 2.5e-01, 2.5e-01, 2.5e-01, 2.5e-01, 2.5e-01, 2.5e-01]
TFanIn.T=[2.883200073242188e+02, 2.905804138183594e+02, 2.883320007324219e+02, 2.920919799804688e+02, 2.906665344238281e+02, 2.918880310058594e+02, 2.898758544921875e+02, 2.901109924316406e+02, 2.891115417480469e+02, 2.908674926757812e+02, 2.898690795898438e+02, 2.899195861816406e+02, 2.912050170898438e+02, 2.915523681640625e+02, 2.904037475585938e+02, 2.919996032714844e+02, 2.906729431152344e+02, 2.909330749511719e+02, 2.910764770507812e+02, 2.914588623046875e+02, 2.901047668457031e+02, 2.916375122070312e+02, 2.910805053710938e+02, 2.91931884765625e+02, 2.92504638671875e+02, 2.907042846679688e+02, 2.918233642578125e+02, 2.916278381347656e+02, 2.919345092773438e+02, 2.964927978515625e+02, 2.946237487792969e+02, 2.941998901367188e+02, 2.941102600097656e+02, 2.946823120117188e+02, 2.95654052734375e+02, 2.953514404296875e+02, 2.958343505859375e+02, 2.946706848144531e+02, 2.963739624023438e+02, 2.969333801269531e+02, 2.952789611816406e+02, 2.982247924804688e+02, 2.966036071777344e+02, 2.979476318359375e+02, 2.962222900390625e+02, 2.965768737792969e+02, 2.96260498046875e+02, 2.985107727050781e+02, 2.9485693359375e+02, 2.973911437988281e+02, 2.972565612792969e+02, 2.97301513671875e+02, 2.96869140625e+02, 2.978994750976562e+02, 2.976357116699219e+02, 2.979755859375e+02, 2.981030883789062e+02, 2.967643127441406e+02, 2.979931640625e+02, 2.976788330078125e+02, 2.957882385253906e+02, 2.974442749023438e+02, 2.967668151855469e+02, 2.963309326171875e+02, 2.979713134765625e+02, 2.966609497070312e+02, 2.968990783691406e+02, 2.969129333496094e+02, 2.965253601074219e+02, 2.967496032714844e+02, 2.962158508300781e+02, 2.966827087402344e+02, 2.9535986328125e+02, 2.96059814453125e+02, 2.956841735839844e+02, 2.958908996582031e+02, 2.95499755859375e+02, 2.934595947265625e+02, 2.94123046875e+02, 2.925822143554688e+02, 2.921422424316406e+02, 2.928602600097656e+02, 2.915152587890625e+02, 2.920693969726562e+02, 2.939432067871094e+02, 2.92636962890625e+02, 2.904175109863281e+02, 2.919801940917969e+02, 2.920715026855469e+02, 2.905301208496094e+02, 2.907398986816406e+02, 2.901202697753906e+02, 2.900090026855469e+02, 2.9247607421875e+02, 2.906308898925781e+02, 2.90965087890625e+02, 2.895514831542969e+02, 2.903468322753906e+02, 2.896872253417969e+02, 2.911193237304688e+02, 2.893890991210938e+02]
TFanOut.T=[2.886552734375e+02, 2.909156799316406e+02, 2.886672668457031e+02, 2.924272155761719e+02, 2.910017700195312e+02, 2.922232971191406e+02, 2.902111206054688e+02, 2.904462280273438e+02, 2.894468078613281e+02, 2.912027587890625e+02, 2.90204345703125e+02, 2.902548522949219e+02, 2.91540283203125e+02, 2.918876342773438e+02, 2.90739013671875e+02, 2.923348693847656e+02, 2.910082092285156e+02, 2.912683410644531e+02, 2.914117126464844e+02, 2.917941284179688e+02, 2.904400329589844e+02, 2.919727783203125e+02, 2.91415771484375e+02, 2.922671508789062e+02, 2.928399047851562e+02, 2.9103955078125e+02, 2.921586303710938e+02, 2.919631042480469e+02, 2.922697448730469e+02, 2.968280334472656e+02, 2.949590148925781e+02, 2.9453515625e+02, 2.944455261230469e+02, 2.95017578125e+02, 2.959893188476562e+02, 2.956867065429688e+02, 2.961695861816406e+02, 2.950059509277344e+02, 2.96709228515625e+02, 2.972686462402344e+02, 2.956142272949219e+02, 2.9856005859375e+02, 2.969388732910156e+02, 2.982828979492188e+02, 2.965575561523438e+02, 2.969121398925781e+02, 2.965957641601562e+02, 2.988460388183594e+02, 2.951921691894531e+02, 2.977264099121094e+02, 2.975918273925781e+02, 2.976367797851562e+02, 2.972044067382812e+02, 2.982347106933594e+02, 2.979709777832031e+02, 2.983108215332031e+02, 2.984383544921875e+02, 2.970995788574219e+02, 2.983284301757812e+02, 2.980140686035156e+02, 2.961235046386719e+02, 2.97779541015625e+02, 2.971020812988281e+02, 2.966661987304688e+02, 2.983065795898438e+02, 2.969962158203125e+02, 2.972343444824219e+02, 2.972481994628906e+02, 2.96860595703125e+02, 2.970848693847656e+02, 2.965510864257812e+02, 2.970179443359375e+02, 2.956951293945312e+02, 2.963950805664062e+02, 2.960194396972656e+02, 2.962261657714844e+02, 2.958350219726562e+02, 2.937948608398438e+02, 2.944583129882812e+02, 2.9291748046875e+02, 2.924775085449219e+02, 2.931955261230469e+02, 2.918505249023438e+02, 2.924046630859375e+02, 2.942784729003906e+02, 2.929722290039062e+02, 2.907527770996094e+02, 2.923154602050781e+02, 2.9240673828125e+02, 2.908653869628906e+02, 2.910751647949219e+02, 2.904555358886719e+02, 2.903442687988281e+02, 2.928113098144531e+02, 2.909661560058594e+02, 2.913003234863281e+02, 2.898867492675781e+02, 2.906820983886719e+02, 2.900224914550781e+02, 2.9145458984375e+02, 2.89724365234375e+02]
