last-generated=2022-03-17
statistics-initialization=
{
  "nonlinear": "6, 0, 0, 0, 0, 1, 1",
  "numerical Jacobians": "0"
}
statistics-simulation=
{
  "linear": "0",
  "nonlinear": "5, 1, 1",
  "number of continuous time states": "33",
  "numerical Jacobians": "0"
}
time=[0e+00, 3.6e+03]
pumSup1.m_flow=[0e+00, 3.395724661459099e-07, 3.707935718466615e-07, 3.939663884011679e-07, 4.111720386390516e-07, 4.239228132973949e-07, 4.333582808158098e-07, 4.403334230573819e-07, 4.454860516034387e-07, 4.492903258324077e-07, 4.520979075550713e-07, 4.541699922810949e-07, 1.743939220905304e-01, -1.021799747832119e-03, -1.062299590557814e-03, -1.064246520400047e-03, -1.064441166818142e-03, -1.064440933987498e-03, -1.064417883753777e-03, -1.064392970874906e-03, -1.064368523657322e-03, -1.064344891346991e-03, -1.064322073943913e-03, -5.52300363779068e-04, -4.883318324573338e-04, -4.796678258571774e-04, -4.773791297338903e-04, -4.760364245157689e-04, -4.748204082716256e-04, -4.736211558338255e-04, -4.724188183899969e-04, -4.712110967375338e-04, -4.699959245044738e-04, -4.687732725869864e-04, 3.112171292304993e-01, 3.29583466053009e-01, 3.290439546108246e-01, 3.289910852909088e-01, 3.295218348503113e-01, 3.304218649864197e-01, 3.315965533256531e-01, 3.329825401306152e-01, 3.345317244529724e-01, 3.362044394016266e-01, 3.379718363285065e-01, -5.837455973960459e-04, -1.073811086826026e-03, -1.075328444130719e-03, -1.074796658940613e-03, -1.074262429028749e-03, -1.073724240995944e-03, -1.073181978426874e-03, -1.072635059244931e-03, -1.072084065526724e-03, -1.071529346518219e-03, -1.070969388820231e-03, -1.369107514619827e-03, -1.370023237541318e-03, -1.370026264339685e-03, -1.370023819617927e-03, -1.370023004710674e-03, -1.370022189803421e-03, -1.370021724142134e-03, -1.37002021074295e-03, -1.370019279420376e-03, -1.370019861496985e-03, -1.370018231682479e-03, 2.744049727916718e-01, 6.054959893226624e-01, 6.60353422164917e-01, 1.0856614112854e+00, 1.137050628662109e+00, 1.140512466430664e+00, 1.14094340801239e+00, 1.140996098518372e+00, 1.141002535820007e+00, 1.141003370285034e+00, 1.141003489494324e+00, 1.141003489494324e+00, 1.141003489494324e+00, 1.141003489494324e+00, 7.342177033424377e-01, 7.666278481483459e-01, 7.509837746620178e-01, 7.481977343559265e-01, 7.484555840492249e-01, 7.490237355232239e-01, 7.494016289710999e-01, 7.496161460876465e-01, 6.983734369277954e-01, 6.168107688426971e-02, 2.718095108866692e-02, 1.265902351588011e-02, 4.393224080558866e-04, 7.232778898469405e-06, 6.452740421991621e-07, 4.886591113972827e-07, 4.747679724914633e-07, 4.701667535300658e-07, 4.673529190313275e-07, 4.654340273191337e-07]
chiBra2.m_flow=[0e+00, 7.499329447746277e-01, 7.5e-01, 7.5e-01, 7.5e-01, 7.5e-01, 7.5e-01, 7.5e-01, 7.5e-01, 7.5e-01, 7.5e-01, 7.5e-01, 7.5e-01, 7.5e-01, 7.5e-01, 7.5e-01, 7.5e-01, 7.5e-01, 7.5e-01, 7.5e-01, 7.5e-01, 7.5e-01, 7.5e-01, 7.5e-01, 7.5e-01, 7.5e-01, 7.5e-01, 7.5e-01, 7.5e-01, 7.5e-01, 7.5e-01, 7.5e-01, 7.5e-01, 7.5e-01, 7.5e-01, 7.5e-01, 7.5e-01, 7.5e-01, 7.5e-01, 7.5e-01, 7.5e-01, 7.5e-01, 7.5e-01, 7.5e-01, 7.5e-01, 7.5e-01, 7.5e-01, 7.5e-01, 7.5e-01, 7.5e-01, 7.5e-01, 7.5e-01, 7.5e-01, 7.5e-01, 7.5e-01, 7.5e-01, 7.5e-01, 7.5e-01, 7.5e-01, 7.5e-01, 7.5e-01, 7.5e-01, 7.5e-01, 7.5e-01, 7.5e-01, 7.5e-01, 7.5e-01, 1.377374678850174e-01, 4.027182149002329e-05, 6.34175423286365e-09, 8.054307004332073e-13, 8.732322718829169e-17, 6.774715716313163e-19, -3.754955888399381e-19, -2.395863762280548e-19, -6.609365026050198e-20, 2.374121449126562e-20, -1.131466135313442e-18, 6.056602712622631e-21, 8.584747372849197e-22, -2.582677592240762e-23, -2.766249194013347e-27, -3.234298179945682e-31, -3.623129867665756e-35, -3.722267709487547e-39, -4.273960316190692e-43, 2.942726775082116e-44, 1.401298464324817e-45, 0e+00, 2.080636769533157e-01, 7.497302293777466e-01, 7.499999403953552e-01, 7.5e-01, 7.5e-01, 7.5e-01, 7.5e-01, 7.5e-01, 7.5e-01, 7.5e-01, 7.5e-01, 7.5e-01]
tanBra.mTan_flow=[0e+00, -7.499330043792725e-01, -7.500000596046448e-01, -7.500000596046448e-01, -7.500000596046448e-01, -7.500000596046448e-01, -7.500000596046448e-01, -7.500000596046448e-01, -7.500000596046448e-01, -7.500000596046448e-01, -7.500000596046448e-01, -7.500000596046448e-01, -3.34062397480011e-01, -1.278934478759766e-01, -1.469698250293732e-01, -1.473181396722794e-01, -1.473227143287659e-01, -1.473022252321243e-01, -1.472792625427246e-01, -1.472568958997726e-01, -1.472352594137192e-01, -1.47214338183403e-01, -1.471941918134689e-01, 4.092696905136108e-01, 4.489437639713287e-01, 4.539777040481567e-01, 4.553443491458893e-01, 4.561694860458374e-01, 4.569239318370819e-01, 4.576673805713654e-01, 4.584127962589264e-01, 4.591610729694366e-01, 4.599132239818573e-01, 4.606696665287018e-01, 7.336759567260742e-01, 7.518929839134216e-01, 7.502970099449158e-01, 7.496464848518372e-01, 7.494518160820007e-01, 7.494602799415588e-01, 7.495453357696533e-01, 7.496495842933655e-01, 7.497466802597046e-01, 7.498302459716797e-01, 7.498968243598938e-01, 7.265728116035461e-01, 4.808606803417206e-01, 4.787430763244629e-01, 4.796172082424164e-01, 4.804975986480713e-01, 4.813818633556366e-01, 4.822733104228973e-01, 4.831712245941162e-01, 4.840753972530365e-01, 4.849832057952881e-01, 4.858996868133545e-01, -1.385104209184649e-01, -1.465650647878647e-01, -1.465908586978912e-01, -1.465695798397064e-01, -1.465628445148468e-01, -1.465552151203156e-01, -1.465511918067932e-01, -1.465386152267456e-01, -1.465303897857666e-01, -1.46535187959671e-01, -1.465213000774384e-01, -1.377834677696228e-01, -5.401287926360965e-04, -5.992262065410614e-02, -5.551571249961853e-01, -6.8583083152771e-01, -7.026323080062866e-01, -7.047574520111084e-01, -7.050180435180664e-01, -7.050498127937317e-01, -7.050536274909973e-01, -7.050538063049316e-01, -7.050541639328003e-01, -7.050542235374451e-01, -7.050542235374451e-01, -6.308442950248718e-01, -7.666268944740295e-01, -7.50982940196991e-01, -7.481968998908997e-01, -7.48454749584198e-01, -7.49022901058197e-01, -7.49400794506073e-01, -7.496153116226196e-01, -9.064362645149231e-01, -8.114108443260193e-01, -7.771804332733154e-01, -7.626585960388184e-01, -7.504388689994812e-01, -7.500067949295044e-01, -7.500002384185791e-01, -7.500000596046448e-01, -7.500000596046448e-01, -7.500000596046448e-01, -7.500000596046448e-01, -7.500000596046448e-01]
tanBra.pum.m_flow=[0e+00, -2.525248810059111e-08, -2.907192531154124e-08, -3.190893949067686e-08, -3.401540382697021e-08, -3.557646266472148e-08, -3.673163462281082e-08, -3.758558975164306e-08, -3.821642025059191e-08, -3.868217035574162e-08, -3.902589895687925e-08, -3.9279580477114e-08, 4.159376621246338e-01, 6.221067309379578e-01, 6.030303835868835e-01, 6.026820540428162e-01, 6.026774644851685e-01, 6.026979684829712e-01, 6.027209162712097e-01, 6.027433276176453e-01, 6.027649641036987e-01, 6.027858257293701e-01, 6.02806031703949e-01, 1.1592698097229e+00, 1.198943972587585e+00, 1.203977823257446e+00, 1.205344557762146e+00, 1.206169724464417e+00, 1.206924080848694e+00, 1.207667589187622e+00, 1.208413004875183e+00, 1.209161281585693e+00, 1.209913372993469e+00, 1.210669875144958e+00, 1.483676075935364e+00, 1.501893043518066e+00, 1.500297069549561e+00, 1.499646544456482e+00, 1.499451875686646e+00, 1.499460339546204e+00, 1.499545454978943e+00, 1.49964964389801e+00, 1.499746799468994e+00, 1.499830365180969e+00, 1.499897003173828e+00, 1.476572871208191e+00, 1.230860829353333e+00, 1.228743314743042e+00, 1.229617357254028e+00, 1.23049783706665e+00, 1.231382012367249e+00, 1.232273459434509e+00, 1.233171463012695e+00, 1.234075546264648e+00, 1.234983325004578e+00, 1.235899806022644e+00, 6.114897727966306e-01, 6.034350991249084e-01, 6.034093499183655e-01, 6.034306287765503e-01, 6.034373641014099e-01, 6.034449934959412e-01, 6.034489870071411e-01, 6.034615635871887e-01, 6.034697890281677e-01, 6.034650206565857e-01, 6.034789085388184e-01, -4.598509258357808e-05, -4.998095682822168e-04, -4.962249076925218e-04, -2.640515740495175e-04, -7.083019590936601e-05, -2.605489498819225e-06, -9.166085845890848e-08, -2.333348803063018e-08, -1.829977058775967e-08, -1.775560143357779e-08, -1.77452186278515e-08, -1.767785384743092e-08, -1.767195811908095e-08, -1.767147850273432e-08, -5.759201471278175e-08, -4.597435676600981e-08, -4.48521433327187e-08, -4.348834181655548e-08, -4.244678564191418e-08, -4.171925738205573e-08, -4.121686103530919e-08, -4.086554739046733e-08, -4.309796963752888e-08, -4.971923317498295e-08, -4.828208943763457e-08, -4.662432928626004e-08, -4.547683474243058e-08, -4.411604948018066e-08, -4.306172129986408e-08, -4.22556176715716e-08, -4.166017930629096e-08, -4.122149732666003e-08, -4.08982643307354e-08, -4.066008330028126e-08]
tanBra.tan.sta_a.T=[2.851499938964844e+02, 2.851358337402344e+02, 2.851199951171875e+02, 2.851041564941406e+02, 2.850882873535156e+02, 2.850724487304688e+02, 2.850566101074219e+02, 2.85040771484375e+02, 2.8502490234375e+02, 2.850090637207031e+02, 2.849932250976562e+02, 2.849773864746094e+02, 2.849631958007812e+02, 2.849611206054688e+02, 2.849580688476562e+02, 2.849549255371094e+02, 2.849518127441406e+02, 2.849486694335938e+02, 2.849455261230469e+02, 2.849423828125e+02, 2.849392700195312e+02, 2.849361267089844e+02, 2.849329833984375e+02, 2.851532592773438e+02, 2.851538696289062e+02, 2.851545104980469e+02, 2.851550903320312e+02, 2.851556701660156e+02, 2.851561889648438e+02, 2.851567077636719e+02, 2.851571655273438e+02, 2.851576232910156e+02, 2.851580505371094e+02, 2.851584167480469e+02, 2.85158935546875e+02, 2.8515966796875e+02, 2.851603088378906e+02, 2.851609191894531e+02, 2.851614685058594e+02, 2.851619873046875e+02, 2.851624450683594e+02, 2.851628723144531e+02, 2.851632690429688e+02, 2.851636352539062e+02, 2.851639709472656e+02, 2.851641845703125e+02, 2.851642456054688e+02, 2.851642761230469e+02, 2.851642761230469e+02, 2.851642761230469e+02, 2.851642761230469e+02, 2.851642456054688e+02, 2.851642456054688e+02, 2.851642150878906e+02, 2.851641540527344e+02, 2.851641235351562e+02, 2.850184631347656e+02, 2.850162963867188e+02, 2.850140991210938e+02, 2.850119018554688e+02, 2.850097045898438e+02, 2.850075073242188e+02, 2.850053100585938e+02, 2.850030822753906e+02, 2.850008850097656e+02, 2.849986877441406e+02, 2.849964599609375e+02, 2.849946899414062e+02, 2.84994384765625e+02, 2.849941711425781e+02, 2.849899291992188e+02, 2.84980224609375e+02, 2.849696655273438e+02, 2.849589233398438e+02, 2.849481201171875e+02, 2.84937255859375e+02, 2.849263305664062e+02, 2.849153442382812e+02, 2.849043273925781e+02, 2.848932495117188e+02, 2.848821105957031e+02, 2.848700256347656e+02, 2.848587646484375e+02, 2.848468017578125e+02, 2.848347473144531e+02, 2.848226318359375e+02, 2.848104553222656e+02, 2.847982482910156e+02, 2.847859497070312e+02, 2.847734985351562e+02, 2.847584228515625e+02, 2.847453308105469e+02, 2.847324523925781e+02, 2.847198181152344e+02, 2.847072143554688e+02, 2.846945495605469e+02, 2.846818542480469e+02, 2.846691284179688e+02, 2.846563110351562e+02, 2.846434936523438e+02, 2.846305847167969e+02]
tanBra.tan.sta_b.T=[2.801499938964844e+02, 2.801499938964844e+02, 2.801499938964844e+02, 2.801499938964844e+02, 2.801499938964844e+02, 2.801499938964844e+02, 2.801499938964844e+02, 2.801499938964844e+02, 2.801499938964844e+02, 2.801499938964844e+02, 2.801499938964844e+02, 2.801499938964844e+02, 2.801499938964844e+02, 2.801499938964844e+02, 2.801499938964844e+02, 2.801499938964844e+02, 2.801499938964844e+02, 2.801499938964844e+02, 2.801499938964844e+02, 2.801499938964844e+02, 2.801499938964844e+02, 2.801499938964844e+02, 2.801499938964844e+02, 2.801539001464844e+02, 2.801610412597656e+02, 2.8016845703125e+02, 2.801759338378906e+02, 2.801834411621094e+02, 2.801910095214844e+02, 2.801985778808594e+02, 2.802062072753906e+02, 2.802138366699219e+02, 2.802215270996094e+02, 2.80229248046875e+02, 2.802400512695312e+02, 2.802527465820312e+02, 2.802654724121094e+02, 2.802781982421875e+02, 2.802909851074219e+02, 2.803038330078125e+02, 2.803167114257812e+02, 2.803296508789062e+02, 2.803426513671875e+02, 2.803556823730469e+02, 2.803687744140625e+02, 2.803818359375e+02, 2.803916320800781e+02, 2.804000549316406e+02, 2.804085083007812e+02, 2.804170227050781e+02, 2.80425537109375e+02, 2.804341125488281e+02, 2.804426879882812e+02, 2.804513244628906e+02, 2.804599609375e+02, 2.804686584472656e+02, 2.801499938964844e+02, 2.801499938964844e+02, 2.801499938964844e+02, 2.801499938964844e+02, 2.801499938964844e+02, 2.801499938964844e+02, 2.801499938964844e+02, 2.801499938964844e+02, 2.801499938964844e+02, 2.801499938964844e+02, 2.801499938964844e+02, 2.801499938964844e+02, 2.801506652832031e+02, 2.801503601074219e+02, 2.801501159667969e+02, 2.801500244140625e+02, 2.801499938964844e+02, 2.801499938964844e+02, 2.801499938964844e+02, 2.801499938964844e+02, 2.801499938964844e+02, 2.801499938964844e+02, 2.801499938964844e+02, 2.801499938964844e+02, 2.801499938964844e+02, 2.801499938964844e+02, 2.801499938964844e+02, 2.801499938964844e+02, 2.801499938964844e+02, 2.801499938964844e+02, 2.801499938964844e+02, 2.801499938964844e+02, 2.801499938964844e+02, 2.801499938964844e+02, 2.801499938964844e+02, 2.801499938964844e+02, 2.801499938964844e+02, 2.801499938964844e+02, 2.801499938964844e+02, 2.801499938964844e+02, 2.801499938964844e+02, 2.801499938964844e+02, 2.801499938964844e+02, 2.801499938964844e+02, 2.801499938964844e+02]
usr1.yVal_actual=[0e+00, 0e+00, 0e+00, 0e+00, 0e+00, 0e+00, 0e+00, 0e+00, 0e+00, 0e+00, 0e+00, 0e+00, 6.459543704986572e-01, 4.170984029769897e-01, 4.003250896930695e-01, 3.998368084430695e-01, 3.99804413318634e-01, 3.998155295848846e-01, 3.998315334320068e-01, 3.998474776744843e-01, 3.998629152774811e-01, 3.998778760433197e-01, 3.998923003673553e-01, 5.017361640930176e-01, 5.463769435882568e-01, 5.536584258079529e-01, 5.555331707000732e-01, 5.565879940986633e-01, 5.575311779975891e-01, 5.584660768508911e-01, 5.594067573547363e-01, 5.60356080532074e-01, 5.613165497779846e-01, 5.622875094413757e-01, 7.463064789772034e-01, 7.139545083045959e-01, 6.871318817138672e-01, 6.708506345748901e-01, 6.604197025299072e-01, 6.534668803215027e-01, 6.487339735031128e-01, 6.454798579216003e-01, 6.432370543479919e-01, 6.416981816291809e-01, 6.406551003456116e-01, 9.191801398992538e-02, 0e+00, 0e+00, 0e+00, 0e+00, 0e+00, 0e+00, 0e+00, 0e+00, 0e+00, 0e+00, 0e+00, 0e+00, 0e+00, 0e+00, 0e+00, 0e+00, 0e+00, 0e+00, 0e+00, 0e+00, 0e+00, 0e+00, 0e+00, 0e+00, 0e+00, 0e+00, 0e+00, 0e+00, 0e+00, 0e+00, 0e+00, 0e+00, 0e+00, 0e+00, 0e+00, 0e+00, 0e+00, 0e+00, 0e+00, 0e+00, 0e+00, 0e+00, 0e+00, 0e+00, 0e+00, 0e+00, 0e+00, 0e+00, 0e+00, 0e+00, 0e+00, 0e+00, 0e+00, 0e+00, 0e+00]
usr2.yVal_actual=[0e+00, 0e+00, 0e+00, 0e+00, 0e+00, 0e+00, 0e+00, 0e+00, 0e+00, 0e+00, 0e+00, 0e+00, 0e+00, 0e+00, 0e+00, 0e+00, 0e+00, 0e+00, 0e+00, 0e+00, 0e+00, 0e+00, 0e+00, 4.304940104484558e-01, 4.498492181301117e-01, 4.520609378814697e-01, 4.5273357629776e-01, 4.531791806221008e-01, 4.53599214553833e-01, 4.540135264396667e-01, 4.544304311275482e-01, 4.548496305942535e-01, 4.552712440490723e-01, 4.556961357593536e-01, 5.653213858604431e-01, 5.486000180244446e-01, 5.424073934555054e-01, 5.381427407264709e-01, 5.351747274398804e-01, 5.33166229724884e-01, 5.318551063537598e-01, 5.310487747192383e-01, 5.306078791618347e-01, 5.304321050643921e-01, 5.304490923881531e-01, 4.946472346782684e-01, 3.832661509513855e-01, 3.825566172599792e-01, 3.828198611736298e-01, 3.830846548080444e-01, 3.833508491516113e-01, 3.83619099855423e-01, 3.838894367218018e-01, 3.841616809368134e-01, 3.844352066516876e-01, 3.847113251686096e-01, 0e+00, 0e+00, 0e+00, 0e+00, 0e+00, 0e+00, 0e+00, 0e+00, 0e+00, 0e+00, 0e+00, 0e+00, 0e+00, 0e+00, 0e+00, 0e+00, 0e+00, 0e+00, 0e+00, 0e+00, 0e+00, 0e+00, 0e+00, 0e+00, 0e+00, 0e+00, 0e+00, 0e+00, 0e+00, 0e+00, 0e+00, 0e+00, 0e+00, 0e+00, 0e+00, 0e+00, 0e+00, 0e+00, 0e+00, 0e+00, 0e+00, 0e+00, 0e+00, 0e+00, 0e+00]
usr3.yVal_actual=[0e+00, 0e+00, 0e+00, 0e+00, 0e+00, 0e+00, 0e+00, 0e+00, 0e+00, 0e+00, 0e+00, 0e+00, 0e+00, 0e+00, 0e+00, 0e+00, 0e+00, 0e+00, 0e+00, 0e+00, 0e+00, 0e+00, 0e+00, 0e+00, 0e+00, 0e+00, 0e+00, 0e+00, 0e+00, 0e+00, 0e+00, 0e+00, 0e+00, 0e+00, 4.581530094146729e-01, 4.817582368850708e-01, 4.791752099990845e-01, 4.770678281784058e-01, 4.756242334842682e-01, 4.747262299060822e-01, 4.742512702941895e-01, 4.740960001945496e-01, 4.741798937320709e-01, 4.744415283203125e-01, 4.748351275920868e-01, 4.58635538816452e-01, 3.829712271690369e-01, 3.823499083518982e-01, 3.826169371604919e-01, 3.828858137130737e-01, 3.831558525562286e-01, 3.834279477596283e-01, 3.837019205093384e-01, 3.839777410030365e-01, 3.84254664182663e-01, 3.8453409075737e-01, 3.643192648887633e-01, 3.601286113262177e-01, 3.601105809211731e-01, 3.601225614547729e-01, 3.601261079311371e-01, 3.601298332214355e-01, 3.601325452327728e-01, 3.601387739181519e-01, 3.601439297199249e-01, 3.601404428482056e-01, 3.601474761962891e-01, 6.125434041023254e-01, 6.704702377319336e-01, 6.659795641899109e-01, 7.626306414604187e-01, 1e+00, 1e+00, 1e+00, 1e+00, 1e+00, 1e+00, 1e+00, 1e+00, 1e+00, 1e+00, 1.074094846844673e-01, 0e+00, 0e+00, 0e+00, 0e+00, 0e+00, 0e+00, 0e+00, 0e+00, 0e+00, 0e+00, 0e+00, 0e+00, 0e+00, 0e+00, 0e+00, 0e+00, 0e+00, 0e+00, 0e+00]
