last-generated=2017-09-14
statistics-simulation=
{
  "numerical Jacobians": "0", 
  "nonlinear": " ", 
  "linear": " "
}
zerOrdHol.y=[1e+00, 1e+00, 1e+00, 1e+00, 1e+00, 1e+00, 1e+00, 1e+00, 1e+00, 1e+00, 1e+00, 1e+00, 1e+00, 1e+00, 1e+00, 1e+00, 1e+00, 1e+00, 1e+00, 1e+00, 1e+00, 3.0901700258255e-01, 3.0901700258255e-01, 3.0901700258255e-01, 3.0901700258255e-01, 3.0901700258255e-01, 3.0901700258255e-01, 3.0901700258255e-01, 3.0901700258255e-01, 3.0901700258255e-01, 3.0901700258255e-01, 3.0901700258255e-01, 3.0901700258255e-01, 3.0901700258255e-01, 3.0901700258255e-01, 3.0901700258255e-01, 3.0901700258255e-01, 3.0901700258255e-01, 3.0901700258255e-01, 3.0901700258255e-01, 3.0901700258255e-01, -8.090169429779053e-01, -8.090169429779053e-01, -8.090169429779053e-01, -8.090169429779053e-01, -8.090169429779053e-01, -8.090169429779053e-01, -8.090169429779053e-01, -8.090169429779053e-01, -8.090169429779053e-01, -8.090169429779053e-01, -8.090169429779053e-01, -8.090169429779053e-01, -8.090169429779053e-01, -8.090169429779053e-01, -8.090169429779053e-01, -8.090169429779053e-01, -8.090169429779053e-01, -8.090169429779053e-01, -8.090169429779053e-01, -8.090169429779053e-01, -8.0901700258255e-01, -8.0901700258255e-01, -8.0901700258255e-01, -8.0901700258255e-01, -8.0901700258255e-01, -8.0901700258255e-01, -8.0901700258255e-01, -8.0901700258255e-01, -8.0901700258255e-01, -8.0901700258255e-01, -8.0901700258255e-01, -8.0901700258255e-01, -8.0901700258255e-01, -8.0901700258255e-01, -8.0901700258255e-01, -8.0901700258255e-01, -8.0901700258255e-01, -8.0901700258255e-01, -8.0901700258255e-01, -8.0901700258255e-01, 3.090169131755829e-01, 3.090169131755829e-01, 3.090169131755829e-01, 3.090169131755829e-01, 3.090169131755829e-01, 3.090169131755829e-01, 3.090169131755829e-01, 3.090169131755829e-01, 3.090169131755829e-01, 3.090169131755829e-01, 3.090169131755829e-01, 3.090169131755829e-01, 3.090169131755829e-01, 3.090169131755829e-01, 3.090169131755829e-01, 3.090169131755829e-01, 3.090169131755829e-01, 3.090169131755829e-01, 3.090169131755829e-01, 3.090169131755829e-01]
zerOrdHol.u=[1e+00, 9.980267285330768e-01, 9.92114722359185e-01, 9.822872272920056e-01, 9.685831651680721e-01, 9.51056541430958e-01, 9.297764865835308e-01, 9.048270591019025e-01, 8.76306707153081e-01, 8.443279385564225e-01, 8.090170080380417e-01, 7.705132341174212e-01, 7.289686086868863e-01, 6.845471043246666e-01, 6.374239950275337e-01, 5.877852741471401e-01, 5.358267832061716e-01, 4.817536869409707e-01, 4.257793533913588e-01, 3.681245604602735e-01, 3.090170203545645e-01, 2.486898648442655e-01, 1.873813346873295e-01, 1.253332904574954e-01, 6.279050918949433e-02, 2.679489696788551e-08, -6.279055046444852e-02, -1.253331379345707e-01, -1.873812750826938e-01, -2.486899108059576e-01, -3.090169014013807e-01, -3.681245008556288e-01, -4.25779293786714e-01, -4.8175357487978e-01, -5.358267236016335e-01, -5.877852741471399e-01, -6.3742386293947e-01, -6.845470447200218e-01, -7.289686406717961e-01, -7.70513293378626e-01, -8.090169207752662e-01, -8.443279385564224e-01, -8.763066922604196e-01, -9.048270389253867e-01, -9.297764951615509e-01, -9.51056503105246e-01, -9.685831532414171e-01, -9.822872294646928e-01, -9.921147307568511e-01, -9.980267244918735e-01, -1e+00, -9.980267244919351e-01, -9.921147069617686e-01, -9.822872529193979e-01, -9.685831993066364e-01, -9.510565627095525e-01, -9.297764951617027e-01, -9.04827038925889e-01, -8.763066615344267e-01, -8.443278970741832e-01, -8.090170898698266e-01, -7.705133529824235e-01, -7.289687002762795e-01, -6.845471043249939e-01, -6.374239821493705e-01, -5.877851818517713e-01, -5.358270004284823e-01, -4.817538283042127e-01, -4.257793831930767e-01, -3.68124620064675e-01, -3.090169908094118e-01, -2.486898336217616e-01, -1.873815631169426e-01, -1.253334279713343e-01, -6.279065477168613e-02, -8.038468735094284e-08, 6.27904983094936e-02, 1.253332640585611e-01, 1.873814141051175e-01, 2.486896697091483e-01, 3.090168417977998e-01, 3.681244710530631e-01, 4.257792639837872e-01, 4.817536792926008e-01, 5.358268812191928e-01, 5.877850626424818e-01, 6.374238629400809e-01, 6.84547044720207e-01, 7.289685810669899e-01, 7.70513233773134e-01, 8.090170302644712e-01, 8.443277778656753e-01, 8.763066019297819e-01, 9.048269793210311e-01, 9.297764355570579e-01, 9.510565031049077e-01, 9.685831397019916e-01, 9.822871933156057e-01, 9.921146473576923e-01, 9.980267244919351e-01, 1e+00]
time=[0e+00, 1e+00]
