last-generated=2024-10-25
statistics-initialization=
{
  "nonlinear": "1",
  "numerical Jacobians": "0"
}
statistics-simulation=
{
  "linear": " ",
  "nonlinear": "1",
  "number of continuous time states": "12",
  "numerical Jacobians": "0"
}
time=[0e+00, 8.64e+04]
heaETS.senTDisSup.T=[2.931499938964844e+02, 3.234003295898438e+02, 3.236470336914062e+02, 3.238858337402344e+02, 3.241130065917969e+02, 3.243250122070312e+02, 3.245184936523438e+02, 3.246904296875e+02, 3.248380737304688e+02, 3.249591369628906e+02, 3.250516967773438e+02, 3.251142883300781e+02, 3.251459655761719e+02, 3.251461486816406e+02, 3.251149291992188e+02, 3.25052734375e+02, 3.249605407714844e+02, 3.2483984375e+02, 3.246925354003906e+02, 3.245209045410156e+02, 3.243276977539062e+02, 3.241159057617188e+02, 3.23888916015625e+02, 3.236502685546875e+02, 3.234037780761719e+02, 3.231532592773438e+02, 3.229027404785156e+02, 3.226560668945312e+02, 3.224171752929688e+02, 3.221898193359375e+02, 3.219776306152344e+02, 3.217838745117188e+02, 3.216116638183594e+02, 3.214636840820312e+02, 3.213422546386719e+02, 3.212492980957031e+02, 3.211863098144531e+02, 3.211542663574219e+02, 3.211536254882812e+02, 3.211844787597656e+02, 3.212462768554688e+02, 3.213380432128906e+02, 3.214583740234375e+02, 3.216053771972656e+02, 3.217766723632812e+02, 3.219696350097656e+02, 3.221811828613281e+02, 3.224079895019531e+02, 3.226464538574219e+02, 3.228928527832031e+02, 3.231433715820312e+02, 3.233940124511719e+02, 3.236407775878906e+02, 3.238798217773438e+02, 3.241073608398438e+02, 3.243197937011719e+02, 3.245137939453125e+02, 3.246863098144531e+02, 3.248346252441406e+02, 3.249563903808594e+02, 3.250497131347656e+02, 3.251130981445312e+02, 3.251455383300781e+02, 3.251465454101562e+02, 3.251160888671875e+02, 3.250546875e+02, 3.249632568359375e+02, 3.248432312011719e+02, 3.246965637207031e+02, 3.245255126953125e+02, 3.243328247070312e+02, 3.241214599609375e+02, 3.238948059082031e+02, 3.236564331054688e+02, 3.234100646972656e+02, 3.231595764160156e+02, 3.229089660644531e+02, 3.226621704101562e+02, 3.224230346679688e+02, 3.221953430175781e+02, 3.219827270507812e+02, 3.217884826660156e+02, 3.216156921386719e+02, 3.21467041015625e+02, 3.213449401855469e+02, 3.212512817382812e+02, 3.211875305175781e+02, 3.211546630859375e+02, 3.211532592773438e+02, 3.211833190917969e+02, 3.212443542480469e+02, 3.213354187011719e+02, 3.21455078125e+02, 3.216014099121094e+02, 3.217721557617188e+02, 3.219646301269531e+02, 3.221757507324219e+02, 3.224022216796875e+02, 3.226404724121094e+02, 3.228867797851562e+02, 3.2313720703125e+02]
heaETS.senTBuiSup.T=[2.931499938964844e+02, 3.233981323242188e+02, 3.230784606933594e+02, 3.23097900390625e+02, 3.231138916015625e+02, 3.2315673828125e+02, 3.231567077636719e+02, 3.231571655273438e+02, 3.231563415527344e+02, 3.231552734375e+02, 3.231541137695312e+02, 3.231529541015625e+02, 3.231517944335938e+02, 3.231506652832031e+02, 3.231495666503906e+02, 3.231484985351562e+02, 3.231474914550781e+02, 3.231466369628906e+02, 3.231470031738281e+02, 3.231470031738281e+02, 3.231467590332031e+02, 3.231464233398438e+02, 3.231460266113281e+02, 3.231454772949219e+02, 3.231445007324219e+02, 3.231371459960938e+02, 3.229037780761719e+02, 3.226571350097656e+02, 3.22418212890625e+02, 3.221908569335938e+02, 3.219785766601562e+02, 3.217847595214844e+02, 3.216124572753906e+02, 3.2146435546875e+02, 3.213428344726562e+02, 3.21249755859375e+02, 3.211865844726562e+02, 3.211543579101562e+02, 3.21153564453125e+02, 3.211841735839844e+02, 3.212457580566406e+02, 3.213373413085938e+02, 3.214574584960938e+02, 3.216041870117188e+02, 3.217752685546875e+02, 3.21968017578125e+02, 3.221793212890625e+02, 3.224059448242188e+02, 3.226441955566406e+02, 3.228904113769531e+02, 3.231407470703125e+02, 3.233919372558594e+02, 3.23146240234375e+02, 3.231293029785156e+02, 3.231322937011719e+02, 3.23134521484375e+02, 3.2313623046875e+02, 3.231375427246094e+02, 3.231386413574219e+02, 3.231396179199219e+02, 3.231406860351562e+02, 3.231422729492188e+02, 3.231423034667969e+02, 3.231419982910156e+02, 3.231414184570312e+02, 3.23140625e+02, 3.231396484375e+02, 3.231385192871094e+02, 3.231372985839844e+02, 3.23135986328125e+02, 3.231347351074219e+02, 3.231352844238281e+02, 3.231363220214844e+02, 3.231362915039062e+02, 3.231355285644531e+02, 3.231293334960938e+02, 3.229093322753906e+02, 3.226625061035156e+02, 3.224233703613281e+02, 3.221956787109375e+02, 3.219830322265625e+02, 3.217887573242188e+02, 3.216159362792969e+02, 3.214672546386719e+02, 3.213451232910156e+02, 3.212514038085938e+02, 3.211875915527344e+02, 3.211546936035156e+02, 3.211532592773438e+02, 3.211832580566406e+02, 3.212442321777344e+02, 3.213352355957031e+02, 3.21454833984375e+02, 3.216011352539062e+02, 3.217718200683594e+02, 3.219642333984375e+02, 3.221753234863281e+02, 3.224017639160156e+02, 3.226400146484375e+02, 3.228862609863281e+02, 3.231366882324219e+02]
heaETS.senTBuiRet.T=[2.931499938964844e+02, 3.133907470703125e+02, 3.13079833984375e+02, 3.130975952148438e+02, 3.131137084960938e+02, 3.1315673828125e+02, 3.131567077636719e+02, 3.131571655273438e+02, 3.131563720703125e+02, 3.131552734375e+02, 3.131541442871094e+02, 3.131529846191406e+02, 3.131518249511719e+02, 3.131506652832031e+02, 3.131495666503906e+02, 3.131484985351562e+02, 3.131475219726562e+02, 3.131466674804688e+02, 3.131470031738281e+02, 3.131470031738281e+02, 3.131467895507812e+02, 3.131464538574219e+02, 3.131460266113281e+02, 3.131454772949219e+02, 3.1314453125e+02, 3.131374816894531e+02, 3.129071044921875e+02, 3.126604309082031e+02, 3.124214782714844e+02, 3.121940002441406e+02, 3.119815979003906e+02, 3.117875671386719e+02, 3.116149597167969e+02, 3.11466552734375e+02, 3.113446044921875e+02, 3.112510986328125e+02, 3.111874389648438e+02, 3.111546630859375e+02, 3.111532897949219e+02, 3.111833190917969e+02, 3.112442321777344e+02, 3.113351440429688e+02, 3.114545593261719e+02, 3.116006164550781e+02, 3.1177099609375e+02, 3.119630126953125e+02, 3.121736450195312e+02, 3.123995971679688e+02, 3.126372375488281e+02, 3.128828735351562e+02, 3.131326904296875e+02, 3.133854370117188e+02, 3.13153076171875e+02, 3.131291809082031e+02, 3.131322021484375e+02, 3.131344604492188e+02, 3.131361694335938e+02, 3.131375122070312e+02, 3.131386108398438e+02, 3.131395568847656e+02, 3.131406555175781e+02, 3.131422424316406e+02, 3.131423034667969e+02, 3.131419677734375e+02, 3.131414184570312e+02, 3.13140625e+02, 3.131396484375e+02, 3.131385192871094e+02, 3.131372680664062e+02, 3.13135986328125e+02, 3.131347351074219e+02, 3.131352844238281e+02, 3.131363220214844e+02, 3.131362915039062e+02, 3.131355285644531e+02, 3.131294250488281e+02, 3.129104309082031e+02, 3.126636047363281e+02, 3.124244384765625e+02, 3.121966857910156e+02, 3.119839782714844e+02, 3.117896118164062e+02, 3.1161669921875e+02, 3.114679260253906e+02, 3.113456420898438e+02, 3.112518005371094e+02, 3.111878356933594e+02, 3.1115478515625e+02, 3.111531677246094e+02, 3.111830139160156e+02, 3.112438354492188e+02, 3.113346557617188e+02, 3.114541015625e+02, 3.116002502441406e+02, 3.117707824707031e+02, 3.119630432128906e+02, 3.121740112304688e+02, 3.124003601074219e+02, 3.126384887695312e+02, 3.128847045898438e+02, 3.131350708007812e+02]
heaETS.senTDisRet.T=[2.931499938964844e+02, 3.133893127441406e+02, 3.130803833007812e+02, 3.130975341796875e+02, 3.131136779785156e+02, 3.1315673828125e+02, 3.131567077636719e+02, 3.131571655273438e+02, 3.131563720703125e+02, 3.131552734375e+02, 3.131541442871094e+02, 3.131529846191406e+02, 3.131518249511719e+02, 3.131506652832031e+02, 3.131495666503906e+02, 3.131484985351562e+02, 3.131475219726562e+02, 3.131466674804688e+02, 3.131470031738281e+02, 3.131470031738281e+02, 3.131467895507812e+02, 3.131464538574219e+02, 3.131460266113281e+02, 3.131454772949219e+02, 3.1314453125e+02, 3.131375732421875e+02, 3.129085388183594e+02, 3.126619262695312e+02, 3.124229736328125e+02, 3.121954650878906e+02, 3.119830017089844e+02, 3.117889404296875e+02, 3.116162719726562e+02, 3.114677429199219e+02, 3.11345703125e+02, 3.112520751953125e+02, 3.111882934570312e+02, 3.111553649902344e+02, 3.1115380859375e+02, 3.111836547851562e+02, 3.11244384765625e+02, 3.113351135253906e+02, 3.114543151855469e+02, 3.116001892089844e+02, 3.117703552246094e+02, 3.119621887207031e+02, 3.121726379394531e+02, 3.123984069824219e+02, 3.126359252929688e+02, 3.128814392089844e+02, 3.13131103515625e+02, 3.133841552734375e+02, 3.131555480957031e+02, 3.131291809082031e+02, 3.131322021484375e+02, 3.131344299316406e+02, 3.131361694335938e+02, 3.131375122070312e+02, 3.131386108398438e+02, 3.131395568847656e+02, 3.131406555175781e+02, 3.131422424316406e+02, 3.131423034667969e+02, 3.131419677734375e+02, 3.131414184570312e+02, 3.13140625e+02, 3.131396484375e+02, 3.131385192871094e+02, 3.131372985839844e+02, 3.13135986328125e+02, 3.131347351074219e+02, 3.131352844238281e+02, 3.131363220214844e+02, 3.131362915039062e+02, 3.131355285644531e+02, 3.131294555664062e+02, 3.129108581542969e+02, 3.126640319824219e+02, 3.124248657226562e+02, 3.121971130371094e+02, 3.11984375e+02, 3.117900085449219e+02, 3.116170654296875e+02, 3.1146826171875e+02, 3.11345947265625e+02, 3.112520446777344e+02, 3.111880493164062e+02, 3.111549682617188e+02, 3.111532897949219e+02, 3.111830749511719e+02, 3.112438354492188e+02, 3.113346252441406e+02, 3.114540100097656e+02, 3.1160009765625e+02, 3.117705993652344e+02, 3.119628295898438e+02, 3.121737670898438e+02, 3.124000549316406e+02, 3.1263818359375e+02, 3.128843688964844e+02, 3.131347351074219e+02]
heaETS.port_aSerHea.m_flow=[5.041492113377899e-05, 5.690543055534363e-01, 1.06805431842804e+00, 1.556859970092773e+00, 2.019265651702881e+00, 2.054431438446045e+00, 2.002611637115479e+00, 1.956260085105896e+00, 1.915031671524048e+00, 1.879016160964966e+00, 1.848147749900818e+00, 1.822312355041504e+00, 1.801387310028076e+00, 1.7852463722229e+00, 1.773763418197632e+00, 1.766812324523926e+00, 1.764264583587646e+00, 1.765997648239136e+00, 1.772026658058167e+00, 1.781954646110535e+00, 1.795612215995789e+00, 1.812793374061584e+00, 1.833229541778564e+00, 1.856579184532166e+00, 1.882379651069641e+00, 1.90896213054657e+00, 1.166391491889954e+00, 1.137717008590698e+00, 1.109036326408386e+00, 1.080355763435364e+00, 1.051675200462341e+00, 1.022994518280029e+00, 9.943139553070068e-01, 9.656333327293396e-01, 9.369527101516723e-01, 9.082720875740052e-01, 8.795914649963379e-01, 8.509108424186707e-01, 8.222302198410034e-01, 7.935495972633362e-01, 7.648689746856689e-01, 7.361883521080017e-01, 7.075077295303345e-01, 6.788270473480225e-01, 6.501464247703552e-01, 6.21465802192688e-01, 5.927851796150208e-01, 5.641044974327087e-01, 5.354238748550415e-01, 5.067431926727295e-01, 4.780625700950623e-01, 6.023384928703308e-01, 6.921656131744385e-01, 7.914478778839111e-01, 8.884961605072021e-01, 9.829120039939888e-01, 1.075533628463746e+00, 1.16720962524414e+00, 1.258778214454651e+00, 1.351084351539612e+00, 1.444983243942261e+00, 1.541349291801453e+00, 1.640727996826172e+00, 1.74407684803009e+00, 1.852217674255371e+00, 1.965962171554565e+00, 2.086118698120117e+00, 2.213488101959229e+00, 2.348855257034303e+00, 2.492983579635619e+00, 2.646591424942015e+00, 2.810774326324463e+00, 2.985777854919434e+00, 3.171565294265747e+00, 3.368346691131592e+00, 3.574256896972656e+00, 3.537319898605347e+00, 3.489519119262695e+00, 3.441718578338623e+00, 3.393917798995972e+00, 3.34611701965332e+00, 3.298316478729248e+00, 3.250515699386597e+00, 3.202714920043945e+00, 3.154914140701294e+00, 3.107113599777222e+00, 3.05931282043457e+00, 3.011512041091919e+00, 2.963711261749268e+00, 2.915910482406616e+00, 2.868109703063965e+00, 2.820308923721313e+00, 2.772508144378662e+00, 2.724707365036011e+00, 2.676906585693359e+00, 2.629105806350708e+00, 2.581305027008057e+00, 2.533504247665405e+00, 2.485703229904175e+00, 2.437902450561523e+00, 2.390101671218872e+00]
heaETS.ports_aHeaWat[1].m_flow=[0e+00, 5.690052509307861e-01, 1.128852605819702e+00, 1.679522156715393e+00, 2.221013784408569e+00, 2.294455766677856e+00, 2.275335311889648e+00, 2.25621485710144e+00, 2.237094402313232e+00, 2.217973947525024e+00, 2.198853492736816e+00, 2.179733037948608e+00, 2.1606125831604e+00, 2.141492128372192e+00, 2.122371673583984e+00, 2.103251218795776e+00, 2.084130764007568e+00, 2.06501030921936e+00, 2.045889854431152e+00, 2.026769399642944e+00, 2.007648944854736e+00, 1.988528370857239e+00, 1.969407916069031e+00, 1.950287461280823e+00, 1.931167006492615e+00, 1.912046551704407e+00, 1.166348934173584e+00, 1.137668251991272e+00, 1.10898756980896e+00, 1.080306887626648e+00, 1.051626205444336e+00, 1.022945523262024e+00, 9.942648410797119e-01, 9.655841588973999e-01, 9.369034767150878e-01, 9.08222794532776e-01, 8.795421123504639e-01, 8.508614301681519e-01, 8.221807479858398e-01, 7.935000658035278e-01, 7.64819324016571e-01, 7.36138641834259e-01, 7.07457959651947e-01, 6.78777277469635e-01, 6.50096595287323e-01, 6.21415913105011e-01, 5.92735230922699e-01, 5.64054548740387e-01, 5.35373866558075e-01, 5.066931843757629e-01, 4.780124723911285e-01, 6.02290153503418e-01, 7.2657310962677e-01, 8.508561253547668e-01, 9.751390814781189e-01, 1.099422097206117e+00, 1.223705053329469e+00, 1.347988009452819e+00, 1.472270965576172e+00, 1.596554040908813e+00, 1.720836997032166e+00, 1.845119953155518e+00, 1.96940290927887e+00, 2.093685865402222e+00, 2.217968940734863e+00, 2.342252016067505e+00, 2.466534852981567e+00, 2.590817928314209e+00, 2.715100765228272e+00, 2.839383840560912e+00, 2.963666915893554e+00, 3.087949752807617e+00, 3.212232828140259e+00, 3.336515665054321e+00, 3.460798740386963e+00, 3.585076808929443e+00, 3.537286520004272e+00, 3.489485502243042e+00, 3.441684246063232e+00, 3.393883228302002e+00, 3.346081972122192e+00, 3.298280715942383e+00, 3.250479698181152e+00, 3.202678442001343e+00, 3.154877424240112e+00, 3.107076168060303e+00, 3.059275150299072e+00, 3.011473894119263e+00, 2.963672876358032e+00, 2.915871620178223e+00, 2.868070602416992e+00, 2.820269346237183e+00, 2.772468090057373e+00, 2.724667072296143e+00, 2.676865816116333e+00, 2.629064798355103e+00, 2.581263542175293e+00, 2.533462524414062e+00, 2.485661268234253e+00, 2.437860250473022e+00, 2.390058994293213e+00]
heaETS.cheVal.m_flow=[-5.041492113377899e-05, -4.906385584035888e-05, 6.079832836985588e-02, 1.226621642708778e-01, 2.017481774091721e-01, 2.400243729352951e-01, 2.727236449718475e-01, 2.999546825885773e-01, 3.220626711845398e-01, 3.389577865600586e-01, 3.507057130336761e-01, 3.574206233024597e-01, 3.592252135276794e-01, 3.562456965446472e-01, 3.48608136177063e-01, 3.36438775062561e-01, 3.198660910129547e-01, 2.990125715732574e-01, 2.738631665706635e-01, 2.448147237300873e-01, 2.120366394519806e-01, 1.757349669933319e-01, 1.361784338951111e-01, 9.370827674865723e-02, 4.878736287355423e-02, 3.084378549829125e-03, -4.244763840688393e-05, -4.865201117354445e-05, -4.873977377428673e-05, -4.882529538008384e-05, -4.890857599093579e-05, -4.898961560684256e-05, -4.906841422780417e-05, -4.914497549179941e-05, -4.921929212287068e-05, -4.929136775899678e-05, -4.936120603815652e-05, -4.94288033223711e-05, -4.94941596116405e-05, -4.955727490596473e-05, -4.96181492053438e-05, -4.967678250977769e-05, -4.973317481926642e-05, -4.978732613380998e-05, -4.983924009138718e-05, -4.988890941604041e-05, -4.993634138372727e-05, -4.998153235646896e-05, -5.002447869628668e-05, -5.006518767913803e-05, -5.010365566704422e-05, -4.836604784941301e-05, 3.440752252936363e-02, 5.940824374556541e-02, 8.664295077323914e-02, 1.165100857615474e-01, 1.481714248657229e-01, 1.807783693075177e-01, 2.134928405284882e-01, 2.454696446657181e-01, 2.758537828922272e-01, 3.037706613540649e-01, 3.286750018596649e-01, 3.496091365814209e-01, 3.657512068748474e-01, 3.762897551059723e-01, 3.804160952568054e-01, 3.773298263549805e-01, 3.66245537996292e-01, 3.464002013206484e-01, 3.170754015445712e-01, 2.771753668785095e-01, 2.264549732208252e-01, 1.649504750967026e-01, 9.245193749666214e-02, 1.081994269043207e-02, -3.337322777952068e-05, -3.383069270057604e-05, -3.428193667787127e-05, -3.472695971140638e-05, -3.516575452522375e-05, -3.559832475730218e-05, -3.602467404562049e-05, -3.644479875219986e-05, -3.68586988770403e-05, -3.72663744201418e-05, -3.766782538150437e-05, -3.806305539910682e-05, -3.845205719699152e-05, -3.883483805111609e-05, -3.921139432350174e-05, -3.958172601414844e-05, -3.994583312305622e-05, -4.030371928820387e-05, -4.065538087161258e-05, -4.100081423530355e-05, -4.13400266552344e-05, -4.167301813140512e-05, -4.199978138785809e-05, -4.232032006257214e-05, -4.263463779352605e-05]
heaETS.conVal.y=[1e+00, 8.568851351737976e-01, 5.422909259796143e-01, 6.340266466140747e-01, 6.952746510505676e-01, 6.968372464179993e-01, 6.872089505195618e-01, 6.772395968437195e-01, 6.674656867980957e-01, 6.591957211494446e-01, 6.525387167930603e-01, 6.475394368171692e-01, 6.442089676856995e-01, 6.425325870513916e-01, 6.424733996391296e-01, 6.439720988273621e-01, 6.469434499740601e-01, 6.512609720230103e-01, 6.55809760093689e-01, 6.600675582885742e-01, 6.645427346229553e-01, 6.694467663764954e-01, 6.748965978622437e-01, 6.810352206230164e-01, 6.882380843162537e-01, 6.993646621704102e-01, 8.136016726493835e-01, 1e+00, 1e+00, 1e+00, 1e+00, 1e+00, 1e+00, 1e+00, 1e+00, 1e+00, 1e+00, 1e+00, 1e+00, 1e+00, 1e+00, 1e+00, 1e+00, 1e+00, 1e+00, 1e+00, 1e+00, 1e+00, 1e+00, 1e+00, 1e+00, 8.18196177482605e-01, 4.340055584907532e-01, 4.657885432243347e-01, 4.931716620922089e-01, 5.16875207424164e-01, 5.377991795539857e-01, 5.565763115882872e-01, 5.73641300201416e-01, 5.892556309700012e-01, 6.034236550331116e-01, 6.155775189399719e-01, 6.266220808029175e-01, 6.379521489143372e-01, 6.499483585357666e-01, 6.629427671432495e-01, 6.772236227989197e-01, 6.930342316627502e-01, 7.105659246444703e-01, 7.299395799636839e-01, 7.511636614799497e-01, 7.733467817306519e-01, 7.934731841087341e-01, 8.131380677223206e-01, 8.333981037139893e-01, 8.572672605514526e-01, 1e+00, 1e+00, 1e+00, 1e+00, 1e+00, 1e+00, 1e+00, 1e+00, 1e+00, 1e+00, 1e+00, 1e+00, 1e+00, 1e+00, 1e+00, 1e+00, 1e+00, 1e+00, 1e+00, 1e+00, 1e+00, 1e+00, 1e+00, 1e+00, 1e+00]
heaETS.Q_flow=[-0e+00, 2.38354375e+04, 4.721952734375e+04, 7.02738046875e+04, 9.29289140625e+04, 9.59995625e+04, 9.51996328125e+04, 9.439965625e+04, 9.35996171875e+04, 9.27996484375e+04, 9.19997109375e+04, 9.119978125e+04, 9.039984375e+04, 8.95999140625e+04, 8.87999765625e+04, 8.800003125e+04, 8.72000703125e+04, 8.640021875e+04, 8.56003515625e+04, 8.480034375e+04, 8.4000390625e+04, 8.32004140625e+04, 8.2400421875e+04, 8.16004453125e+04, 8.08005390625e+04, 7.99961015625e+04, 4.87735234375e+04, 4.75741328125e+04, 4.637515624999999e+04, 4.51765703125e+04, 4.397835546875e+04, 4.27804765625e+04, 4.158291015625e+04, 4.038560546875e+04, 3.918853124999999e+04, 3.799163671875001e+04, 3.6794875e+04, 3.559819140625e+04, 3.440153515625e+04, 3.320485546875e+04, 3.200809765625e+04, 3.0811212890625e+04, 2.961415234375e+04, 2.84168671875e+04, 2.72193125e+04, 2.602145703125e+04, 2.482326953125e+04, 2.3624712890625e+04, 2.2425748046875e+04, 2.122637109375e+04, 2.0026638671875e+04, 2.5226669921875e+04, 3.0365439453125e+04, 3.559988671875e+04, 4.07998046875e+04, 4.599977734375004e+04, 5.119971484375004e+04, 5.639983203124996e+04, 6.15998203125e+04, 6.6799828125e+04, 7.19999296875e+04, 7.7200015625e+04, 8.23999453125e+04, 8.75999765625e+04, 9.28000234375e+04, 9.80000546875e+04, 1.032001015625e+05, 1.08400140625e+05, 1.13600140625e+05, 1.188002265625e+05, 1.24000203125e+05, 1.29200703125e+05, 1.34400515625e+05, 1.396005e+05, 1.44800640625e+05, 1.49997390625e+05, 1.479735e+05, 1.45974109375e+05, 1.43975140625e+05, 1.41976546875e+05, 1.39978328125e+05, 1.379804375e+05, 1.35982875e+05, 1.339855625e+05, 1.31988484375e+05, 1.2999159375e+05, 1.279948359375e+05, 1.2599815625e+05, 1.240015078125e+05, 1.22004828125e+05, 1.20008078125e+05, 1.18011203125e+05, 1.160141484375e+05, 1.140168671875e+05, 1.12019328125e+05, 1.100214765625e+05, 1.08023296875e+05, 1.060247421875e+05, 1.04025796875e+05, 1.02026453125e+05, 1.000266875e+05]
heaETS.Q=[0e+00, 1.2350948e+07, 4.3038192e+07, 9.3828824e+07, 1.64359968e+08, 2.4737456e+08, 3.29972608e+08, 4.118795520000001e+08, 4.930952e+08, 5.73619648e+08, 6.53452992e+08, 7.325952e+08, 8.11046208e+08, 8.8880608e+08, 9.658748800000001e+08, 1.04225248e+09, 1.117938944e+09, 1.19293376e+09, 1.267236224e+09, 1.340849408e+09, 1.413771264e+09, 1.486002048e+09, 1.557541632e+09, 1.628390016e+09, 1.698547072e+09, 1.768012544e+09, 1.810673024e+09, 1.852295168e+09, 1.892881152e+09, 1.932431488e+09, 1.970946432e+09, 2.00842624e+09, 2.044871168e+09, 2.0802816e+09, 2.114657536e+09, 2.147999488e+09, 2.1803072e+09, 2.211580928e+09, 2.241820928e+09, 2.271026688e+09, 2.29919872e+09, 2.326336768e+09, 2.352440576e+09, 2.377509888e+09, 2.401544704e+09, 2.424544768e+09, 2.446509824e+09, 2.46743936e+09, 2.48733312e+09, 2.506190848e+09, 2.524012288e+09, 2.54356352e+09, 2.567560448e+09, 2.596069888e+09, 2.629074432e+09, 2.666571776e+09, 2.708562176e+09, 2.75504512e+09, 2.806020864e+09, 2.861489664e+09, 2.921451264e+09, 2.985914624e+09, 3.054862592e+09, 3.128302592e+09, 3.206235392e+09, 3.288660992e+09, 3.375579392e+09, 3.466990848e+09, 3.562894848000001e+09, 3.663291903999999e+09, 3.768181759999999e+09, 3.877564672e+09, 3.991440384e+09, 4.10980864e+09, 4.232669952e+09, 4.360023552e+09, 4.488739328e+09, 4.615724544e+09, 4.740982784e+09, 4.864513536e+09, 4.986318336e+09, 5.10639616e+09, 5.224748544e+09, 5.341374976e+09, 5.456275456e+09, 5.569451008e+09, 5.68090112e+09, 5.790625792e+09, 5.898626048e+09, 6.004900864e+09, 6.10945024e+09, 6.212274688e+09, 6.313373696e+09, 6.412746752e+09, 6.510394368e+09, 6.606316032e+09, 6.700511744e+09, 6.79298048e+09, 6.88372224e+09, 6.972737024e+09, 7.060023808e+09]
