last-generated=2020-05-01
statistics-simulation=
{
  "linear": " ",
  "nonlinear": " ",
  "numerical Jacobians": "0"
}
time=[0e+00, 8.64e+05]
winAbs.QAbsGlaUns_flow[1, 1]=[8.453317284584045e-01, 8.453317284584045e-01, 8.453317284584045e-01, 1.978027939796448e+00, 5.496140289306641e+01, 4.204921340942383e+01, 1.599562835693359e+01, 1.051669478416442e+00, 8.453317284584045e-01, 8.453317284584045e-01, 8.453317284584045e-01, 8.453317284584045e-01, 8.453317284584045e-01, 1.187127470970154e+00, 1.068343353271485e+01, 1.544107055664062e+01, 1.088016223907471e+01, 1.274442076683044e+00, 8.453317284584045e-01, 8.453317284584045e-01, 8.453317284584045e-01, 8.453317284584045e-01, 8.453317284584045e-01, 1.731927156448364e+00, 1.443094348907471e+01, 1.803811264038086e+01, 1.311859035491943e+01, 1.444993853569022e+00, 8.453317284584045e-01, 8.453317284584045e-01, 8.453317284584045e-01, 8.453317284584045e-01, 8.453317284584045e-01, 1.687747716903687e+00, 1.147115039825439e+01, 1.61297607421875e+01, 1.137015151977539e+01, 1.460464835166931e+00, 8.453317284584045e-01, 8.453317284584045e-01, 8.453317284584045e-01, 8.453317284584045e-01, 8.453317284584045e-01, 3.622422218322754e+00, 6.391999053955078e+01, 8.083551025390625e+01, 5.389336013793945e+01, 3.598737716674805e+00, 8.453317284584045e-01, 8.453317284584045e-01, 8.453317284584045e-01, 8.453317284584045e-01, 8.453317284584045e-01, 3.129825830459595e+00, 5.675761032104495e+01, 2.336506462097172e+01, 1.824152374267574e+01, 3.462020874023532e+00, 8.453317284584045e-01, 8.453317284584045e-01, 8.453317284584045e-01, 8.453317284584045e-01, 8.453317284584045e-01, 8.128970146179199e+00, 6.910424041748047e+01, 8.335136413574219e+01, 6.7649169921875e+01, 6.332432746887207e+00, 8.453317284584045e-01, 8.453317284584045e-01, 8.453317284584045e-01, 8.453317284584045e-01, 8.453317284584045e-01, 7.953079223632812e+00, 5.759682464599609e+01, 6.960218811035156e+01, 6.322320175170898e+01, 5.215492248535156e+00, 8.453317284584045e-01, 8.453317284584045e-01, 8.453317284584045e-01, 8.453317284584045e-01, 8.453317284584045e-01, 2.113039016723633e+00, 3.104073905944824e+01, 4.572493743896484e+01, 3.948947906494141e+01, 1.598321318626404e+00, 8.453317284584045e-01, 8.453317284584045e-01, 8.453317284584045e-01, 8.453317284584045e-01, 8.453317284584045e-01, 3.841402769088745e+00, 5.716421890258789e+01, 7.337966918945312e+01, 5.671884536743164e+01, 3.253525972366333e+00, 8.453317284584045e-01, 8.453317284584045e-01, 8.453317284584045e-01]
winAbs.QAbsGlaUns_flow[1, 2]=[4.917179584503174e+00, 4.917179584503174e+00, 4.917179584503174e+00, 1.092783451080322e+01, 3.16103759765625e+02, 2.421154937744141e+02, 8.894139862060547e+01, 6.016360759735103e+00, 4.917179584503174e+00, 4.917179584503174e+00, 4.917179584503174e+00, 4.917179584503174e+00, 4.917179584503174e+00, 6.73795747756958e+00, 5.736342620849611e+01, 8.281163024902344e+01, 5.837366485595703e+01, 7.203090667724609e+00, 4.917179584503174e+00, 4.917179584503174e+00, 4.917179584503174e+00, 4.917179584503174e+00, 4.917179584503174e+00, 9.640156745910645e+00, 7.728900909423828e+01, 9.655835723876953e+01, 7.033366394042969e+01, 8.111636161804151e+00, 4.917179584503174e+00, 4.917179584503174e+00, 4.917179584503174e+00, 4.917179584503174e+00, 4.917179584503174e+00, 9.40480899810791e+00, 6.155882263183594e+01, 8.636540985107422e+01, 6.09848747253418e+01, 8.194051742553711e+00, 4.917179584503174e+00, 4.917179584503174e+00, 4.917179584503174e+00, 4.917179584503174e+00, 4.917179584503174e+00, 1.960140037536621e+01, 3.675784912109375e+02, 4.764683837890625e+02, 3.079176025390625e+02, 1.93790340423584e+01, 4.917179584503174e+00, 4.917179584503174e+00, 4.917179584503174e+00, 4.917179584503174e+00, 4.917179584503174e+00, 1.698539352416992e+01, 3.254495544433596e+02, 1.297919616699221e+02, 1.009517440795896e+02, 1.866255187988333e+01, 4.917179584503174e+00, 4.917179584503174e+00, 4.917179584503174e+00, 4.917179584503174e+00, 4.917179584503174e+00, 4.319411849975586e+01, 3.972878723144531e+02, 4.913557739257812e+02, 3.8838330078125e+02, 3.364691925048828e+01, 4.917179584503174e+00, 4.917179584503174e+00, 4.917179584503174e+00, 4.917179584503174e+00, 4.917179584503174e+00, 4.22175407409668e+01, 3.29822265625e+02, 4.065575866699219e+02, 3.624640808105469e+02, 2.780142211914062e+01, 4.917179584503174e+00, 4.917179584503174e+00, 4.917179584503174e+00, 4.917179584503174e+00, 4.917179584503174e+00, 1.162122344970703e+01, 1.739991302490234e+02, 2.614310913085938e+02, 2.238408050537109e+02, 8.908234596252441e+00, 4.917179584503174e+00, 4.917179584503174e+00, 4.917179584503174e+00, 4.917179584503174e+00, 4.917179584503174e+00, 2.063726997375488e+01, 3.266343383789062e+02, 4.298942260742188e+02, 3.239097900390625e+02, 1.755172348022461e+01, 4.917179584503174e+00, 4.917179584503174e+00, 4.917179584503174e+00]
winAbs.QAbsGlaUns_flow[2, 1]=[1.974536061286926e+00, 1.974536061286926e+00, 1.974536061286926e+00, 3.130779027938843e+00, 6.190497970581055e+01, 4.737158203125e+01, 1.812570190429688e+01, 2.185118436813354e+00, 1.974536061286926e+00, 1.974536061286926e+00, 1.974536061286926e+00, 1.974536061286926e+00, 1.974536061286926e+00, 2.323362827301025e+00, 1.202278709411621e+01, 1.689732933044434e+01, 1.221579647064209e+01, 2.412473678588867e+00, 1.974536061286926e+00, 1.974536061286926e+00, 1.974536061286926e+00, 1.974536061286926e+00, 1.974536061286926e+00, 2.879369974136353e+00, 1.583962249755859e+01, 1.953116416931152e+01, 1.450770473480225e+01, 2.586534023284903e+00, 1.974536061286926e+00, 1.974536061286926e+00, 1.974536061286926e+00, 1.974536061286926e+00, 1.974536061286926e+00, 2.83428168296814e+00, 1.282657337188721e+01, 1.757844734191895e+01, 1.271607303619385e+01, 2.602323293685913e+00, 1.974536061286926e+00, 1.974536061286926e+00, 1.974536061286926e+00, 1.974536061286926e+00, 1.974536061286926e+00, 4.797458171844482e+00, 7.187303924560547e+01, 9.225881958007812e+01, 6.037905120849609e+01, 4.754238128662109e+00, 1.974536061286926e+00, 1.974536061286926e+00, 1.974536061286926e+00, 1.974536061286926e+00, 1.974536061286926e+00, 4.293985843658447e+00, 6.37534332275391e+01, 2.589412879943852e+01, 2.043287467956539e+01, 4.615699768066506e+00, 1.974536061286926e+00, 1.974536061286926e+00, 1.974536061286926e+00, 1.974536061286926e+00, 1.974536061286926e+00, 9.33912467956543e+00, 7.763455200195312e+01, 9.514832305908203e+01, 7.594332885742188e+01, 7.496789455413818e+00, 1.974536061286926e+00, 1.974536061286926e+00, 1.974536061286926e+00, 1.974536061286926e+00, 1.974536061286926e+00, 9.14826774597168e+00, 6.462049102783203e+01, 7.892335510253906e+01, 7.094725799560547e+01, 6.371535301208496e+00, 1.974536061286926e+00, 1.974536061286926e+00, 1.974536061286926e+00, 1.974536061286926e+00, 1.974536061286926e+00, 3.260862827301025e+00, 3.451948547363281e+01, 5.112723159790039e+01, 4.416803359985352e+01, 2.739720821380615e+00, 1.974536061286926e+00, 1.974536061286926e+00, 1.974536061286926e+00, 1.974536061286926e+00, 1.974536061286926e+00, 4.993844985961914e+00, 6.402784729003906e+01, 8.343268585205078e+01, 6.351147079467773e+01, 4.399836540222168e+00, 1.974536061286926e+00, 1.974536061286926e+00, 1.974536061286926e+00]
winAbs.QAbsGlaUns_flow[2, 2]=[2.060932397842407e+00, 2.060932397842407e+00, 2.060932397842407e+00, 2.213796138763428e+00, 9.847470283508301e+00, 7.997913837432861e+00, 4.183117389678955e+00, 2.088994979858398e+00, 2.060932397842407e+00, 2.060932397842407e+00, 2.060932397842407e+00, 2.060932397842407e+00, 2.060932397842407e+00, 2.107417583465576e+00, 3.399647951126099e+00, 4.048663139343262e+00, 3.425700902938843e+00, 2.119292736053467e+00, 2.060932397842407e+00, 2.060932397842407e+00, 2.060932397842407e+00, 2.060932397842407e+00, 2.060932397842407e+00, 2.181512117385864e+00, 3.908618211746216e+00, 4.400213718414307e+00, 3.730797529220581e+00, 2.142488241195677e+00, 2.060932397842407e+00, 2.060932397842407e+00, 2.060932397842407e+00, 2.060932397842407e+00, 2.060932397842407e+00, 2.175503492355347e+00, 3.506763935089111e+00, 4.140163898468018e+00, 3.492359399795532e+00, 2.14459228515625e+00, 2.060932397842407e+00, 2.060932397842407e+00, 2.060932397842407e+00, 2.060932397842407e+00, 2.060932397842407e+00, 2.434525012969971e+00, 1.113518905639648e+01, 1.379468059539795e+01, 9.655010223388672e+00, 2.428761959075928e+00, 2.060932397842407e+00, 2.060932397842407e+00, 2.060932397842407e+00, 2.060932397842407e+00, 2.060932397842407e+00, 2.368017673492432e+00, 1.008702468872071e+01, 5.216055393218999e+00, 4.489381313323969e+00, 2.410634517669691e+00, 2.060932397842407e+00, 2.060932397842407e+00, 2.060932397842407e+00, 2.060932397842407e+00, 2.060932397842407e+00, 3.03367280960083e+00, 1.187887287139893e+01, 1.41645975112915e+01, 1.165926170349121e+01, 2.791481256484985e+00, 2.060932397842407e+00, 2.060932397842407e+00, 2.060932397842407e+00, 2.060932397842407e+00, 2.060932397842407e+00, 3.009106397628784e+00, 1.01990852355957e+01, 1.207722759246826e+01, 1.101370620727539e+01, 2.643031597137451e+00, 2.060932397842407e+00, 2.060932397842407e+00, 2.060932397842407e+00, 2.060932397842407e+00, 2.060932397842407e+00, 2.231781959533691e+00, 6.320488452911377e+00, 8.492575645446777e+00, 7.559289932250977e+00, 2.162725210189819e+00, 2.060932397842407e+00, 2.060932397842407e+00, 2.060932397842407e+00, 2.060932397842407e+00, 2.060932397842407e+00, 2.460986614227295e+00, 1.012356758117676e+01, 1.265117454528809e+01, 1.005636215209961e+01, 2.382613897323608e+00, 2.060932397842407e+00, 2.060932397842407e+00, 2.060932397842407e+00]
