last-generated=2016-09-19
statistics-initialization=
{
  "numerical Jacobians": "0", 
  "nonlinear": "1, 1"
}
statistics-simulation=
{
  "numerical Jacobians": "0", 
  "nonlinear": "0, 1", 
  "number of continuous time states": "6", 
  "linear": " "
}
conPID.y=[0.375, 0.56486773490905761719, 0.67591416835784912109, 0.72046715021133422852, 0.73837721347808837891, 0.7455437779426574707, 0.7484302520751953125, 0.74958962202072143555, 0.75006651878356933594, 0.75023710727691650391, 0.75031703710556030273, 0.75035059452056884766, 0.75035971403121948242, 0.4349823296070098877, 0.32415997982025135382, 0.28007152676582336426, 0.26365131139755249023, 0.25763845443725585938, 0.25541990995407104492, 0.25462037324905395508, 0.25431686639785766602, 0.25421959161758422852, 0.25417661666870117188, 0.25415754318237304688, 0.25415331125259399414, 0.25415477156639099121, 0.63432508707046508789, 0.70378679037094127313, 0.73166382312774658203, 0.74287211894989013672, 0.74733263254165649414, 0.7491715550422668457, 0.74986809492111206055, 0.75017583370208740234, 0.75029963254928588867, 0.75033360719680786133, 0.75035363435745239258, 0.75036245584487915039, 0.43498384952545166016, 0.32416069507598876953, 0.28007140755653381348, 0.26365137100219726562, 0.25763842463493347168, 0.25541996955871582031, 0.25462028384208679199, 0.25431692600250244141, 0.25421962141990661621, 0.25417655706405639648, 0.25415751338005065918, 0.25415334105491638184, 0.25415480136871337891, 0.63432514667510986328, 0.70378679037094116211, 0.73166382312774658203, 0.74287211894989013672, 0.74733263254165649414, 0.7491715550422668457, 0.74986809492111206055, 0.75017583370208740234, 0.75029963254928588867, 0.75033360719680786133, 0.75035363435745239258, 0.75036245584487915039, 0.43498384952545166016, 0.32416069507598876953, 0.28007140755653381348, 0.26365137100219726562, 0.25763842463493347168, 0.25541996955871582031, 0.25462028384208679199, 0.25431692600250244141, 0.25421962141990661621, 0.25417655706405639648, 0.25415751338005065918, 0.25415334105491638184, 0.25415480136871337891, 0.63432514667510986328, 0.70378679037094116211, 0.73166382312774658203, 0.74287211894989013672, 0.74733263254165649414, 0.7491715550422668457, 0.74986809492111206055, 0.75017583370208740234, 0.75029963254928588867, 0.75033360719680786133, 0.75035363435745239258, 0.75036245584487915039, 0.43498384952545166016, 0.32416069507598876953, 0.28007140755653381348, 0.26365137100219726562, 0.25763842463493347168, 0.25541996955871582031, 0.25462028384208679199, 0.25431692600250244141, 0.2542190253734588623, 0.2541758120059967041, 0.25415816903114318848, 0.2541548609733581543, 0.25415480136871337891]
conPID.u_m=[-0.00000000000024253193, 0.52229732275009155273, 0.65863013267517089844, 0.71332091093063354492, 0.73528933525085449219, 0.74408018589019775391, 0.74762392044067382812, 0.74904435873031616211, 0.74962991476058959961, 0.74983918666839599609, 0.74993699789047241211, 0.74997818470001220703, 0.74998950958251953125, 0.47551837563514709473, 0.34098699688911426886, 0.28609207272529602051, 0.26354992389678955078, 0.25501146912574768066, 0.25182843208312988281, 0.25067439675331115723, 0.25023740530014038086, 0.25009712576866149902, 0.25003451108932495117, 0.25000703334808349609, 0.25000113248825073242, 0.25000336766242980957, 0.60757333040237426758, 0.69287323951721202508, 0.72705733776092540399, 0.74080199003219604492, 0.74627578258514404297, 0.74853193759918212891, 0.74938642978668212891, 0.74976372718811035156, 0.74991577863693237305, 0.74995774030685424805, 0.74998188018798828125, 0.74999296665191650391, 0.47552061080932617188, 0.3409875333309173584, 0.28609311580657958984, 0.26355022192001342773, 0.25501143932342529297, 0.25182858109474182129, 0.25067427754402160645, 0.25023749470710754395, 0.25009715557098388672, 0.25003445148468017578, 0.2500070035457611084, 0.25000116229057312012, 0.25000339746475219727, 0.60757333040237426758, 0.69287323951721191406, 0.72705733776092529297, 0.74080204963684082031, 0.74627578258514404297, 0.74853193759918212891, 0.74938642978668212891, 0.74976372718811035156, 0.74991577863693237305, 0.74995774030685424805, 0.74998188018798828125, 0.74999296665191650391, 0.47552061080932617188, 0.3409875333309173584, 0.28609311580657958984, 0.26355022192001342773, 0.25501143932342529297, 0.25182858109474182129, 0.25067427754402160645, 0.25023749470710754395, 0.25009715557098388672, 0.25003445148468017578, 0.2500070035457611084, 0.25000116229057312012, 0.25000339746475219727, 0.60757333040237426758, 0.69287323951721191406, 0.72705733776092529297, 0.74080204963684082031, 0.74627578258514404297, 0.74853193759918212891, 0.74938642978668212891, 0.74976372718811035156, 0.74991577863693237305, 0.74995774030685424805, 0.74998188018798828125, 0.74999296665191650391, 0.47552061080932617188, 0.3409875333309173584, 0.28609311580657958984, 0.26355022192001342773, 0.25501143932342529297, 0.25182858109474182129, 0.25067427754402160645, 0.25023749470710754395, 0.25009623169898986816, 0.25003337860107421875, 0.25000798702239990234, 0.25000348687171936035, 0.25000327825546264648]
conPID.u_s=[0.75, 0.75, 0.75, 0.75, 0.75, 0.75, 0.75, 0.75, 0.75, 0.75, 0.75, 0.75, 0.75, 0.25, 0.25, 0.25, 0.25, 0.25, 0.25, 0.25, 0.25, 0.25, 0.25, 0.25, 0.25, 0.25, 0.75, 0.75, 0.75, 0.75, 0.75, 0.75, 0.75, 0.75, 0.75, 0.75, 0.75, 0.75, 0.25, 0.25, 0.25, 0.25, 0.25, 0.25, 0.25, 0.25, 0.25, 0.25, 0.25, 0.25, 0.25, 0.75, 0.75, 0.75, 0.75, 0.75, 0.75, 0.75, 0.75, 0.75, 0.75, 0.75, 0.75, 0.25, 0.25, 0.25, 0.25, 0.25, 0.25, 0.25, 0.25, 0.25, 0.25, 0.25, 0.25, 0.25, 0.75, 0.75, 0.75, 0.75, 0.75, 0.75, 0.75, 0.75, 0.75, 0.75, 0.75, 0.75, 0.25, 0.25, 0.25, 0.25, 0.25, 0.25, 0.25, 0.25, 0.25, 0.25, 0.25, 0.25, 0.25]
time=[0., 3600.]
