last-generated=2017-11-04
statistics-initialization=
{
  "numerical Jacobians": "0", 
  "nonlinear": "1"
}
statistics-simulation=
{
  "numerical Jacobians": "0", 
  "nonlinear": "0", 
  "number of continuous time states": "18", 
  "linear": "0"
}
hex.sta_b1.T=[2.931499938964844e+02, 2.840374145507812e+02, 2.828096313476562e+02, 2.827720031738281e+02, 2.827708129882812e+02, 2.827707824707031e+02, 2.827707824707031e+02, 2.827707824707031e+02, 2.827707824707031e+02, 2.827707824707031e+02, 2.827707824707031e+02, 2.829660949707031e+02, 2.833291625976562e+02, 2.837559509277344e+02, 2.842527465820312e+02, 2.848343811035156e+02, 2.85517822265625e+02, 2.863177490234375e+02, 2.872327270507812e+02, 2.881963806152344e+02, 2.890757751464844e+02, 2.901172180175781e+02, 2.910841979980469e+02, 2.919776306152344e+02, 2.92802978515625e+02, 2.935653076171875e+02, 2.942692565917969e+02, 2.949190979003906e+02, 2.955187377929688e+02, 2.9607177734375e+02, 2.9658154296875e+02, 2.970510864257812e+02, 2.974832763671875e+02, 2.978808288574219e+02, 2.982461853027344e+02, 2.985816650390625e+02, 2.988895263671875e+02, 2.991717224121094e+02, 2.994302062988281e+02, 2.99666748046875e+02, 2.998830261230469e+02, 3.000806274414062e+02, 3.00260986328125e+02, 3.004255065917969e+02, 3.005754089355469e+02, 3.007118835449219e+02, 3.008360900878906e+02, 3.00948974609375e+02, 3.010515441894531e+02, 3.011446533203125e+02, 3.012291259765625e+02, 3.013045654296875e+02, 3.013686828613281e+02, 3.014201965332031e+02, 3.014559326171875e+02, 3.014672241210938e+02, 3.014345397949219e+02, 3.01318115234375e+02, 3.012108154296875e+02, 3.011608276367188e+02, 3.011484985351562e+02, 3.011531372070312e+02, 3.011561584472656e+02, 3.011532287597656e+02, 3.011431579589844e+02, 3.011246337890625e+02, 3.010960083007812e+02, 3.010551452636719e+02, 3.009996948242188e+02, 3.009279479980469e+02, 3.008420104980469e+02, 3.007491455078125e+02, 3.0065283203125e+02, 3.005520935058594e+02, 3.00445556640625e+02, 3.003323059082031e+02, 3.002117309570312e+02, 3.000833435058594e+02, 2.999469299316406e+02, 2.998022766113281e+02, 2.996493225097656e+02, 2.99488037109375e+02, 2.993184814453125e+02, 2.991407470703125e+02, 2.989549560546875e+02, 2.987613525390625e+02, 2.985601196289062e+02, 2.983515319824219e+02, 2.981358642578125e+02, 2.979135131835938e+02, 2.976847534179688e+02, 2.97449951171875e+02, 2.972095336914062e+02, 2.969638671875e+02, 2.967133483886719e+02, 2.964584045410156e+02, 2.961994018554688e+02, 2.95936767578125e+02, 2.956708984375e+02, 2.954022216796875e+02, 2.951311340332031e+02]
hex.sta_a1.T=[2.781499938964844e+02, 2.781499938964844e+02, 2.781499938964844e+02, 2.781499938964844e+02, 2.781499938964844e+02, 2.781499938964844e+02, 2.781499938964844e+02, 2.781499938964844e+02, 2.781499938964844e+02, 2.781499938964844e+02, 2.781499938964844e+02, 2.781499938964844e+02, 2.781499938964844e+02, 2.781499938964844e+02, 2.781499938964844e+02, 2.781499938964844e+02, 2.781499938964844e+02, 2.781499938964844e+02, 2.781499938964844e+02, 2.781499938964844e+02, 2.781499938964844e+02, 2.781499938964844e+02, 2.781499938964844e+02, 2.781499938964844e+02, 2.781499938964844e+02, 2.781499938964844e+02, 2.781499938964844e+02, 2.781499938964844e+02, 2.781499938964844e+02, 2.781499938964844e+02, 2.781499938964844e+02, 2.781499938964844e+02, 2.781499938964844e+02, 2.781499938964844e+02, 2.781499938964844e+02, 2.781499938964844e+02, 2.781499938964844e+02, 2.781499938964844e+02, 2.781499938964844e+02, 2.781499938964844e+02, 2.781499938964844e+02, 2.781499938964844e+02, 2.781499938964844e+02, 2.781499938964844e+02, 2.781499938964844e+02, 2.781499938964844e+02, 2.781499938964844e+02, 2.781499938964844e+02, 2.781499938964844e+02, 2.781499938964844e+02, 2.781499938964844e+02, 2.781499938964844e+02, 2.781499938964844e+02, 2.781499938964844e+02, 2.781499938964844e+02, 2.781499938964844e+02, 2.781499938964844e+02, 2.781499938964844e+02, 2.781499938964844e+02, 2.781499938964844e+02, 2.781499938964844e+02, 2.781499938964844e+02, 2.781499938964844e+02, 2.781499938964844e+02, 2.781499938964844e+02, 2.781499938964844e+02, 2.781499938964844e+02, 2.781499938964844e+02, 2.781499938964844e+02, 2.781499938964844e+02, 2.781499938964844e+02, 2.781499938964844e+02, 2.781499938964844e+02, 2.781499938964844e+02, 2.781499938964844e+02, 2.781499938964844e+02, 2.781499938964844e+02, 2.781499938964844e+02, 2.781499938964844e+02, 2.781499938964844e+02, 2.781499938964844e+02, 2.781499938964844e+02, 2.781499938964844e+02, 2.781499938964844e+02, 2.781499938964844e+02, 2.781499938964844e+02, 2.781499938964844e+02, 2.781499938964844e+02, 2.781499938964844e+02, 2.781499938964844e+02, 2.781499938964844e+02, 2.781499938964844e+02, 2.781499938964844e+02, 2.781499938964844e+02, 2.781499938964844e+02, 2.781499938964844e+02, 2.781499938964844e+02, 2.781499938964844e+02, 2.781499938964844e+02, 2.781499938964844e+02, 2.781499938964844e+02]
time=[0e+00, 3.6e+03]
hex.Q2_flow=[0e+00, -1.88132275390625e+03, -1.931736572265625e+03, -1.933284790039062e+03, -1.933333740234375e+03, -1.9333349609375e+03, -1.9333349609375e+03, -1.9333349609375e+03, -1.9333349609375e+03, -1.9333349609375e+03, -1.9333349609375e+03, -1.887053100585938e+03, -1.82440380859375e+03, -1.750748046875e+03, -1.6633828125e+03, -1.558171875e+03, -1.42912060546875e+03, -1.267142333984375e+03, -1.057309936523438e+03, -7.707491455078125e+02, -4.160592651367188e+02, -3.291192016601562e+02, -3.049127502441406e+02, -2.847077941894531e+02, -2.664798889160156e+02, -2.500135498046875e+02, -2.351393737792969e+02, -2.217060852050781e+02, -2.095771942138672e+02, -1.986292419433594e+02, -1.887501525878906e+02, -1.798379669189453e+02, -1.718003234863281e+02, -1.645535278320312e+02, -1.580217132568359e+02, -1.521360931396484e+02, -1.468343200683594e+02, -1.420599060058594e+02, -1.377616424560547e+02, -1.338931274414062e+02, -1.304123382568359e+02, -1.2728125e+02, -1.244655151367188e+02, -1.2193408203125e+02, -1.196588439941406e+02, -1.176144561767578e+02, -1.157779693603516e+02, -1.141286315917969e+02, -1.126477432250977e+02, -1.113182373046875e+02, -1.101248397827148e+02, -1.010522689819336e+02, -9.344691467285156e+01, -8.190718841552734e+01, -6.06289825439451e+01, -2.26106777191163e+01, -5.613103103637733e+01, -1.068399505615234e+02, -1.18511848449707e+02, -1.178594741821289e+02, -1.17942138671875e+02, -1.054050521850586e+02, -1.012281799316406e+02, -9.703984832763672e+01, -9.228411865234375e+01, -8.662110137939453e+01, -7.953733825683594e+01, -7.019924163818359e+01, -5.720044326782227e+01, -3.812741851806641e+01, -1.91497745513916e+01, -1.349977588653564e+01, -1.035979461669922e+01, -8.43146800994873e+00, -7.214977264404297e+00, -6.438099384307861e+00, -5.937581539154053e+00, -5.611114978790283e+00, -5.393013477325439e+00, -5.243480682373047e+00, -5.13688325881958e+00, -5.056445121765137e+00, -4.991928100585938e+00, -4.936927318572998e+00, -4.887428283691406e+00, -4.840791702270508e+00, -4.79464054107666e+00, -4.748447418212891e+00, -4.701595306396484e+00, -4.653879642486572e+00, -4.605019092559814e+00, -4.554887294769287e+00, -4.503435611724854e+00, -4.450669288635254e+00, -4.396650791168213e+00, -4.341424465179443e+00, -4.285066604614258e+00, -4.227653026580811e+00, -4.169277667999268e+00, -4.110024452209473e+00, -4.049981117248535e+00]
hex.port_b2.m_flow=[-1.400000005960464e-01, -1.400000005960464e-01, -1.400000005960464e-01, -1.400000005960464e-01, -1.400000005960464e-01, -1.400000005960464e-01, -1.400000005960464e-01, -1.400000005960464e-01, -1.400000005960464e-01, -1.400000005960464e-01, -1.400000005960464e-01, -1.400000005960464e-01, -1.400000005960464e-01, -1.400000005960464e-01, -1.400000005960464e-01, -1.400000005960464e-01, -1.400000005960464e-01, -1.400000005960464e-01, -1.400000005960464e-01, -1.400000005960464e-01, -1.400000005960464e-01, -1.400000005960464e-01, -1.400000005960464e-01, -1.400000005960464e-01, -1.400000005960464e-01, -1.400000005960464e-01, -1.400000005960464e-01, -1.400000005960464e-01, -1.400000005960464e-01, -1.400000005960464e-01, -1.400000005960464e-01, -1.400000005960464e-01, -1.400000005960464e-01, -1.400000005960464e-01, -1.400000005960464e-01, -1.400000005960464e-01, -1.400000005960464e-01, -1.400000005960464e-01, -1.400000005960464e-01, -1.400000005960464e-01, -1.400000005960464e-01, -1.400000005960464e-01, -1.400000005960464e-01, -1.400000005960464e-01, -1.400000005960464e-01, -1.400000005960464e-01, -1.400000005960464e-01, -1.400000005960464e-01, -1.400000005960464e-01, -1.400000005960464e-01, -1.400000005960464e-01, -1.120000034570694e-01, -8.399999886751175e-02, -5.60000017285347e-02, -2.800000086426717e-02, 4.255373436036178e-16, 2.800000086426753e-02, 5.60000017285347e-02, 8.399999886751175e-02, 1.120000034570694e-01, 1.400000005960464e-01, 1.260000020265579e-01, 1.120000034570694e-01, 9.799999743700027e-02, 8.399999886751175e-02, 7.000000029802322e-02, 5.60000017285347e-02, 4.199999943375587e-02, 2.800000086426735e-02, 1.400000043213367e-02, 0e+00, 0e+00, 0e+00, 0e+00, 0e+00, 0e+00, 0e+00, 0e+00, 0e+00, 0e+00, 0e+00, 0e+00, 0e+00, 0e+00, 0e+00, 0e+00, 0e+00, 0e+00, 0e+00, 0e+00, 0e+00, 0e+00, 0e+00, 0e+00, 0e+00, 0e+00, 0e+00, 0e+00, 0e+00, 0e+00, -0e+00]
hex.port_a2.m_flow=[-1.43245414445034e-13, 1.400000005960464e-01, 1.400000005960464e-01, 1.400000005960464e-01, 1.400000005960464e-01, 1.400000005960464e-01, 1.400000005960464e-01, 1.400000005960464e-01, 1.400000005960464e-01, 1.400000005960464e-01, 1.400000005960464e-01, 1.400000005960464e-01, 1.400000005960464e-01, 1.400000005960464e-01, 1.400000005960464e-01, 1.400000005960464e-01, 1.400000005960464e-01, 1.400000005960464e-01, 1.400000005960464e-01, 1.400000005960464e-01, 1.400000005960464e-01, 1.400000005960464e-01, 1.400000005960464e-01, 1.400000005960464e-01, 1.400000005960464e-01, 1.400000005960464e-01, 1.400000005960464e-01, 1.400000005960464e-01, 1.400000005960464e-01, 1.400000005960464e-01, 1.400000005960464e-01, 1.400000005960464e-01, 1.400000005960464e-01, 1.400000005960464e-01, 1.400000005960464e-01, 1.400000005960464e-01, 1.400000005960464e-01, 1.400000005960464e-01, 1.400000005960464e-01, 1.400000005960464e-01, 1.400000005960464e-01, 1.400000005960464e-01, 1.400000005960464e-01, 1.400000005960464e-01, 1.400000005960464e-01, 1.400000005960464e-01, 1.400000005960464e-01, 1.400000005960464e-01, 1.400000005960464e-01, 1.400000005960464e-01, 1.400000005960464e-01, 1.120098307728767e-01, 8.400736749172211e-02, 5.600491538643837e-02, 2.800245769321901e-02, 4.300682972421384e-07, -2.799670584499854e-02, -5.599509924650192e-02, -8.399280905723572e-02, -1.11990250647068e-01, -1.399876028299332e-01, -1.260055303573608e-01, -1.120049133896828e-01, -9.80042964220047e-02, -8.400368690490723e-02, -7.000306993722916e-02, -5.600245669484138e-02, -4.200184345245361e-02, -2.800122834742069e-02, -1.404035277664661e-02, -2.174150210976222e-07, 2.86490828890068e-13, -1.43245414445034e-13, -2.86490828890068e-13, -1.43245414445034e-13, 1.43245414445034e-13, -1.289208757110361e-12, 1.43245414445034e-13, -8.594724866702041e-13, 4.297362433351021e-13, 1.43245414445034e-13, 2.86490828890068e-13, -1.43245414445034e-13, -1.43245414445034e-13, 7.162270993302244e-13, -1.43245414445034e-13, -1.43245414445034e-13, -2.86490828890068e-13, 1.43245414445034e-13, 1.145963315560272e-12, -1.43245414445034e-13, -2.86490828890068e-13, -1.43245414445034e-13, 1.43245414445034e-13, 2.86490828890068e-13, 1.43245414445034e-13, 1.43245414445034e-13, -1.43245414445034e-13, -2.86490828890068e-13, -8.594724866702041e-13, -1.145963315560272e-12]
