last-generated=2019-06-05
statistics-simulation=
{
  "linear": "0",
  "nonlinear": " ",
  "number of continuous time states": "1",
  "numerical Jacobians": "0"
}
heaPum.QEva_flow=[-4.752187109375e+04, -4.752187109375e+04, -4.752187109375e+04, -4.752187109375e+04, -4.752187109375e+04, -4.752187109375e+04, -4.752187109375e+04, -4.752187109375e+04, -4.752187109375e+04, -4.752187109375e+04, -4.752187109375e+04, -4.752187109375e+04, -4.752187109375e+04, -4.752187109375e+04, -4.752187109375e+04, -4.752187109375e+04, -4.752187109375e+04, -4.752187109375e+04, -4.752187109375e+04, -4.752187109375e+04, -4.752187109375e+04, -4.752187109375e+04, -4.752187109375e+04, -4.752187109375e+04, -4.752187109375e+04, -4.752187109375e+04, -4.752187109375e+04, -4.752187109375e+04, -4.752187109375e+04, -4.752187109375e+04, -4.752187109375e+04, -4.752187109375e+04, -4.752187109375e+04, -4.752187109375e+04, -4.752187109375e+04, -4.752187109375e+04, -4.752187109375e+04, -4.752187109375e+04, -4.752187109375e+04, -4.752187109375e+04, -4.752187109375e+04, 0e+00, 0e+00, 0e+00, 0e+00, 0e+00, 0e+00, 0e+00, 0e+00, 0e+00, 0e+00, 0e+00, 0e+00, 0e+00, 0e+00, 0e+00, 0e+00, 0e+00, 0e+00, 0e+00, 0e+00, -5.294228515625e+04, -5.2876e+04, -5.280971484375e+04, -5.27434296875e+04, -5.267714453125e+04, -5.261085546875e+04, -5.25445703125e+04, -5.247828515625e+04, -5.2412e+04, -5.234571484375e+04, -5.22794296875e+04, -5.221314453125e+04, -5.214685546875e+04, -5.20805703125e+04, -5.201428515625e+04, -5.1948e+04, -5.188171484375e+04, -5.18154296875e+04, -5.174914453125e+04, -5.168285546875e+04, -5.16165703125e+04, -5.155028515625e+04, -5.1484e+04, -5.141771484375e+04, -5.13514296875e+04, -5.128514453125e+04, -5.121885546875e+04, -5.11525703125e+04, -5.108628515625e+04, -5.102e+04, -5.095371484375e+04, -5.08874296875e+04, -5.082114453125e+04, -5.075485546875e+04, -5.06885703125e+04, -5.062228515625e+04, -5.0556e+04, -5.048971484375e+04, -5.04234296875e+04, -5.035714453125e+04]
heaPum.QCon_flow=[5.83020078125e+04, 5.832655078125e+04, 5.835108984375e+04, 5.83756328125e+04, 5.8400171875e+04, 5.842471484375e+04, 5.84492578125e+04, 5.8473796875e+04, 5.849833984375e+04, 5.852287890625e+04, 5.8547421875e+04, 5.857196484375e+04, 5.859650390625e+04, 5.8621046875e+04, 5.864558984375e+04, 5.867012890625e+04, 5.8694671875e+04, 5.87192109375e+04, 5.874375390625e+04, 5.8768296875e+04, 5.87928359375e+04, 5.881737890625e+04, 5.884191796875e+04, 5.88664609375e+04, 5.889100390625e+04, 5.891554296875e+04, 5.89400859375e+04, 5.8964625e+04, 5.898916796875e+04, 5.90137109375e+04, 5.903825e+04, 5.906279296875e+04, 5.90873359375e+04, 5.9111875e+04, 5.913641796875e+04, 5.916095703125e+04, 5.91855e+04, 5.921004296875e+04, 5.923458203125e+04, 5.9259125e+04, 5.92836640625e+04, 0e+00, 0e+00, 0e+00, 0e+00, 0e+00, 0e+00, 0e+00, 0e+00, 0e+00, 0e+00, 0e+00, 0e+00, 0e+00, 0e+00, 0e+00, 0e+00, 0e+00, 0e+00, 0e+00, 0e+00, 6.939659375e+04, 6.93974609375e+04, 6.93983359375e+04, 6.9399203125e+04, 6.94000703125e+04, 6.94009453125e+04, 6.94018125e+04, 6.94026875e+04, 6.94035546875e+04, 6.9404421875e+04, 6.9405296875e+04, 6.94061640625e+04, 6.94070390625e+04, 6.940790625e+04, 6.94087734375e+04, 6.94096484375e+04, 6.9410515625e+04, 6.9411390625e+04, 6.94122578125e+04, 6.9413125e+04, 6.9414e+04, 6.94148671875e+04, 6.9415734375e+04, 6.9416609375e+04, 6.94174765625e+04, 6.94183515625e+04, 6.941921875e+04, 6.94200859375e+04, 6.94209609375e+04, 6.9421828125e+04, 6.9422703125e+04, 6.94235703125e+04, 6.94244375e+04, 6.94253125e+04, 6.94261796875e+04, 6.9427046875e+04, 6.9427921875e+04, 6.94287890625e+04, 6.94296640625e+04, 6.943053125e+04]
time=[0e+00, 1.44e+04]
