last-generated=2020-07-14
statistics-initialization=
{
  "linear": "6",
  "nonlinear": "1, 1, 1, 1, 1, 1",
  "numerical Jacobians": "0"
}
statistics-simulation=
{
  "linear": " ",
  "nonlinear": "1",
  "number of continuous time states": "16",
  "numerical Jacobians": "0"
}
roo.yCFD[1]=[2.832649536132812e+02, 2.832649536132812e+02, 2.832649536132812e+02, 2.832649536132812e+02, 2.832649536132812e+02, 2.832649536132812e+02, 2.832649536132812e+02, 2.832649536132812e+02, 2.832649536132812e+02, 2.832649536132812e+02, 2.832649536132812e+02, 2.832649536132812e+02, 2.832649536132812e+02, 2.832649536132812e+02, 2.832649536132812e+02, 2.832649536132812e+02, 2.832649536132812e+02, 2.832649536132812e+02, 2.832649536132812e+02, 2.832649536132812e+02, 2.832649536132812e+02, 2.832649536132812e+02, 2.832649536132812e+02, 2.832649536132812e+02, 2.832649536132812e+02, 2.832649536132812e+02, 2.832649536132812e+02, 2.832649536132812e+02, 2.832649536132812e+02, 2.832649536132812e+02, 2.832649536132812e+02, 2.832649536132812e+02, 2.832649536132812e+02, 2.832649536132812e+02, 2.832649536132812e+02, 2.832649536132812e+02, 2.832649536132812e+02, 2.832649536132812e+02, 2.832649536132812e+02, 2.832649536132812e+02, 2.832649536132812e+02, 2.832649536132812e+02, 2.832649536132812e+02, 2.832649536132812e+02, 2.832649536132812e+02, 2.832649536132812e+02, 2.832649536132812e+02, 2.832649536132812e+02, 2.832649536132812e+02, 2.832649536132812e+02, 2.832649536132812e+02, 2.832649536132812e+02, 2.832649536132812e+02, 2.832649536132812e+02, 2.832649536132812e+02, 2.832649536132812e+02, 2.832649536132812e+02, 2.832649536132812e+02, 2.832649536132812e+02, 2.832649536132812e+02, 2.832649536132812e+02, 2.832649536132812e+02, 2.832649536132812e+02, 2.832649536132812e+02, 2.832649536132812e+02, 2.832649536132812e+02, 2.832649536132812e+02, 2.832649536132812e+02, 2.832649536132812e+02, 2.832649536132812e+02, 2.832649536132812e+02, 2.832649536132812e+02, 2.832649536132812e+02, 2.832649536132812e+02, 2.832649536132812e+02, 2.832649536132812e+02, 2.832649536132812e+02, 2.832649536132812e+02, 2.832649536132812e+02, 2.832649536132812e+02, 2.832649536132812e+02, 2.832649536132812e+02, 2.832649536132812e+02, 2.832649536132812e+02, 2.832649536132812e+02, 2.832649536132812e+02, 2.832649536132812e+02, 2.832649536132812e+02, 2.832649536132812e+02, 2.832649536132812e+02, 2.832649536132812e+02, 2.832649536132812e+02, 2.832649536132812e+02, 2.832649536132812e+02, 2.832649536132812e+02, 2.832649536132812e+02, 2.832649536132812e+02, 2.832649536132812e+02, 2.832649536132812e+02, 2.832649536132812e+02, 2.832649536132812e+02]
time=[0e+00, 1.8e+02]
roo.yCFD[2]=[0e+00, 0e+00, 0e+00, 0e+00, 0e+00, 0e+00, 0e+00, 0e+00, 0e+00, 0e+00, 0e+00, 0e+00, 0e+00, 0e+00, 0e+00, 0e+00, 0e+00, 0e+00, 0e+00, 0e+00, 0e+00, 0e+00, 0e+00, 0e+00, 0e+00, 0e+00, 0e+00, 0e+00, 0e+00, 0e+00, 0e+00, 0e+00, 0e+00, 0e+00, 0e+00, 0e+00, 0e+00, 0e+00, 0e+00, 0e+00, 0e+00, 0e+00, 0e+00, 0e+00, 0e+00, 0e+00, 0e+00, 0e+00, 0e+00, 0e+00, 0e+00, 0e+00, 0e+00, 0e+00, 0e+00, 0e+00, 0e+00, 0e+00, 0e+00, 0e+00, 0e+00, 0e+00, 0e+00, 0e+00, 0e+00, 0e+00, 0e+00, 0e+00, 0e+00, 0e+00, 0e+00, 0e+00, 0e+00, 0e+00, 0e+00, 0e+00, 0e+00, 0e+00, 0e+00, 0e+00, 0e+00, 0e+00, 0e+00, 0e+00, 0e+00, 0e+00, 0e+00, 0e+00, 0e+00, 0e+00, 0e+00, 0e+00, 0e+00, 0e+00, 0e+00, 0e+00, 0e+00, 0e+00, 0e+00, 0e+00, 0e+00]
