last-generated=2021-03-18
statistics-initialization=
{
  "linear": "19",
  "nonlinear": "1",
  "numerical Jacobians": "0"
}
statistics-simulation=
{
  "linear": "0, 0, 0, 0",
  "nonlinear": "1",
  "number of continuous time states": "39",
  "numerical Jacobians": "0"
}
time=[7.776e+06, 9.504e+06]
livFlo.T=[2.931499938964844e+02, 2.948136291503906e+02, 2.975581970214844e+02, 2.969191284179688e+02, 2.968966369628906e+02, 2.971856079101562e+02, 2.971592712402344e+02, 2.97109619140625e+02, 2.966443481445312e+02, 2.96093017578125e+02, 2.968343505859375e+02, 2.971416931152344e+02, 2.971964416503906e+02, 2.974646301269531e+02, 2.973930969238281e+02, 2.963556518554688e+02, 2.9700537109375e+02, 2.977891235351562e+02, 2.973677673339844e+02, 2.965909118652344e+02, 2.969883728027344e+02, 2.975320129394531e+02, 2.981586303710938e+02, 2.978741455078125e+02, 2.972301330566406e+02, 2.965677795410156e+02, 2.973611145019531e+02, 2.985321044921875e+02, 2.995743103027344e+02, 2.993489074707031e+02, 2.980247192382812e+02, 2.968788757324219e+02, 2.963463134765625e+02, 2.960699462890625e+02, 2.95734619140625e+02, 2.957525329589844e+02, 2.960735473632812e+02, 2.959406127929688e+02, 2.95853515625e+02, 2.957232666015625e+02, 2.962822265625e+02, 2.965387268066406e+02, 2.966199951171875e+02, 2.970792846679688e+02, 2.970248718261719e+02, 2.961772766113281e+02, 2.966549987792969e+02, 2.980425720214844e+02, 2.994579162597656e+02, 2.996028442382812e+02, 2.985448608398438e+02, 2.976423950195312e+02, 2.984156494140625e+02, 2.997354431152344e+02, 3.001510009765625e+02, 2.993279724121094e+02, 2.9862548828125e+02, 2.985955200195312e+02, 2.987607727050781e+02, 2.983677368164062e+02, 2.976529846191406e+02, 2.969412841796875e+02, 2.980224304199219e+02, 2.994649658203125e+02, 2.994658813476562e+02, 2.987109680175781e+02, 2.979374694824219e+02, 2.989866333007812e+02, 3.005710144042969e+02, 3.007107238769531e+02, 2.999787902832031e+02, 2.992745971679688e+02, 3.000340270996094e+02, 3.01300048828125e+02, 3.015440979003906e+02, 3.007240600585938e+02, 2.999855651855469e+02, 3.008883056640625e+02, 3.020284118652344e+02, 3.016448059082031e+02, 3.008311157226562e+02, 3.0013818359375e+02, 3.007685852050781e+02, 3.02160888671875e+02, 3.025059204101562e+02, 3.015213012695312e+02, 3.006817626953125e+02, 3.012040100097656e+02, 3.025770568847656e+02, 3.023583068847656e+02, 3.01474609375e+02, 3.006217651367188e+02, 3.0079345703125e+02, 3.019810485839844e+02, 3.017252502441406e+02, 3.00536376953125e+02, 2.994360961914062e+02, 2.997467041015625e+02, 3.002560119628906e+02, 2.998732604980469e+02, 2.989293518066406e+02]
zon.TAir=[2.931499938964844e+02, 2.909692077636719e+02, 2.935912780761719e+02, 2.936555786132812e+02, 2.92799560546875e+02, 2.929355163574219e+02, 2.929451904296875e+02, 2.934139404296875e+02, 2.936199340820312e+02, 2.927466430664062e+02, 2.928231506347656e+02, 2.928410949707031e+02, 2.940161437988281e+02, 2.947463684082031e+02, 2.940648803710938e+02, 2.929557189941406e+02, 2.928441467285156e+02, 2.945190124511719e+02, 2.9461181640625e+02, 2.931266174316406e+02, 2.927046203613281e+02, 2.928205261230469e+02, 2.945918273925781e+02, 2.950115051269531e+02, 2.937638244628906e+02, 2.926736145019531e+02, 2.928092956542969e+02, 2.949244384765625e+02, 2.964135437011719e+02, 2.954148559570312e+02, 2.943007202148438e+02, 2.933163452148438e+02, 2.934742126464844e+02, 2.936554565429688e+02, 2.929283447265625e+02, 2.930504455566406e+02, 2.929996337890625e+02, 2.931049194335938e+02, 2.931483764648438e+02, 2.928696899414062e+02, 2.928604431152344e+02, 2.929183044433594e+02, 2.930373840332031e+02, 2.938891906738281e+02, 2.939591979980469e+02, 2.928334045410156e+02, 2.928538818359375e+02, 2.952244873046875e+02, 2.970703125e+02, 2.965472717285156e+02, 2.955922241210938e+02, 2.949097290039062e+02, 2.967399291992188e+02, 2.984295043945312e+02, 2.98027587890625e+02, 2.9718359375e+02, 2.966325378417969e+02, 2.975603942871094e+02, 2.975496826171875e+02, 2.961002807617188e+02, 2.953494262695312e+02, 2.945205993652344e+02, 2.969393310546875e+02, 2.986513977050781e+02, 2.975485534667969e+02, 2.96398193359375e+02, 2.955299072265625e+02, 2.98074951171875e+02, 2.998654479980469e+02, 2.988680725097656e+02, 2.981842651367188e+02, 2.973452758789062e+02, 2.984900207519531e+02, 2.999910888671875e+02, 2.996852416992188e+02, 2.988195495605469e+02, 2.981184387207031e+02, 2.991479187011719e+02, 3.003758239746094e+02, 2.997460327148438e+02, 2.988829040527344e+02, 2.983081359863281e+02, 2.998971252441406e+02, 3.01153076171875e+02, 3.004187622070312e+02, 2.991299438476562e+02, 2.986660461425781e+02, 3.001435852050781e+02, 3.015437622070312e+02, 3.004296875e+02, 2.989773559570312e+02, 2.984102783203125e+02, 2.994863586425781e+02, 2.998646240234375e+02, 2.985149230957031e+02, 2.972689819335938e+02, 2.961515197753906e+02, 2.976333312988281e+02, 2.9848046875e+02, 2.969972229003906e+02, 2.959934387207031e+02]
TSetRooHea.y=[2.931499938964844e+02, 2.931499938964844e+02]
TSetRooCoo.y=[2.991499938964844e+02, 2.991499938964844e+02]
livCei.T=[2.931499938964844e+02, 2.9299560546875e+02, 2.933170166015625e+02, 2.934069213867188e+02, 2.932881469726562e+02, 2.931694641113281e+02, 2.930407104492188e+02, 2.931237487792969e+02, 2.932258911132812e+02, 2.930386352539062e+02, 2.92879150390625e+02, 2.927333068847656e+02, 2.928547058105469e+02, 2.932096862792969e+02, 2.931984558105469e+02, 2.929827270507812e+02, 2.927951354980469e+02, 2.930889892578125e+02, 2.931851196289062e+02, 2.930247192382812e+02, 2.928017578125e+02, 2.926040649414062e+02, 2.928817443847656e+02, 2.930937194824219e+02, 2.930032043457031e+02, 2.927467346191406e+02, 2.925354919433594e+02, 2.928574523925781e+02, 2.933934936523438e+02, 2.934959411621094e+02, 2.933146667480469e+02, 2.931134643554688e+02, 2.930583801269531e+02, 2.930852661132812e+02, 2.929161376953125e+02, 2.927159423828125e+02, 2.925397338867188e+02, 2.924928588867188e+02, 2.924884338378906e+02, 2.923594665527344e+02, 2.9223681640625e+02, 2.921387939453125e+02, 2.921849365234375e+02, 2.925011291503906e+02, 2.925708923339844e+02, 2.924297790527344e+02, 2.923212585449219e+02, 2.927702941894531e+02, 2.934450988769531e+02, 2.9373779296875e+02, 2.937200927734375e+02, 2.936795959472656e+02, 2.941610412597656e+02, 2.948774108886719e+02, 2.951861572265625e+02, 2.952167358398438e+02, 2.952366943359375e+02, 2.955466003417969e+02, 2.958738708496094e+02, 2.958332824707031e+02, 2.957064819335938e+02, 2.955675964355469e+02, 2.959158630371094e+02, 2.964487915039062e+02, 2.965218200683594e+02, 2.963873901367188e+02, 2.962607727050781e+02, 2.966126708984375e+02, 2.967552185058594e+02, 2.963306274414062e+02, 2.96483154296875e+02, 2.964754638671875e+02, 2.968854064941406e+02, 2.968815307617188e+02, 2.962256469726562e+02, 2.965706176757812e+02, 2.966889953613281e+02, 2.971925659179688e+02, 2.970374450683594e+02, 2.964112243652344e+02, 2.967504272460938e+02, 2.969158630371094e+02, 2.971462707519531e+02, 2.972107238769531e+02, 2.968648681640625e+02, 2.967111206054688e+02, 2.969561767578125e+02, 2.971380615234375e+02, 2.973971252441406e+02, 2.969534606933594e+02, 2.96671630859375e+02, 2.969527282714844e+02, 2.973710327148438e+02, 2.968391723632812e+02, 2.967910461425781e+02, 2.968501892089844e+02, 2.968117980957031e+02, 2.971666259765625e+02, 2.975394592285156e+02, 2.974900817871094e+02, 2.973186645507812e+02]
conHea.y=[1.13686837721616e-13, 1e+00, 0e+00, 0e+00, 7.008890509605408e-01, 4.289478063583374e-01, 4.096301198005676e-01, 0e+00, 0e+00, 8.067317605018616e-01, 6.536957621574402e-01, 6.178225874900818e-01, 0e+00, 0e+00, 0e+00, 3.885726034641266e-01, 6.116839647293091e-01, 0e+00, 0e+00, 4.67476025223732e-02, 8.907511830329895e-01, 6.589540839195251e-01, 0e+00, 0e+00, 0e+00, 9.527703523635864e-01, 6.814351081848145e-01, 0e+00, 0e+00, 0e+00, 0e+00, 0e+00, 0e+00, 0e+00, 4.433220326900482e-01, 1.991035640239716e-01, 3.007332384586334e-01, 9.019076824188232e-02, 3.232214832678437e-03, 5.606231093406677e-01, 5.791226625442505e-01, 4.633943140506744e-01, 2.252601981163025e-01, 0e+00, 0e+00, 6.331790685653687e-01, 5.922436118125916e-01, 0e+00, 0e+00, 0e+00, 0e+00, 0e+00, 0e+00, 0e+00, 0e+00, 0e+00, 0e+00, 0e+00, 0e+00, 0e+00, 0e+00, 0e+00, 0e+00, 0e+00, 0e+00, 0e+00, 0e+00, 0e+00, 0e+00, 0e+00, 0e+00, 0e+00, 0e+00, 0e+00, 0e+00, 0e+00, 0e+00, 0e+00, 0e+00, 0e+00, 0e+00, 0e+00, 0e+00, 0e+00, 0e+00, 0e+00, 0e+00, 0e+00, 0e+00, 0e+00, 0e+00, 0e+00, 0e+00, 0e+00, 0e+00, 0e+00, 0e+00, 0e+00, 0e+00, 0e+00, 0e+00]
conCoo.y=[0e+00, 0e+00, 0e+00, 0e+00, 0e+00, 0e+00, 0e+00, 0e+00, 0e+00, 0e+00, 0e+00, 0e+00, 0e+00, 0e+00, 0e+00, 0e+00, 0e+00, 0e+00, 0e+00, 0e+00, 0e+00, 0e+00, 0e+00, 0e+00, 0e+00, 0e+00, 0e+00, 0e+00, 0e+00, 0e+00, 0e+00, 0e+00, 0e+00, 0e+00, 0e+00, 0e+00, 0e+00, 0e+00, 0e+00, 0e+00, 0e+00, 0e+00, 0e+00, 0e+00, 0e+00, 0e+00, 0e+00, 0e+00, 0e+00, 0e+00, 0e+00, 0e+00, 0e+00, 0e+00, 0e+00, 0e+00, 0e+00, 0e+00, 0e+00, 0e+00, 0e+00, 0e+00, 0e+00, 0e+00, 0e+00, 0e+00, 0e+00, 0e+00, 1e+00, 0e+00, 0e+00, 0e+00, 0e+00, 1e+00, 1e+00, 0e+00, 0e+00, 0e+00, 1e+00, 1e+00, 0e+00, 0e+00, 1e+00, 1e+00, 1e+00, 0e+00, 0e+00, 1e+00, 1e+00, 1e+00, 0e+00, 0e+00, 6.727240681648254e-01, 1e+00, 0e+00, 0e+00, 0e+00, 0e+00, 0e+00, 0e+00, 0e+00]
livFlo.q_flow=[2.088943481445312e+00, -8.858877182006836e+00, 5.959194183349609e+00, -4.652814865112305e+00, -9.796904563903809e+00, -1.045980453491211e+01, -1.037272262573242e+01, -3.254774808883667e+00, -3.107921838760376e+00, -7.440456867218018e+00, -9.475815773010254e+00, -1.033832836151123e+01, -2.114746809005737e+00, 1.217486572265625e+01, -7.394938945770264e+00, -7.527124404907227e+00, -9.866488456726074e+00, 9.649632453918457e+00, -1.937281966209412e+00, -7.786449909210205e+00, -9.996944427490234e+00, -1.166985893249512e+01, 5.745843410491943e+00, -2.458060264587402e+00, -7.756970405578613e+00, -8.777731895446777e+00, -1.113346862792969e+01, 1.375155258178711e+01, 1.512106323242188e+01, -9.268923759460449e+00, -8.604681968688965e+00, -8.119434356689453e+00, -2.485198020935059e+00, -9.874825477600098e-01, -5.805106163024902e+00, -5.540647029876709e+00, -6.732663631439209e+00, -4.049956321716309e+00, -3.594646215438843e+00, -6.003952503204346e+00, -7.698026657104492e+00, -8.343348503112793e+00, -6.100532531738281e+00, 1.416024398803711e+01, -6.699416160583496e+00, -7.377399444580078e+00, -8.689618110656738e+00, 1.668506622314453e+01, 1.798158645629883e+01, -6.608551979064941e+00, -6.362764358520508e+00, -5.686706066131592e+00, 1.663684844970703e+01, 1.735808372497559e+01, -4.002536296844482e+00, -4.076201915740967e+00, -3.678503513336182e+00, 3.574548721313477e+00, 2.796387672424316e+00, -4.342198371887207e+00, -4.39834451675415e+00, -4.847561836242676e+00, 1.606932067871094e+01, 1.740909576416016e+01, -3.405588865280151e+00, -4.417526721954346e+00, -4.713709831237793e+00, 1.886333465576172e+01, 1.929463386535645e+01, -3.317038536071777e+00, -3.20276927947998e+00, -3.586835622787476e+00, 1.588954448699951e+01, 1.682539749145508e+01, -3.400674104690552e+00, -3.561920166015625e+00, -3.484912633895874e+00, 1.615240097045898e+01, 1.577868270874023e+01, -3.489110231399536e+00, -3.646416902542114e+00, -3.279242277145386e+00, 7.792616367340088e+00, 1.828312110900879e+01, -3.86974573135376e+00, -4.781902313232422e+00, -3.812516927719116e+00, 8.412699699401855e+00, 1.796973609924316e+01, -3.481336832046509e+00, -4.590845584869385e+00, -4.266574859619141e+00, 1.580488586425781e+01, 1.180244827270508e+01, -7.084294319152832e+00, -7.210365772247314e+00, -7.248480796813965e+00, 1.576259994506836e+01, 3.330302000045776e+00, -6.052803993225098e+00, -6.188838005065918e+00]
livCei.q_flow=[4.004458904266357e+00, -1.980430245399475e+00, 8.719891548156738e+00, 2.994125604629517e+00, -2.595064043998718e-01, -7.890989631414413e-02, -7.151132449507713e-03, 5.556704998016357e+00, 4.034228324890137e+00, -1.091174557805061e-01, 2.368563413619995e-02, 2.629149854183197e-01, 6.96543025970459e+00, 1.216400527954102e+01, 1.523568749427795e+00, 2.139350771903992e-01, 2.123737782239914e-01, 1.225124073028564e+01, 6.440728664398193e+00, 3.080743849277496e-01, 1.82125598192215e-01, 4.156302809715271e-01, 1.243034934997559e+01, 7.430745124816895e+00, 1.352046012878418e+00, 1.855110675096512e-01, 4.653527736663818e-01, 1.322558403015137e+01, 1.574769878387451e+01, 3.97315239906311e+00, 1.832841515541077e+00, 4.356174170970917e-01, 4.235351085662842e+00, 4.703205585479736e+00, 1.99138879776001e-01, 5.428829193115234e-01, 5.776765942573547e-01, 2.939244508743286e+00, 3.106870412826538e+00, 6.727669835090637e-01, 8.520897626876831e-01, 1.127668857574463e+00, 3.50071907043457e+00, 1.042824554443359e+01, 2.526544094085693e+00, 5.676078200340271e-01, 8.369604349136353e-01, 1.424055290222168e+01, 1.744754219055176e+01, 6.339817523956299e+00, 3.78685188293457e+00, 2.259639978408813e+00, 1.468381023406982e+01, 1.727778434753418e+01, 6.420544624328613e+00, 4.032833099365234e+00, 2.616859197616577e+00, 9.066281318664551e+00, 7.809980869293213e+00, 4.841113984584808e-01, 3.109756857156754e-02, -6.161490678787231e-01, 1.133838653564453e+01, 1.385143947601318e+01, 1.845471739768982e+00, 2.268893867731094e-01, -2.792304754257202e-01, 1.128007984161377e+01, 1.613762283325195e+01, 5.557429790496826e+00, 3.341362953186035e+00, 1.410742402076721e+00, 1.078302764892578e+01, 1.454314804077148e+01, 8.063467979431152e+00, 4.704946041107178e+00, 2.587027311325073e+00, 1.157793521881104e+01, 1.584107112884521e+01, 7.673393726348877e+00, 4.426615238189697e+00, 2.620981454849243e+00, 1.356899642944336e+01, 1.843734359741211e+01, 8.492852210998535e+00, 5.319319725036621e+00, 3.330932140350342e+00, 1.497853755950928e+01, 1.976359558105469e+01, 8.220491409301758e+00, 5.559000015258789e+00, 2.785878419876099e+00, 1.441811180114746e+01, 1.623298072814941e+01, 3.464890718460083e+00, 7.754044532775879e-01, -2.020582407712936e-01, 1.008282089233398e+01, 7.757912635803223e+00, -9.543082118034363e-02, -8.576346635818481e-01]
slaFlo.surf_a.Q_flow=[3.881972961425781e+02, -1.646282958984375e+03, 1.107422485351562e+03, -8.646524658203125e+02, -1.8206005859375e+03, -1.943790161132812e+03, -1.927607543945312e+03, -6.048486938476562e+02, -5.775584106445312e+02, -1.38269189453125e+03, -1.760931396484375e+03, -1.9212158203125e+03, -3.92992431640625e+02, 2.26250732421875e+03, -1.374233154296875e+03, -1.398797729492188e+03, -1.83353173828125e+03, 1.793232421875e+03, -3.600133972167969e+02, -1.4469892578125e+03, -1.85777490234375e+03, -2.16865966796875e+03, 1.067774658203125e+03, -4.567918701171875e+02, -1.441510986328125e+03, -1.631203491210938e+03, -2.068980224609375e+03, 2.555509765625e+03, 2.810011962890625e+03, -1.722483764648438e+03, -1.599044921875e+03, -1.508869262695312e+03, -4.618349609375e+02, -1.835081024169922e+02, -1.078787719726562e+03, -1.02964208984375e+03, -1.25115966796875e+03, -7.526206665039062e+02, -6.680084838867188e+02, -1.115740112304688e+03, -1.430557250976562e+03, -1.550480224609375e+03, -1.133688110351562e+03, 2.631458740234375e+03, -1.244981201171875e+03, -1.3709736328125e+03, -1.614828979492188e+03, 3.100657470703125e+03, 3.34159521484375e+03, -1.228095458984375e+03, -1.182419677734375e+03, -1.056784912109375e+03, 3.091696533203125e+03, 3.225726806640625e+03, -7.438084106445312e+02, -7.57498046875e+02, -6.83592041015625e+02, 6.64273681640625e+02, 5.196646728515625e+02, -8.069293212890625e+02, -8.173630981445312e+02, -9.008432006835938e+02, 2.98623046875e+03, 3.23520654296875e+03, -6.328751220703125e+02, -8.209279174804688e+02, -8.759688720703125e+02, 3.505454345703125e+03, 3.585604248046875e+03, -6.1641943359375e+02, -5.95184326171875e+02, -6.665570068359375e+02, 2.952822021484375e+03, 3.126735595703125e+03, -6.319618530273438e+02, -6.619268798828125e+02, -6.476162109375e+02, 3.001669921875e+03, 2.932219970703125e+03, -6.483963012695312e+02, -6.776292114257812e+02, -6.093956298828125e+02, 1.44813525390625e+03, 3.397630615234375e+03, -7.191314086914062e+02, -8.88641357421875e+02, -7.084962768554688e+02, 1.563367919921875e+03, 3.33939306640625e+03, -6.469517211914062e+02, -8.53136474609375e+02, -7.928759155273438e+02, 2.937089599609375e+03, 2.193299560546875e+03, -1.316504760742188e+03, -1.33993310546875e+03, -1.347016235351562e+03, 2.9292314453125e+03, 6.1888427734375e+02, -1.124818359375e+03, -1.150098266601562e+03]
hea.Q_flow=[0e+00, 5e+03, 0e+00, 0e+00, 3.5044453125e+03, 2.144739013671875e+03, 2.048150634765625e+03, 0e+00, 0e+00, 4.033658935546875e+03, 3.26847900390625e+03, 3.08911279296875e+03, 0e+00, 0e+00, 0e+00, 1.942863037109375e+03, 3.058419921875e+03, 0e+00, 0e+00, 0e+00, 4.453755859375e+03, 3.2947705078125e+03, 0e+00, 0e+00, 0e+00, 4.76385205078125e+03, 3.407175537109375e+03, 0e+00, 0e+00, 0e+00, 0e+00, 0e+00, 0e+00, 0e+00, 2.216610107421875e+03, 9.95517822265625e+02, 1.503666137695312e+03, 0e+00, 0e+00, 2.803115478515625e+03, 2.89561328125e+03, 2.3169716796875e+03, 1.126301025390625e+03, 0e+00, 0e+00, 3.165895263671875e+03, 2.961218017578125e+03, 0e+00, 0e+00, 0e+00, 0e+00, 0e+00, 0e+00, 0e+00, 0e+00, 0e+00, 0e+00, 0e+00, 0e+00, 0e+00, 0e+00, 0e+00, 0e+00, 0e+00, 0e+00, 0e+00, 0e+00, 0e+00, 0e+00, 0e+00, 0e+00, 0e+00, 0e+00, 0e+00, 0e+00, 0e+00, 0e+00, 0e+00, 0e+00, 0e+00, 0e+00, 0e+00, 0e+00, 0e+00, 0e+00, 0e+00, 0e+00, 0e+00, 0e+00, 0e+00, 0e+00, 0e+00, 0e+00, 0e+00, 0e+00, 0e+00, 0e+00, 0e+00, 0e+00, 0e+00, 0e+00]
slaCei.surf_a.T=[2.931499938964844e+02, 2.908482055664062e+02, 2.902998657226562e+02, 2.903126220703125e+02, 2.889754943847656e+02, 2.879331665039062e+02, 2.871144714355469e+02, 2.8696533203125e+02, 2.873199768066406e+02, 2.870066223144531e+02, 2.863624267578125e+02, 2.854550170898438e+02, 2.852150268554688e+02, 2.857768859863281e+02, 2.860580139160156e+02, 2.853830871582031e+02, 2.846532287597656e+02, 2.848343200683594e+02, 2.852315368652344e+02, 2.849529724121094e+02, 2.841487426757812e+02, 2.831124267578125e+02, 2.833358459472656e+02, 2.840093688964844e+02, 2.841881713867188e+02, 2.836123962402344e+02, 2.826473083496094e+02, 2.831861877441406e+02, 2.849916076660156e+02, 2.853526611328125e+02, 2.848350219726562e+02, 2.84529541015625e+02, 2.842639465332031e+02, 2.843190307617188e+02, 2.84674072265625e+02, 2.849339294433594e+02, 2.851436462402344e+02, 2.854818725585938e+02, 2.858053894042969e+02, 2.86136474609375e+02, 2.86143798828125e+02, 2.860713195800781e+02, 2.861742248535156e+02, 2.869892272949219e+02, 2.875657043457031e+02, 2.866419372558594e+02, 2.857468872070312e+02, 2.860581359863281e+02, 2.876323547363281e+02, 2.883314514160156e+02, 2.883203735351562e+02, 2.882420043945312e+02, 2.887963562011719e+02, 2.903930053710938e+02, 2.912138366699219e+02, 2.914352416992188e+02, 2.916209106445312e+02, 2.918782958984375e+02, 2.922030944824219e+02, 2.91966064453125e+02, 2.913775634765625e+02, 2.90469482421875e+02, 2.908909301757812e+02, 2.925571594238281e+02, 2.928929138183594e+02, 2.921465759277344e+02, 2.911134948730469e+02, 2.915380859375e+02, 2.931462707519531e+02, 2.937842407226562e+02, 2.939059753417969e+02, 2.938707885742188e+02, 2.943436889648438e+02, 2.959761047363281e+02, 2.9662548828125e+02, 2.965991821289062e+02, 2.963989868164062e+02, 2.967246398925781e+02, 2.978593139648438e+02, 2.98181640625e+02, 2.980420837402344e+02, 2.976991577148438e+02, 2.977963256835938e+02, 2.989586181640625e+02, 2.993560791015625e+02, 2.987785949707031e+02, 2.981155090332031e+02, 2.981866149902344e+02, 2.991942138671875e+02, 2.993894958496094e+02, 2.991736145019531e+02, 2.984006042480469e+02, 2.980818786621094e+02, 2.984702758789062e+02, 2.977061462402344e+02, 2.960862121582031e+02, 2.946092834472656e+02, 2.939502868652344e+02, 2.94079833984375e+02, 2.933706359863281e+02, 2.923155212402344e+02]
slaCei.surf_b.T=[2.931499938964844e+02, 2.9299560546875e+02, 2.933170166015625e+02, 2.934069213867188e+02, 2.932881469726562e+02, 2.931694641113281e+02, 2.930407104492188e+02, 2.931237487792969e+02, 2.932258911132812e+02, 2.930386352539062e+02, 2.92879150390625e+02, 2.927333068847656e+02, 2.928547058105469e+02, 2.932096862792969e+02, 2.931984558105469e+02, 2.929827270507812e+02, 2.927951354980469e+02, 2.930889892578125e+02, 2.931851196289062e+02, 2.930247192382812e+02, 2.928017578125e+02, 2.926040649414062e+02, 2.928817443847656e+02, 2.930937194824219e+02, 2.930032043457031e+02, 2.927467346191406e+02, 2.925354919433594e+02, 2.928574523925781e+02, 2.933934936523438e+02, 2.934959411621094e+02, 2.933146667480469e+02, 2.931134643554688e+02, 2.930583801269531e+02, 2.930852661132812e+02, 2.929161376953125e+02, 2.927159423828125e+02, 2.925397338867188e+02, 2.924928588867188e+02, 2.924884338378906e+02, 2.923594665527344e+02, 2.9223681640625e+02, 2.921387939453125e+02, 2.921849365234375e+02, 2.925011291503906e+02, 2.925708923339844e+02, 2.924297790527344e+02, 2.923212585449219e+02, 2.927702941894531e+02, 2.934450988769531e+02, 2.9373779296875e+02, 2.937200927734375e+02, 2.936795959472656e+02, 2.941610412597656e+02, 2.948774108886719e+02, 2.951861572265625e+02, 2.952167358398438e+02, 2.952366943359375e+02, 2.955466003417969e+02, 2.958738708496094e+02, 2.958332824707031e+02, 2.957064819335938e+02, 2.955675964355469e+02, 2.959158630371094e+02, 2.964487915039062e+02, 2.965218200683594e+02, 2.963873901367188e+02, 2.962607727050781e+02, 2.966126708984375e+02, 2.967552185058594e+02, 2.963306274414062e+02, 2.96483154296875e+02, 2.964754638671875e+02, 2.968854064941406e+02, 2.968815307617188e+02, 2.962256469726562e+02, 2.965706176757812e+02, 2.966889953613281e+02, 2.971925659179688e+02, 2.970374450683594e+02, 2.964112243652344e+02, 2.967504272460938e+02, 2.969158630371094e+02, 2.971462707519531e+02, 2.972107238769531e+02, 2.968648681640625e+02, 2.967111206054688e+02, 2.969561767578125e+02, 2.971380615234375e+02, 2.973971252441406e+02, 2.969534606933594e+02, 2.96671630859375e+02, 2.969527282714844e+02, 2.973710327148438e+02, 2.968391723632812e+02, 2.967910461425781e+02, 2.968501892089844e+02, 2.968117980957031e+02, 2.971666259765625e+02, 2.975394592285156e+02, 2.974900817871094e+02, 2.973186645507812e+02]
