last-generated=2021-10-25
statistics-initialization=
{
  "linear": "0, 0, 0, 0, 0"
}
statistics-simulation=
{
  "linear": "0, 0, 0, 0, 0, 0, 0, 0, 0, 0, 0",
  "nonlinear": "1",
  "number of continuous time states": "32",
  "numerical Jacobians": "0"
}
time=[0e+00, 6.048e+05]
bui.maxTSet[1].y=[2.971499938964844e+02, 2.971499938964844e+02]
bui.minTSet[1].y=[2.931499938964844e+02, 2.931499938964844e+02]
bui.znAttic.TAir=[2.931499938964844e+02, 2.706531372070312e+02, 2.655264587402344e+02, 2.640443420410156e+02, 2.63358154296875e+02, 2.645305480957031e+02, 2.710914306640625e+02, 2.774652099609375e+02, 2.775068359375e+02, 2.762671508789062e+02, 2.731204223632812e+02, 2.706951904296875e+02, 2.704368591308594e+02, 2.699659118652344e+02, 2.692688293457031e+02, 2.675252990722656e+02, 2.671311645507812e+02, 2.673407897949219e+02, 2.688707885742188e+02, 2.701382141113281e+02, 2.736875610351562e+02, 2.77680908203125e+02, 2.816567077636719e+02, 2.806050109863281e+02, 2.765138549804688e+02, 2.738119506835938e+02, 2.732828369140625e+02, 2.736734619140625e+02, 2.730051879882812e+02, 2.722856750488281e+02, 2.724395751953125e+02, 2.727480773925781e+02, 2.716706848144531e+02, 2.703310546875e+02, 2.719534606933594e+02, 2.753552856445312e+02, 2.778494567871094e+02, 2.783174133300781e+02, 2.760835876464844e+02, 2.719062194824219e+02, 2.703603820800781e+02, 2.696915588378906e+02, 2.6968701171875e+02, 2.696965026855469e+02, 2.696807250976562e+02, 2.696860961914062e+02, 2.693393249511719e+02, 2.692974243164062e+02, 2.71021728515625e+02, 2.746529846191406e+02, 2.780810241699219e+02, 2.797826538085938e+02, 2.776908874511719e+02, 2.730454406738281e+02, 2.70255126953125e+02, 2.689647521972656e+02, 2.686941223144531e+02, 2.664555053710938e+02, 2.655507507324219e+02, 2.650383605957031e+02, 2.626566467285156e+02, 2.593340454101562e+02, 2.59775146484375e+02, 2.654734802246094e+02, 2.734262084960938e+02, 2.758597717285156e+02, 2.743580017089844e+02, 2.706051635742188e+02, 2.677940979003906e+02, 2.661986694335938e+02, 2.643741149902344e+02, 2.629047241210938e+02, 2.616412658691406e+02, 2.604949951171875e+02, 2.584792175292969e+02, 2.573115539550781e+02, 2.571881408691406e+02, 2.619839172363281e+02, 2.68900390625e+02, 2.697161254882812e+02, 2.684224548339844e+02, 2.656117248535156e+02, 2.595357360839844e+02, 2.563729553222656e+02, 2.539945526123047e+02, 2.534671173095703e+02, 2.529622802734375e+02, 2.52162353515625e+02, 2.511889953613281e+02, 2.503486480712891e+02, 2.487976837158203e+02, 2.538854827880859e+02, 2.640903625488281e+02, 2.705396728515625e+02, 2.713387145996094e+02, 2.664090881347656e+02, 2.5948291015625e+02, 2.556996459960938e+02, 2.533616638183594e+02, 2.516609954833984e+02, 2.506417083740234e+02]
bui.znCore_ZN.TAir=[2.931499938964844e+02, 2.947132263183594e+02, 2.944329223632812e+02, 2.942321166992188e+02, 2.940533752441406e+02, 2.939873962402344e+02, 2.940126953125e+02, 2.939383544921875e+02, 2.937569274902344e+02, 2.935862121582031e+02, 2.934157104492188e+02, 2.932860412597656e+02, 2.931942749023438e+02, 2.931498413085938e+02, 2.931498107910156e+02, 2.931500244140625e+02, 2.931500244140625e+02, 2.931499938964844e+02, 2.931499938964844e+02, 2.9335009765625e+02, 2.951917724609375e+02, 2.956630859375e+02, 2.956468505859375e+02, 2.962369079589844e+02, 2.964616088867188e+02, 2.954607238769531e+02, 2.947339782714844e+02, 2.944161376953125e+02, 2.941764526367188e+02, 2.939393310546875e+02, 2.93793212890625e+02, 2.936738586425781e+02, 2.936011047363281e+02, 2.9378515625e+02, 2.954355773925781e+02, 2.959748229980469e+02, 2.960151672363281e+02, 2.965133056640625e+02, 2.967408447265625e+02, 2.959425659179688e+02, 2.950720825195312e+02, 2.946815185546875e+02, 2.943980102539062e+02, 2.941145629882812e+02, 2.939238891601562e+02, 2.937678527832031e+02, 2.936548156738281e+02, 2.936377563476562e+02, 2.951030578613281e+02, 2.958179626464844e+02, 2.961809997558594e+02, 2.963455810546875e+02, 2.966101379394531e+02, 2.965630187988281e+02, 2.951304321289062e+02, 2.94681640625e+02, 2.944212951660156e+02, 2.941288452148438e+02, 2.938939514160156e+02, 2.937313842773438e+02, 2.935794677734375e+02, 2.935457763671875e+02, 2.947785034179688e+02, 2.958033447265625e+02, 2.962499694824219e+02, 2.965025634765625e+02, 2.968678894042969e+02, 2.97023193359375e+02, 2.954848937988281e+02, 2.949424438476562e+02, 2.945287780761719e+02, 2.941933288574219e+02, 2.939106750488281e+02, 2.937100524902344e+02, 2.935331420898438e+02, 2.934116821289062e+02, 2.935697326660156e+02, 2.954866943359375e+02, 2.959547729492188e+02, 2.957894897460938e+02, 2.961806030273438e+02, 2.963643188476562e+02, 2.953526611328125e+02, 2.944981689453125e+02, 2.940979919433594e+02, 2.937986755371094e+02, 2.933487243652344e+02, 2.931499938964844e+02, 2.931498413085938e+02, 2.931489562988281e+02, 2.931495666503906e+02, 2.935126037597656e+02, 2.936451416015625e+02, 2.933555297851562e+02, 2.93240478515625e+02, 2.933147888183594e+02, 2.931470947265625e+02, 2.931499938964844e+02, 2.931501159667969e+02, 2.931500854492188e+02, 2.931499938964844e+02]
bui.znPerimeter_ZN_1.TAir=[2.931499938964844e+02, 2.9314794921875e+02, 2.931492004394531e+02, 2.931505126953125e+02, 2.931506042480469e+02, 2.931473693847656e+02, 2.943434143066406e+02, 2.948644409179688e+02, 2.933897399902344e+02, 2.931511535644531e+02, 2.931502075195312e+02, 2.931498107910156e+02, 2.931499633789062e+02, 2.931496276855469e+02, 2.931495056152344e+02, 2.931500244140625e+02, 2.931502990722656e+02, 2.931499938964844e+02, 2.931500549316406e+02, 2.931503295898438e+02, 2.937408752441406e+02, 2.942464599609375e+02, 2.943033752441406e+02, 2.946781616210938e+02, 2.945867919921875e+02, 2.933482666015625e+02, 2.931488647460938e+02, 2.931497192382812e+02, 2.931507568359375e+02, 2.931503601074219e+02, 2.931499633789062e+02, 2.931497192382812e+02, 2.931499938964844e+02, 2.931490783691406e+02, 2.936112670898438e+02, 2.942809143066406e+02, 2.943400268554688e+02, 2.948092346191406e+02, 2.948081970214844e+02, 2.935960388183594e+02, 2.931498413085938e+02, 2.931507263183594e+02, 2.931504211425781e+02, 2.931497802734375e+02, 2.931498107910156e+02, 2.931501159667969e+02, 2.931499938964844e+02, 2.931499938964844e+02, 2.933022766113281e+02, 2.939311828613281e+02, 2.943663024902344e+02, 2.944876403808594e+02, 2.945348205566406e+02, 2.940933837890625e+02, 2.931520690917969e+02, 2.931500549316406e+02, 2.931487731933594e+02, 2.931500854492188e+02, 2.931500854492188e+02, 2.9314990234375e+02, 2.931499938964844e+02, 2.931500549316406e+02, 2.931479797363281e+02, 2.955135803222656e+02, 2.971602478027344e+02, 2.990721130371094e+02, 2.9908984375e+02, 2.979248352050781e+02, 2.943738403320312e+02, 2.933955078125e+02, 2.931493530273438e+02, 2.931505126953125e+02, 2.93150146484375e+02, 2.931497802734375e+02, 2.931500854492188e+02, 2.931499938964844e+02, 2.931589050292969e+02, 2.948693237304688e+02, 2.956241455078125e+02, 2.946124267578125e+02, 2.946471862792969e+02, 2.945066528320312e+02, 2.931481628417969e+02, 2.931504516601562e+02, 2.931498718261719e+02, 2.931499633789062e+02, 2.931500244140625e+02, 2.931499633789062e+02, 2.931492004394531e+02, 2.931497192382812e+02, 2.931501770019531e+02, 2.931418762207031e+02, 2.943619995117188e+02, 2.951020812988281e+02, 2.9512744140625e+02, 2.940230102539062e+02, 2.931510009765625e+02, 2.931497802734375e+02, 2.931500854492188e+02, 2.931499938964844e+02, 2.931499938964844e+02]
bui.znPerimeter_ZN_2.TAir=[2.931499938964844e+02, 2.931480712890625e+02, 2.931498718261719e+02, 2.931506042480469e+02, 2.931499633789062e+02, 2.931527709960938e+02, 2.931493530273438e+02, 2.931502075195312e+02, 2.931500244140625e+02, 2.931498718261719e+02, 2.931499938964844e+02, 2.931500244140625e+02, 2.931499938964844e+02, 2.931497497558594e+02, 2.931498413085938e+02, 2.931500244140625e+02, 2.931499938964844e+02, 2.931500549316406e+02, 2.931500244140625e+02, 2.931498413085938e+02, 2.933780212402344e+02, 2.937492065429688e+02, 2.936861267089844e+02, 2.940681762695312e+02, 2.940682373046875e+02, 2.931499938964844e+02, 2.931492309570312e+02, 2.931499633789062e+02, 2.931509399414062e+02, 2.931500244140625e+02, 2.931498718261719e+02, 2.931499938964844e+02, 2.931500854492188e+02, 2.931499328613281e+02, 2.933971252441406e+02, 2.938410034179688e+02, 2.937634582519531e+02, 2.941575927734375e+02, 2.942008056640625e+02, 2.931978149414062e+02, 2.931505737304688e+02, 2.93150390625e+02, 2.931497802734375e+02, 2.931498413085938e+02, 2.931501159667969e+02, 2.931500549316406e+02, 2.931499938964844e+02, 2.931499938964844e+02, 2.931499938964844e+02, 2.936240844726562e+02, 2.93912109375e+02, 2.94006103515625e+02, 2.940858459472656e+02, 2.937509765625e+02, 2.931504211425781e+02, 2.931495971679688e+02, 2.931499328613281e+02, 2.931501770019531e+02, 2.931499633789062e+02, 2.931499633789062e+02, 2.931500549316406e+02, 2.931499938964844e+02, 2.93150634765625e+02, 2.943253479003906e+02, 2.93986083984375e+02, 2.940837707519531e+02, 2.942685852050781e+02, 2.940645751953125e+02, 2.931483764648438e+02, 2.93150146484375e+02, 2.931501159667969e+02, 2.931498718261719e+02, 2.931500244140625e+02, 2.931500244140625e+02, 2.931499938964844e+02, 2.931499938964844e+02, 2.931584777832031e+02, 2.93864990234375e+02, 2.935892944335938e+02, 2.931497192382812e+02, 2.932048645019531e+02, 2.931499938964844e+02, 2.931505126953125e+02, 2.9314990234375e+02, 2.931499938964844e+02, 2.931500244140625e+02, 2.931499938964844e+02, 2.931499938964844e+02, 2.931493835449219e+02, 2.931499328613281e+02, 2.931500854492188e+02, 2.931478881835938e+02, 2.931488647460938e+02, 2.931500244140625e+02, 2.931499938964844e+02, 2.931499328613281e+02, 2.931500244140625e+02, 2.931499938964844e+02, 2.931499938964844e+02, 2.931499938964844e+02, 2.931499938964844e+02]
bui.znPerimeter_ZN_3.TAir=[2.931499938964844e+02, 2.931477355957031e+02, 2.931493225097656e+02, 2.931504821777344e+02, 2.931504211425781e+02, 2.931501770019531e+02, 2.931500854492188e+02, 2.931499938964844e+02, 2.931500549316406e+02, 2.931500244140625e+02, 2.931499328613281e+02, 2.931499938964844e+02, 2.931499938964844e+02, 2.931498413085938e+02, 2.931498413085938e+02, 2.931499938964844e+02, 2.931501159667969e+02, 2.931500244140625e+02, 2.931501770019531e+02, 2.931501770019531e+02, 2.933894958496094e+02, 2.937927856445312e+02, 2.937402038574219e+02, 2.941483459472656e+02, 2.941878051757812e+02, 2.931499938964844e+02, 2.931492004394531e+02, 2.931498107910156e+02, 2.931506652832031e+02, 2.931502380371094e+02, 2.931499633789062e+02, 2.931498107910156e+02, 2.931499938964844e+02, 2.931496276855469e+02, 2.934200134277344e+02, 2.938950805664062e+02, 2.938941650390625e+02, 2.943184509277344e+02, 2.943984680175781e+02, 2.933935546875e+02, 2.931498718261719e+02, 2.931506042480469e+02, 2.931503295898438e+02, 2.931498413085938e+02, 2.931498413085938e+02, 2.931500854492188e+02, 2.931499938964844e+02, 2.931499938964844e+02, 2.932276000976562e+02, 2.937334899902344e+02, 2.940804443359375e+02, 2.942075500488281e+02, 2.943180541992188e+02, 2.940115661621094e+02, 2.931518859863281e+02, 2.931500854492188e+02, 2.931488647460938e+02, 2.931499938964844e+02, 2.931500854492188e+02, 2.931499633789062e+02, 2.9314990234375e+02, 2.931500549316406e+02, 2.931604309082031e+02, 2.931511535644531e+02, 2.933550720214844e+02, 2.934671020507812e+02, 2.937091979980469e+02, 2.936852722167969e+02, 2.931489562988281e+02, 2.93149658203125e+02, 2.931501770019531e+02, 2.931500244140625e+02, 2.9314990234375e+02, 2.931500549316406e+02, 2.931499938964844e+02, 2.931499938964844e+02, 2.931511535644531e+02, 2.93151611328125e+02, 2.931498413085938e+02, 2.931503295898438e+02, 2.931500854492188e+02, 2.931498718261719e+02, 2.9314990234375e+02, 2.931500549316406e+02, 2.931499328613281e+02, 2.931500244140625e+02, 2.931499938964844e+02, 2.931499938964844e+02, 2.931494140625e+02, 2.931498413085938e+02, 2.931500854492188e+02, 2.93149658203125e+02, 2.931501159667969e+02, 2.931500244140625e+02, 2.931499938964844e+02, 2.931499938964844e+02, 2.931499633789062e+02, 2.931500244140625e+02, 2.931499938964844e+02, 2.931499938964844e+02, 2.931499938964844e+02]
bui.znPerimeter_ZN_4.TAir=[2.931499938964844e+02, 2.931476440429688e+02, 2.9314990234375e+02, 2.931505737304688e+02, 2.931499328613281e+02, 2.931502990722656e+02, 2.931500244140625e+02, 2.931499938964844e+02, 2.931499938964844e+02, 2.931498413085938e+02, 2.931500244140625e+02, 2.931500244140625e+02, 2.931499938964844e+02, 2.931498107910156e+02, 2.9314990234375e+02, 2.931498413085938e+02, 2.931500549316406e+02, 2.931500549316406e+02, 2.931499938964844e+02, 2.931498413085938e+02, 2.932240905761719e+02, 2.936028137207031e+02, 2.935786743164062e+02, 2.940322570800781e+02, 2.940423889160156e+02, 2.931502075195312e+02, 2.931492614746094e+02, 2.931499633789062e+02, 2.931508178710938e+02, 2.931500244140625e+02, 2.931498718261719e+02, 2.931499938964844e+02, 2.931500854492188e+02, 2.931499938964844e+02, 2.932112121582031e+02, 2.936635437011719e+02, 2.936705322265625e+02, 2.942124938964844e+02, 2.943765869140625e+02, 2.932356567382812e+02, 2.931505737304688e+02, 2.931504516601562e+02, 2.931497802734375e+02, 2.931498413085938e+02, 2.931500854492188e+02, 2.931500549316406e+02, 2.931499938964844e+02, 2.931499938964844e+02, 2.931499633789062e+02, 2.935070190429688e+02, 2.938468017578125e+02, 2.940230712890625e+02, 2.941650390625e+02, 2.937746276855469e+02, 2.931504211425781e+02, 2.931495971679688e+02, 2.931499328613281e+02, 2.931501770019531e+02, 2.931499633789062e+02, 2.931499633789062e+02, 2.931500854492188e+02, 2.931499938964844e+02, 2.931478881835938e+02, 2.931520385742188e+02, 2.934247131347656e+02, 2.94077880859375e+02, 2.949510498046875e+02, 2.942564697265625e+02, 2.931482849121094e+02, 2.93150146484375e+02, 2.931501159667969e+02, 2.931498718261719e+02, 2.931500244140625e+02, 2.931500244140625e+02, 2.931499938964844e+02, 2.931499938964844e+02, 2.931510314941406e+02, 2.931505432128906e+02, 2.931499938964844e+02, 2.931499938964844e+02, 2.931841735839844e+02, 2.933435668945312e+02, 2.931505737304688e+02, 2.9314990234375e+02, 2.931500244140625e+02, 2.931500244140625e+02, 2.931499938964844e+02, 2.931499938964844e+02, 2.931493835449219e+02, 2.931499328613281e+02, 2.931500854492188e+02, 2.931500854492188e+02, 2.931502990722656e+02, 2.931500244140625e+02, 2.931494445800781e+02, 2.931505126953125e+02, 2.931500244140625e+02, 2.931499938964844e+02, 2.931499938964844e+02, 2.931499938964844e+02, 2.931499938964844e+02]
bui.terUni[1].QActHea_flow=[-0e+00, 0e+00, 0e+00, 0e+00, 0e+00, 0e+00, 0e+00, 0e+00, 0e+00, 0e+00, 0e+00, 0e+00, 0e+00, 2.544089126586914e+01, 7.59224472045898e+01, 9.82075023651123e+00, 3.866557693481445e+01, 6.590335083007815e+01, 5.508260726928711e+00, 0e+00, 0e+00, 0e+00, 0e+00, 0e+00, 0e+00, 0e+00, 0e+00, 0e+00, 0e+00, 0e+00, 0e+00, 0e+00, 0e+00, 0e+00, 0e+00, 0e+00, 0e+00, 0e+00, 0e+00, 0e+00, 0e+00, 0e+00, 0e+00, 0e+00, 0e+00, 0e+00, 0e+00, 0e+00, 0e+00, 0e+00, 0e+00, 0e+00, 0e+00, 0e+00, 0e+00, 0e+00, 0e+00, 0e+00, 0e+00, 0e+00, 0e+00, 0e+00, 0e+00, 0e+00, 0e+00, 0e+00, 0e+00, 0e+00, 0e+00, 0e+00, 0e+00, 0e+00, 0e+00, 0e+00, 0e+00, 0e+00, 0e+00, 0e+00, 0e+00, 0e+00, 0e+00, 0e+00, 0e+00, 0e+00, 0e+00, 0e+00, 0e+00, 4.405292129516602e+01, 1.736266784667969e+02, 2.948533630371094e+02, 2.000796051025391e+02, 0e+00, 0e+00, 0e+00, 0e+00, 0e+00, 2.502913208007812e+02, 4.023645629882812e+02, 4.416276550292969e+02, 4.700399169921875e+02, 4.984225158691406e+02]
bui.terUni[2].QActHea_flow=[-0e+00, 4.158262023925781e+02, 6.01983642578125e+02, 7.266832275390625e+02, 8.313234252929688e+02, 3.433799133300781e+02, 0e+00, 0e+00, 0e+00, 2.273957977294922e+02, 5.580035400390625e+02, 6.926177368164062e+02, 7.519513549804688e+02, 8.04685791015625e+02, 8.795750122070312e+02, 9.012288208007812e+02, 9.3061865234375e+02, 9.343366088867188e+02, 9.056229248046875e+02, 7.959381713867188e+02, 0e+00, 0e+00, 0e+00, 0e+00, 0e+00, 0e+00, 3.476944274902344e+02, 4.998009338378906e+02, 6.476621704101558e+02, 7.449248046875e+02, 8.054830932617188e+02, 8.557555541992188e+02, 9.0718115234375e+02, 8.241156005859375e+02, 0e+00, 0e+00, 0e+00, 0e+00, 0e+00, 0e+00, 3.50794189453125e+02, 5.478785400390601e+02, 6.881101684570312e+02, 8.052296142578125e+02, 8.777510375976562e+02, 9.31539794921875e+02, 9.577730712890625e+02, 9.498609619140625e+02, 0e+00, 0e+00, 0e+00, 0e+00, 0e+00, 0e+00, 4.795559997558594e+02, 6.863817749023438e+02, 8.16045349121094e+02, 9.473410034179666e+02, 1.008752990722656e+03, 1.051043579101562e+03, 1.154429443359375e+03, 1.201070434570312e+03, 2.994300231933594e+02, 0e+00, 0e+00, 0e+00, 0e+00, 0e+00, 0e+00, 0e+00, 3.310501708984375e+02, 5.81657958984375e+02, 7.9636083984375e+02, 9.220022583007812e+02, 1.039447509765625e+03, 1.1055009765625e+03, 9.2657763671875e+02, 0e+00, 0e+00, 0e+00, 0e+00, 0e+00, 3.670690917968653e+02, 8.776195068359375e+02, 1.037989135742188e+03, 1.144768188476562e+03, 1.27071337890625e+03, 1.3312783203125e+03, 1.389173706054688e+03, 1.433796630859375e+03, 1.421519409179688e+03, 3.191342163085938e+02, 0e+00, 0e+00, 0e+00, 0e+00, 9.186251220703125e+02, 1.120104858398438e+03, 1.186359252929688e+03, 1.247201049804688e+03, 1.293645263671875e+03]
bui.terUni[3].QActHea_flow=[-0e+00, 3.556116027832031e+02, 4.980503845214844e+02, 5.797722778320312e+02, 6.555542602539062e+02, 2.768278503417969e+02, 1.4526904296875e+02, 4.144035949707031e+02, 4.86137939453125e+02, 5.63797607421875e+02, 6.38593505859375e+02, 6.804089965820312e+02, 6.986087036132812e+02, 7.149495239257812e+02, 7.513228759765625e+02, 7.488921508789062e+02, 7.609600219726562e+02, 7.54781494140625e+02, 7.27663330078125e+02, 6.419053344726562e+02, 0e+00, 0e+00, 0e+00, 0e+00, 0e+00, 8.686259460449219e+01, 3.567925720214844e+02, 4.371903076171875e+02, 5.165735473632812e+02, 5.810108032226562e+02, 6.186671752929688e+02, 6.487188720703125e+02, 6.792437744140625e+02, 6.108764038085938e+02, 0e+00, 0e+00, 0e+00, 0e+00, 0e+00, 0e+00, 3.46927978515625e+02, 4.54220672607421e+02, 5.432213745117188e+02, 6.204743041992188e+02, 6.651209716796875e+02, 7.010700073242188e+02, 7.183056030273438e+02, 7.084201049804688e+02, 6.865376472473145e+00, 0e+00, 0e+00, 0e+00, 0e+00, 0e+00, 3.919157104492188e+02, 5.295579223632812e+02, 6.163610229492178e+02, 7.054949951171862e+02, 7.5396533203125e+02, 7.864315795898438e+02, 8.670078735351562e+02, 9.053800048828125e+02, 1.297931671142578e+02, 0e+00, 0e+00, 0e+00, 0e+00, 0e+00, 3.465056152343737e+02, 5.318224487304659e+02, 6.622601318359375e+02, 7.553543090820312e+02, 8.37463134765625e+02, 8.787886962890625e+02, 9.300701904296875e+02, 9.560031127929688e+02, 7.497860107421875e+02, 0e+00, 0e+00, 7.951731109619141e+01, 0e+00, 3.642953872680661e+01, 5.898577880859339e+02, 8.2810693359375e+02, 9.131369018554688e+02, 9.721271362304688e+02, 1.057441650390625e+03, 1.09581982421875e+03, 1.135457275390625e+03, 1.165900634765625e+03, 1.149654418945312e+03, 4.650049438476562e+02, 5.419088745117188e+02, 8.523756103515625e+02, 8.616681518554688e+02, 9.092217407226562e+02, 1.061372436523438e+03, 1.11278857421875e+03, 1.1279658203125e+03, 1.146330932617188e+03, 1.15944677734375e+03]
bui.terUni[4].QActHea_flow=[-0e+00, 5.4683642578125e+02, 7.158137817382812e+02, 8.1509326171875e+02, 8.969227905273438e+02, 9.053951416015625e+02, 8.6528857421875e+02, 8.442539672851562e+02, 8.623483276367188e+02, 9.21423583984375e+02, 9.804453125e+02, 1.012760681152344e+03, 1.025223510742188e+03, 1.033216918945312e+03, 1.060215454101562e+03, 1.050703002929688e+03, 1.05649365234375e+03, 1.04669189453125e+03, 1.007868591308594e+03, 9.058233642578125e+02, 0e+00, 0e+00, 0e+00, 0e+00, 0e+00, 6.631447601318359e+01, 4.888872985839844e+02, 6.039891357421875e+02, 7.131914062499997e+02, 7.8644384765625e+02, 8.337713012695312e+02, 8.711069946289062e+02, 9.0672412109375e+02, 8.305654907226562e+02, 0e+00, 0e+00, 0e+00, 0e+00, 0e+00, 0e+00, 4.313817749023438e+02, 5.966093749999982e+02, 7.115901489257812e+02, 8.130479125976562e+02, 8.716478271484375e+02, 9.160505981445312e+02, 9.375459594726562e+02, 9.25628662109375e+02, 0e+00, 0e+00, 0e+00, 0e+00, 0e+00, 0e+00, 4.828130493164062e+02, 6.71739013671875e+02, 7.902830200195317e+02, 9.062920532226544e+02, 9.654534912109375e+02, 1.00131201171875e+03, 1.097337280273438e+03, 1.136528686523438e+03, 5.392979125976562e+02, 2.81690673828125e+01, 0e+00, 0e+00, 0e+00, 0e+00, 6.830633544921886e+02, 8.608748168945287e+02, 9.78724853515625e+02, 1.059388793945312e+03, 1.135782470703125e+03, 1.168563354492188e+03, 1.213175170898438e+03, 1.234123657226562e+03, 1.17246044921875e+03, 3.226318664550781e+02, 1.120753936767578e+02, 3.102250671386719e+02, 5.721164703369141e+01, 1.139169235229503e+02, 8.817389526367148e+02, 1.126874877929688e+03, 1.206348022460938e+03, 1.263649536132812e+03, 1.3492978515625e+03, 1.3845771484375e+03, 1.421503295898438e+03, 1.449047973632812e+03, 1.426025634765625e+03, 1.273185913085938e+03, 1.211087158203125e+03, 1.289165771484375e+03, 1.304403442382812e+03, 1.31286083984375e+03, 1.417692138671875e+03, 1.449937866210938e+03, 1.453885620117188e+03, 1.46384033203125e+03, 1.470353149414062e+03]
bui.terUni[5].QActHea_flow=[0e+00, 3.997380676269531e+02, 5.389596557617188e+02, 6.158309936523438e+02, 6.870693969726562e+02, 6.827975463867188e+02, 6.043302001953125e+02, 5.47890869140625e+02, 5.474849853515625e+02, 5.728719482421875e+02, 7.094672241210938e+02, 7.519909057617188e+02, 7.637078247070312e+02, 7.730645141601562e+02, 7.9744482421875e+02, 7.936266479492188e+02, 8.005252075195312e+02, 7.9504150390625e+02, 7.610841064453125e+02, 6.785427856445312e+02, 0e+00, 0e+00, 0e+00, 0e+00, 0e+00, 1.197729644775391e+02, 3.854164428710938e+02, 4.617250671386719e+02, 5.35162841796875e+02, 5.944380493164062e+02, 6.33110107421875e+02, 6.621756591796875e+02, 6.912108154296875e+02, 6.379811401367188e+02, 0e+00, 0e+00, 0e+00, 0e+00, 0e+00, 0e+00, 3.408360900878906e+02, 4.551719360351552e+02, 5.434949340820312e+02, 6.208489379882812e+02, 6.643966064453125e+02, 6.998536376953125e+02, 7.187501831054688e+02, 7.0965625e+02, 5.991846084594727e+01, 0e+00, 0e+00, 0e+00, 0e+00, 0e+00, 3.931761474609375e+02, 5.314080810546875e+02, 6.199713134765617e+02, 7.050581665039051e+02, 7.538924560546875e+02, 7.836981201171875e+02, 8.663223266601562e+02, 9.045855102539062e+02, 5.033719482421875e+02, 6.697161865234375e+01, 0e+00, 0e+00, 0e+00, 0e+00, 3.457760009765612e+02, 5.35205261230466e+02, 6.618110961914062e+02, 7.529639282226562e+02, 8.35864990234375e+02, 8.754130859375e+02, 9.259038696289062e+02, 9.518990478515625e+02, 9.015746459960938e+02, 2.276961517333984e+02, 6.540071105957031e+01, 2.030335388183594e+02, 0e+00, 0e+00, 6.292053833007775e+02, 8.623396606445312e+02, 9.370136108398438e+02, 9.9223486328125e+02, 1.073319580078125e+03, 1.107973388671875e+03, 1.145645385742188e+03, 1.173234497070312e+03, 1.155577026367188e+03, 1.001493225097656e+03, 8.9901953125e+02, 9.35156982421875e+02, 6.135843505859375e+02, 4.485645446777344e+02, 1.041501098632812e+03, 1.108387451171875e+03, 1.11650341796875e+03, 1.1320185546875e+03, 1.144705200195312e+03]
bui.terUni[1].QActCoo_flow=[-0e+00, -0e+00, -0e+00, -0e+00, -0e+00, -0e+00, -0e+00, 0e+00, -0e+00, -0e+00, -0e+00, -0e+00, -0e+00, 0e+00, 0e+00, -0e+00, -0e+00, 0e+00, -0e+00, -0e+00, -0e+00, -0e+00, -0e+00, -0e+00, -0e+00, -0e+00, -0e+00, -0e+00, 0e+00, -0e+00, -0e+00, -0e+00, -0e+00, -0e+00, 0e+00, -0e+00, -0e+00, -0e+00, -0e+00, -0e+00, -0e+00, 0e+00, -0e+00, -0e+00, -0e+00, -0e+00, -0e+00, -0e+00, -0e+00, -0e+00, -0e+00, -0e+00, -0e+00, -0e+00, -0e+00, -0e+00, 0e+00, 0e+00, -0e+00, -0e+00, -0e+00, -0e+00, -0e+00, -0e+00, -0e+00, -0e+00, -0e+00, -0e+00, 0e+00, 0e+00, -0e+00, -0e+00, -0e+00, -0e+00, -0e+00, -0e+00, -0e+00, -0e+00, -0e+00, -0e+00, -0e+00, 0e+00, 0e+00, -0e+00, -0e+00, -0e+00, -0e+00, -0e+00, -0e+00, -0e+00, -0e+00, -0e+00, -0e+00, -0e+00, -0e+00, -0e+00, -0e+00, -0e+00, -0e+00, -0e+00, -0e+00]
bui.terUni[2].QActCoo_flow=[-0e+00, -0e+00, -0e+00, -0e+00, -0e+00, -0e+00, -0e+00, 0e+00, -0e+00, -0e+00, -0e+00, -0e+00, -0e+00, -0e+00, 0e+00, -0e+00, -0e+00, 0e+00, -0e+00, -0e+00, -0e+00, -0e+00, -0e+00, -0e+00, -0e+00, -0e+00, -0e+00, -0e+00, 0e+00, -0e+00, -0e+00, -0e+00, -0e+00, -0e+00, 0e+00, -0e+00, -0e+00, -0e+00, -0e+00, -0e+00, -0e+00, 0e+00, -0e+00, -0e+00, -0e+00, -0e+00, -0e+00, -0e+00, -0e+00, -0e+00, -0e+00, -0e+00, -0e+00, -0e+00, -0e+00, -0e+00, 0e+00, 0e+00, -0e+00, -0e+00, -0e+00, -0e+00, -0e+00, -0e+00, -3.30553466796875e+02, -2.3038701171875e+03, -2.30586962890625e+03, -2.168690673828125e+03, 0e+00, 0e+00, -0e+00, -0e+00, -0e+00, -0e+00, -0e+00, -0e+00, -0e+00, -0e+00, -0e+00, -0e+00, -0e+00, 0e+00, 0e+00, -0e+00, -0e+00, -0e+00, -0e+00, -0e+00, -0e+00, -0e+00, -0e+00, -0e+00, -0e+00, -0e+00, -0e+00, -0e+00, -0e+00, -0e+00, -0e+00, -0e+00, -0e+00]
bui.terUni[3].QActCoo_flow=[-0e+00, -0e+00, -0e+00, -0e+00, -0e+00, -0e+00, -0e+00, 0e+00, -0e+00, -0e+00, -0e+00, -0e+00, -0e+00, -0e+00, 0e+00, -0e+00, -0e+00, 0e+00, -0e+00, -0e+00, -0e+00, -0e+00, -0e+00, -0e+00, -0e+00, -0e+00, -0e+00, -0e+00, 0e+00, -0e+00, -0e+00, -0e+00, -0e+00, -0e+00, 0e+00, -0e+00, -0e+00, -0e+00, -0e+00, -0e+00, -0e+00, 0e+00, -0e+00, -0e+00, -0e+00, -0e+00, -0e+00, -0e+00, -0e+00, -0e+00, -0e+00, -0e+00, -0e+00, -0e+00, -0e+00, -0e+00, 0e+00, 0e+00, -0e+00, -0e+00, -0e+00, -0e+00, -0e+00, -0e+00, -0e+00, -0e+00, -0e+00, -0e+00, 0e+00, 0e+00, -0e+00, -0e+00, -0e+00, -0e+00, -0e+00, -0e+00, -0e+00, -0e+00, -0e+00, -0e+00, -0e+00, 0e+00, 0e+00, -0e+00, -0e+00, -0e+00, -0e+00, -0e+00, -0e+00, -0e+00, -0e+00, -0e+00, -0e+00, -0e+00, -0e+00, -0e+00, -0e+00, -0e+00, -0e+00, -0e+00, -0e+00]
bui.terUni[4].QActCoo_flow=[-0e+00, -0e+00, -0e+00, -0e+00, -0e+00, -0e+00, -0e+00, 0e+00, -0e+00, -0e+00, -0e+00, -0e+00, -0e+00, -0e+00, 0e+00, -0e+00, -0e+00, 0e+00, -0e+00, -0e+00, -0e+00, -0e+00, -0e+00, -0e+00, -0e+00, -0e+00, -0e+00, -0e+00, 0e+00, -0e+00, -0e+00, -0e+00, -0e+00, -0e+00, 0e+00, -0e+00, -0e+00, -0e+00, -0e+00, -0e+00, -0e+00, 0e+00, -0e+00, -0e+00, -0e+00, -0e+00, -0e+00, -0e+00, -0e+00, -0e+00, -0e+00, -0e+00, -0e+00, -0e+00, -0e+00, -0e+00, 0e+00, 0e+00, -0e+00, -0e+00, -0e+00, -0e+00, -0e+00, -0e+00, -0e+00, -0e+00, -0e+00, -0e+00, 0e+00, 0e+00, -0e+00, -0e+00, -0e+00, -0e+00, -0e+00, -0e+00, -0e+00, -0e+00, -0e+00, -0e+00, -0e+00, 0e+00, 0e+00, -0e+00, -0e+00, -0e+00, -0e+00, -0e+00, -0e+00, -0e+00, -0e+00, -0e+00, -0e+00, -0e+00, -0e+00, -0e+00, -0e+00, -0e+00, -0e+00, -0e+00, -0e+00]
bui.terUni[5].QActCoo_flow=[0e+00, -0e+00, -0e+00, -0e+00, -0e+00, -0e+00, -0e+00, 0e+00, -0e+00, -0e+00, -0e+00, -0e+00, -0e+00, -0e+00, 0e+00, -0e+00, -0e+00, 0e+00, -0e+00, -0e+00, -0e+00, -0e+00, -0e+00, -0e+00, -0e+00, -0e+00, -0e+00, -0e+00, 0e+00, -0e+00, -0e+00, -0e+00, -0e+00, -0e+00, 0e+00, -0e+00, -0e+00, -0e+00, -0e+00, -0e+00, -0e+00, 0e+00, -0e+00, -0e+00, -0e+00, -0e+00, -0e+00, -0e+00, -0e+00, -0e+00, -0e+00, -0e+00, -0e+00, -0e+00, -0e+00, -0e+00, 0e+00, 0e+00, -0e+00, -0e+00, -0e+00, -0e+00, -0e+00, -0e+00, -0e+00, -0e+00, -0e+00, -0e+00, 0e+00, 0e+00, -0e+00, -0e+00, -0e+00, -0e+00, -0e+00, -0e+00, -0e+00, -0e+00, -0e+00, -0e+00, -0e+00, 0e+00, 0e+00, -0e+00, -0e+00, -0e+00, -0e+00, -0e+00, -0e+00, -0e+00, -0e+00, -0e+00, -0e+00, -0e+00, -0e+00, -0e+00, -0e+00, -0e+00, -0e+00, -0e+00, -0e+00]
supHeaWat.T_in=[3.131499938964844e+02, 3.131499938964844e+02]
bui.terUni[1].T_aHeaWat_nominal=[3.131499938964844e+02, 3.131499938964844e+02]
bui.terUni[2].T_aHeaWat_nominal=[3.131499938964844e+02, 3.131499938964844e+02]
bui.terUni[3].T_aHeaWat_nominal=[3.131499938964844e+02, 3.131499938964844e+02]
bui.terUni[4].T_aHeaWat_nominal=[3.131499938964844e+02, 3.131499938964844e+02]
bui.terUni[5].T_aHeaWat_nominal=[3.131499938964844e+02, 3.131499938964844e+02]
bui.disFloHea.mAct_flow[1].y=[0e+00, 0e+00, 0e+00, 0e+00, 0e+00, 0e+00, 0e+00, 0e+00, 0e+00, 0e+00, 0e+00, 0e+00, 0e+00, 3.048843645956367e-04, 1.099469373002647e-03, 1.245156890945509e-04, 4.717921547126025e-04, 8.95172881428153e-04, 1.03778627817519e-04, 0e+00, 0e+00, 0e+00, 0e+00, 0e+00, 0e+00, 0e+00, 0e+00, 0e+00, 0e+00, 0e+00, 0e+00, 0e+00, 0e+00, 0e+00, 0e+00, 0e+00, 0e+00, 0e+00, 0e+00, 0e+00, 0e+00, 0e+00, 0e+00, 0e+00, 0e+00, 0e+00, 0e+00, 0e+00, 0e+00, 0e+00, 0e+00, 0e+00, 0e+00, 0e+00, 0e+00, 0e+00, 0e+00, 0e+00, 0e+00, 0e+00, 0e+00, 0e+00, 0e+00, 0e+00, 0e+00, 0e+00, 0e+00, 0e+00, 0e+00, 0e+00, 0e+00, 0e+00, 0e+00, 0e+00, 0e+00, 0e+00, 0e+00, 0e+00, 0e+00, 0e+00, 0e+00, 0e+00, 0e+00, 0e+00, 0e+00, 0e+00, 0e+00, 5.446869181469083e-04, 5.110491532832384e-03, 1.010956335812807e-02, 6.287448573857546e-03, 0e+00, 0e+00, 0e+00, 0e+00, 0e+00, 8.343638852238655e-03, 1.453407667577267e-02, 1.620755717158318e-02, 1.743581891059875e-02, 1.867660880088806e-02]
bui.disFloHea.mAct_flow[2].y=[0e+00, 1.511034276336432e-02, 2.332568168640137e-02, 2.912651374936104e-02, 3.415613994002342e-02, 1.208058279007673e-02, 0e+00, 0e+00, 0e+00, 7.431488484144211e-03, 2.133578062057495e-02, 2.751953713595867e-02, 3.032677806913853e-02, 3.286033496260643e-02, 3.652063012123108e-02, 3.759350255131721e-02, 3.905810043215752e-02, 3.924335166811943e-02, 3.781173378229141e-02, 3.24387215077877e-02, 0e+00, 0e+00, 0e+00, 0e+00, 0e+00, 0e+00, 1.225806586444378e-02, 1.874487660825253e-02, 2.542425319552419e-02, 2.998973987996578e-02, 3.289633244276047e-02, 3.534544631838799e-02, 3.788502141833305e-02, 3.379863873124123e-02, 0e+00, 0e+00, 0e+00, 0e+00, 0e+00, 0e+00, 1.238545589148998e-02, 2.087864838540543e-02, 2.73042730987072e-02, 3.288048133254051e-02, 3.64236943423748e-02, 3.90951856970787e-02, 4.041048139333725e-02, 4.001272097229958e-02, 0e+00, 0e+00, 0e+00, 0e+00, 0e+00, 0e+00, 1.785703375935555e-02, 2.722037769854069e-02, 3.339942172169687e-02, 3.988220542669285e-02, 4.298661276698112e-02, 4.515065997838974e-02, 5.053377524018288e-02, 5.300474166870117e-02, 1.029453705996275e-02, 0e+00, 0e+00, 0e+00, 0e+00, 0e+00, 0e+00, 0e+00, 1.157307252287865e-02, 2.239527925848961e-02, 3.244534134864807e-02, 3.860875591635704e-02, 4.454867914319038e-02, 4.796230047941208e-02, 3.885810822248459e-02, 0e+00, 0e+00, 0e+00, 0e+00, 0e+00, 1.305447146296461e-02, 3.640637174248695e-02, 4.446806013584137e-02, 5.00100813806057e-02, 5.672382190823555e-02, 6.002103909850121e-02, 6.321258097887039e-02, 6.570564955472946e-02, 6.50193840265274e-02, 1.108269486576319e-02, 0e+00, 0e+00, 0e+00, 0e+00, 3.84383387863636e-02, 4.871603101491928e-02, 5.220475420355797e-02, 5.545413866639137e-02, 5.796510353684425e-02]
bui.disFloHea.mAct_flow[3].y=[0e+00, 1.258509047329426e-02, 1.866962015628815e-02, 2.23182700574398e-02, 2.579094842076302e-02, 9.399828501045704e-03, 3.757971571758389e-03, 1.505186595022678e-02, 1.814710162580013e-02, 2.159601822495461e-02, 2.500633336603642e-02, 2.694831229746342e-02, 2.780112065374851e-02, 2.857033163309097e-02, 3.029661625623703e-02, 3.01810298115015e-02, 3.075716830790043e-02, 3.046203777194023e-02, 2.917208522558212e-02, 2.515890821814537e-02, 0e+00, 0e+00, 0e+00, 0e+00, 0e+00, 1.367330783978105e-03, 1.263379771262407e-02, 1.60236619412899e-02, 1.94866806268692e-02, 2.237172052264214e-02, 2.408752590417862e-02, 2.547208592295647e-02, 2.689161337912083e-02, 2.373082004487514e-02, 0e+00, 0e+00, 0e+00, 0e+00, 0e+00, 0e+00, 1.222681626677513e-02, 1.675626635551449e-02, 2.066927403211594e-02, 2.416831813752651e-02, 2.623102627694607e-02, 2.791194804012775e-02, 2.872414700686932e-02, 2.825774624943733e-02, 1.104434777516872e-04, 0e+00, 0e+00, 0e+00, 0e+00, 0e+00, 1.409776322543621e-02, 2.005822025239468e-02, 2.397791109979149e-02, 2.811788581311697e-02, 3.041466511785984e-02, 3.197074681520462e-02, 3.589201346039772e-02, 3.778800740838051e-02, 3.006125567480922e-03, 0e+00, 0e+00, 0e+00, 0e+00, 0e+00, 1.220597885549063e-02, 2.015799097716796e-02, 2.60936301201582e-02, 3.047800809144974e-02, 3.444125130772591e-02, 3.646847605705261e-02, 3.901375830173492e-02, 4.031337797641754e-02, 3.022781200706959e-02, 0e+00, 0e+00, 1.181061845272779e-03, 0e+00, 4.424348007887597e-04, 2.276633679866774e-02, 3.398211300373077e-02, 3.816614672541618e-02, 4.112151637673378e-02, 4.547076672315598e-02, 4.745607450604439e-02, 4.95232418179512e-02, 5.112694948911667e-02, 5.027101561427116e-02, 1.721675880253315e-02, 2.0604457706213e-02, 3.516664728522301e-02, 3.562219440937042e-02, 3.797059133648872e-02, 4.567239060997963e-02, 4.83384020626545e-02, 4.913144931197166e-02, 5.00948466360569e-02, 5.078535526990891e-02]
bui.disFloHea.mAct_flow[4].y=[0e+00, 2.083189226686954e-02, 2.861042506992817e-02, 3.336645290255547e-02, 3.738082200288773e-02, 3.780069947242737e-02, 3.581807389855385e-02, 3.478629514575005e-02, 3.567344695329666e-02, 3.859828040003777e-02, 4.156364500522614e-02, 4.320571571588516e-02, 4.384233057498932e-02, 4.42512109875679e-02, 4.563950002193451e-02, 4.514975845813751e-02, 4.544831812381744e-02, 4.494353756308556e-02, 4.295672103762627e-02, 3.782184794545174e-02, 0e+00, 0e+00, 0e+00, 0e+00, 0e+00, 9.027977357618511e-04, 1.826517470180988e-02, 2.34160590916872e-02, 2.848636358976363e-02, 3.197778761386871e-02, 3.427086770534515e-02, 3.610019013285637e-02, 3.786247223615646e-02, 3.411389514803886e-02, 0e+00, 0e+00, 0e+00, 0e+00, 0e+00, 0e+00, 1.57733391970396e-02, 2.307883836328975e-02, 2.840771712362766e-02, 3.325954452157021e-02, 3.612330183386803e-02, 3.832264617085457e-02, 3.939565643668175e-02, 3.879987820982933e-02, 0e+00, 0e+00, 0e+00, 0e+00, 0e+00, 0e+00, 1.799926534295082e-02, 2.653681300580502e-02, 3.215409442782404e-02, 3.783323243260375e-02, 4.079342633485794e-02, 4.260813817381859e-02, 4.754553735256195e-02, 4.959326237440109e-02, 2.050509490072727e-02, 3.382911381777376e-04, 0e+00, 0e+00, 0e+00, 0e+00, 2.706145681440835e-02, 3.558646142482746e-02, 4.145943373441696e-02, 4.557621106505394e-02, 4.954785853624344e-02, 5.127428472042084e-02, 5.36440834403038e-02, 5.476521700620651e-02, 5.148369073867798e-02, 1.123218052089214e-02, 2.216862980276346e-03, 1.072895806282759e-02, 7.428166572935879e-04, 2.292414894327566e-03, 3.661071136593799e-02, 4.907612130045891e-02, 5.327313393354416e-02, 5.634745955467224e-02, 6.101709231734276e-02, 6.296715885400772e-02, 6.502277404069901e-02, 6.657080352306366e-02, 6.527851521968842e-02, 5.686124041676521e-02, 5.35256527364254e-02, 5.772789567708969e-02, 5.855664610862732e-02, 5.901776999235153e-02, 6.480972468852997e-02, 6.661950051784515e-02, 6.684185564517975e-02, 6.740373373031616e-02, 6.77720308303833e-02]
bui.disFloHea.mAct_flow[5].y=[5.434361372225671e-15, 1.442840788513422e-02, 2.048242278397083e-02, 2.396055683493614e-02, 2.725973539054394e-02, 2.706042863428593e-02, 2.343386225402355e-02, 2.088185399770737e-02, 2.086367830634117e-02, 2.200521901249886e-02, 2.83121895045042e-02, 3.03287897258997e-02, 3.088866733014584e-02, 3.133676946163177e-02, 3.251075372099876e-02, 3.232629969716072e-02, 3.265990316867828e-02, 3.239502385258675e-02, 3.076313808560371e-02, 2.686075866222382e-02, 0e+00, 0e+00, 0e+00, 0e+00, 0e+00, 2.545922994613647e-03, 1.382604893296957e-02, 1.708204671740532e-02, 2.031249925494194e-02, 2.298118732869625e-02, 2.475122734904289e-02, 2.609621733427048e-02, 2.745164558291435e-02, 2.497592940926552e-02, 0e+00, 0e+00, 0e+00, 0e+00, 0e+00, 0e+00, 1.197654381394386e-02, 1.679744757711883e-02, 2.068152651190758e-02, 2.418552897870541e-02, 2.619735710322857e-02, 2.785480208694935e-02, 2.874517627060413e-02, 2.831602096557617e-02, 7.881818455643952e-04, 0e+00, 0e+00, 0e+00, 0e+00, 0e+00, 1.415081601589918e-02, 2.014053985476494e-02, 2.414341643452641e-02, 2.809734456241125e-02, 3.041122667491436e-02, 3.183923289179802e-02, 3.585835546255112e-02, 3.774861246347427e-02, 1.889707706868649e-02, 9.151524864137173e-04, 0e+00, 0e+00, 0e+00, 0e+00, 1.217592693865294e-02, 2.030869945883739e-02, 2.607281878590584e-02, 3.036403656005859e-02, 3.436337783932686e-02, 3.630217909812927e-02, 3.880586102604866e-02, 4.010728001594543e-02, 3.759773820638657e-02, 7.440757472068071e-03, 8.854071493260562e-04, 6.415106356143951e-03, 0e+00, 0e+00, 2.456456050276739e-02, 3.565575554966927e-02, 3.935741260647774e-02, 4.213884472846985e-02, 4.629022255539894e-02, 4.808874800801277e-02, 5.005838721990585e-02, 5.15148900449276e-02, 5.058309063315392e-02, 4.260879755020142e-02, 3.746564313769341e-02, 3.926394134759903e-02, 2.384600788354874e-02, 1.650818437337875e-02, 4.465079307556152e-02, 4.810921847820282e-02, 4.853250458836555e-02, 4.934400320053101e-02, 5.000969767570496e-02]
supChiWat.T_in=[2.801499938964844e+02, 2.801499938964844e+02]
bui.terUni[1].T_aChiWat_nominal=[2.801499938964844e+02, 2.801499938964844e+02]
bui.terUni[2].T_aChiWat_nominal=[2.801499938964844e+02, 2.801499938964844e+02]
bui.terUni[3].T_aChiWat_nominal=[2.801499938964844e+02, 2.801499938964844e+02]
bui.terUni[4].T_aChiWat_nominal=[2.801499938964844e+02, 2.801499938964844e+02]
bui.terUni[5].T_aChiWat_nominal=[2.801499938964844e+02, 2.801499938964844e+02]
bui.disFloCoo.mAct_flow[1].y=[0e+00, 0e+00, 0e+00, 0e+00, 0e+00, 0e+00, 0e+00, 0e+00, 0e+00, 0e+00, 0e+00, 0e+00, 0e+00, 0e+00, 0e+00, 0e+00, 0e+00, 0e+00, 0e+00, 0e+00, 0e+00, 0e+00, 0e+00, 0e+00, 0e+00, 0e+00, 0e+00, 0e+00, 0e+00, 0e+00, 0e+00, 0e+00, 0e+00, 0e+00, 0e+00, 0e+00, 0e+00, 0e+00, 0e+00, 0e+00, 0e+00, 0e+00, 0e+00, 0e+00, 0e+00, 0e+00, 0e+00, 0e+00, 0e+00, 0e+00, 0e+00, 0e+00, 0e+00, 0e+00, 0e+00, 0e+00, 0e+00, 0e+00, 0e+00, 0e+00, 0e+00, 0e+00, 0e+00, 0e+00, 0e+00, 0e+00, 0e+00, 0e+00, 0e+00, 0e+00, 0e+00, 0e+00, 0e+00, 0e+00, 0e+00, 0e+00, 0e+00, 0e+00, 0e+00, 0e+00, 0e+00, 0e+00, 0e+00, 0e+00, 0e+00, 0e+00, 0e+00, 0e+00, 0e+00, 0e+00, 0e+00, 0e+00, 0e+00, 0e+00, 0e+00, 0e+00, 0e+00, 0e+00, 0e+00, 0e+00, 0e+00]
bui.disFloCoo.mAct_flow[2].y=[0e+00, 0e+00, 0e+00, 0e+00, 0e+00, 0e+00, 0e+00, 0e+00, 0e+00, 0e+00, 0e+00, 0e+00, 0e+00, 0e+00, 0e+00, 0e+00, 0e+00, 0e+00, 0e+00, 0e+00, 0e+00, 0e+00, 0e+00, 0e+00, 0e+00, 0e+00, 0e+00, 0e+00, 0e+00, 0e+00, 0e+00, 0e+00, 0e+00, 0e+00, 0e+00, 0e+00, 0e+00, 0e+00, 0e+00, 0e+00, 0e+00, 0e+00, 0e+00, 0e+00, 0e+00, 0e+00, 0e+00, 0e+00, 0e+00, 0e+00, 0e+00, 0e+00, 0e+00, 0e+00, 0e+00, 0e+00, 0e+00, 0e+00, 0e+00, 0e+00, 0e+00, 0e+00, 0e+00, 0e+00, 1.169946137815714e-02, 9.560229629278183e-02, 9.560229629278183e-02, 9.560229629278183e-02, 0e+00, 0e+00, 0e+00, 0e+00, 0e+00, 0e+00, 0e+00, 0e+00, 0e+00, 0e+00, 0e+00, 0e+00, 0e+00, 0e+00, 0e+00, 0e+00, 0e+00, 0e+00, 0e+00, 0e+00, 0e+00, 0e+00, 0e+00, 0e+00, 0e+00, 0e+00, 0e+00, 0e+00, 0e+00, 0e+00, 0e+00, 0e+00, 0e+00]
bui.disFloCoo.mAct_flow[3].y=[0e+00, 0e+00, 0e+00, 0e+00, 0e+00, 0e+00, 0e+00, 0e+00, 0e+00, 0e+00, 0e+00, 0e+00, 0e+00, 0e+00, 0e+00, 0e+00, 0e+00, 0e+00, 0e+00, 0e+00, 0e+00, 0e+00, 0e+00, 0e+00, 0e+00, 0e+00, 0e+00, 0e+00, 0e+00, 0e+00, 0e+00, 0e+00, 0e+00, 0e+00, 0e+00, 0e+00, 0e+00, 0e+00, 0e+00, 0e+00, 0e+00, 0e+00, 0e+00, 0e+00, 0e+00, 0e+00, 0e+00, 0e+00, 0e+00, 0e+00, 0e+00, 0e+00, 0e+00, 0e+00, 0e+00, 0e+00, 0e+00, 0e+00, 0e+00, 0e+00, 0e+00, 0e+00, 0e+00, 0e+00, 0e+00, 0e+00, 0e+00, 0e+00, 0e+00, 0e+00, 0e+00, 0e+00, 0e+00, 0e+00, 0e+00, 0e+00, 0e+00, 0e+00, 0e+00, 0e+00, 0e+00, 0e+00, 0e+00, 0e+00, 0e+00, 0e+00, 0e+00, 0e+00, 0e+00, 0e+00, 0e+00, 0e+00, 0e+00, 0e+00, 0e+00, 0e+00, 0e+00, 0e+00, 0e+00, 0e+00, 0e+00]
bui.disFloCoo.mAct_flow[4].y=[0e+00, 0e+00, 0e+00, 0e+00, 0e+00, 0e+00, 0e+00, 0e+00, 0e+00, 0e+00, 0e+00, 0e+00, 0e+00, 0e+00, 0e+00, 0e+00, 0e+00, 0e+00, 0e+00, 0e+00, 0e+00, 0e+00, 0e+00, 0e+00, 0e+00, 0e+00, 0e+00, 0e+00, 0e+00, 0e+00, 0e+00, 0e+00, 0e+00, 0e+00, 0e+00, 0e+00, 0e+00, 0e+00, 0e+00, 0e+00, 0e+00, 0e+00, 0e+00, 0e+00, 0e+00, 0e+00, 0e+00, 0e+00, 0e+00, 0e+00, 0e+00, 0e+00, 0e+00, 0e+00, 0e+00, 0e+00, 0e+00, 0e+00, 0e+00, 0e+00, 0e+00, 0e+00, 0e+00, 0e+00, 0e+00, 0e+00, 0e+00, 0e+00, 0e+00, 0e+00, 0e+00, 0e+00, 0e+00, 0e+00, 0e+00, 0e+00, 0e+00, 0e+00, 0e+00, 0e+00, 0e+00, 0e+00, 0e+00, 0e+00, 0e+00, 0e+00, 0e+00, 0e+00, 0e+00, 0e+00, 0e+00, 0e+00, 0e+00, 0e+00, 0e+00, 0e+00, 0e+00, 0e+00, 0e+00, 0e+00, 0e+00]
bui.disFloCoo.mAct_flow[5].y=[0e+00, 0e+00, 0e+00, 0e+00, 0e+00, 0e+00, 0e+00, 0e+00, 0e+00, 0e+00, 0e+00, 0e+00, 0e+00, 0e+00, 0e+00, 0e+00, 0e+00, 0e+00, 0e+00, 0e+00, 0e+00, 0e+00, 0e+00, 0e+00, 0e+00, 0e+00, 0e+00, 0e+00, 0e+00, 0e+00, 0e+00, 0e+00, 0e+00, 0e+00, 0e+00, 0e+00, 0e+00, 0e+00, 0e+00, 0e+00, 0e+00, 0e+00, 0e+00, 0e+00, 0e+00, 0e+00, 0e+00, 0e+00, 0e+00, 0e+00, 0e+00, 0e+00, 0e+00, 0e+00, 0e+00, 0e+00, 0e+00, 0e+00, 0e+00, 0e+00, 0e+00, 0e+00, 0e+00, 0e+00, 0e+00, 0e+00, 0e+00, 0e+00, 0e+00, 0e+00, 0e+00, 0e+00, 0e+00, 0e+00, 0e+00, 0e+00, 0e+00, 0e+00, 0e+00, 0e+00, 0e+00, 0e+00, 0e+00, 0e+00, 0e+00, 0e+00, 0e+00, 0e+00, 0e+00, 0e+00, 0e+00, 0e+00, 0e+00, 0e+00, 0e+00, 0e+00, 0e+00, 0e+00, 0e+00, 0e+00, 0e+00]
