last-generated=2024-01-11
statistics-simulation=
{
  "linear": " ",
  "nonlinear": "0",
  "number of continuous time states": "3",
  "numerical Jacobians": "0"
}
time=[0e+00, 5e+01]
C_in.C=[0e+00, 3.927775621414185e-01, 6.304492950439453e-01, 7.745949625968933e-01, 8.622074723243713e-01, 9.155803322792053e-01, 9.481724500656128e-01, 9.681046009063721e-01, 9.803336262702942e-01, 9.878488183021545e-01, 9.924752116203308e-01, 9.953334331512451e-01, 9.970952272415161e-01, 9.981944561004639e-01, 9.988678097724915e-01, 9.992950558662415e-01, 9.995574951171875e-01, 9.997221231460571e-01, 9.998252391815186e-01, 9.998899698257446e-01, 9.999304413795471e-01, 9.99955952167511e-01, 9.999721050262451e-01, 9.999822974205017e-01, 9.999887943267822e-01, 9.999929070472717e-01, 9.999955296516418e-01, 9.999971389770508e-01, 9.999982118606567e-01, 9.999988675117493e-01, 9.999992847442627e-01, 9.999995231628418e-01, 9.999997019767761e-01, 9.999998211860657e-01, 9.999998807907104e-01, 9.999999403953552e-01, 9.999999403953552e-01, 1e+00, 1e+00, 1e+00, 1e+00, 9.990199208259583e-01, 9.965596199035645e-01, 9.931674003601074e-01, 9.891873002052307e-01, 9.848339557647705e-01, 9.802436828613281e-01, 9.755038022994995e-01, 9.706692695617676e-01, 9.657739996910095e-01, 9.608402848243713e-01, 9.558824896812439e-01, 9.509093165397644e-01, 9.459261894226074e-01, 9.409367442131042e-01, 9.359433054924011e-01, 9.30947482585907e-01, 9.259502291679382e-01, 9.209520816802979e-01, 9.159532189369202e-01, 9.109539985656738e-01, 9.05587911605835e-01, 9.003822803497314e-01, 8.952734470367432e-01, 8.9022296667099e-01, 8.852078318595886e-01, 8.802139759063721e-01, 8.752330541610718e-01, 8.702598810195923e-01, 8.652913570404053e-01, 8.603256344795227e-01, 8.553614616394043e-01, 8.503982424736023e-01, 8.454354405403137e-01, 8.404728770256042e-01, 8.355103731155396e-01, 8.305478096008301e-01, 8.255850672721863e-01, 8.206222057342529e-01, 8.156591653823853e-01, 8.106958866119385e-01, 8.057324290275574e-01, 8.007687926292419e-01, 7.958053350448608e-01, 7.90843665599823e-01, 7.858802676200867e-01, 7.809096574783325e-01, 7.759286165237427e-01, 7.70938515663147e-01, 7.659443616867065e-01, 7.609480619430542e-01, 7.55950391292572e-01, 7.50951886177063e-01, 7.45952844619751e-01, 7.409534454345703e-01, 7.359538078308105e-01, 7.309540510177612e-01, 7.259541749954224e-01, 7.209542989730835e-01, 7.159543633460999e-01, 7.109543681144714e-01]
C_out.C=[0e+00, 1.408941857516766e-02, 3.399187326431274e-02, 5.72541318833828e-02, 8.240439742803574e-02, 1.085584610700607e-01, 1.351840198040009e-01, 1.61966010928154e-01, 1.88705787062645e-01, 2.152918130159378e-01, 2.41661012172699e-01, 2.677615284919739e-01, 2.93597012758255e-01, 3.191121816635132e-01, 3.443658649921418e-01, 3.692891299724579e-01, 3.939225673675537e-01, 4.182553589344025e-01, 4.422971308231354e-01, 4.660653173923492e-01, 4.904727339744568e-01, 5.142959952354431e-01, 5.329899191856384e-01, 5.442420840263367e-01, 5.506784319877625e-01, 5.547605156898499e-01, 5.573458671569824e-01, 5.58984637260437e-01, 5.600231885910034e-01, 5.606819987297058e-01, 5.6110018491745e-01, 5.613648891448975e-01, 5.615327954292297e-01, 5.616394281387329e-01, 5.617067813873291e-01, 5.617491602897644e-01, 5.617759227752686e-01, 5.617929697036743e-01, 5.618038773536682e-01, 5.618109703063965e-01, 5.618153810501099e-01, 5.612671971321106e-01, 5.598864555358887e-01, 5.579816102981567e-01, 5.557460784912109e-01, 5.53300678730011e-01, 5.507220029830933e-01, 5.480591654777527e-01, 5.453431606292725e-01, 5.425929427146912e-01, 5.398210883140564e-01, 5.370357036590576e-01, 5.342416763305664e-01, 5.314421057701111e-01, 5.286388993263245e-01, 5.258334875106812e-01, 5.23026704788208e-01, 5.202191472053528e-01, 5.174111127853394e-01, 5.146026015281677e-01, 5.117939710617065e-01, 3.22805255651474e-01, 2.174559980630875e-01, 1.62314236164093e-01, 1.372750103473663e-01, 1.302445083856583e-01, 1.339020729064941e-01, 1.438322365283966e-01, 1.573605835437775e-01, 1.728708148002625e-01, 1.893791258335114e-01, 2.062887102365494e-01, 2.232441306114197e-01, 2.400308549404144e-01, 2.565203011035919e-01, 2.72638738155365e-01, 2.883451581001282e-01, 3.036181032657623e-01, 3.184458911418915e-01, 3.328239917755127e-01, 3.467555344104767e-01, 3.602470457553864e-01, 3.733063936233521e-01, 3.86130154132843e-01, 3.992938101291656e-01, 4.114479124546051e-01, 4.205203652381897e-01, 4.253678023815155e-01, 4.266061782836914e-01, 4.261919856071472e-01, 4.248991310596466e-01, 4.23051655292511e-01, 4.208511710166931e-01, 4.184277951717377e-01, 4.158640801906586e-01, 4.132104218006134e-01, 4.10499095916748e-01, 4.077515304088593e-01, 4.049813151359558e-01, 4.02196854352951e-01, 3.994037210941315e-01]
fil.eps=[9.800000190734863e-01, 9.550567865371704e-01, 9.302265048027039e-01, 9.055081605911255e-01, 8.809006810188293e-01, 8.56403112411499e-01, 8.320145010948181e-01, 8.077337741851807e-01, 7.835601568222046e-01, 7.594925761222839e-01, 7.355301380157471e-01, 7.116719484329224e-01, 6.879170536994934e-01, 6.642646193504333e-01, 6.407137513160706e-01, 6.172635555267334e-01, 5.939132571220398e-01, 5.706619024276733e-01, 5.475086569786072e-01, 5.240578055381775e-01, 4.972604513168335e-01, 4.793534576892853e-01, 4.759936332702637e-01, 4.798731207847595e-01, 4.799999892711639e-01, 4.799999892711639e-01, 4.799999892711639e-01, 4.799999892711639e-01, 4.799999892711639e-01, 4.799999892711639e-01, 4.799999892711639e-01, 4.799999892711639e-01, 4.799999892711639e-01, 4.799999892711639e-01, 4.799999892711639e-01, 4.799999892711639e-01, 4.799999892711639e-01, 4.799999892711639e-01, 4.799999892711639e-01, 4.799999892711639e-01, 4.799999892711639e-01, 4.799999892711639e-01, 4.799999892711639e-01, 4.799999892711639e-01, 4.799999892711639e-01, 4.799999892711639e-01, 4.799999892711639e-01, 4.799999892711639e-01, 4.799999892711639e-01, 4.799999892711639e-01, 4.799999892711639e-01, 4.799999892711639e-01, 4.799999892711639e-01, 4.799999892711639e-01, 4.799999892711639e-01, 4.799999892711639e-01, 4.799999892711639e-01, 4.799999892711639e-01, 4.799999892711639e-01, 4.799999892711639e-01, 4.799999892711639e-01, 9.576082825660706e-01, 9.354315400123596e-01, 9.134676456451416e-01, 8.917143940925598e-01, 8.701695203781128e-01, 8.488309979438782e-01, 8.276968002319336e-01, 8.067647814750671e-01, 7.86033034324646e-01, 7.654995918273926e-01, 7.451624274253845e-01, 7.250197529792786e-01, 7.050696611404419e-01, 6.853103041648865e-01, 6.65739893913269e-01, 6.463567614555359e-01, 6.27159059047699e-01, 6.081451177597046e-01, 5.89313268661499e-01, 5.706619024276733e-01, 5.521892905235291e-01, 5.338940024375916e-01, 5.138107538223267e-01, 4.934934973716736e-01, 4.800394177436829e-01, 4.756554365158081e-01, 4.778833091259003e-01, 4.799999892711639e-01, 4.799999892711639e-01, 4.799999892711639e-01, 4.799999892711639e-01, 4.799999892711639e-01, 4.799999892711639e-01, 4.799999892711639e-01, 4.799999892711639e-01, 4.799999892711639e-01, 4.799999892711639e-01, 4.799999892711639e-01, 4.799999892711639e-01, 4.799999892711639e-01]
fil.triRep=[0e+00, 0e+00, 0e+00, 0e+00, 0e+00, 0e+00, 0e+00, 0e+00, 0e+00, 0e+00, 0e+00, 0e+00, 0e+00, 0e+00, 0e+00, 0e+00, 0e+00, 0e+00, 0e+00, 0e+00, 0e+00, 0e+00, 0e+00, 0e+00, 0e+00, 0e+00, 0e+00, 0e+00, 0e+00, 0e+00, 0e+00, 0e+00, 0e+00, 0e+00, 0e+00, 0e+00, 0e+00, 0e+00, 0e+00, 0e+00, 0e+00, 0e+00, 0e+00, 0e+00, 0e+00, 0e+00, 0e+00, 0e+00, 0e+00, 0e+00, 0e+00, 0e+00, 0e+00, 0e+00, 0e+00, 0e+00, 0e+00, 0e+00, 0e+00, 0e+00, 0e+00, 1e+00, 1e+00, 1e+00, 1e+00, 1e+00, 1e+00, 1e+00, 1e+00, 1e+00, 1e+00, 1e+00, 1e+00, 1e+00, 1e+00, 1e+00, 1e+00, 1e+00, 1e+00, 1e+00, 1e+00, 1e+00, 1e+00, 1e+00, 1e+00, 1e+00, 1e+00, 1e+00, 1e+00, 1e+00, 1e+00, 1e+00, 1e+00, 1e+00, 1e+00, 1e+00, 1e+00, 1e+00, 1e+00, 1e+00, 1e+00]
C_inflow.y=[1e+00, 1e+00, 1e+00, 1e+00, 1e+00, 1e+00, 1e+00, 1e+00, 1e+00, 1e+00, 1e+00, 1e+00, 1e+00, 1e+00, 1e+00, 1e+00, 1e+00, 1e+00, 1e+00, 1e+00, 1e+00, 1e+00, 1e+00, 1e+00, 1e+00, 1e+00, 1e+00, 1e+00, 1e+00, 1e+00, 1e+00, 1e+00, 1e+00, 1e+00, 1e+00, 1e+00, 1e+00, 1e+00, 1e+00, 1e+00, 1e+00, 9.950000047683716e-01, 9.900000095367432e-01, 9.850000143051147e-01, 9.800000190734863e-01, 9.750000238418579e-01, 9.700000286102295e-01, 9.649999737739563e-01, 9.599999785423279e-01, 9.549999833106995e-01, 9.49999988079071e-01, 9.449999928474426e-01, 9.399999976158142e-01, 9.350000023841858e-01, 9.300000071525574e-01, 9.25000011920929e-01, 9.200000166893005e-01, 9.150000214576721e-01, 9.100000262260437e-01, 9.049999713897705e-01, 8.999999761581421e-01, 8.949999809265137e-01, 8.899999856948853e-01, 8.849999904632568e-01, 8.799999952316284e-01, 8.75e-01, 8.700000047683716e-01, 8.650000095367432e-01, 8.600000143051147e-01, 8.550000190734863e-01, 8.500000238418579e-01, 8.450000286102295e-01, 8.399999737739563e-01, 8.349999785423279e-01, 8.299999833106995e-01, 8.24999988079071e-01, 8.199999928474426e-01, 8.149999976158142e-01, 8.100000023841858e-01, 8.050000071525574e-01, 8.00000011920929e-01, 7.950000166893005e-01, 7.900000214576721e-01, 7.850000262260437e-01, 7.799999713897705e-01, 7.749999761581421e-01, 7.699999809265137e-01, 7.649999856948853e-01, 7.599999904632568e-01, 7.549999952316284e-01, 7.5e-01, 7.450000047683716e-01, 7.400000095367432e-01, 7.350000143051147e-01, 7.300000190734863e-01, 7.250000238418579e-01, 7.200000286102295e-01, 7.149999737739563e-01, 7.099999785423279e-01, 7.049999833106995e-01, 6.99999988079071e-01]
