last-generated=2026-06-10
statistics-simulation=
{
  "linear": "0, 0",
  "nonlinear": "1",
  "number of continuous time states": "10",
  "numerical Jacobians": "0"
}
time=[0e+00, 6e+02]
Sou.P.real=[0e+00, 6.196787719726562e+02, 5.938825073242188e+02, 5.95853271484375e+02, 5.966781005859375e+02, 5.969839477539062e+02, 5.970968017578125e+02, 5.971380615234375e+02, 5.971528930664062e+02, 5.971583862304688e+02, 5.971604614257812e+02, 6.363070068359375e+02, 6.593935546875e+02, 6.82733642578125e+02, 7.061301879882812e+02, 7.295657348632812e+02, 7.53032470703125e+02, 7.765265502929688e+02, 8.0004541015625e+02, 8.235879516601562e+02, 8.471529541015625e+02, 8.33498046875e+02, 8.338296508789062e+02, 8.33901123046875e+02, 8.33927490234375e+02, 8.339370727539062e+02, 8.339406127929688e+02, 8.339419555664062e+02, 8.339424438476562e+02, 8.33942626953125e+02, 8.339427490234375e+02, 8.339427490234375e+02, 8.339426879882812e+02, 8.339426879882812e+02, 8.339426879882812e+02, 8.339426879882812e+02, 8.339426879882812e+02, 8.339426879882812e+02, 8.339426879882812e+02, 8.339426879882812e+02, 8.339426879882812e+02, 8.339426879882812e+02, 8.339426879882812e+02, 8.339426879882812e+02, 8.339426879882812e+02, 8.339426879882812e+02, 8.339426879882812e+02, 8.339426879882812e+02, 8.339426879882812e+02, 8.339426879882812e+02, 8.339426879882812e+02, 1.124994873046875e+03, 1.156689208984375e+03, 1.15781298828125e+03, 1.158231323242188e+03, 1.158382934570312e+03, 1.158437866210938e+03, 1.158457885742188e+03, 1.158465087890625e+03, 1.158467529296875e+03, 1.158468505859375e+03, 1.158468994140625e+03, 1.158469116210938e+03, 1.15846923828125e+03, 1.15846923828125e+03, 1.15846923828125e+03, 1.15846923828125e+03, 1.15846923828125e+03, 1.15846923828125e+03, 1.15846923828125e+03, 1.158469116210938e+03, 1.158469116210938e+03, 1.158469116210938e+03, 1.158469116210938e+03, 1.158469116210938e+03, 1.158469116210938e+03, 0e+00, 0e+00, 0e+00, 0e+00, 0e+00, 0e+00, 0e+00, 0e+00, 0e+00, 0e+00, 0e+00, 0e+00, 0e+00, 0e+00, 0e+00, 0e+00, 0e+00, 0e+00, 0e+00, 0e+00, 0e+00, 0e+00, 0e+00, 0e+00, 0e+00]
Sou.P.apparent=[0e+00, 1.347516235351562e+03, 1.360450073242188e+03, 1.375216674804688e+03, 1.380614135742188e+03, 1.382583251953125e+03, 1.383302124023438e+03, 1.383564208984375e+03, 1.383659423828125e+03, 1.383694091796875e+03, 1.38370703125e+03, 1.418511108398438e+03, 1.445694702148438e+03, 1.473021240234375e+03, 1.500168334960938e+03, 1.527067993164062e+03, 1.553712280273438e+03, 1.580112915039062e+03, 1.606286743164062e+03, 1.632251831054688e+03, 1.65802490234375e+03, 1.651263427734375e+03, 1.651897338867188e+03, 1.652097534179688e+03, 1.652170532226562e+03, 1.652197143554688e+03, 1.652206909179688e+03, 1.652210571289062e+03, 1.6522119140625e+03, 1.652212524414062e+03, 1.652212768554688e+03, 1.652212768554688e+03, 1.652212768554688e+03, 1.652212768554688e+03, 1.652212646484375e+03, 1.652212646484375e+03, 1.652212646484375e+03, 1.652212646484375e+03, 1.652212646484375e+03, 1.652212646484375e+03, 1.652212646484375e+03, 1.652212646484375e+03, 1.652212646484375e+03, 1.652212646484375e+03, 1.652212646484375e+03, 1.652212646484375e+03, 1.652212646484375e+03, 1.652212646484375e+03, 1.652212646484375e+03, 1.652212646484375e+03, 1.652212646484375e+03, 1.960311767578125e+03, 1.98673291015625e+03, 1.988787841796875e+03, 1.989544677734375e+03, 1.989818725585938e+03, 1.98991748046875e+03, 1.98995361328125e+03, 1.989966796875e+03, 1.98997119140625e+03, 1.989972900390625e+03, 1.989973754882812e+03, 1.98997412109375e+03, 1.989974243164062e+03, 1.989974243164062e+03, 1.989974243164062e+03, 1.989974243164062e+03, 1.989974243164062e+03, 1.98997412109375e+03, 1.98997412109375e+03, 1.98997412109375e+03, 1.98997412109375e+03, 1.98997412109375e+03, 1.98997412109375e+03, 1.98997412109375e+03, 1.98997412109375e+03, 0e+00, 0e+00, 0e+00, 0e+00, 0e+00, 0e+00, 0e+00, 0e+00, 0e+00, 0e+00, 0e+00, 0e+00, 0e+00, 0e+00, 0e+00, 0e+00, 0e+00, 0e+00, 0e+00, 0e+00, 0e+00, 0e+00, 0e+00, 0e+00, 0e+00]
TSet.y=[2.801499938964844e+02, 2.801499938964844e+02, 2.801499938964844e+02, 2.801499938964844e+02, 2.801499938964844e+02, 2.801499938964844e+02, 2.801499938964844e+02, 2.801499938964844e+02, 2.801499938964844e+02, 2.801499938964844e+02, 2.801499938964844e+02, 2.801499938964844e+02, 2.801499938964844e+02, 2.801499938964844e+02, 2.801499938964844e+02, 2.801499938964844e+02, 2.801499938964844e+02, 2.801499938964844e+02, 2.801499938964844e+02, 2.801499938964844e+02, 2.801499938964844e+02, 2.801499938964844e+02, 2.801499938964844e+02, 2.801499938964844e+02, 2.801499938964844e+02, 2.801499938964844e+02, 2.801499938964844e+02, 2.801499938964844e+02, 2.801499938964844e+02, 2.801499938964844e+02, 2.801499938964844e+02, 2.801499938964844e+02, 2.801499938964844e+02, 2.801499938964844e+02, 2.801499938964844e+02, 2.801499938964844e+02, 2.801499938964844e+02, 2.801499938964844e+02, 2.801499938964844e+02, 2.801499938964844e+02, 2.801499938964844e+02, 2.801499938964844e+02, 2.801499938964844e+02, 2.801499938964844e+02, 2.801499938964844e+02, 2.801499938964844e+02, 2.801499938964844e+02, 2.801499938964844e+02, 2.801499938964844e+02, 2.801499938964844e+02, 2.801499938964844e+02, 2.781499938964844e+02, 2.781499938964844e+02, 2.781499938964844e+02, 2.781499938964844e+02, 2.781499938964844e+02, 2.781499938964844e+02, 2.781499938964844e+02, 2.781499938964844e+02, 2.781499938964844e+02, 2.781499938964844e+02, 2.781499938964844e+02, 2.781499938964844e+02, 2.781499938964844e+02, 2.781499938964844e+02, 2.781499938964844e+02, 2.781499938964844e+02, 2.781499938964844e+02, 2.781499938964844e+02, 2.781499938964844e+02, 2.781499938964844e+02, 2.781499938964844e+02, 2.781499938964844e+02, 2.781499938964844e+02, 2.781499938964844e+02, 2.781499938964844e+02, 2.781499938964844e+02, 2.781499938964844e+02, 2.781499938964844e+02, 2.781499938964844e+02, 2.781499938964844e+02, 2.781499938964844e+02, 2.781499938964844e+02, 2.781499938964844e+02, 2.781499938964844e+02, 2.781499938964844e+02, 2.781499938964844e+02, 2.781499938964844e+02, 2.781499938964844e+02, 2.781499938964844e+02, 2.781499938964844e+02, 2.781499938964844e+02, 2.781499938964844e+02, 2.781499938964844e+02, 2.781499938964844e+02, 2.781499938964844e+02, 2.781499938964844e+02, 2.781499938964844e+02, 2.781499938964844e+02, 2.781499938964844e+02, 2.781499938964844e+02]
senTem.T=[2.801499938964844e+02, 2.811659545898438e+02, 2.805061950683594e+02, 2.80280029296875e+02, 2.801974182128906e+02, 2.801672973632812e+02, 2.801563110351562e+02, 2.801523132324219e+02, 2.801508483886719e+02, 2.801502990722656e+02, 2.801501159667969e+02, 2.80183837890625e+02, 2.801924743652344e+02, 2.801947937011719e+02, 2.801948547363281e+02, 2.801941223144531e+02, 2.801931762695312e+02, 2.801921997070312e+02, 2.801912231445312e+02, 2.801902770996094e+02, 2.801893920898438e+02, 2.801622314453125e+02, 2.801544799804688e+02, 2.801516418457031e+02, 2.801506042480469e+02, 2.801502075195312e+02, 2.801500854492188e+02, 2.801500244140625e+02, 2.801500244140625e+02, 2.801499938964844e+02, 2.801499938964844e+02, 2.801499938964844e+02, 2.801499938964844e+02, 2.801499938964844e+02, 2.801499938964844e+02, 2.801499938964844e+02, 2.801499938964844e+02, 2.801499938964844e+02, 2.801499938964844e+02, 2.801499938964844e+02, 2.801499938964844e+02, 2.801499938964844e+02, 2.801499938964844e+02, 2.801499938964844e+02, 2.801499938964844e+02, 2.801499938964844e+02, 2.801499938964844e+02, 2.801499938964844e+02, 2.801499938964844e+02, 2.801499938964844e+02, 2.801499938964844e+02, 2.782538452148438e+02, 2.781931457519531e+02, 2.781655883789062e+02, 2.781556396484375e+02, 2.781520385742188e+02, 2.781507568359375e+02, 2.781502685546875e+02, 2.781500854492188e+02, 2.781500244140625e+02, 2.781500244140625e+02, 2.781499938964844e+02, 2.781499938964844e+02, 2.781499938964844e+02, 2.781499938964844e+02, 2.781499938964844e+02, 2.781499938964844e+02, 2.781499938964844e+02, 2.781499938964844e+02, 2.781499938964844e+02, 2.781499938964844e+02, 2.781499938964844e+02, 2.781499938964844e+02, 2.781499938964844e+02, 2.781499938964844e+02, 2.781499938964844e+02, 2.881056823730469e+02, 2.8814990234375e+02, 2.881499938964844e+02, 2.881499938964844e+02, 2.881499938964844e+02, 2.881499938964844e+02, 2.881499938964844e+02, 2.881499938964844e+02, 2.881499938964844e+02, 2.881499938964844e+02, 2.881499938964844e+02, 2.881499938964844e+02, 2.881499938964844e+02, 2.881499938964844e+02, 2.881499938964844e+02, 2.881499938964844e+02, 2.881499938964844e+02, 2.881499938964844e+02, 2.881499938964844e+02, 2.881499938964844e+02, 2.881499938964844e+02, 2.881499938964844e+02, 2.881499938964844e+02, 2.881499938964844e+02, 2.881499938964844e+02]
chi.on=[1e+00, 1e+00, 1e+00, 1e+00, 1e+00, 1e+00, 1e+00, 1e+00, 1e+00, 1e+00, 1e+00, 1e+00, 1e+00, 1e+00, 1e+00, 1e+00, 1e+00, 1e+00, 1e+00, 1e+00, 1e+00, 1e+00, 1e+00, 1e+00, 1e+00, 1e+00, 1e+00, 1e+00, 1e+00, 1e+00, 1e+00, 1e+00, 1e+00, 1e+00, 1e+00, 1e+00, 1e+00, 1e+00, 1e+00, 1e+00, 1e+00, 1e+00, 1e+00, 1e+00, 1e+00, 1e+00, 1e+00, 1e+00, 1e+00, 1e+00, 1e+00, 1e+00, 1e+00, 1e+00, 1e+00, 1e+00, 1e+00, 1e+00, 1e+00, 1e+00, 1e+00, 1e+00, 1e+00, 1e+00, 1e+00, 1e+00, 1e+00, 1e+00, 1e+00, 1e+00, 1e+00, 1e+00, 1e+00, 1e+00, 1e+00, 1e+00, 0e+00, 0e+00, 0e+00, 0e+00, 0e+00, 0e+00, 0e+00, 0e+00, 0e+00, 0e+00, 0e+00, 0e+00, 0e+00, 0e+00, 0e+00, 0e+00, 0e+00, 0e+00, 0e+00, 0e+00, 0e+00, 0e+00, 0e+00, 0e+00, 0e+00]
chi.P=[0e+00, 7.870958862304688e+02, 8.749599609375e+02, 9.148762817382812e+02, 9.296087646484375e+02, 9.350143432617188e+02, 9.369910278320312e+02, 9.37712158203125e+02, 9.379746704101562e+02, 9.380699462890625e+02, 9.381055297851562e+02, 9.7510302734375e+02, 1.018329406738281e+03, 1.062692504882812e+03, 1.107484375e+03, 1.152431518554688e+03, 1.197433959960938e+03, 1.242455078125e+03, 1.2874814453125e+03, 1.332507934570312e+03, 1.377532592773438e+03, 1.385578857421875e+03, 1.387371459960938e+03, 1.388028686523438e+03, 1.38826806640625e+03, 1.388354736328125e+03, 1.388386962890625e+03, 1.388399169921875e+03, 1.388403442382812e+03, 1.3884052734375e+03, 1.388406005859375e+03, 1.388406005859375e+03, 1.388405883789062e+03, 1.388405883789062e+03, 1.388405883789062e+03, 1.388405883789062e+03, 1.388405883789062e+03, 1.388405883789062e+03, 1.388405883789062e+03, 1.388405883789062e+03, 1.388405883789062e+03, 1.388405883789062e+03, 1.388405883789062e+03, 1.388405883789062e+03, 1.388405883789062e+03, 1.388405883789062e+03, 1.388405883789062e+03, 1.388405883789062e+03, 1.388405883789062e+03, 1.388405883789062e+03, 1.388405883789062e+03, 1.966307983398438e+03, 1.989091918945312e+03, 1.996680786132812e+03, 1.999451171875e+03, 2.000453979492188e+03, 2.000814697265625e+03, 2.000946899414062e+03, 2.000995239257812e+03, 2.001011108398438e+03, 2.001017578125e+03, 2.001020629882812e+03, 2.001021850585938e+03, 2.001022094726562e+03, 2.001022338867188e+03, 2.001022338867188e+03, 2.001022216796875e+03, 2.001022216796875e+03, 2.001022094726562e+03, 2.00102197265625e+03, 2.00102197265625e+03, 2.00102197265625e+03, 2.00102197265625e+03, 2.00102197265625e+03, 2.001021850585938e+03, 2.001021850585938e+03, 3.047592872462701e-05, 4.662249861349388e-13, 9.473284349676416e-21, -3.686892433458039e-26, -1.048947399860221e-30, 1.76598396621472e-27, 7.374790202346698e-29, -3.25794191345089e-29, -3.150318721302033e-28, -3.039858467351427e-34, 5.651969032079918e-32, 7.64112102994781e-33, 1.290105509204941e-33, 8.946977790372067e-36, 1.713896448739227e-36, 7.411375204219189e-37, 2.305814650686566e-37, 3.321529979853793e-38, 1.100860073573576e-40, 5.125389263114451e-41, 1.832618131643996e-41, 3.784907152141331e-42, 1.107025786816605e-43, -2.129973665773722e-43, -4.706961541667061e-42]
