last-generated=2020-05-01
statistics-simulation=
{
  "linear": " ",
  "nonlinear": "1",
  "numerical Jacobians": "0"
}
time=[0e+00, 8.64e+04]
pumCon.y=[0e+00, 0e+00, 0e+00, 0e+00, 0e+00, 0e+00, 0e+00, 0e+00, 0e+00, 0e+00, 0e+00, 0e+00, 0e+00, 0e+00, 0e+00, 0e+00, 0e+00, 0e+00, 0e+00, 0e+00, 0e+00, 0e+00, 0e+00, 0e+00, 0e+00, 0e+00, 0e+00, 0e+00, 0e+00, 0e+00, 0e+00, 0e+00, 1e+00, 1e+00, 1e+00, 1e+00, 1e+00, 1e+00, 1e+00, 1e+00, 1e+00, 1e+00, 1e+00, 1e+00, 1e+00, 1e+00, 1e+00, 1e+00, 1e+00, 1e+00, 1e+00, 1e+00, 1e+00, 1e+00, 1e+00, 1e+00, 1e+00, 1e+00, 1e+00, 1e+00, 1e+00, 1e+00, 1e+00, 1e+00, 1e+00, 1e+00, 1e+00, 1e+00, 0e+00, 0e+00, 0e+00, 0e+00, 0e+00, 0e+00, 0e+00, 0e+00, 0e+00, 0e+00, 0e+00, 0e+00, 0e+00, 0e+00, 0e+00, 0e+00, 0e+00, 0e+00, 0e+00, 0e+00, 0e+00, 0e+00, 0e+00, 0e+00, 0e+00, 0e+00, 0e+00, 0e+00, 0e+00, 0e+00, 0e+00, 0e+00, 0e+00]
pumCon.criSol.G_TC=[1.596955413818359e+02, 2.099989624023438e+02, 2.458382415771484e+02, 2.569082336425781e+02, 2.400258636474609e+02, 2.000455017089844e+02, 1.484629821777344e+02, 1.001102447509765e+02, 6.889054870605469e+01, 6.389064407348633e+01, 8.685202026367188e+01, 1.311612091064453e+02, 1.841015319824219e+02, 2.305097351074219e+02, 2.572814636230469e+02, 2.569923706054688e+02, 2.300003967285156e+02, 1.844610137939452e+02, 1.34590576171875e+02, 9.474999237060547e+01, 7.615896606445312e+01, 8.381626892089844e+01, 1.164890060424805e+02, 1.655051422119141e+02, 2.167706604003906e+02, 2.555447998046875e+02, 2.694770812988281e+02, 2.539299926757812e+02, 2.139737701416014e+02, 1.616643218994141e+02, 1.124028396606445e+02, 7.956272888183594e+01, 7.215794372558594e+01, 9.19649658203125e+01, 1.324295043945314e+02, 1.809746856689451e+02, 2.241942291259766e+02, 2.500164794921875e+02, 2.511535797119141e+02, 2.254862976074219e+02, 1.796263580322266e+02, 1.263628921508789e+02, 8.068441772460938e+01, 5.546313095092773e+01, 5.768468475341797e+01, 8.646295928955078e+01, 1.332818603515625e+02, 1.845057373046875e+02, 2.252562255859375e+02, 2.436345367431641e+02, 2.341708221435547e+02, 1.993727722167969e+02, 1.490326232910156e+02, 9.743972778320312e+01, 5.924748611450195e+01, 4.531318283081058e+01, 5.948693466186548e+01, 9.740553283691368e+01, 1.478624877929688e+02, 1.953470306396484e+02, 2.244357299804688e+02, 2.273369293212891e+02, 2.038259735107422e+02, 1.610935668945312e+02, 1.090689392089844e+02, 6.22216796875e+01, 3.402215194702148e+01, 3.282658004760742e+01, 6.160112380981482e+01, 1.118452301025386e+02, 1.682140808105464e+02, 2.135063781738281e+02, 2.364483947753906e+02, 2.318612365722656e+02, 2.010638732910156e+02, 1.529117126464844e+02, 1.016036911010742e+02, 6.207855224609375e+01, 4.552482604980469e+01, 5.653557968139648e+01, 9.200267791748047e+01, 1.421628265380859e+02, 1.926044464111328e+02, 2.288236541748047e+02, 2.409739227294922e+02, 2.269347534179688e+02, 1.902117309570312e+02, 1.408300628662109e+02, 9.251384735107422e+01, 6.025239181518555e+01, 5.376228713989258e+01, 7.50667724609375e+01, 1.183004455566406e+02, 1.717860107421875e+02, 2.200693817138672e+02, 2.49156005859375e+02, 2.506439514160156e+02, 2.250204925537109e+02, 1.802993316650391e+02, 1.294528656005859e+02, 8.710094451904297e+01]
pumCon.weaBus.HDirNor=[0e+00, 0e+00, 0e+00, 0e+00, 0e+00, 0e+00, 0e+00, 0e+00, 0e+00, 0e+00, 0e+00, 0e+00, 0e+00, 0e+00, 0e+00, 0e+00, 0e+00, 0e+00, 0e+00, 0e+00, 0e+00, 0e+00, 0e+00, 0e+00, 0e+00, 0e+00, 0e+00, 0e+00, 4.093215465545694e+00, 1.688136863708496e+01, 3.674445343017578e+01, 6.202671813964844e+01, 1.117035369873047e+02, 2.161752014160156e+02, 3.404522094726568e+02, 4.468776855468746e+02, 5.107742004394531e+02, 5.648666381835938e+02, 6.099514770507812e+02, 6.411515502929688e+02, 6.553924560546875e+02, 6.646732177734375e+02, 6.717219848632812e+02, 6.7597802734375e+02, 6.75663330078125e+02, 6.490131225585938e+02, 6.039149780273438e+02, 5.612193603515625e+02, 5.416304931640625e+02, 5.3767236328125e+02, 5.346724243164062e+02, 5.327449951171875e+02, 5.320045166015625e+02, 5.326146850585938e+02, 5.345767211914062e+02, 5.377105102539062e+02, 5.41835205078125e+02, 5.53952453613281e+02, 5.839027099609375e+02, 6.176929931640625e+02, 6.403783569335938e+02, 6.37224365234375e+02, 6.045059204101562e+02, 5.5132666015625e+02, 4.873963623046875e+02, 4.14482177734375e+02, 2.884550476074219e+02, 1.433597412109375e+02, 3.120742988586367e+01, 0e+00, 0e+00, 0e+00, 0e+00, 0e+00, 0e+00, 0e+00, 0e+00, 0e+00, 0e+00, 0e+00, 0e+00, 0e+00, 0e+00, 0e+00, 0e+00, 0e+00, 0e+00, 0e+00, 0e+00, 0e+00, 0e+00, 0e+00, 0e+00, 0e+00, 0e+00, 0e+00, 0e+00, 0e+00, 0e+00, 0e+00, 0e+00]
