last-generated=2017-08-29
statistics-initialization=
{
  "numerical Jacobians": "1", 
  "nonlinear": "1, 1, 1, 1, 2, 5, 4, 1, 1"
}
statistics-simulation=
{
  "numerical Jacobians": "1", 
  "nonlinear": "1, 1, 0, 2, 1, 5", 
  "number of continuous time states": "55", 
  "linear": "0, 2"
}
cooModCon.cooMod=[0., 1., 1., 1., 1., 1., 1., 1., 1., 1., 1., 1., 1., 1., 1., 1., 1., 1., 1., 1., 1., 1., 1., 1., 1., 1., 1., 1., 1., 1., 1., 1., 1., 1., 1., 1., 1., 1., 1., 1., 1., 1., 1., 1., 1., 1., 1., 1., 1., 1., 1., 1., 1., 1., 1., 1., 1., 1., 1., 1., 1., 1., 1., 1., 1., 1., 1., 1., 1., 1., 1., 1., 1., 1., 1., 1., 1., 1., 1., 1., 2., 2., 2., 2., 2., 2., 2., 2., 2., 2., 2., 2., 2., 2., 2., 2., 2., 2., 2., 2., 2.]
time=[3801600., 3974400.]
chiOn[1].u=[0., 1., 1., 1., 1., 1., 1., 1., 1., 1., 1., 1., 1., 1., 1., 1., 1., 1., 1., 1., 1., 1., 1., 1., 1., 1., 1., 1., 1., 1., 1., 1., 1., 1., 1., 1., 1., 1., 1., 1., 1., 1., 1., 1., 1., 1., 1., 1., 1., 1., 1., 1., 1., 1., 1., 1., 1., 1., 1., 1., 1., 1., 1., 1., 1., 1., 1., 1., 1., 1., 1., 1., 1., 1., 1., 1., 1., 1., 1., 1., 1., 1., 1., 1., 1., 1., 1., 1., 1., 1., 1., 1., 1., 1., 1., 1., 1., 1., 1., 1., 1.]
wseOn.y=[1., 1., 1., 1., 1., 1., 1., 1., 1., 1., 1., 1., 1., 1., 1., 1., 1., 1., 1., 1., 1., 1., 1., 1., 1., 1., 1., 1., 1., 1., 1., 1., 1., 1., 1., 1., 1., 1., 1., 1., 1., 1., 1., 1., 1., 1., 1., 1., 1., 1., 1., 1., 1., 1., 1., 1., 1., 1., 1., 1., 1., 1., 1., 1., 1., 1., 1., 1., 1., 1., 1., 1., 1., 1., 1., 1., 1., 1., 1., 1., 0., 0., 0., 0., 0., 0., 0., 0., 0., 0., 0., 0., 0., 0., 0., 0., 0., 0., 0., 0., 0.]
chiOn[2].u=[0., 0., 0., 0., 0., 0., 0., 0., 0., 0., 0., 0., 0., 0., 0., 0., 0., 0., 0., 0., 0., 0., 0., 0., 0., 0., 0., 0., 0., 0., 0., 0., 0., 0., 0., 0., 0., 0., 0., 0., 0., 0., 0., 0., 0., 0., 0., 0., 0., 0., 0., 0., 0., 0., 0., 0., 0., 0., 0., 0., 0., 0., 0., 0., 0., 0., 0., 0., 0., 0., 0., 0., 0., 0., 0., 0., 0., 0., 0., 0., 0., 0., 0., 0., 0., 0., 0., 0., 0., 0., 0., 0., 0., 0., 0., 0., 0., 0., 0., 0., 0.]
CWST.T=[293.149993896484375, 286.7607421875, 285.269561767578125, 285.021942138671875, 284.74285888671875, 284.48046875, 284.225372314453125, 283.9241943359375, 283.643768310546875, 283.604522705078125, 283.594573974609375, 283.583953857421875, 283.57269287109375, 283.560760498046875, 283.548187255859375, 283.618988037109375, 284.33154296875, 285.126373291015625, 285.842071533203125, 286.534942626953125, 287.214202880859375, 287.665496826171875, 287.91217041015625, 288.087371826171875, 288.183990478515625, 288.193603515625, 288.25018310546875, 287.969696044921875, 287.839263916015625, 288.38372802734375, 288.545074462890625, 288.6492919921875, 288.8662109375, 289.027801513671875, 288.550323486328125, 288.18927001953125, 287.766876220703125, 287.322174072265625, 286.877777099609375, 286.445831298828125, 286.192413330078125, 286.119232177734375, 285.976348876953125, 285.7540283203125, 285.49566650390625, 285.22509765625, 284.962158203125, 284.74603271484375, 284.571136474609375, 284.411651611328125, 284.249298095703125, 284.028717041015625, 283.83526611328125, 283.73468017578125, 283.6131591796875, 283.50067138671875, 283.38909912109375, 283.275177001953125, 283.162811279296875, 283.152008056640625, 283.368408203125, 283.5137939453125, 283.628692626953125, 283.733123779296875, 283.837493896484375, 284.191375732421875, 284.762420654296875, 285.3291015625, 285.867340087890625, 286.429412841796875, 286.9927978515625, 287.479705810546875, 287.822906494140625, 288.134246826171875, 288.45306396484375, 288.73870849609375, 289.002410888671875, 289.22821044921875, 289.420806884765625, 289.632415771484375, 293.150146484375, 293.150146484375, 293.150177001953125, 293.150054931640625, 293.14984130859375, 293.149810791015625, 293.14984130859375, 293.14984130859375, 293.149871826171875, 293.149871826171875, 293.14990234375, 293.149932861328125, 293.149932861328125, 293.149932861328125, 293.149932861328125, 293.149932861328125, 293.14996337890625, 293.14996337890625, 293.14996337890625, 293.149932861328125, 293.14996337890625]
CWRT.T=[293.149993896484375, 289.736053466796875, 287.122955322265625, 286.872344970703125, 286.5888671875, 286.322021484375, 286.063873291015625, 285.76019287109375, 285.472686767578125, 285.430267333984375, 285.420166015625, 285.409393310546875, 285.39794921875, 285.3858642578125, 285.37310791015625, 285.438751220703125, 286.1541748046875, 286.964111328125, 287.6915283203125, 288.3961181640625, 289.08795166015625, 289.552520751953125, 289.804595947265625, 289.984100341796875, 290.083709716796875, 290.094970703125, 290.151519775390625, 289.8775634765625, 289.726165771484375, 290.281982421875, 290.45013427734375, 290.556732177734375, 290.77325439453125, 290.946258544921875, 290.464385986328125, 290.0958251953125, 289.66748046875, 289.215057373046875, 288.76336669921875, 288.32281494140625, 288.061187744140625, 287.985870361328125, 287.842681884765625, 287.617401123046875, 287.355255126953125, 287.080413818359375, 286.81280517578125, 286.5924072265625, 286.414306640625, 286.252227783203125, 286.087493896484375, 285.86468505859375, 285.666229248046875, 285.564117431640625, 285.440765380859375, 285.32647705078125, 285.213226318359375, 285.09765625, 284.9833984375, 284.968475341796875, 285.186859130859375, 285.33612060546875, 285.452789306640625, 285.559478759765625, 285.663726806640625, 286.01788330078125, 286.596282958984375, 287.1729736328125, 287.7198486328125, 288.290679931640625, 288.864105224609375, 289.361297607421875, 289.71240234375, 290.02838134765625, 290.3536376953125, 290.6446533203125, 290.913665771484375, 291.14404296875, 291.340667724609375, 291.554962158203125, 297.0863037109375, 297.086334228515625, 297.086334228515625, 297.086212158203125, 297.08599853515625, 297.0859375, 297.08599853515625, 297.08599853515625, 297.086029052734375, 297.086029052734375, 297.0860595703125, 297.086090087890625, 297.086090087890625, 297.086090087890625, 297.086090087890625, 297.086090087890625, 297.08612060546875, 297.08612060546875, 297.08612060546875, 297.086090087890625, 297.08612060546875]
CWSTSet.y=[293.149993896484375, 293.149993896484375]
CHWRT.T=[293.149993896484375, 290.35595703125, 290.758636474609375, 290.758544921875, 290.758453369140625, 290.75836181640625, 290.758453369140625, 290.757415771484375, 290.757415771484375, 290.757415771484375, 290.757415771484375, 290.757415771484375, 290.757415771484375, 290.757415771484375, 290.757415771484375, 290.757415771484375, 290.757415771484375, 290.757415771484375, 290.757415771484375, 290.757415771484375, 290.757415771484375, 290.757415771484375, 290.757415771484375, 290.757415771484375, 290.757415771484375, 290.757415771484375, 290.757415771484375, 290.757415771484375, 290.757415771484375, 290.757415771484375, 290.757415771484375, 290.757415771484375, 290.757415771484375, 290.757415771484375, 290.757415771484375, 290.757415771484375, 290.757415771484375, 290.757415771484375, 290.757415771484375, 290.757415771484375, 290.757415771484375, 290.757415771484375, 290.757415771484375, 290.757415771484375, 290.757415771484375, 290.757415771484375, 290.757415771484375, 290.757415771484375, 290.757415771484375, 290.757415771484375, 290.757415771484375, 290.757415771484375, 290.757415771484375, 290.757415771484375, 290.757415771484375, 290.757415771484375, 290.757415771484375, 290.757415771484375, 290.757415771484375, 290.757415771484375, 290.757415771484375, 290.757415771484375, 290.757415771484375, 290.757415771484375, 290.757415771484375, 290.757415771484375, 290.757415771484375, 290.757415771484375, 290.757415771484375, 290.757415771484375, 290.757415771484375, 290.757415771484375, 290.757415771484375, 290.757415771484375, 290.757415771484375, 290.757415771484375, 290.757415771484375, 290.757415771484375, 290.757415771484375, 290.757415771484375, 290.757415771484375, 290.757415771484375, 290.757415771484375, 290.757415771484375, 290.757415771484375, 290.757415771484375, 290.757415771484375, 290.757415771484375, 290.757415771484375, 290.757415771484375, 290.757415771484375, 290.757415771484375, 290.757415771484375, 290.757415771484375, 290.757415771484375, 290.757415771484375, 290.757415771484375, 290.757415771484375, 290.757415771484375, 290.757415771484375, 290.757415771484375]
CHWST.T=[293.149993896484375, 279.710052490234375, 279.71002197265625, 279.71002197265625, 279.71002197265625, 279.71002197265625, 279.71002197265625, 279.71002197265625, 279.71002197265625, 279.71002197265625, 279.71002197265625, 279.71002197265625, 279.71002197265625, 279.71002197265625, 279.71002197265625, 279.71002197265625, 279.71002197265625, 279.71002197265625, 279.71002197265625, 279.710052490234375, 279.710052490234375, 279.710052490234375, 279.710052490234375, 279.710052490234375, 279.710052490234375, 279.710052490234375, 279.710052490234375, 279.710052490234375, 279.710052490234375, 279.710052490234375, 279.710052490234375, 279.710052490234375, 279.710052490234375, 279.710052490234375, 279.710052490234375, 279.710052490234375, 279.710052490234375, 279.710052490234375, 279.710052490234375, 279.710052490234375, 279.71002197265625, 279.71002197265625, 279.71002197265625, 279.71002197265625, 279.71002197265625, 279.71002197265625, 279.71002197265625, 279.71002197265625, 279.71002197265625, 279.71002197265625, 279.71002197265625, 279.71002197265625, 279.71002197265625, 279.71002197265625, 279.71002197265625, 279.71002197265625, 279.71002197265625, 279.71002197265625, 279.71002197265625, 279.71002197265625, 279.71002197265625, 279.71002197265625, 279.71002197265625, 279.71002197265625, 279.71002197265625, 279.71002197265625, 279.71002197265625, 279.71002197265625, 279.71002197265625, 279.710052490234375, 279.710052490234375, 279.710052490234375, 279.710052490234375, 279.710052490234375, 279.710052490234375, 279.710052490234375, 279.710052490234375, 279.710052490234375, 279.710052490234375, 279.710052490234375, 279.710052490234375, 279.710052490234375, 279.710052490234375, 279.710052490234375, 279.710052490234375, 279.710052490234375, 279.710052490234375, 279.710052490234375, 279.710052490234375, 279.710052490234375, 279.710052490234375, 279.710052490234375, 279.710052490234375, 279.710052490234375, 279.710052490234375, 279.710052490234375, 279.710052490234375, 279.710052490234375, 279.710052490234375, 279.710052490234375, 279.710052490234375]
chiWSE.wseCHWST=[293.149993896484375, 287.49139404296875, 286.367706298828125, 286.169677734375, 285.946380615234375, 285.7364501953125, 285.5323486328125, 285.291351318359375, 285.066741943359375, 285.035125732421875, 285.02716064453125, 285.0186767578125, 285.0096435546875, 285.000091552734375, 284.99005126953125, 285.04608154296875, 285.615386962890625, 286.251495361328125, 286.824066162109375, 287.378387451171875, 287.92193603515625, 288.283477783203125, 288.48089599609375, 288.621185302734375, 288.698577880859375, 288.7064208984375, 288.7515869140625, 288.528289794921875, 288.422149658203125, 288.857940673828125, 288.98736572265625, 289.070770263671875, 289.243927001953125, 289.3740234375, 288.99237060546875, 288.70343017578125, 288.365631103515625, 288.0098876953125, 287.6544189453125, 287.3087158203125, 287.1055908203125, 287.0469970703125, 286.932861328125, 286.75506591796875, 286.54840087890625, 286.33197021484375, 286.12158203125, 285.9486083984375, 285.80865478515625, 285.6810302734375, 285.551177978515625, 285.37481689453125, 285.219879150390625, 285.139404296875, 285.04217529296875, 284.952178955078125, 284.862945556640625, 284.77178955078125, 284.681884765625, 284.672882080078125, 284.84588623046875, 284.96234130859375, 285.05426025390625, 285.13787841796875, 285.22119140625, 285.503814697265625, 285.96051025390625, 286.4139404296875, 286.844512939453125, 287.29412841796875, 287.744903564453125, 288.134613037109375, 288.40936279296875, 288.658355712890625, 288.913482666015625, 289.14202880859375, 289.35302734375, 289.533721923828125, 289.687835693359375, 289.857025146484375, 289.889007568359375, 289.889007568359375, 289.889007568359375, 289.889007568359375, 289.889007568359375, 289.889007568359375, 289.889007568359375, 289.889007568359375, 289.889007568359375, 289.889007568359375, 289.889007568359375, 289.889007568359375, 289.889007568359375, 289.889007568359375, 289.889007568359375, 289.889007568359375, 289.889007568359375, 289.889007568359375, 289.889007568359375, 289.889007568359375, 289.889007568359375]
CHWSTSet.y=[279.709991455078125, 279.709991455078125]
SATSet.y=[289.149993896484375, 289.149993896484375]
SAT.T=[293.149993896484375, 288.49188232421875, 289.149993896484375, 289.149993896484375, 289.149993896484375, 289.149993896484375, 289.1507568359375, 289.149993896484375, 289.149993896484375, 289.149993896484375, 289.149993896484375, 289.149993896484375, 289.149993896484375, 289.149993896484375, 289.149993896484375, 289.149993896484375, 289.149993896484375, 289.149993896484375, 289.149993896484375, 289.149993896484375, 289.149993896484375, 289.149993896484375, 289.149993896484375, 289.149993896484375, 289.149993896484375, 289.149993896484375, 289.149993896484375, 289.149993896484375, 289.149993896484375, 289.149993896484375, 289.149993896484375, 289.149993896484375, 289.149993896484375, 289.149993896484375, 289.149993896484375, 289.149993896484375, 289.149993896484375, 289.149993896484375, 289.149993896484375, 289.149993896484375, 289.149993896484375, 289.149993896484375, 289.149993896484375, 289.149993896484375, 289.149993896484375, 289.149993896484375, 289.149993896484375, 289.149993896484375, 289.149993896484375, 289.149993896484375, 289.149993896484375, 289.149993896484375, 289.149993896484375, 289.149993896484375, 289.149993896484375, 289.149993896484375, 289.149993896484375, 289.149993896484375, 289.149993896484375, 289.149993896484375, 289.149993896484375, 289.149993896484375, 289.149993896484375, 289.149993896484375, 289.149993896484375, 289.149993896484375, 289.149993896484375, 289.149993896484375, 289.149993896484375, 289.149993896484375, 289.149993896484375, 289.149993896484375, 289.149993896484375, 289.149993896484375, 289.149993896484375, 289.149993896484375, 289.149993896484375, 289.149993896484375, 289.149993896484375, 289.149993896484375, 289.149993896484375, 289.149993896484375, 289.149993896484375, 289.149993896484375, 289.149993896484375, 289.149993896484375, 289.149993896484375, 289.149993896484375, 289.149993896484375, 289.149993896484375, 289.149993896484375, 289.149993896484375, 289.149993896484375, 289.149993896484375, 289.149993896484375, 289.149993896484375, 289.149993896484375, 289.149993896484375, 289.149993896484375, 289.149993896484375, 289.149993896484375]
chiWSE.chiPar.chi[1].P=[0., 58661.2734375, 37144.0390625, 35997.73828125, 34712.15234375, 33512.66015625, 32367.462890625, 31026.259765625, 29769.021484375, 29584.841796875, 29540.953125, 29494.181640625, 29444.494140625, 29391.9609375, 29336.607421875, 29623.93359375, 32773.43359375, 36426.703125, 39788.6015625, 43117.21875, 46454.7265625, 48736.43359375, 49987.13671875, 50883.58203125, 51383.5078125, 51440.78515625, 51724.2578125, 50356.05078125, 49596.125, 52378.5859375, 53232.1640625, 53774.08203125, 54877.1328125, 55769.87890625, 53309.5078125, 51447.375, 49309.99609375, 47080.73046875, 44884.51171875, 42770.58203125, 41527.80859375, 41171.75, 40497.953125, 39443.3203125, 38225.17578125, 36958.72265625, 35735.94140625, 34736.6796875, 33934.23046875, 33208.015625, 32473.82421875, 31486.953125, 30614.6953125, 30167.740234375, 29630.12890625, 29133.974609375, 28644.224609375, 28146.443359375, 27656.35546875, 27593.8828125, 28531.966796875, 29176.78515625, 29683.341796875, 30148.22265625, 30604.830078125, 32166.94921875, 34755.390625, 37384.29296875, 39921.25390625, 42614.91796875, 45367.76953125, 47793.21875, 49528.2734375, 51104.02734375, 52741.81640625, 54220.5078125, 55598.65234375, 56787.76171875, 57809.1640625, 58928.01171875, 70967.78125, 70967.8046875, 70967.8203125, 70967.546875, 70967.046875, 70966.9453125, 70967.046875, 70967.0859375, 70967.125, 70967.1484375, 70967.234375, 70967.2890625, 70967.25, 70967.2578125, 70967.2734375, 70967.296875, 70967.328125, 70967.3515625, 70967.328125, 70967.296875, 70967.3515625]
chiWSE.chiPar.chi[2].P=[0., 0., 0., 0., 0., 0., 0., 0., 0., 0., 0., 0., 0., 0., 0., 0., 0., 0., 0., 0., 0., 0., 0., 0., 0., 0., 0., 0., 0., 0., 0., 0., 0., 0., 0., 0., 0., 0., 0., 0., 0., 0., 0., 0., 0., 0., 0., 0., 0., 0., 0., 0., 0., 0., 0., 0., 0., 0., 0., 0., 0., 0., 0., 0., 0., 0., 0., 0., 0., 0., 0., 0., 0., 0., 0., 0., 0., 0., 0., 0., 0., 0., 0., 0., 0., 0., 0., 0., 0., 0., 0., 0., 0., 0., 0., 0., 0., 0., 0., 0., 0.]
chiWSE.chiPar.chi[2].COP=[0., 0., 0., 0., 0., 0., 0., 0., 0., 0., 0., 0., 0., 0., 0., 0., 0., 0., 0., 0., 0., 0., 0., 0., 0., 0., 0., 0., 0., 0., 0., 0., 0., 0., 0., 0., 0., 0., 0., 0., 0., 0., 0., 0., 0., 0., 0., 0., 0., 0., 0., 0., 0., 0., 0., 0., 0., 0., 0., 0., 0., 0., 0., 0., 0., 0., 0., 0., 0., 0., 0., 0., 0., 0., 0., 0., 0., 0., 0., 0., 0., 0., 0., 0., 0., 0., 0., 0., 0., 0., 0., 0., 0., 0., 0., 0., 0., 0., 0., 0., 0.]
chiWSE.chiPar.chi[1].COP=[0., 9.35892963409423828125, 8.1189212799072265625, 8.13048267364501953125, 8.14064884185791015625, 8.1478366851806640625, 8.156280517578125, 8.163288116455078125, 8.1593780517578125, 8.1550655364990234375, 8.154994964599609375, 8.15491771697998046875, 8.154827117919921875, 8.15472316741943359375, 8.15460491180419921875, 8.1458568572998046875, 8.1313686370849609375, 8.1121921539306640625, 8.07897472381591796875, 8.0382137298583984375, 7.99250459671020507812, 7.96281862258911132812, 7.94419717788696289062, 7.93090581893920898438, 7.92390871047973632812, 7.92410993576049804688, 7.91870975494384765625, 7.94959115982055664062, 7.94702959060668945312, 7.90397357940673828125, 7.89303636550903320312, 7.88449239730834960938, 7.8631992340087890625, 7.85407876968383789062, 7.89830064773559570312, 7.92801380157470703125, 7.96349573135375976562, 7.99815320968627929688, 8.03112697601318359375, 8.05964565277099609375, 8.07207965850830078125, 8.07561206817626953125, 8.08611392974853515625, 8.09939670562744140625, 8.11339664459228515625, 8.12630462646484375, 8.1366729736328125, 8.14332675933837890625, 8.1479930877685546875, 8.15189647674560546875, 8.1553859710693359375, 8.160114288330078125, 8.1583690643310546875, 8.15836334228515625, 8.15782833099365234375, 8.156536102294921875, 8.15481853485107421875, 8.152568817138671875, 8.14923191070556640625, 8.142246246337890625, 8.14573955535888671875, 8.1509304046630859375, 8.1521759033203125, 8.15377521514892578125, 8.1513824462890625, 8.141628265380859375, 8.1270542144775390625, 8.1070575714111328125, 8.0803012847900390625, 8.0466365814208984375, 8.00944232940673828125, 7.9753856658935546875, 7.95030450820922851562, 7.92477750778198242188, 7.89895868301391601562, 7.87491607666015625, 7.85240125656127929688, 7.83277845382690429688, 7.81584262847900390625, 7.796054840087890625, 7.05253696441650390625, 7.0525341033935546875, 7.05253267288208007812, 7.05256032943725585938, 7.05260992050170898438, 7.05261945724487304688, 7.05260992050170898438, 7.05260610580444335938, 7.05260181427001953125, 7.05259990692138671875, 7.0525913238525390625, 7.052585601806640625, 7.05258989334106445312, 7.05258893966674804688, 7.05258703231811523438, 7.05258512496948242188, 7.052581787109375, 7.05257940292358398438, 7.052581787109375, 7.05258512496948242188, 7.05257940292358398438]
