last-generated=2020-05-01
statistics-simulation=
{
  "linear": " ",
  "nonlinear": " ",
  "numerical Jacobians": "0"
}
time=[0e+00, 1.728e+05]
grid.P[1].real=[1e+03, 1e+03, 1e+03, 1e+03, 1e+03, 1e+03, 1e+03, 1e+03, 1e+03, 1e+03, 1e+03, 1e+03, 1e+03, 1e+03, 9.939893188476561e+02, 9.183530883789062e+02, 6.569700317382812e+02, -3.966088562011745e+02, -1.498985473632812e+03, -2.315481689453125e+03, -2.9877939453125e+03, -3.3888369140625e+03, -3.689461181640625e+03, -3.55134228515625e+03, -3.358626953125e+03, -3.226392822265625e+03, -3.057901611328125e+03, -2.86705029296875e+03, -2.638534423828124e+03, -2.408999755859375e+03, -2.07250341796875e+03, -1.461521118164062e+03, -7.053972778320312e+02, 1.749345550537109e+02, 9.332086791992199e+02, 1e+03, 1e+03, 1e+03, 1e+03, 1e+03, 1e+03, 1e+03, 1e+03, 1e+03, 1e+03, 1e+03, 1e+03, 1e+03, 1e+03, 1e+03, 1e+03, 1e+03, 1e+03, 1e+03, 1e+03, 1e+03, 1e+03, 1e+03, 1e+03, 1e+03, 1e+03, 1e+03, 1e+03, 1e+03, 9.935178833007812e+02, 9.136387329101562e+02, 6.645807495117188e+02, -2.4859765625e+02, -1.21485559082032e+03, -2.148585937499993e+03, -2.728316650390622e+03, -2.91410546875e+03, -2.960489990234375e+03, -3.426442138671875e+03, -3.903172607421875e+03, -3.875166015625e+03, -3.7143740234375e+03, -3.012357177734375e+03, -2.2858466796875e+03, -2.05814697265625e+03, -1.7279521484375e+03, -1.210842529296875e+03, -6.553430786132812e+02, 1.60696044921875e+02, 9.30110107421875e+02, 1e+03, 1e+03, 1e+03, 1e+03, 1e+03, 1e+03, 1e+03, 1e+03, 1e+03, 1e+03, 1e+03, 1e+03, 1e+03, 1e+03, 1e+03, 1e+03]
grid.P[2].real=[1e+03, 1e+03]
grid.P[3].real=[-0e+00, -0e+00, -0e+00, -0e+00, -0e+00, -0e+00, -0e+00, 0e+00, -0e+00, -0e+00, -0e+00, -0e+00, -0e+00, -0e+00, -9.015988349914668e+00, -1.224703216552734e+02, -5.145449829101562e+02, -2.094913330078129e+03, -3.748478271484375e+03, -4.97322265625e+03, -5.98169091796875e+03, -6.58325537109375e+03, -7.03419189453125e+03, -6.827013671875e+03, -6.5379404296875e+03, -6.3395888671875e+03, -6.0868525390625e+03, -5.80057568359375e+03, -5.457801757812498e+03, -5.1135e+03, -4.6087548828125e+03, -3.69228173828125e+03, -2.558095947265625e+03, -1.23759814453125e+03, -1.001869888305647e+02, 0e+00, -0e+00, -0e+00, -0e+00, -0e+00, -0e+00, -0e+00, -0e+00, -0e+00, -0e+00, -0e+00, -0e+00, -0e+00, -0e+00, -0e+00, -0e+00, -0e+00, -0e+00, -0e+00, -0e+00, 0e+00, 0e+00, 0e+00, -0e+00, -0e+00, -0e+00, -0e+00, -0e+00, -0e+00, -9.723182678222656e+00, -1.295418548583984e+02, -5.031288452148438e+02, -1.872896484375e+03, -3.322283447265636e+03, -4.722878906249989e+03, -5.592475097656245e+03, -5.871158203125e+03, -5.94073486328125e+03, -6.6396630859375e+03, -7.3547587890625e+03, -7.3127490234375e+03, -7.07156103515625e+03, -6.01853564453125e+03, -4.92877001953125e+03, -4.587220703125e+03, -4.09192822265625e+03, -3.316263671875e+03, -2.4830146484375e+03, -1.258955932617188e+03, -1.04834831237793e+02, -0e+00, -0e+00, -0e+00, -0e+00, -0e+00, -0e+00, -0e+00, -0e+00, -0e+00, -0e+00, -0e+00, -0e+00, -0e+00, -0e+00, -0e+00, -0e+00]
RL.load1.S[1]=[-1e+03, -1e+03]
RL.load1.S[2]=[-7.5e+02, -7.5e+02]
RL.load2.S[1]=[-1e+03, -1e+03]
RL.load2.S[2]=[-7.5e+02, -7.5e+02]
