last-generated=2019-07-04
statistics-simulation=
{
  "linear": " ",
  "nonlinear": " ",
  "number of continuous time states": "2",
  "numerical Jacobians": "0"
}
absIndSte.QEva=[-5.0207998046875e+03, -5.0207998046875e+03, -5.0207998046875e+03, -5.0207998046875e+03, -5.0207998046875e+03, -5.0207998046875e+03, -5.0207998046875e+03, 0e+00, 0e+00, 0e+00, 0e+00, 0e+00, 0e+00, -5.0207998046875e+03, -5.0207998046875e+03, -5.0207998046875e+03, -5.0207998046875e+03, -5.0207998046875e+03, -5.0207998046875e+03, 0e+00, 0e+00, 0e+00, 0e+00, 0e+00, 0e+00, 0e+00, -5.0207998046875e+03, -5.0207998046875e+03, -5.0207998046875e+03, -5.0207998046875e+03, -5.0207998046875e+03, -5.0207998046875e+03, 0e+00, 0e+00, 0e+00, 0e+00, 0e+00, 0e+00, -5.0207998046875e+03, -5.0207998046875e+03, -5.0207998046875e+03, -5.0207998046875e+03, -5.0207998046875e+03, -5.0207998046875e+03, 0e+00, 0e+00, 0e+00, 0e+00, 0e+00, 0e+00, 0e+00, -5.0207998046875e+03, -5.0207998046875e+03, -5.0207998046875e+03, -5.0207998046875e+03, -5.0207998046875e+03, -5.0207998046875e+03, 0e+00, 0e+00, 0e+00, 0e+00, 0e+00, 0e+00, -5.0207998046875e+03, -5.0207998046875e+03, -5.0207998046875e+03, -5.0207998046875e+03, -5.0207998046875e+03, -5.0207998046875e+03, 0e+00, 0e+00, 0e+00, 0e+00, 0e+00, 0e+00, 0e+00, -5.0207998046875e+03, -5.0207998046875e+03, -5.0207998046875e+03, -5.0207998046875e+03, -5.0207998046875e+03, -5.0207998046875e+03, 0e+00, 0e+00, 0e+00, 0e+00, 0e+00, 0e+00, -5.0207998046875e+03, -5.0207998046875e+03, -5.0207998046875e+03, -5.0207998046875e+03, -5.0207998046875e+03, -5.0207998046875e+03, 0e+00, 0e+00, 0e+00, 0e+00, 0e+00, 0e+00, 0e+00]
absIndSte.QGen=[7.87548291015625e+03, 7.73457373046875e+03, 7.73384228515625e+03, 7.73431103515625e+03, 7.73480126953125e+03, 7.73530517578125e+03, 7.73582421875e+03, 0e+00, 0e+00, 0e+00, 0e+00, 0e+00, 0e+00, 7.66397021484375e+03, 7.74010009765625e+03, 7.74148046875e+03, 7.74225830078125e+03, 7.74306591796875e+03, 7.74391064453125e+03, 0e+00, 0e+00, 0e+00, 0e+00, 0e+00, 0e+00, 0e+00, 7.7456298828125e+03, 7.7534326171875e+03, 7.75480419921875e+03, 7.75618017578125e+03, 7.7576142578125e+03, 7.75910986328125e+03, 0e+00, 0e+00, 0e+00, 0e+00, 0e+00, 0e+00, 7.71453662109375e+03, 7.77298828125e+03, 7.775634765625e+03, 7.7778515625e+03, 7.780146484375e+03, 7.782525390625e+03, 0e+00, 0e+00, 0e+00, 0e+00, 0e+00, 0e+00, 0e+00, 7.80036474609375e+03, 7.8080107421875e+03, 7.811375e+03, 7.8148095703125e+03, 7.81835205078125e+03, 7.82200439453125e+03, 0e+00, 0e+00, 0e+00, 0e+00, 0e+00, 0e+00, 7.82925146484375e+03, 7.85516357421875e+03, 7.86015283203125e+03, 7.86501806640625e+03, 7.870013671875e+03, 7.87514404296875e+03, 0e+00, 0e+00, 0e+00, 0e+00, 0e+00, 0e+00, 0e+00, 7.92046484375e+03, 7.92771435546875e+03, 7.93431298828125e+03, 7.9410634765625e+03, 7.94797412109375e+03, 7.955046875e+03, 0e+00, 0e+00, 0e+00, 0e+00, 0e+00, 0e+00, 8.04034033203125e+03, 8.017884765625e+03, 8.0263759765625e+03, 8.03519287109375e+03, 8.0441982421875e+03, 8.053392578125e+03, 0e+00, 0e+00, 0e+00, 0e+00, 0e+00, 0e+00, 0e+00]
absIndSte.QCon=[1.3046283203125e+04, 1.29053740234375e+04, 1.2904642578125e+04, 1.2905111328125e+04, 1.29056015625e+04, 1.290610546875e+04, 1.29066240234375e+04, 0e+00, 0e+00, 0e+00, 0e+00, 0e+00, 0e+00, 1.28347705078125e+04, 1.2910900390625e+04, 1.29122802734375e+04, 1.291305859375e+04, 1.29138662109375e+04, 1.29147109375e+04, 0e+00, 0e+00, 0e+00, 0e+00, 0e+00, 0e+00, 0e+00, 1.29164296875e+04, 1.2924232421875e+04, 1.29256044921875e+04, 1.29269794921875e+04, 1.29284140625e+04, 1.292991015625e+04, 0e+00, 0e+00, 0e+00, 0e+00, 0e+00, 0e+00, 1.28853369140625e+04, 1.29437880859375e+04, 1.29464345703125e+04, 1.29486513671875e+04, 1.29509462890625e+04, 1.29533251953125e+04, 0e+00, 0e+00, 0e+00, 0e+00, 0e+00, 0e+00, 0e+00, 1.29711650390625e+04, 1.2978810546875e+04, 1.29821748046875e+04, 1.2985609375e+04, 1.298915234375e+04, 1.29928046875e+04, 0e+00, 0e+00, 0e+00, 0e+00, 0e+00, 0e+00, 1.30000517578125e+04, 1.30259638671875e+04, 1.30309521484375e+04, 1.30358173828125e+04, 1.30408134765625e+04, 1.30459443359375e+04, 0e+00, 0e+00, 0e+00, 0e+00, 0e+00, 0e+00, 0e+00, 1.30912646484375e+04, 1.30985146484375e+04, 1.310511328125e+04, 1.311186328125e+04, 1.31187744140625e+04, 1.31258466796875e+04, 0e+00, 0e+00, 0e+00, 0e+00, 0e+00, 0e+00, 1.3211140625e+04, 1.31886845703125e+04, 1.319717578125e+04, 1.32059931640625e+04, 1.3214998046875e+04, 1.32241923828125e+04, 0e+00, 0e+00, 0e+00, 0e+00, 0e+00, 0e+00, 0e+00]
time=[0e+00, 1.44e+04]
absIndSte.sta_b1.T=[2.981499938964844e+02, 2.960127868652344e+02, 2.960436401367188e+02, 2.960935668945312e+02, 2.961436767578125e+02, 2.961937866210938e+02, 2.96243896484375e+02, 2.935662231445312e+02, 2.935402221679688e+02, 2.93589599609375e+02, 2.936395874023438e+02, 2.936895751953125e+02, 2.937395935058594e+02, 2.963133544921875e+02, 2.966419677734375e+02, 2.96695068359375e+02, 2.967452697753906e+02, 2.967954406738281e+02, 2.968456420898438e+02, 2.949347839355469e+02, 2.941465454101562e+02, 2.941896362304688e+02, 2.942395935058594e+02, 2.942895812988281e+02, 2.943395690917969e+02, 2.943895874023438e+02, 2.972191467285156e+02, 2.972973937988281e+02, 2.973479614257812e+02, 2.973982543945312e+02, 2.974485778808594e+02, 2.974989013671875e+02, 2.948163452148438e+02, 2.947902221679688e+02, 2.94839599609375e+02, 2.948895874023438e+02, 2.949395751953125e+02, 2.949895935058594e+02, 2.975865783691406e+02, 2.978992919921875e+02, 2.979524230957031e+02, 2.980029296875e+02, 2.980534362792969e+02, 2.981039428710938e+02, 2.961873779296875e+02, 2.953965759277344e+02, 2.954396362304688e+02, 2.954895935058594e+02, 2.955395812988281e+02, 2.955895690917969e+02, 2.956395874023438e+02, 2.984835205078125e+02, 2.985592041015625e+02, 2.986101684570312e+02, 2.986609191894531e+02, 2.98711669921875e+02, 2.987624816894531e+02, 2.960667114257812e+02, 2.960402221679688e+02, 2.96089599609375e+02, 2.961395874023438e+02, 2.961895751953125e+02, 2.962395935058594e+02, 2.988779907226562e+02, 2.991674499511719e+02, 2.992206726074219e+02, 2.992717590332031e+02, 2.993228454589844e+02, 2.993739624023438e+02, 2.974435424804688e+02, 2.966466064453125e+02, 2.966896362304688e+02, 2.967395935058594e+02, 2.967895812988281e+02, 2.968395690917969e+02, 2.968895874023438e+02, 2.9976318359375e+02, 2.998351440429688e+02, 2.9988671875e+02, 2.999382019042969e+02, 2.999896850585938e+02, 3.000412292480469e+02, 2.973175048828125e+02, 2.972902221679688e+02, 2.97339599609375e+02, 2.973895874023438e+02, 2.974395751953125e+02, 2.974895935058594e+02, 3.001943359375e+02, 3.004532165527344e+02, 3.005066223144531e+02, 3.005585632324219e+02, 3.006105041503906e+02, 3.006624755859375e+02, 2.987053527832031e+02, 2.978966979980469e+02, 2.979396362304688e+02, 2.979895935058594e+02, 2.980395812988281e+02, 2.980895690917969e+02, 2.981395874023438e+02]
absIndSte.sta_a2.T=[2.851499938964844e+02, 2.851900024414062e+02, 2.852300109863281e+02, 2.852699890136719e+02, 2.853099975585938e+02, 2.853500061035156e+02, 2.853900146484375e+02, 2.854299926757812e+02, 2.854700012207031e+02, 2.85510009765625e+02, 2.855499877929688e+02, 2.855899963378906e+02, 2.856300048828125e+02, 2.856700134277344e+02, 2.857099914550781e+02, 2.8575e+02, 2.857900085449219e+02, 2.858299865722656e+02, 2.858699951171875e+02, 2.859100036621094e+02, 2.859500122070312e+02, 2.85989990234375e+02, 2.860299987792969e+02, 2.860700073242188e+02, 2.861099853515625e+02, 2.861499938964844e+02, 2.861900024414062e+02, 2.862300109863281e+02, 2.862699890136719e+02, 2.863099975585938e+02, 2.863500061035156e+02, 2.863900146484375e+02, 2.864299926757812e+02, 2.864700012207031e+02, 2.86510009765625e+02, 2.865499877929688e+02, 2.865899963378906e+02, 2.866300048828125e+02, 2.866700134277344e+02, 2.867099914550781e+02, 2.8675e+02, 2.867900085449219e+02, 2.868299865722656e+02, 2.868699951171875e+02, 2.869100036621094e+02, 2.869500122070312e+02, 2.86989990234375e+02, 2.870299987792969e+02, 2.870700073242188e+02, 2.871099853515625e+02, 2.871499938964844e+02, 2.871900024414062e+02, 2.872300109863281e+02, 2.872699890136719e+02, 2.873099975585938e+02, 2.873500061035156e+02, 2.873900146484375e+02, 2.874299926757812e+02, 2.874700012207031e+02, 2.87510009765625e+02, 2.875499877929688e+02, 2.875899963378906e+02, 2.876300048828125e+02, 2.876700134277344e+02, 2.877099914550781e+02, 2.8775e+02, 2.877900085449219e+02, 2.878299865722656e+02, 2.878699951171875e+02, 2.879100036621094e+02, 2.879500122070312e+02, 2.87989990234375e+02, 2.880299987792969e+02, 2.880700073242188e+02, 2.881099853515625e+02, 2.881499938964844e+02, 2.881900024414062e+02, 2.882300109863281e+02, 2.882699890136719e+02, 2.883099975585938e+02, 2.883500061035156e+02, 2.883900146484375e+02, 2.884299926757812e+02, 2.884700012207031e+02, 2.88510009765625e+02, 2.885499877929688e+02, 2.885899963378906e+02, 2.886300048828125e+02, 2.886700134277344e+02, 2.887099914550781e+02, 2.8875e+02, 2.887900085449219e+02, 2.888299865722656e+02, 2.888699951171875e+02, 2.889100036621094e+02, 2.889500122070312e+02, 2.88989990234375e+02, 2.890299987792969e+02, 2.890700073242188e+02, 2.891099853515625e+02, 2.891499938964844e+02]
absIndSte.sta_a1.T=[2.931499938964844e+02, 2.932000122070312e+02, 2.9325e+02, 2.932999877929688e+02, 2.933500061035156e+02, 2.933999938964844e+02, 2.934500122070312e+02, 2.935e+02, 2.935499877929688e+02, 2.936000061035156e+02, 2.936499938964844e+02, 2.937000122070312e+02, 2.9375e+02, 2.937999877929688e+02, 2.938500061035156e+02, 2.938999938964844e+02, 2.939500122070312e+02, 2.94e+02, 2.940499877929688e+02, 2.941000061035156e+02, 2.941499938964844e+02, 2.942000122070312e+02, 2.9425e+02, 2.942999877929688e+02, 2.943500061035156e+02, 2.943999938964844e+02, 2.944500122070312e+02, 2.945e+02, 2.945499877929688e+02, 2.946000061035156e+02, 2.946499938964844e+02, 2.947000122070312e+02, 2.9475e+02, 2.947999877929688e+02, 2.948500061035156e+02, 2.948999938964844e+02, 2.949500122070312e+02, 2.95e+02, 2.950499877929688e+02, 2.951000061035156e+02, 2.951499938964844e+02, 2.952000122070312e+02, 2.9525e+02, 2.952999877929688e+02, 2.953500061035156e+02, 2.953999938964844e+02, 2.954500122070312e+02, 2.955e+02, 2.955499877929688e+02, 2.956000061035156e+02, 2.956499938964844e+02, 2.957000122070312e+02, 2.9575e+02, 2.957999877929688e+02, 2.958500061035156e+02, 2.958999938964844e+02, 2.959500122070312e+02, 2.96e+02, 2.960499877929688e+02, 2.961000061035156e+02, 2.961499938964844e+02, 2.962000122070312e+02, 2.9625e+02, 2.962999877929688e+02, 2.963500061035156e+02, 2.963999938964844e+02, 2.964500122070312e+02, 2.965e+02, 2.965499877929688e+02, 2.966000061035156e+02, 2.966499938964844e+02, 2.967000122070312e+02, 2.9675e+02, 2.967999877929688e+02, 2.968500061035156e+02, 2.968999938964844e+02, 2.969500122070312e+02, 2.97e+02, 2.970499877929688e+02, 2.971000061035156e+02, 2.971499938964844e+02, 2.972000122070312e+02, 2.9725e+02, 2.972999877929688e+02, 2.973500061035156e+02, 2.973999938964844e+02, 2.974500122070312e+02, 2.975e+02, 2.975499877929688e+02, 2.976000061035156e+02, 2.976499938964844e+02, 2.977000122070312e+02, 2.9775e+02, 2.977999877929688e+02, 2.978500061035156e+02, 2.978999938964844e+02, 2.979500122070312e+02, 2.98e+02, 2.980499877929688e+02, 2.981000061035156e+02, 2.981499938964844e+02]
absIndSte.sta_b2.T=[2.781499938964844e+02, 2.791734924316406e+02, 2.792215881347656e+02, 2.792616577148438e+02, 2.793016662597656e+02, 2.793416748046875e+02, 2.793816528320312e+02, 2.852577209472656e+02, 2.854603271484375e+02, 2.855016479492188e+02, 2.855416564941406e+02, 2.855816650390625e+02, 2.856216735839844e+02, 2.802059631347656e+02, 2.797061462402344e+02, 2.7974169921875e+02, 2.797816772460938e+02, 2.798216552734375e+02, 2.798616638183594e+02, 2.840945129394531e+02, 2.859267883300781e+02, 2.859815368652344e+02, 2.860216674804688e+02, 2.860616760253906e+02, 2.861016540527344e+02, 2.861416625976562e+02, 2.802310485839844e+02, 2.802220764160156e+02, 2.802616577148438e+02, 2.803016662597656e+02, 2.803416748046875e+02, 2.803816528320312e+02, 2.862577209472656e+02, 2.864603271484375e+02, 2.865016479492188e+02, 2.865416564941406e+02, 2.865816650390625e+02, 2.866216735839844e+02, 2.812059631347656e+02, 2.807061462402344e+02, 2.8074169921875e+02, 2.807816772460938e+02, 2.808216552734375e+02, 2.808616638183594e+02, 2.850945129394531e+02, 2.869267883300781e+02, 2.869815368652344e+02, 2.870216674804688e+02, 2.870616760253906e+02, 2.871016540527344e+02, 2.871416625976562e+02, 2.812310485839844e+02, 2.812220764160156e+02, 2.812616577148438e+02, 2.813016662597656e+02, 2.813416748046875e+02, 2.813816528320312e+02, 2.872577209472656e+02, 2.874603271484375e+02, 2.875016479492188e+02, 2.875416564941406e+02, 2.875816650390625e+02, 2.876216735839844e+02, 2.822059631347656e+02, 2.817061462402344e+02, 2.8174169921875e+02, 2.817816772460938e+02, 2.818216552734375e+02, 2.818616638183594e+02, 2.860945129394531e+02, 2.879267883300781e+02, 2.879815368652344e+02, 2.880216674804688e+02, 2.880616760253906e+02, 2.881016540527344e+02, 2.881416625976562e+02, 2.822310485839844e+02, 2.822220764160156e+02, 2.822616577148438e+02, 2.823016662597656e+02, 2.823416748046875e+02, 2.823816528320312e+02, 2.882577209472656e+02, 2.884602966308594e+02, 2.885016479492188e+02, 2.885416564941406e+02, 2.885816650390625e+02, 2.886216735839844e+02, 2.832059631347656e+02, 2.827061462402344e+02, 2.8274169921875e+02, 2.827816772460938e+02, 2.828216552734375e+02, 2.828616638183594e+02, 2.870945129394531e+02, 2.889267883300781e+02, 2.889815368652344e+02, 2.890216674804688e+02, 2.890616760253906e+02, 2.891016540527344e+02, 2.891416625976562e+02]
