last-generated=2015-08-19
statistics-simulation=
{
  "numerical Jacobians": "0", 
  "nonlinear": " ", 
  "number of continuous time states": "3", 
  "linear": " "
}
der(hLiqCod)=[0., 338.90400836442518084368, 1355.61603042767865190399, 3050.13612722473408211954, 5422.46411565064317983342, 8472.59936192208806460258, 12200.54449980935532948934, 16606.29673561788513325155, 21689.85645048016522196122, 27451.22245199274402693845, 33890.39743759045813931152, 41007.38326094488002127036, 48802.17798105507245054469, 57274.78157771079713711515, 66425.18693843342771288007, 76253.39241783888428471982, 86759.42577769003401044756, 97943.2557641975290607661, 109804.88975948176812380552, 122344.34683659233269281685, 135561.58973016380332410336, 149456.66562696974142454565, 164029.53303570498246699572, 179280.21227381480275653303, 195208.71188784288824535906, 211815., 229099.12624620954738929868, 247060.99606310258968733251, 265700.74774564517429098487, 285018.26645913731772452593, 305013.56959061004454270005, 325686.74500648200046271086, 347037.70306225691456347704, 369066.4395080205867998302, 391773.02303256647428497672, 415157.42043056810507550836, 439219.55894103244645521045, 463959.55057380528887733817, 489377.38731407112209126353, 515473.00666183006251230836, 542246.35888032906223088503, 569697.63496270985342562199, 597826.66241916129365563393, 626633.47920174640603363514, 656118.13212668942287564278, 686280.66144108842127025127, 717120.84903854178264737129, 748638.94130571151617914438, 780834.84747861686628311872, 813708.46839082683436572552, 847260., 881489.34553084487561136484, 916396.5048544927267357707, 951981.41547183739021420479, 988243.9841084042564034462, 1025184.58064073929563164711, 1062802.99096620385535061359, 1101099.15268171648494899273, 1140073.06572239589877426624, 1179724.98005483532324433327, 1220054.27820220519788563251, 1261061.69095216807909309864, 1302746.97999403951689600945, 1345110.02039368194527924061, 1388150.81215109536424279213, 1431869.4802019074559211731, 1476265.75785680231638252735, 1521339.92432364798150956631, 1567092.09208225319162011147, 1613522.01116677559912204742, 1660629.68164058984257280827, 1708415.2284067946020513773, 1756878.23557219468057155609, 1806019.28075592312961816788, 1855838.20223126211203634739, 1906335., 1957509.54919088073074817657, 2009361.97467396827414631844, 2061892.0264510507695376873, 2115099.63524899445474147797, 2168985.43544181203469634056, 2223549.23692614911124110222, 2278790.53980151982977986336, 2334709.84400089364498853683, 2391306.64949575299397110939, 2448581.36280137067660689354, 2506533.91671166755259037018, 2565164.47191357472911477089, 2624472.52847384894266724586, 2684458.58639070205390453339, 2745122.64559976151213049889, 2806463.83841752354055643082, 2868483.39604202099144458771, 2931180.70496200304478406906, 2994555.76520683057606220245, 3058608.57684100698679685593, 3123339.38976754574105143547, 3188747.56209119316190481186, 3254833.87343525560572743416, 3321597.93607152439653873444, 3389040.]
der(hLiqSym)=[0., 338.90400836442518084368, 1355.61603042767865190399, 3050.13612722473408211954, 5422.46411565064317983342, 8472.59936192208806460258, 12200.54449980935532948934, 16606.29673561788513325155, 21689.85645048016522196122, 27451.22245199274402693845, 33890.39743759045813931152, 41007.38326094488002127036, 48802.17798105507245054469, 57274.78157771079713711515, 66425.18693843342771288007, 76253.39241783888428471982, 86759.42577769003401044756, 97943.2557641975290607661, 109804.88975948176812380552, 122344.34683659233269281685, 135561.58973016380332410336, 149456.66562696974142454565, 164029.53303570498246699572, 179280.21227381480275653303, 195208.71188784288824535906, 211815., 229099.12624620954738929868, 247060.99606310258968733251, 265700.74774564517429098487, 285018.26645913731772452593, 305013.56959061004454270005, 325686.74500648200046271086, 347037.70306225691456347704, 369066.4395080205867998302, 391773.02303256647428497672, 415157.42043056810507550836, 439219.55894103244645521045, 463959.55057380528887733817, 489377.38731407112209126353, 515473.00666183006251230836, 542246.35888032906223088503, 569697.63496270985342562199, 597826.66241916129365563393, 626633.47920174640603363514, 656118.13212668942287564278, 686280.66144108842127025127, 717120.84903854178264737129, 748638.94130571151617914438, 780834.84747861686628311872, 813708.46839082683436572552, 847260., 881489.34553084487561136484, 916396.5048544927267357707, 951981.41547183739021420479, 988243.9841084042564034462, 1025184.58064073929563164711, 1062802.99096620385535061359, 1101099.15268171648494899273, 1140073.06572239589877426624, 1179724.98005483532324433327, 1220054.27820220519788563251, 1261061.69095216807909309864, 1302746.97999403951689600945, 1345110.02039368194527924061, 1388150.81215109536424279213, 1431869.4802019074559211731, 1476265.75785680231638252735, 1521339.92432364798150956631, 1567092.09208225319162011147, 1613522.01116677559912204742, 1660629.68164058984257280827, 1708415.2284067946020513773, 1756878.23557219468057155609, 1806019.28075592312961816788, 1855838.20223126211203634739, 1906335., 1957509.54919088073074817657, 2009361.97467396827414631844, 2061892.0264510507695376873, 2115099.63524899445474147797, 2168985.43544181203469634056, 2223549.23692614911124110222, 2278790.53980151982977986336, 2334709.84400089364498853683, 2391306.64949575299397110939, 2448581.36280137067660689354, 2506533.91671166755259037018, 2565164.47191357472911477089, 2624472.52847384894266724586, 2684458.58639070205390453339, 2745122.64559976151213049889, 2806463.83841752354055643082, 2868483.39604202099144458771, 2931180.70496200304478406906, 2994555.76520683057606220245, 3058608.57684100698679685593, 3123339.38976754574105143547, 3188747.56209119316190481186, 3254833.87343525560572743416, 3321597.93607152439653873444, 3389040.]
der(hAirCod)=[0., 81.4860040680137842628, 325.94401554351247796149, 733.37405731463525171421, 1303.77606071698505729728, 2037.14996491652073018486, 2933.49622707298794921371, 3992.81393133077835955191, 5215.10423995326164003927, 6600.36569221661466144724, 8148.59985723799854895333, 9859.80577188644383568317, 11733.98490391928135068156, 13771.13480707750204601325, 15971.25572435212961863726, 18334.34816200951900100335, 20860.41695398414594819769, 23549.45263250830976176076, 26401.46275720516132423654, 29416.44605464151754858904, 32594.39942409457216854207, 35935.326473340013762936, 39439.22308560280362144113, 43106.09219287023006472737, 46935.93960693377448478714, 50928.75, 55084.53921276627079350874, 59403.28826529648358700797, 63885.0228954667181824334, 68529.73051994235720485449, 73337.39262862004397902638, 78308.0456743693066528067, 83441.66780428575293626636, 88738.25078157830284908414, 94197.81052420783089473844, 99820.35497206501895561814, 105605.85100551899813581258, 111554.33306996359897311777, 117665.78421079885447397828, 123940.21224052475008647889, 130377.59768666927993763238, 136977.97114543130737729371, 143741.30587205142364837229, 150667.60437431081663817167, 157756.89233853694167919457, 165009.16501186502864584327, 172424.36875788829638622701, 180002.57904004119336605072, 187743.75841021694941446185, 195647.88302482714061625302, 203715., 211945.10169188646250404418, 220338.15681975489133037627, 228894.19663338179816491902, 237613.15302659815642982721, 246495.14558430193574167788, 255540.091577941580908373, 264748.006655900739133358, 274118.92205215315334498882, 283652.8065093503100797534, 293349.57047589775174856186, 303209.39205241395393386483, 313232.18268976308172568679, 323417.94240351661574095488, 333766.67119367455597966909, 344278.36904466548003256321, 354953.00308370590209960938, 365790.63805427658371627331, 376791.24208527052542194724, 387954.84643496299395337701, 399281.41986868571257218719, 410770.96236298611620441079, 422423.40397563698934391141, 434238.88358959171455353498, 446217.33226452837698161602, 458358.75, 470663.13682744750985875726, 483130.5239657279453240335, 495760.84891484136460348964, 508554.09740925353253260255, 521510.3907273506629280746, 534629.62185655965004116297, 547911.88456995971500873566, 561357.08510162413585931063, 574965.22344464308116585016, 588736.34201162273529917002, 602670.41747451946139335632, 616767.55574690806679427624, 631027.56934622267726808786, 645450.64577156910672783852, 660036.6600081955548375845, 674785.52364923269487917423, 689697.47500454483088105917, 704772.42667098797392100096, 720010.3161563449539244175, 735411.14347563695628196001, 750975.03360549837816506624, 766701.70481984794605523348, 782591.53206876770127564669, 798644.29712881834711879492, 814860.]
der(hSteCod)=[0., 150.66001107063658537299, 602.64004293554160085478, 1355.94000404195821829489, 2410.56016904811622225679, 3766.49988999454262739164, 5423.76001212723622302292, 7382.33978178769575606566, 9642.24067080322492984124, 12203.4590018716044141911, 15065.99955548936850391328, 18229.85957435676027671434, 21695.04004042513770400546, 25461.54094471308053471148, 29529.35912535542229306884, 33898.49732395477622048929, 38568.96267243868351215497, 43540.73737067681213375181, 48813.83598593100032303482, 54388.26309089270944241434, 60263.99821297605376457796, 66441.06666852386842947453, 72919.43829383446427527815, 79699.13774600370379630476, 86780.1601455444615567103, 94162.5, 101846.16375011176569387317, 109831.13192875118693336844, 118117.43649783376895356923, 126705.06981690699467435479, 135593.98925991670694202185, 144784.26340514124603942037, 154275.85066818533232435584, 164068.72137551411287859082, 174162.94947195050190202892, 184558.50630397000350058079, 195255.3439005852269474417, 206253.54157317758654244244, 217553.05234919124632142484, 229153.87622873796499334276, 241055.99283395300153642893, 253259.45755396070308052003, 265764.26663444918813183904, 278570.33450410899240523577, 291677.75316816673148423433, 305086.51619995082728564739, 318796.55095885053742676973, 332807.93919183709658682346, 347120.64054990757722407579, 361734.64219808444613590837, 376650., 391866.67093395174015313387, 407384.65494278055848553777, 423203.98327603936195373535, 439324.5276509835384786129, 455746.48028013715520501137, 472469.7459840854280628264, 489494.35605599009431898594, 506820.27921699441503733397, 524447.48420287587214261293, 542375.95696841005701571703, 560605.84875011176336556673, 579137.05360624345485121012, 597969.57156601105816662312, 617103.4026294144568964839, 636538.54676724784076213837, 656274.88542415446136146784, 676312.71635754744056612253, 696651.79786656249780207872, 717292.25496423663571476936, 738234.0251795558724552393, 759477.10846960206981748343, 781021.37551698694005608559, 802867.08310341229662299156, 825014.16626411862671375275, 847462.5, 870212.2093676798976957798, 893263.1693105349550023675, 916615.50482767110224813223, 940269.0114872597623616457, 964223.9713004769291728735, 988480.24418802536092698574, 1013037.83019400970079004765, 1037896.79178877954836934805, 1063057.06645730882883071899, 1088518.43900908948853611946, 1114281.33797362539917230606, 1140345.48751452844589948654, 1166711.01265802420675754547, 1193377.91340500675141811371, 1220346.06472656829282641411, 1247615.42816808237694203854, 1275186.20378602296113967896, 1303058.35497854277491569519, 1331231.7567602966446429491, 1359706.53415958862751722336, 1388482.56213366100564599037, 1417559.91646490828134119511, 1446938.56873535970225930214, 1476618.59658039035275578499, 1506600.]
der(hAirSym)=[0., 81.4860040680137842628, 325.94401554351247796149, 733.37405731463525171421, 1303.77606071698505729728, 2037.14996491652073018486, 2933.49622707298794921371, 3992.81393133077835955191, 5215.10423995326164003927, 6600.36569221661466144724, 8148.59985723799854895333, 9859.80577188644383568317, 11733.98490391928135068156, 13771.13480707750204601325, 15971.25572435212961863726, 18334.34816200951900100335, 20860.41695398414594819769, 23549.45263250830976176076, 26401.46275720516132423654, 29416.44605464151754858904, 32594.39942409457216854207, 35935.326473340013762936, 39439.22308560280362144113, 43106.09219287023006472737, 46935.93960693377448478714, 50928.75, 55084.53921276627079350874, 59403.28826529648358700797, 63885.0228954667181824334, 68529.73051994235720485449, 73337.39262862004397902638, 78308.0456743693066528067, 83441.66780428575293626636, 88738.25078157830284908414, 94197.81052420783089473844, 99820.35497206501895561814, 105605.85100551899813581258, 111554.33306996359897311777, 117665.78421079885447397828, 123940.21224052475008647889, 130377.59768666927993763238, 136977.97114543130737729371, 143741.30587205142364837229, 150667.60437431081663817167, 157756.89233853694167919457, 165009.16501186502864584327, 172424.36875788829638622701, 180002.57904004119336605072, 187743.75841021694941446185, 195647.88302482714061625302, 203715., 211945.10169188646250404418, 220338.15681975489133037627, 228894.19663338179816491902, 237613.15302659815642982721, 246495.14558430193574167788, 255540.091577941580908373, 264748.006655900739133358, 274118.92205215315334498882, 283652.8065093503100797534, 293349.57047589775174856186, 303209.39205241395393386483, 313232.18268976308172568679, 323417.94240351661574095488, 333766.67119367455597966909, 344278.36904466548003256321, 354953.00308370590209960938, 365790.63805427658371627331, 376791.24208527052542194724, 387954.84643496299395337701, 399281.41986868571257218719, 410770.96236298611620441079, 422423.40397563698934391141, 434238.88358959171455353498, 446217.33226452837698161602, 458358.75, 470663.13682744750985875726, 483130.5239657279453240335, 495760.84891484136460348964, 508554.09740925353253260255, 521510.3907273506629280746, 534629.62185655965004116297, 547911.88456995971500873566, 561357.08510162413585931063, 574965.22344464308116585016, 588736.34201162273529917002, 602670.41747451946139335632, 616767.55574690806679427624, 631027.56934622267726808786, 645450.64577156910672783852, 660036.6600081955548375845, 674785.52364923269487917423, 689697.47500454483088105917, 704772.42667098797392100096, 720010.3161563449539244175, 735411.14347563695628196001, 750975.03360549837816506624, 766701.70481984794605523348, 782591.53206876770127564669, 798644.29712881834711879492, 814860.]
time=[0., 1.]
der(hSteSym)=[0., 150.66001107063658537299, 602.64004293554160085478, 1355.94000404195821829489, 2410.56016904811622225679, 3766.49988999454262739164, 5423.76001212723622302292, 7382.33978178769575606566, 9642.24067080322492984124, 12203.4590018716044141911, 15065.99955548936850391328, 18229.85957435676027671434, 21695.04004042513770400546, 25461.54094471308053471148, 29529.35912535542229306884, 33898.49732395477622048929, 38568.96267243868351215497, 43540.73737067681213375181, 48813.83598593100032303482, 54388.26309089270944241434, 60263.99821297605376457796, 66441.06666852386842947453, 72919.43829383446427527815, 79699.13774600370379630476, 86780.1601455444615567103, 94162.5, 101846.16375011176569387317, 109831.13192875118693336844, 118117.43649783376895356923, 126705.06981690699467435479, 135593.98925991670694202185, 144784.26340514124603942037, 154275.85066818533232435584, 164068.72137551411287859082, 174162.94947195050190202892, 184558.50630397000350058079, 195255.3439005852269474417, 206253.54157317758654244244, 217553.05234919124632142484, 229153.87622873796499334276, 241055.99283395300153642893, 253259.45755396070308052003, 265764.26663444918813183904, 278570.33450410899240523577, 291677.75316816673148423433, 305086.51619995082728564739, 318796.55095885053742676973, 332807.93919183709658682346, 347120.64054990757722407579, 361734.64219808444613590837, 376650., 391866.67093395174015313387, 407384.65494278055848553777, 423203.98327603936195373535, 439324.5276509835384786129, 455746.48028013715520501137, 472469.7459840854280628264, 489494.35605599009431898594, 506820.27921699441503733397, 524447.48420287587214261293, 542375.95696841005701571703, 560605.84875011176336556673, 579137.05360624345485121012, 597969.57156601105816662312, 617103.4026294144568964839, 636538.54676724784076213837, 656274.88542415446136146784, 676312.71635754744056612253, 696651.79786656249780207872, 717292.25496423663571476936, 738234.0251795558724552393, 759477.10846960206981748343, 781021.37551698694005608559, 802867.08310341229662299156, 825014.16626411862671375275, 847462.5, 870212.2093676798976957798, 893263.1693105349550023675, 916615.50482767110224813223, 940269.0114872597623616457, 964223.9713004769291728735, 988480.24418802536092698574, 1013037.83019400970079004765, 1037896.79178877954836934805, 1063057.06645730882883071899, 1088518.43900908948853611946, 1114281.33797362539917230606, 1140345.48751452844589948654, 1166711.01265802420675754547, 1193377.91340500675141811371, 1220346.06472656829282641411, 1247615.42816808237694203854, 1275186.20378602296113967896, 1303058.35497854277491569519, 1331231.7567602966446429491, 1359706.53415958862751722336, 1388482.56213366100564599037, 1417559.91646490828134119511, 1446938.56873535970225930214, 1476618.59658039035275578499, 1506600.]
