last-generated=2024-09-13
statistics-initialization=
{
  "nonlinear": "5, 1, 1, 1",
  "numerical Jacobians": "0"
}
statistics-simulation=
{
  "linear": "0, 0, 0, 0, 0",
  "nonlinear": "1, 0, 1, 1, 1",
  "number of continuous time states": "10",
  "numerical Jacobians": "0"
}
time=[0e+00, 1e+06]
zon.T=[2.931499938964844e+02, 2.945090026855469e+02, 2.959108581542969e+02, 2.966476135253906e+02, 2.943829650878906e+02, 2.942815246582031e+02, 2.942724914550781e+02, 2.942021789550781e+02, 2.961366882324219e+02, 2.945393371582031e+02, 2.941596374511719e+02, 2.941684265136719e+02, 2.941696472167969e+02, 2.941696166992188e+02, 2.9416943359375e+02, 2.941641845703125e+02, 2.941553039550781e+02, 2.941555786132812e+02, 2.944465942382812e+02, 2.952511901855469e+02, 2.966298522949219e+02, 2.965905151367188e+02, 2.957311096191406e+02, 2.950147705078125e+02, 2.9457080078125e+02, 2.943186950683594e+02, 2.941789245605469e+02, 2.961163330078125e+02, 2.962093200683594e+02, 2.950775451660156e+02, 2.945061950683594e+02, 2.942567138671875e+02, 2.941923828125e+02, 2.967965698242188e+02, 2.955920104980469e+02, 2.946714172363281e+02, 2.942554626464844e+02, 2.965770263671875e+02, 2.942177734375e+02, 2.950230407714844e+02, 2.957950134277344e+02, 2.958896789550781e+02, 2.958044128417969e+02, 2.957069091796875e+02, 2.956026000976562e+02, 2.954913330078125e+02, 2.953826293945312e+02, 2.9577490234375e+02, 2.959232482910156e+02, 2.958971252441406e+02, 2.958112182617188e+02, 2.956844482421875e+02, 2.955550537109375e+02, 2.954230346679688e+02, 2.952865600585938e+02, 2.95341064453125e+02, 2.96151611328125e+02, 2.970870361328125e+02, 2.976220397949219e+02, 2.975180358886719e+02, 2.973818359375e+02, 2.972415771484375e+02, 2.970982666015625e+02, 2.969556579589844e+02, 2.972679443359375e+02, 2.979459228515625e+02, 2.965885620117188e+02, 2.966267700195312e+02, 2.964958190917969e+02, 2.963484802246094e+02, 2.961521301269531e+02, 2.980340881347656e+02, 2.979454650878906e+02, 2.980510559082031e+02, 2.969294738769531e+02, 2.971329956054688e+02, 2.969214172363281e+02, 2.968072204589844e+02, 2.965882568359375e+02, 2.96486083984375e+02, 2.96291015625e+02, 2.978044738769531e+02, 2.971791687011719e+02, 2.978549194335938e+02, 2.979240417480469e+02, 2.975370178222656e+02, 2.973739013671875e+02, 2.972583312988281e+02, 2.971762084960938e+02, 2.969635620117188e+02, 2.969129638671875e+02, 2.9735986328125e+02, 2.980846252441406e+02, 2.980627746582031e+02, 2.9800146484375e+02, 2.977584533691406e+02, 2.976864318847656e+02, 2.9762158203125e+02, 2.974065856933594e+02, 2.974427795410156e+02, 2.973444519042969e+02]
heaWat.u=[1e+00, 1e+00, 1e+00, 0e+00, 0e+00, 0e+00, 0e+00, 0e+00, 0e+00, 1e+00, 0e+00, 0e+00, 0e+00, 0e+00, 0e+00, 0e+00, 0e+00, 1e+00, 1e+00, 1e+00, 0e+00, 0e+00, 0e+00, 0e+00, 0e+00, 0e+00, 0e+00, 1e+00, 0e+00, 0e+00, 0e+00, 0e+00, 1e+00, 0e+00, 0e+00, 0e+00, 0e+00, 0e+00, 0e+00, 0e+00, 0e+00, 0e+00, 0e+00, 0e+00, 0e+00, 0e+00, 0e+00, 0e+00, 0e+00, 0e+00, 0e+00, 0e+00, 0e+00, 0e+00, 0e+00, 0e+00, 0e+00, 0e+00, 0e+00, 0e+00, 0e+00, 0e+00, 0e+00, 0e+00, 0e+00, 0e+00, 0e+00, 0e+00, 0e+00, 0e+00, 0e+00, 0e+00, 0e+00, 0e+00, 0e+00, 0e+00, 0e+00, 0e+00, 0e+00, 0e+00, 0e+00, 0e+00, 0e+00, 0e+00, 0e+00, 0e+00, 0e+00, 0e+00, 0e+00, 0e+00, 0e+00, 0e+00, 0e+00, 0e+00, 0e+00, 0e+00, 0e+00, 0e+00, 0e+00, 0e+00, 0e+00]
vavDam.y=[0e+00, 0e+00, 0e+00, 0e+00, 0e+00, 0e+00, 0e+00, 0e+00, 0e+00, 0e+00, 0e+00, 0e+00, 0e+00, 0e+00, 0e+00, 0e+00, 0e+00, 0e+00, 0e+00, 0e+00, 0e+00, 0e+00, 0e+00, 0e+00, 0e+00, 0e+00, 0e+00, 0e+00, 0e+00, 0e+00, 0e+00, 0e+00, 0e+00, 0e+00, 0e+00, 0e+00, 0e+00, 0e+00, 0e+00, 0e+00, 0e+00, 0e+00, 0e+00, 0e+00, 0e+00, 0e+00, 0e+00, 0e+00, 0e+00, 0e+00, 0e+00, 0e+00, 0e+00, 0e+00, 0e+00, 0e+00, 0e+00, 0e+00, 0e+00, 0e+00, 0e+00, 0e+00, 0e+00, 0e+00, 0e+00, 0e+00, 1e+00, 1e+00, 1e+00, 1e+00, 1e+00, 0e+00, 0e+00, 0e+00, 1e+00, 1e+00, 1e+00, 1e+00, 1e+00, 1e+00, 1e+00, 0e+00, 1e+00, 1e+00, 1e+00, 1e+00, 1e+00, 1e+00, 1e+00, 1e+00, 1e+00, 1e+00, 1e+00, 1e+00, 1e+00, 1e+00, 1e+00, 1e+00, 1e+00, 1e+00, 1e+00]
TFanIn.T=[2.770499877929688e+02, 2.78218505859375e+02, 2.792304077148438e+02, 2.800378112792969e+02, 2.813609313964844e+02, 2.831529541015625e+02, 2.831612548828125e+02, 2.827702026367188e+02, 2.840494995117188e+02, 2.818946533203125e+02, 2.821611633300781e+02, 2.832574462890625e+02, 2.837598266601562e+02, 2.845097961425781e+02, 2.833521423339844e+02, 2.834744567871094e+02, 2.843353271484375e+02, 2.836528015136719e+02, 2.837983093261719e+02, 2.837727966308594e+02, 2.8321728515625e+02, 2.827474365234375e+02, 2.830405578613281e+02, 2.82682373046875e+02, 2.824603881835938e+02, 2.823343505859375e+02, 2.822644653320312e+02, 2.83233154296875e+02, 2.830296630859375e+02, 2.828786926269531e+02, 2.830727233886719e+02, 2.833859252929688e+02, 2.823443908691406e+02, 2.824112854003906e+02, 2.816265563964844e+02, 2.803559265136719e+02, 2.792527160644531e+02, 2.773438110351562e+02, 2.773297424316406e+02, 2.803698425292969e+02, 2.825979309082031e+02, 2.820531616210938e+02, 2.807605285644531e+02, 2.797340087890625e+02, 2.787347106933594e+02, 2.773706665039062e+02, 2.76779541015625e+02, 2.781180114746094e+02, 2.787908630371094e+02, 2.7836474609375e+02, 2.759574584960938e+02, 2.751668701171875e+02, 2.749096984863281e+02, 2.742198486328125e+02, 2.731182861328125e+02, 2.747657470703125e+02, 2.774591674804688e+02, 2.786471862792969e+02, 2.772784118652344e+02, 2.762162170410156e+02, 2.754972839355469e+02, 2.746457824707031e+02, 2.745362854003906e+02, 2.742028198242188e+02, 2.777457580566406e+02, 2.799335632324219e+02, 2.91679443359375e+02, 2.916052551269531e+02, 2.91651611328125e+02, 2.915570373535156e+02, 2.914043273925781e+02, 2.814420471191406e+02, 2.816477355957031e+02, 2.840585021972656e+02, 2.935677185058594e+02, 2.937244567871094e+02, 2.933619689941406e+02, 2.932686462402344e+02, 2.929075317382812e+02, 2.929350891113281e+02, 2.925217895507812e+02, 2.8492724609375e+02, 2.938133239746094e+02, 2.9441015625e+02, 2.939579467773438e+02, 2.931146545410156e+02, 2.930003051757812e+02, 2.930945739746094e+02, 2.931203308105469e+02, 2.927986145019531e+02, 2.930185241699219e+02, 2.939835510253906e+02, 2.949127807617188e+02, 2.946847839355469e+02, 2.94760986328125e+02, 2.942411193847656e+02, 2.944241333007812e+02, 2.943677062988281e+02, 2.939557495117188e+02, 2.942188415527344e+02, 2.942054138183594e+02]
TFanOut.T=[2.770499877929688e+02, 2.78218505859375e+02, 2.792304077148438e+02, 2.800378112792969e+02, 2.813609313964844e+02, 2.831529541015625e+02, 2.831612548828125e+02, 2.827702026367188e+02, 2.840494995117188e+02, 2.818946533203125e+02, 2.821611633300781e+02, 2.832574462890625e+02, 2.837598266601562e+02, 2.845097961425781e+02, 2.833521423339844e+02, 2.834744567871094e+02, 2.843353271484375e+02, 2.836528015136719e+02, 2.837983093261719e+02, 2.837727966308594e+02, 2.8321728515625e+02, 2.827474365234375e+02, 2.830405578613281e+02, 2.82682373046875e+02, 2.824603881835938e+02, 2.823343505859375e+02, 2.822644653320312e+02, 2.83233154296875e+02, 2.830296630859375e+02, 2.828786926269531e+02, 2.830727233886719e+02, 2.833859252929688e+02, 2.823443908691406e+02, 2.824112854003906e+02, 2.816265563964844e+02, 2.803559265136719e+02, 2.792527160644531e+02, 2.773438110351562e+02, 2.773297424316406e+02, 2.803698425292969e+02, 2.825979309082031e+02, 2.820531616210938e+02, 2.807605285644531e+02, 2.797340087890625e+02, 2.787347106933594e+02, 2.773706665039062e+02, 2.76779541015625e+02, 2.781180114746094e+02, 2.787908630371094e+02, 2.7836474609375e+02, 2.759574584960938e+02, 2.751668701171875e+02, 2.749096984863281e+02, 2.742198486328125e+02, 2.731182861328125e+02, 2.747657470703125e+02, 2.774591674804688e+02, 2.786471862792969e+02, 2.772784118652344e+02, 2.762162170410156e+02, 2.754972839355469e+02, 2.746457824707031e+02, 2.745362854003906e+02, 2.742028198242188e+02, 2.777457580566406e+02, 2.799335632324219e+02, 2.920190124511719e+02, 2.919448547363281e+02, 2.919912109375e+02, 2.918966369628906e+02, 2.91743896484375e+02, 2.814420471191406e+02, 2.816477355957031e+02, 2.840585021972656e+02, 2.939072875976562e+02, 2.940640258789062e+02, 2.937015380859375e+02, 2.936082153320312e+02, 2.932471008300781e+02, 2.93274658203125e+02, 2.928613586425781e+02, 2.8492724609375e+02, 2.941529235839844e+02, 2.947497253417969e+02, 2.942975158691406e+02, 2.934542236328125e+02, 2.933398742675781e+02, 2.934341430664062e+02, 2.934599304199219e+02, 2.9313818359375e+02, 2.933580932617188e+02, 2.943231201171875e+02, 2.952523498535156e+02, 2.950243835449219e+02, 2.951005554199219e+02, 2.945806884765625e+02, 2.947637023925781e+02, 2.94707275390625e+02, 2.942953491210938e+02, 2.945584411621094e+02, 2.945449829101562e+02]
