last-generated=2023-07-31
statistics-simulation=
{
  "linear": " ",
  "nonlinear": " ",
  "numerical Jacobians": "0"
}
time=[0e+00, 1e+02]
ySet=[1e+00, 1e+00, 1e+00, 1e+00, 1e+00, 1e+00, 1e+00, 1e+00, 1e+00, 1e+00, 1e+00, 1e+00, 1e+00, 1e+00, 1e+00, 1e+00, 1e+00, 1e+00, 1e+00, 1e+00, 1e+00, 1e+00, 1e+00, 1e+00, 1e+00, 1e+00, 0e+00, 0e+00, 0e+00, 0e+00, 0e+00, 0e+00, 0e+00, 0e+00, 0e+00, 0e+00, 0e+00, 0e+00, 0e+00, 0e+00, 0e+00, 0e+00, 0e+00, 0e+00, 0e+00, 0e+00, 0e+00, 0e+00, 0e+00, 0e+00, 0e+00, 1e+00, 1e+00, 1e+00, 1e+00, 1e+00, 1e+00, 1e+00, 1e+00, 1e+00, 1e+00, 1e+00, 1e+00, 1e+00, 1e+00, 1e+00, 1e+00, 1e+00, 1e+00, 1e+00, 1e+00, 1e+00, 1e+00, 1e+00, 1e+00, 1e+00, 0e+00, 0e+00, 0e+00, 0e+00, 0e+00, 0e+00, 0e+00, 0e+00, 0e+00, 0e+00, 0e+00, 0e+00, 0e+00, 0e+00, 0e+00, 0e+00, 0e+00, 0e+00, 0e+00, 0e+00, 0e+00, 0e+00, 0e+00, 0e+00, 0e+00]
yOut=[0e+00, 0e+00, 0e+00, 0e+00, 0e+00, 0e+00, 0e+00, 0e+00, 0e+00, 0e+00, 0e+00, 1e+00, 1e+00, 1e+00, 1e+00, 1e+00, 0e+00, 0e+00, 0e+00, 0e+00, 0e+00, 0e+00, 0e+00, 0e+00, 0e+00, 0e+00, 0e+00, 0e+00, 0e+00, 0e+00, 0e+00, 0e+00, 0e+00, 0e+00, 0e+00, 0e+00, 0e+00, 0e+00, 0e+00, 0e+00, 0e+00, 0e+00, 0e+00, 0e+00, 0e+00, 0e+00, 0e+00, 0e+00, 0e+00, 0e+00, 0e+00, 0e+00, 0e+00, 1e+00, 1e+00, 1e+00, 1e+00, 1e+00, 1e+00, 1e+00, 1e+00, 0e+00, 0e+00, 0e+00, 0e+00, 0e+00, 0e+00, 0e+00, 0e+00, 0e+00, 0e+00, 1e+00, 1e+00, 1e+00, 1e+00, 1e+00, 0e+00, 0e+00, 0e+00, 0e+00, 0e+00, 0e+00, 0e+00, 0e+00, 0e+00, 0e+00, 0e+00, 0e+00, 0e+00, 0e+00, 0e+00, 0e+00, 0e+00, 0e+00, 0e+00, 0e+00, 0e+00, 0e+00, 0e+00, 0e+00, 0e+00]
antFre.sigBus.TConInMea=[2.731499938964844e+02, 2.731499938964844e+02, 2.731499938964844e+02, 2.731499938964844e+02, 2.731499938964844e+02, 2.731499938964844e+02, 2.731499938964844e+02, 2.731499938964844e+02, 2.731499938964844e+02, 2.731499938964844e+02, 2.731499938964844e+02, 2.831499938964844e+02, 2.831499938964844e+02, 2.831499938964844e+02, 2.831499938964844e+02, 2.831499938964844e+02, 2.831499938964844e+02, 2.831499938964844e+02, 2.831499938964844e+02, 2.831499938964844e+02, 2.831499938964844e+02, 2.731499938964844e+02, 2.731499938964844e+02, 2.731499938964844e+02, 2.731499938964844e+02, 2.731499938964844e+02, 2.731499938964844e+02, 2.731499938964844e+02, 2.731499938964844e+02, 2.731499938964844e+02, 2.731499938964844e+02, 2.831499938964844e+02, 2.831499938964844e+02, 2.831499938964844e+02, 2.831499938964844e+02, 2.831499938964844e+02, 2.831499938964844e+02, 2.831499938964844e+02, 2.831499938964844e+02, 2.831499938964844e+02, 2.831499938964844e+02, 2.731499938964844e+02, 2.731499938964844e+02, 2.731499938964844e+02, 2.731499938964844e+02, 2.731499938964844e+02, 2.731499938964844e+02, 2.731499938964844e+02, 2.731499938964844e+02, 2.731499938964844e+02, 2.731499938964844e+02, 2.831499938964844e+02, 2.831499938964844e+02, 2.831499938964844e+02, 2.831499938964844e+02, 2.831499938964844e+02, 2.831499938964844e+02, 2.831499938964844e+02, 2.831499938964844e+02, 2.831499938964844e+02, 2.831499938964844e+02, 2.731499938964844e+02, 2.731499938964844e+02, 2.731499938964844e+02, 2.731499938964844e+02, 2.731499938964844e+02, 2.731499938964844e+02, 2.731499938964844e+02, 2.731499938964844e+02, 2.731499938964844e+02, 2.731499938964844e+02, 2.831499938964844e+02, 2.831499938964844e+02, 2.831499938964844e+02, 2.831499938964844e+02, 2.831499938964844e+02, 2.831499938964844e+02, 2.831499938964844e+02, 2.831499938964844e+02, 2.831499938964844e+02, 2.831499938964844e+02, 2.731499938964844e+02, 2.731499938964844e+02, 2.731499938964844e+02, 2.731499938964844e+02, 2.731499938964844e+02, 2.731499938964844e+02, 2.731499938964844e+02, 2.731499938964844e+02, 2.731499938964844e+02, 2.731499938964844e+02, 2.831499938964844e+02, 2.831499938964844e+02, 2.831499938964844e+02, 2.831499938964844e+02, 2.831499938964844e+02, 2.831499938964844e+02, 2.831499938964844e+02, 2.831499938964844e+02, 2.831499938964844e+02, 2.831499938964844e+02]
antFre.sigBus.TEvaOutMea=[2.731499938964844e+02, 2.731499938964844e+02, 2.731499938964844e+02, 2.731499938964844e+02, 2.731499938964844e+02, 2.731499938964844e+02, 2.731499938964844e+02, 2.731499938964844e+02, 2.831499938964844e+02, 2.831499938964844e+02, 2.831499938964844e+02, 2.831499938964844e+02, 2.831499938964844e+02, 2.831499938964844e+02, 2.831499938964844e+02, 2.831499938964844e+02, 2.731499938964844e+02, 2.731499938964844e+02, 2.731499938964844e+02, 2.731499938964844e+02, 2.731499938964844e+02, 2.731499938964844e+02, 2.731499938964844e+02, 2.831499938964844e+02, 2.831499938964844e+02, 2.831499938964844e+02, 2.831499938964844e+02, 2.831499938964844e+02, 2.831499938964844e+02, 2.831499938964844e+02, 2.831499938964844e+02, 2.731499938964844e+02, 2.731499938964844e+02, 2.731499938964844e+02, 2.731499938964844e+02, 2.731499938964844e+02, 2.731499938964844e+02, 2.731499938964844e+02, 2.831499938964844e+02, 2.831499938964844e+02, 2.831499938964844e+02, 2.831499938964844e+02, 2.831499938964844e+02, 2.831499938964844e+02, 2.831499938964844e+02, 2.831499938964844e+02, 2.731499938964844e+02, 2.731499938964844e+02, 2.731499938964844e+02, 2.731499938964844e+02, 2.731499938964844e+02, 2.731499938964844e+02, 2.731499938964844e+02, 2.831499938964844e+02, 2.831499938964844e+02, 2.831499938964844e+02, 2.831499938964844e+02, 2.831499938964844e+02, 2.831499938964844e+02, 2.831499938964844e+02, 2.831499938964844e+02, 2.731499938964844e+02, 2.731499938964844e+02, 2.731499938964844e+02, 2.731499938964844e+02, 2.731499938964844e+02, 2.731499938964844e+02, 2.731499938964844e+02, 2.831499938964844e+02, 2.831499938964844e+02, 2.831499938964844e+02, 2.831499938964844e+02, 2.831499938964844e+02, 2.831499938964844e+02, 2.831499938964844e+02, 2.831499938964844e+02, 2.731499938964844e+02, 2.731499938964844e+02, 2.731499938964844e+02, 2.731499938964844e+02, 2.731499938964844e+02, 2.731499938964844e+02, 2.731499938964844e+02, 2.831499938964844e+02, 2.831499938964844e+02, 2.831499938964844e+02, 2.831499938964844e+02, 2.831499938964844e+02, 2.831499938964844e+02, 2.831499938964844e+02, 2.831499938964844e+02, 2.731499938964844e+02, 2.731499938964844e+02, 2.731499938964844e+02, 2.731499938964844e+02, 2.731499938964844e+02, 2.731499938964844e+02, 2.731499938964844e+02, 2.831499938964844e+02, 2.831499938964844e+02, 2.831499938964844e+02]
antFre.TAntFre=[2.761499938964844e+02, 2.761499938964844e+02]
