last-generated=2018-07-13
statistics-simulation=
{
  "linear": " ",
  "nonlinear": " ",
  "numerical Jacobians": "0"
}
offTim1.y=[0e+00, 1e-02, 2e-02, 3e-02, 4e-02, 5e-02, 6e-02, 7.000000000000001e-02, 8e-02, 9e-02, 1e-01, 1.000000037252792e-02, 2.000000223516918e-02, 3.000000409781489e-02, 3.9999998509885e-02, 4.999999478460468e-02, 6.000000223516752e-02, 6.999999850989055e-02, 7.999999105932992e-02, 9.00000059604556e-02, 9.999999850988389e-02, 1.100000059604645e-01, 1.199999985098839e-01, 1.299999910593344e-01, 1.400000059604645e-01, 1.500000059604645e-01, 1.600000059604645e-01, 1.699999910593033e-01, 1.800000059604645e-01, 1.900000059604645e-01, 1.999999910593033e-01, 9.99999739230234e-03, 2.000000670550922e-02, 2.999998621646255e-02, 3.999999552965833e-02, 5.000000670551141e-02, 5.999998435380738e-02, 6.99999955296694e-02, 8.000000298023224e-02, 9.000001788134016e-02, 9.999999552965166e-02, 1.100000029802322e-01, 1.200000104308128e-01, 1.299999880791243e-01, 1.400000029802322e-01, 1.500000178813046e-01, 1.599999880791332e-01, 1.700000029802322e-01, 1.800000178813135e-01, 1.89999988079071e-01, 2.000000029802322e-01, 1.000000931306589e-02, 2.000001862613177e-02, 3.00000279392243e-02, 3.999997764861795e-02, 4.999998882432899e-02, 5.999999627467867e-02, 7.000000745044732e-02, 8.000001490091246e-02, 9.000002980183387e-02, 9.999997764861346e-02, 1.099999850991052e-01, 1.199999925495082e-01, 1.29999999999929e-01, 1.40000014900948e-01, 1.500000298017895e-01, 1.599999701982638e-01, 1.699999850990875e-01, 1.800000000001066e-01, 1.900000000000355e-01, 1.999988228282302e-01, 1.000002123379496e-02, 1.999997094321525e-02, 2.99999802562989e-02, 3.999998956934703e-02, 5.000000074505806e-02, 6.000000819547879e-02, 7.00000193711543e-02, 8.000002682166386e-02, 8.999998211892635e-02, 9.999998956936484e-02, 1.099999970197412e-01, 1.200000044702417e-01, 1.300000119206802e-01, 1.400000268216993e-01, 1.499999821189618e-01, 1.599999821189263e-01, 1.699999970198388e-01, 1.800000119208224e-01, 1.900000119207158e-01, 1.999976426762171e-01, 9.999973550890766e-03, 1.999998286394444e-02, 2.999999217701698e-02, 4.000000149014715e-02, 5.000001266578713e-02, 6.000002011620787e-02, 6.99999716883266e-02, 7.999997913872958e-02, 8.999999403967762e-02, 1.000000014901161e-01]
offTim1.u=[1e+00, 1e+00, 1e+00, 1e+00, 1e+00, 1e+00, 1e+00, 1e+00, 1e+00, 1e+00, 1e+00, 0e+00, 0e+00, 0e+00, 0e+00, 0e+00, 0e+00, 0e+00, 0e+00, 0e+00, 0e+00, 1e+00, 1e+00, 1e+00, 1e+00, 1e+00, 1e+00, 1e+00, 1e+00, 1e+00, 1e+00, 0e+00, 0e+00, 0e+00, 0e+00, 0e+00, 0e+00, 0e+00, 0e+00, 0e+00, 0e+00, 1e+00, 1e+00, 1e+00, 1e+00, 1e+00, 1e+00, 1e+00, 1e+00, 1e+00, 1e+00, 0e+00, 0e+00, 0e+00, 0e+00, 0e+00, 0e+00, 0e+00, 0e+00, 0e+00, 0e+00, 1e+00, 1e+00, 1e+00, 1e+00, 1e+00, 1e+00, 1e+00, 1e+00, 1e+00, 9.999940396364401e-01, 0e+00, 0e+00, 0e+00, 0e+00, 0e+00, 0e+00, 0e+00, 0e+00, 0e+00, 0e+00, 1e+00, 1e+00, 1e+00, 1e+00, 1e+00, 1e+00, 1e+00, 1e+00, 1e+00, 9.999880792728245e-01, 0e+00, 0e+00, 0e+00, 0e+00, 0e+00, 0e+00, 0e+00, 0e+00, 0e+00, 0e+00]
time=[0e+00, 1e+00]
offTim2.u=[0e+00, 0e+00, 0e+00, 0e+00, 0e+00, 0e+00, 0e+00, 0e+00, 0e+00, 0e+00, 0e+00, 1e+00, 1e+00, 1e+00, 1e+00, 1e+00, 1e+00, 1e+00, 1e+00, 1e+00, 1e+00, 0e+00, 0e+00, 0e+00, 0e+00, 0e+00, 0e+00, 0e+00, 0e+00, 0e+00, 0e+00, 1e+00, 1e+00, 1e+00, 1e+00, 1e+00, 1e+00, 1e+00, 1e+00, 1e+00, 1e+00, 0e+00, 0e+00, 0e+00, 0e+00, 0e+00, 0e+00, 0e+00, 0e+00, 0e+00, 0e+00, 1e+00, 1e+00, 1e+00, 1e+00, 1e+00, 1e+00, 1e+00, 1e+00, 1e+00, 1e+00, 0e+00, 0e+00, 0e+00, 0e+00, 0e+00, 0e+00, 0e+00, 0e+00, 0e+00, 5.960363559974428e-06, 1e+00, 1e+00, 1e+00, 1e+00, 1e+00, 1e+00, 1e+00, 1e+00, 1e+00, 1e+00, 0e+00, 0e+00, 0e+00, 0e+00, 0e+00, 0e+00, 0e+00, 0e+00, 0e+00, 1.192072717545907e-05, 1e+00, 1e+00, 1e+00, 1e+00, 1e+00, 1e+00, 1e+00, 1e+00, 1e+00, 1e+00]
offTim2.y=[0e+00, 1e-02, 2e-02, 3e-02, 4e-02, 5e-02, 6e-02, 7.000000000000001e-02, 8e-02, 9e-02, 1e-01, 1.1e-01, 1.2e-01, 1.3e-01, 1.4e-01, 1.5e-01, 1.6e-01, 1.7e-01, 1.8e-01, 1.9e-01, 2e-01, 1.000000633298129e-02, 2.000000074505584e-02, 2.999999515713428e-02, 4.000000447033836e-02, 5.000000074505806e-02, 6.00000081956209e-02, 6.999998956922715e-02, 7.999999701977223e-02, 9.000001192089785e-02, 9.999998956918715e-02, 1.099999970197766e-01, 1.200000044703484e-01, 1.299999821187043e-01, 1.399999970197678e-01, 1.500000119208845e-01, 1.599999821187131e-01, 1.699999970197678e-01, 1.800000119208934e-01, 1.90000011920929e-01, 1.999999970197678e-01, 1.000000335275458e-02, 2.000001266596257e-02, 2.999999217691035e-02, 4.000000149011168e-02, 5.000001266596482e-02, 5.999999031426079e-02, 7.000000149011165e-02, 8.00000089406967e-02, 8.999999403953551e-02, 1.000000014901161e-01, 1.100000089405546e-01, 1.200000163909931e-01, 1.300000238414316e-01, 1.399999791386941e-01, 1.499999940397132e-01, 1.599999940395178e-01, 1.700000089405901e-01, 1.800000238414848e-01, 1.900000238414671e-01, 1.999999791387296e-01, 9.999985471614289e-03, 1.999999478467351e-02, 3.000000409774384e-02, 4.000001341080529e-02, 5.000002458651632e-02, 5.999997243329146e-02, 6.999998360903359e-02, 7.999999105943656e-02, 9.000000596049107e-02, 1.00000013410823e-01, 1.100000208613059e-01, 1.199999687080944e-01, 1.299999761585684e-01, 1.399999910594454e-01, 1.500000059604645e-01, 1.600000059603224e-01, 1.700000208613415e-01, 1.800000357621474e-01, 1.899999761584619e-01, 1.99999991059481e-01, 9.999997392266868e-03, 2.000000670540259e-02, 3.000001601848401e-02, 4.000002533153436e-02, 4.99999769035998e-02, 5.999998435402053e-02, 6.999999552974046e-02, 8.000000298016119e-02, 9.000001788112699e-02, 1.0000002533153e-01, 1.099999731783984e-01, 1.199999806288014e-01, 1.29999988079231e-01, 1.400000029802677e-01, 1.500000178811269e-01, 1.600000178810737e-01, 1.699999731783362e-01, 1.799999880793552e-01, 1.899999880792131e-01, 2.000000029802322e-01]
