last-generated=2017-06-22
statistics-initialization=
{
  "numerical Jacobians": "0", 
  "nonlinear": "15, 15, 15, 15, 15, 15, 2", 
  "linear": "0"
}
statistics-simulation=
{
  "numerical Jacobians": "0", 
  "nonlinear": "1, 2, 12, 12, 12, 12, 12, 12", 
  "number of continuous time states": "203", 
  "linear": "0, 0, 0, 0, 0, 0, 0, 0, 6, 0, 0, 0, 0, 0, 0, 0, 0, 0, 0, 0, 0"
}
weaDat.weaBus.TDryBul=[2.609500122070312e+02, 2.612774658203125e+02, 2.621011047363281e+02, 2.625499877929688e+02, 2.625499877929688e+02, 2.634906005859375e+02, 2.665859985351562e+02, 2.694419860839844e+02, 2.715532531738281e+02, 2.720499877929688e+02, 2.720499877929688e+02, 2.711899108886719e+02, 2.720211181640625e+02, 2.720336303710938e+02, 2.714474182128906e+02, 2.693314514160156e+02, 2.698616027832031e+02, 2.713856811523438e+02, 2.721641845703125e+02, 2.72510986328125e+02, 2.73510009765625e+02, 2.748500061035156e+02, 2.748500061035156e+02, 2.725921325683594e+02, 2.73848876953125e+02, 2.725499877929688e+02, 2.740790100097656e+02, 2.75053955078125e+02, 2.731499938964844e+02, 2.731499938964844e+02, 2.733664245605469e+02, 2.7306201171875e+02, 2.712139892578125e+02, 2.697578430175781e+02, 2.687122497558594e+02, 2.691380004882812e+02, 2.701607055664062e+02, 2.703500061035156e+02, 2.703500061035156e+02, 2.703500061035156e+02, 2.703500061035156e+02, 2.703500061035156e+02, 2.703500061035156e+02, 2.703500061035156e+02, 2.703500061035156e+02, 2.700260009765625e+02, 2.698500061035156e+02, 2.703376159667969e+02, 2.707337341308594e+02, 2.714786071777344e+02, 2.720499877929688e+02, 2.726159973144531e+02, 2.7205712890625e+02, 2.703059997558594e+02, 2.684580078125e+02, 2.684077453613281e+02, 2.6806201171875e+02, 2.662139892578125e+02, 2.661690368652344e+02, 2.658251953125e+02, 2.615640869140625e+02, 2.582152099609375e+02, 2.592766723632812e+02, 2.610854797363281e+02, 2.64716796875e+02, 2.666700134277344e+02, 2.690650634765625e+02, 2.692225952148438e+02, 2.680060119628906e+02, 2.665409545898438e+02, 2.646900024414062e+02, 2.639419860839844e+02, 2.62093994140625e+02, 2.614129638671875e+02, 2.591625671386719e+02, 2.5875e+02, 2.582370910644531e+02, 2.594412841796875e+02, 2.609939880371094e+02, 2.616118469238281e+02, 2.618193054199219e+02, 2.608738708496093e+02, 2.578509826660156e+02, 2.558468933105469e+02, 2.543108673095703e+02, 2.552683868408203e+02, 2.542709197998047e+02, 2.536540069580078e+02, 2.5264599609375e+02, 2.515209808349609e+02, 2.503481140136719e+02, 2.545215454101562e+02, 2.581070861816406e+02, 2.589879760742188e+02, 2.603697204589844e+02, 2.595094604492188e+02, 2.568208923339844e+02, 2.548866882324219e+02, 2.541324615478516e+02, 2.532756500244141e+02, 2.531499938964844e+02]
time=[0e+00, 6.048e+05]
weaDat.weaBus.HDirNor=[9.999999747378752e-05, 9.999999747378752e-05, 9.999999747378752e-05, 9.999999747378752e-05, 4.790056943893433e-01, 3.686282958984375e+02, 6.625081787109375e+02, 4.312069091796866e+02, 5.411502075195312e+01, 5.657868957519531e+01, 9.999999747378752e-05, 9.999999747378752e-05, 9.999999747378752e-05, 9.999999747378752e-05, 9.999999747378752e-05, 9.999999747378752e-05, 9.999999747378752e-05, 9.999999747378752e-05, 9.999999747378752e-05, 1.905120015144348e+00, 9.585999846458435e-01, 1.779999971389771e+00, 1.813752055168152e+00, 9.999999747378752e-05, 9.999999747378752e-05, 9.999999747378752e-05, 9.999999747378752e-05, 9.999999747378752e-05, 9.999999747378752e-05, 9.999999747378752e-05, 9.999999747378752e-05, 9.999999747378752e-05, 9.999999747378752e-05, 9.999999747378752e-05, 3.721466660499488e-01, 2.894999980926514e-01, 1e+00, 1e+00, 7.318080067634583e-01, 9.999999747378752e-05, 9.999999747378752e-05, 9.999999747378752e-05, 9.999999747378752e-05, 9.999999747378752e-05, 9.999999747378752e-05, 9.999999747378752e-05, 9.999999747378752e-05, 9.999999747378752e-05, 5.331199988722801e-02, 1e+00, 5.416666865348816e-01, 8.741199970245361e-01, 9.999999747378752e-05, 9.999999747378752e-05, 9.999999747378752e-05, 9.999999747378752e-05, 9.999999747378752e-05, 9.999999747378752e-05, 9.999999747378752e-05, 9.999999747378752e-05, 9.999999747378752e-05, 9.999999747378752e-05, 2.880619812011719e+02, 7.751649169921875e+02, 8.5933056640625e+02, 7.74879638671875e+02, 4.252257690429688e+02, 5.739785385131836e+01, 9.999999747378752e-05, 9.999999747378752e-05, 9.999999747378752e-05, 9.999999747378752e-05, 9.999999747378752e-05, 9.999999747378752e-05, 9.999999747378752e-05, 9.999999747378752e-05, 8.404290771484375e+01, 6.168316650390625e+02, 2.696745910644531e+02, 7.800930023193359e+01, 9.641504669189453e+01, 6.644139099121031e+01, 9.999999750276434e-05, 9.999999747378752e-05, 9.999999747378752e-05, 9.999999747378752e-05, 9.999999747378752e-05, 9.999999747378752e-05, 9.999999747378752e-05, 9.999999747378752e-05, 1.037647857666016e+02, 7.07604736328125e+02, 8.80940673828125e+02, 9.020025024414062e+02, 8.423399658203125e+02, 5.655880126953125e+02, 8.352803230285645e+00, 9.999999747378752e-05, 9.999999747378752e-05, 9.999999747378752e-05, 9.999999747378752e-05]
weaDat.weaBus.HGloHor=[9.999999747378752e-05, 9.999999747378752e-05, 9.999999747378752e-05, 9.999999747378752e-05, 9.999999747378752e-05, 1.025815353393555e+02, 3.044623718261719e+02, 3.372630615234372e+02, 1.835730590820312e+02, 7.442298889160156e+01, 2.312187433242798e+00, 9.999999747378752e-05, 9.999999747378752e-05, 9.999999747378752e-05, 9.999999747378752e-05, 9.999999747378752e-05, 9.999999747378752e-05, 9.999999747378752e-05, 9.999999747378752e-05, 1.92087574005127e+01, 1.262883834838867e+02, 1.684425354003906e+02, 1.800178680419922e+02, 1.135551300048828e+02, 1.464144802093506e+01, 9.999999747378752e-05, 9.999999747378752e-05, 9.999999747378752e-05, 9.999999747378752e-05, 9.999999747378752e-05, 9.999999747378752e-05, 9.999999747378752e-05, 9.999999747378752e-05, 1.767200088500977e+01, 1.347597351074226e+02, 2.175667419433594e+02, 2.160484008789062e+02, 1.723790588378906e+02, 5.32529296875e+01, 9.999999747378752e-05, 9.999999747378752e-05, 9.999999747378752e-05, 9.999999747378752e-05, 9.999999747378752e-05, 9.999999747378752e-05, 9.999999747378752e-05, 9.999999747378752e-05, 2.804630994796753e+00, 8.430634307861328e+01, 1.744434356689453e+02, 1.952538757324219e+02, 1.509707641601562e+02, 6.984014129638672e+01, 3.095707893371582e+00, 9.999999747378752e-05, 9.999999747378752e-05, 9.999999747378752e-05, 9.999999747378752e-05, 9.999999747378752e-05, 9.999999747378752e-05, 9.999999747378752e-05, 9.999999747378752e-05, 8.068932342529297e+01, 3.121475524902344e+02, 4.365852966308594e+02, 3.753271484375e+02, 1.862212524414062e+02, 1.553165531158447e+01, 9.999999747378752e-05, 9.999999747378752e-05, 9.999999747378752e-05, 9.999999747378752e-05, 9.999999747378752e-05, 9.999999747378752e-05, 9.999999747378752e-05, 9.999999747378752e-05, 3.503750610351562e+01, 2.373762969970703e+02, 2.670227966308594e+02, 2.172436370849609e+02, 1.543636322021484e+02, 4.700918960571176e+01, 9.999999747595245e-05, 9.999999747378752e-05, 9.999999747378752e-05, 9.999999747378752e-05, 9.999999747378752e-05, 9.999999747378752e-05, 9.999999747378752e-05, 9.999999747378752e-05, 1.274240970611572e+01, 1.940768432617188e+02, 3.971203918457031e+02, 4.48487060546875e+02, 3.378170471191406e+02, 1.110259704589844e+02, 1.055006146430969e+00, 9.999999747378752e-05, 9.999999747378752e-05, 9.999999747378752e-05, 9.999999747378752e-05]
roo.theZon[1, 1].roo.heaPorAir.T=[2.931499938964844e+02, 2.87611083984375e+02, 2.866878051757812e+02, 2.859101257324219e+02, 2.862046813964844e+02, 2.935639343261719e+02, 2.931654663085938e+02, 2.936518249511719e+02, 2.93151611328125e+02, 2.931398315429688e+02, 2.931413269042969e+02, 2.920991821289062e+02, 2.904007873535156e+02, 2.898128051757812e+02, 2.891104431152344e+02, 2.88288818359375e+02, 2.877625122070312e+02, 2.873855285644531e+02, 2.870978088378906e+02, 2.861509704589844e+02, 2.931808776855469e+02, 2.93160888671875e+02, 2.931680297851562e+02, 2.931487731933594e+02, 2.931446533203125e+02, 2.931512756347656e+02, 2.889905395507812e+02, 2.884698486328125e+02, 2.879726867675781e+02, 2.874172973632812e+02, 2.8695849609375e+02, 2.885097961425781e+02, 2.874457092285156e+02, 2.873708801269531e+02, 2.931985168457031e+02, 2.931623229980469e+02, 2.931585388183594e+02, 2.931472778320312e+02, 2.931447143554688e+02, 2.931479187011719e+02, 2.885177612304688e+02, 2.875723266601562e+02, 2.869198913574219e+02, 2.870340576171875e+02, 2.866178588867188e+02, 2.867662963867188e+02, 2.8723876953125e+02, 2.872542419433594e+02, 2.935430297851562e+02, 2.931747741699219e+02, 2.9315869140625e+02, 2.931501770019531e+02, 2.931440734863281e+02, 2.931387329101562e+02, 2.884193420410156e+02, 2.868378601074219e+02, 2.878648681640625e+02, 2.873284606933594e+02, 2.869526977539062e+02, 2.867255249023438e+02, 2.86147216796875e+02, 2.8614794921875e+02, 2.907043151855469e+02, 2.932834777832031e+02, 2.9392236328125e+02, 2.957135620117188e+02, 2.949884948730469e+02, 2.931454772949219e+02, 2.938310852050781e+02, 2.911127624511719e+02, 2.899190673828125e+02, 2.88969482421875e+02, 2.878976440429688e+02, 2.869989013671875e+02, 2.875379638671875e+02, 2.869745788574219e+02, 2.860032043457031e+02, 2.932131652832031e+02, 2.931234741210938e+02, 2.931217651367188e+02, 2.931633911132812e+02, 2.931283264160156e+02, 2.931393127441406e+02, 2.874704895019531e+02, 2.872189025878906e+02, 2.868634643554688e+02, 2.861533813476562e+02, 2.861488342285156e+02, 2.861472473144531e+02, 2.861458435058594e+02, 2.861570739746094e+02, 2.934715576171875e+02, 2.931532287597656e+02, 2.948388977050781e+02, 2.960989990234375e+02, 2.949227905273438e+02, 2.931271362304688e+02, 2.910930786132812e+02, 2.894958190917969e+02, 2.881400146484375e+02, 2.870922546386719e+02]
roo.theZon[2, 1].roo.heaPorAir.T=[2.931499938964844e+02, 2.874525756835938e+02, 2.864919738769531e+02, 2.856846618652344e+02, 2.860497131347656e+02, 2.932751770019531e+02, 2.933689880371094e+02, 2.9314013671875e+02, 2.929522705078125e+02, 2.931367492675781e+02, 2.931411743164062e+02, 2.907559509277344e+02, 2.896345520019531e+02, 2.89070556640625e+02, 2.883711547851562e+02, 2.875424194335938e+02, 2.870091552734375e+02, 2.86622314453125e+02, 2.863266296386719e+02, 2.862129211425781e+02, 2.932022399902344e+02, 2.931679077148438e+02, 2.931479187011719e+02, 2.931488647460938e+02, 2.931383666992188e+02, 2.930547790527344e+02, 2.8788720703125e+02, 2.874182739257812e+02, 2.869222412109375e+02, 2.863748474121094e+02, 2.859223327636719e+02, 2.881843872070312e+02, 2.872522583007812e+02, 2.870405883789062e+02, 2.932947692871094e+02, 2.931691589355469e+02, 2.931610717773438e+02, 2.9314892578125e+02, 2.931402587890625e+02, 2.93146484375e+02, 2.873095703125e+02, 2.864482421875e+02, 2.858175964355469e+02, 2.872949829101562e+02, 2.858272399902344e+02, 2.868743286132812e+02, 2.869164428710938e+02, 2.869228820800781e+02, 2.930321044921875e+02, 2.931944580078125e+02, 2.931608581542969e+02, 2.931493225097656e+02, 2.931365356445312e+02, 2.931293640136719e+02, 2.871481018066406e+02, 2.857848815917969e+02, 2.874913940429688e+02, 2.869652709960938e+02, 2.866068725585938e+02, 2.863934020996094e+02, 2.861458129882812e+02, 2.861471862792969e+02, 2.907968444824219e+02, 2.931850280761719e+02, 2.931559753417969e+02, 2.942020874023438e+02, 2.933788146972656e+02, 2.929043273925781e+02, 2.916678771972656e+02, 2.899770202636719e+02, 2.888165283203125e+02, 2.878768310546875e+02, 2.868107604980469e+02, 2.859145812988281e+02, 2.870895080566406e+02, 2.865624084472656e+02, 2.861033630371094e+02, 2.932257690429688e+02, 2.930410766601562e+02, 2.931271362304688e+02, 2.931666870117188e+02, 2.931236877441406e+02, 2.9312939453125e+02, 2.863379516601562e+02, 2.869573364257812e+02, 2.864387512207031e+02, 2.861482238769531e+02, 2.861478271484375e+02, 2.861457824707031e+02, 2.861448059082031e+02, 2.86159423828125e+02, 2.932974243164062e+02, 2.934310302734375e+02, 2.935127563476562e+02, 2.945838928222656e+02, 2.933139038085938e+02, 2.931182556152344e+02, 2.898706359863281e+02, 2.883653869628906e+02, 2.870274658203125e+02, 2.859850463867188e+02]
roo.theZon[1, 1].heaCooPow=[0e+00, 5.230346694588661e-03, 6.101257633417845e-03, 6.834812927991152e-03, 2.529880963265896e-03, 1.459280639648438e+03, -6.68537841796875e+02, -1.311374633789062e+03, -6.374989624023438e+02, -4.098983154296875e+02, -1.339483489990234e+02, 1.137707848101854e-03, 2.739756368100643e-03, 3.294360125437379e-03, 3.956873435527087e-03, 4.731884226202965e-03, 5.22833876311779e-03, 5.583927966654301e-03, 5.855334457010031e-03, -2.124994049072266e+02, 4.43634521484375e+02, 1.923686981201172e+02, -2.874785614013672e+01, 9.314247131347656e+01, 2.05578369140625e+02, 3.039407348632812e+02, 5.343807395547628e-03, 5.834972485899925e-03, 6.303919013589622e-03, 6.827789358794689e-03, 7.260563783347607e-03, 5.313687744140625e+02, 5.025222778320312e+02, 5.022956848144531e+02, 8.497680053710906e+02, 4.314761047363281e+02, 2.547259521484375e+02, 1.681984558105469e+02, 2.529020385742188e+02, 4.186747741699219e+02, 6.160781253129244e-03, 7.052566390484568e-03, 7.667991798371077e-03, 9.086677856445312e+02, 2.791358390823007e-03, 7.303814086914062e+02, 5.03315185546875e+02, 5.184826049804688e+02, 1.277432006835938e+03, 5.564776000976562e+02, 3.409100952148438e+02, 2.386803283691406e+02, 3.02819580078125e+02, 5.168423461914062e+02, 6.749534513801336e-03, 8.241286501288414e-03, 5.086652221679695e+02, 5.224888916015618e+02, 5.269208984375e+02, 5.336259155273438e+02, 6.70811279296875e+02, 9.3136572265625e+02, 2.229604248046875e+03, -8.091921997070312e+01, -1.362058959960938e+03, -1.604736450195312e+03, -1.498932983398438e+03, -7.892291870117188e+02, -2.860649488866336e-03, -2.965628809761378e-04, 8.294192957691848e-04, 1.725127105601132e-03, 2.736163325607777e-03, 3.58393439091742e-03, 5.162319946289062e+02, 5.279367065429688e+02, 3.316365051269531e+02, 1.695223236083984e+02, -5.126301879882812e+02, -1.103967666625977e+02, 1.34328857421875e+02, 2.65648223876958e+02, 6.848694458007794e+02, 8.018026128411293e-03, 5.237838134765625e+02, 5.273250122070312e+02, 5.694539794921875e+02, 7.728010864257812e+02, 9.52512939453125e+02, 1.10870947265625e+03, 1.1844912109375e+03, 9.427220458984375e+02, -8.90368408203125e+02, -1.4797900390625e+03, -1.664255126953125e+03, -1.494201171875e+03, -4.2994482421875e+02, 6.663393578492105e-04, 2.17299466021359e-03, 3.451887983828783e-03, 4.440199583768845e-03]
roo.theZon[2, 1].heaCooPow=[0e+00, 5.37986820563674e-03, 6.285966373980045e-03, 7.047489751130342e-03, 2.676049247384071e-03, 1.579927368164062e+03, -1.411257171630859e+02, -9.55470214843749e+02, -1.829587097167969e+02, 1.11499137878418e+02, 3.524280090332031e+02, 4.504194483160973e-03, 5.561953876167536e-03, 6.093941163271666e-03, 6.753655616194011e-03, 7.535364478826523e-03, 8.038383908569813e-03, 8.403263054788113e-03, 8.682155981659889e-03, -1.618434906005859e+02, 9.778709106445312e+02, 6.869849243164062e+02, 4.78516845703125e+02, 5.959550170898438e+02, 7.497613525390625e+02, 1.075276977539062e+03, 8.660587482154369e-03, 9.1028967872262e-03, 9.570786729454996e-03, 1.008710730820894e-02, 1.051395572721958e-02, 6.377855834960938e+02, 5.910673217773438e+02, 6.10286376953125e+02, 1.456991943359371e+03, 9.467173461914062e+02, 7.76326904296875e+02, 7.007950439453125e+02, 7.896937866210938e+02, 1.011327819824219e+03, 9.621461853384972e-03, 1.043391041457653e-02, 1.102876849472523e-02, 2.2234052734375e+03, 3.537130542099476e-03, 1.489241577148438e+03, 6.087734375e+02, 6.26814453125e+02, 1.719316040039062e+03, 1.108818603515625e+03, 8.531320190429688e+02, 7.591472778320312e+02, 8.526302490234375e+02, 1.102010131835938e+03, 1.020922418683767e-02, 1.149510964751244e-02, 6.307944946289076e+02, 6.412288208007793e+02, 6.39985107421875e+02, 6.422164916992188e+02, 8.546698608398438e+02, 1.099242553710938e+03, 2.200262939453125e+03, 3.916253662109375e+02, -1.057242553710938e+03, -1.386256713867188e+03, -1.2662587890625e+03, -1.497107849121094e+02, 3.208358772099058e-03, 4.803285468369711e-03, 5.897939670830965e-03, 6.784308236092329e-03, 7.789893075823784e-03, 8.635234087705612e-03, 6.628563842773438e+02, 6.626903686523438e+02, 6.529783935546875e+02, 7.117471313476562e+02, 1.011182022094727e+02, 4.793308715820312e+02, 7.01843994140625e+02, 8.303372192382851e+02, 1.243826049804685e+03, 1.121951639652252e-02, 6.90158203125e+02, 6.661796875e+02, 8.123865966796875e+02, 9.624800415039062e+02, 1.133781372070312e+03, 1.272966430664062e+03, 1.329726684570312e+03, 1.459024291992188e+03, -2.476903686523438e+02, -1.288045532226562e+03, -1.445228271484375e+03, -1.26161083984375e+03, 3.176864929199219e+02, 5.424361675977707e-03, 6.844205316156149e-03, 8.106216788291931e-03, 9.089484810829163e-03]
