last-generated=2017-05-03
statistics-simulation=
{
  "numerical Jacobians": "0", 
  "nonlinear": " ", 
  "linear": " "
}
dp.port_a.m_flow=[1e+01, 9.800000186264519e+00, 9.60000037252904e+00, 9.399999605119255e+00, 9.199999791383764e+00, 9.000000014901145e+00, 8.800000163912802e+00, 8.600000387430196e+00, 8.399999582767594e+00, 8.199999880790497e+00, 8.000000029802234e+00, 7.80000017881397e+00, 7.599999850988548e+00, 7.400000000000284e+00, 7.199999821186029e+00, 7.000000119208934e+00, 6.800000119209503e+00, 6.599999940395248e+00, 6.400000238418153e+00, 6.199999761581563e+00, 6.000000059604467e+00, 5.800000059605035e+00, 5.599999880790781e+00, 5.400000178813685e+00, 5.199999701977096e+00, 5e+00, 4.800000000000568e+00, 4.60000011920865e+00, 4.400000119209218e+00, 4.199999642372629e+00, 4.000000238417869e+00, 3.799999999999858e+00, 3.599999761581847e+00, 3.400000357627087e+00, 3.200000119209076e+00, 2.999999880791066e+00, 2.800000238417727e+00, 2.600000000000284e+00, 2.399999999999716e+00, 2.199999761582273e+00, 2.000000119208934e+00, 1.799999880790924e+00, 1.599999761581421e+00, 1.40000011920929e+00, 1.2e+00, 9.999997615817759e-01, 8.000001788134365e-01, 6.000000000000361e-01, 3.999997913842233e-01, 2.000001937146694e-01, 0e+00, -2.000001937118273e-01, -4.000003874236545e-01, -6.000005960362167e-01, -7.999995827745215e-01, -9.999997615853297e-01, -1.199999999999291e+00, -1.400000119207157e+00, -1.600000357621899e+00, -1.800000476829342e+00, -1.999999523171368e+00, -2.199999761586537e+00, -2.400000000001137e+00, -2.599999999998863e+00, -2.800000238413463e+00, -3.000000476828632e+00, -3.199999523172222e+00, -3.399999761585401e+00, -3.59999976158398e+00, -3.800000000000567e+00, -4.000000238414315e+00, -4.200000238410905e+00, -4.399999523173073e+00, -4.599999523169663e+00, -4.80000000000341e+00, -5e+00, -5.19999999999659e+00, -5.400000476830337e+00, -5.600000476826927e+00, -5.799999761589095e+00, -5.999999761585685e+00, -6.199999761580854e+00, -6.400000238416021e+00, -6.60000023841261e+00, -6.800000715246358e+00, -6.999999523171367e+00, -7.199999523167957e+00, -7.400000000001705e+00, -7.599999999998295e+00, -7.800000476832043e+00, -8.000000476828632e+00, -8.199999284753643e+00, -8.399999284750232e+00, -8.600000238421138e+00, -8.800000238419146e+00, -9.000000238414316e+00, -9.200000238410905e+00, -9.399999046335914e+00, -9.600000000006821e+00, -9.80000000000341e+00, -1e+01]
time=[0e+00, 1e+00]
senRelPre.p_rel=[2e+02, 1.920800016561742e+02, 1.843200069816099e+02, 1.767200007175183e+02, 1.692799981226941e+02, 1.620000005376363e+02, 1.548800039408206e+02, 1.479199983744619e+02, 1.411199939184304e+02, 1.344799980792966e+02, 1.280000009560589e+02, 1.216799999341982e+02, 1.155199950165794e+02, 1.095199938278404e+02, 1.036800006494506e+02, 9.800000334738847e+01, 9.248000141716267e+01, 8.712000369357554e+01, 8.192000184248701e+01, 7.687999607467884e+01, 7.200000143528204e+01, 6.727999574758202e+01, 6.272000068855431e+01, 5.832000150393852e+01, 5.407999960804383e+01, 5e+01, 4.60799981842066e+01, 4.232000366019716e+01, 3.872000164222577e+01, 3.527999598885001e+01, 3.200000383376251e+01, 2.88799998893727e+01, 2.59199980278068e+01, 2.312000442694398e+01, 2.048000046348324e+01, 1.799999857908794e+01, 1.568245065231243e+01, 1.353787330294226e+01, 1.157471949947964e+01, 9.796809673405106e+00, 8.20370478627863e+00, 6.791039476067097e+00, 5.55090802269043e+00, 4.472202074978331e+00, 3.540959870863629e+00, 2.740739906298358e+00, 2.052966419812646e+00, 1.457279974233038e+00, 9.319046809096749e-01, 4.539974887723425e-01, 0e+00, -4.539974887657411e-01, -9.319061687702119e-01, -1.457281653344553e+00, -2.05296452950046e+00, -2.740739906311322e+00, -3.540959870860615e+00, -4.472202074967483e+00, -5.550911477764923e+00, -6.791043463548234e+00, -8.203700342662923e+00, -9.796809673440631e+00, -1.15747194994928e+01, -1.353787330292753e+01, -1.568245065226446e+01, -1.800000576009624e+01, -2.047999287046212e+01, -2.311999632652214e+01, -2.591999802783734e+01, -2.887999988938354e+01, -3.200000383370537e+01, -3.528000602329953e+01, -3.871999119582195e+01, -4.23199927064216e+01, -4.607999818426094e+01, -5e+01, -5.408000581351906e+01, -5.832000796493784e+01, -6.272001408365086e+01, -6.727998885746882e+01, -7.199999429711004e+01, -7.687999607466131e+01, -8.192000184243224e+01, -8.712001158505652e+01, -9.248001766554414e+01, -9.799998668695095e+01, -1.036799920884304e+02, -1.095199938278823e+02, -1.155199995498168e+02, -1.216800092542885e+02, -1.280000152967144e+02, -1.3447997856561e+02, -1.41119983928955e+02, -1.479199932595033e+02, -1.548800065651083e+02, -1.620000086020372e+02, -1.692800146062558e+02, -1.767199797518256e+02, -1.843199927064853e+02, -1.920799943696137e+02, -2e+02]
senPre_b.p=[1.01325e+05, 1.01325e+05]
senPre_a.p=[1.01525e+05, 1.015170781248254e+05, 1.015093203121577e+05, 1.015017187494971e+05, 1.014942812493434e+05, 1.014870000005384e+05, 1.01479882811557e+05, 1.014729218752049e+05, 1.014661171863056e+05, 1.014594765648609e+05, 1.014530000009546e+05, 1.014466796871298e+05, 1.014405234358655e+05, 1.014345234346688e+05, 1.014286796878446e+05, 1.014230000033528e+05, 1.014174765605722e+05, 1.014121171884499e+05, 1.014069218786601e+05, 1.014018828113172e+05, 1.013970000014319e+05, 1.013922812469522e+05, 1.013877187494691e+05, 1.013833203143091e+05, 1.013790781227788e+05, 1.01375e+05, 1.013710781213492e+05, 1.013673203164814e+05, 1.013637187504238e+05, 1.013602812471967e+05, 1.013570000038184e+05, 1.013538828132264e+05, 1.013509218729325e+05, 1.013481171910856e+05, 1.01345476563422e+05, 1.013429999985797e+05, 1.01340679690741e+05, 1.013385390634872e+05, 1.013365781241059e+05, 1.013347968725972e+05, 1.01333203125908e+05, 1.01331789062039e+05, 1.013305546859633e+05, 1.013294687507264e+05, 1.013285390622951e+05, 1.013277421866152e+05, 1.013270546880215e+05, 1.013264609374302e+05, 1.013259296869971e+05, 1.01325453125447e+05, 1.01325e+05, 1.01324546874553e+05, 1.013240703115314e+05, 1.013235390609354e+05, 1.013229453138411e+05, 1.013222578133847e+05, 1.013214609377049e+05, 1.013205312492736e+05, 1.013194453105443e+05, 1.013182109339145e+05, 1.01316796878539e+05, 1.013152031274028e+05, 1.013134218758941e+05, 1.013114609365128e+05, 1.013093203092591e+05, 1.013069999942259e+05, 1.013045234441588e+05, 1.013018828169982e+05, 1.012990781270675e+05, 1.012961171867736e+05, 1.012929999961816e+05, 1.012897187427917e+05, 1.012862812600581e+05, 1.012826796945034e+05, 1.012789218786507e+05, 1.01275e+05, 1.01270921871014e+05, 1.0126667967923e+05, 1.01262281237148e+05, 1.012577187599743e+05, 1.01253000005681e+05, 1.012481171886828e+05, 1.0124307812134e+05, 1.01237882803634e+05, 1.012325234231579e+05, 1.012270000133177e+05, 1.012213203207141e+05, 1.012154765653312e+05, 1.012094765595943e+05, 1.012033203035594e+05, 1.011969999847266e+05, 1.011905234546081e+05, 1.011838828236477e+05, 1.011770781299173e+05, 1.011701171858236e+05, 1.011629999913854e+05, 1.011557187341585e+05, 1.011482812714573e+05, 1.011406797021029e+05, 1.011329218824504e+05, 1.01125e+05]
