last-generated=2020-02-05
statistics-simulation=
{
  "linear": " ",
  "nonlinear": "2",
  "numerical Jacobians": "0"
}
chiDOE2.QSou_flow=[1.8604310546875e+04, 1.8623568359375e+04, 1.8642828125e+04, 1.8662087890625e+04, 1.8681345703125e+04, 1.870060546875e+04, 1.8719865234375e+04, 1.8739123046875e+04, 1.87583828125e+04, 1.8777642578125e+04, 1.879690234375e+04, 1.881616015625e+04, 1.8835419921875e+04, 1.88546796875e+04, 1.8873939453125e+04, 1.889319921875e+04, 1.8912458984375e+04, 1.893171875e+04, 1.8950978515625e+04, 1.897023828125e+04, 1.89895e+04, 1.9008759765625e+04, 1.902801953125e+04, 1.9047279296875e+04, 1.90665390625e+04, 1.908580078125e+04, -0e+00, -0e+00, 0e+00, -0e+00, -0e+00, -0e+00, -0e+00, -0e+00, 0e+00, 0e+00, -0e+00, -0e+00, -0e+00, -0e+00, -0e+00, -0e+00, -0e+00, -0e+00, -0e+00, -0e+00, -0e+00, -0e+00, -0e+00, -0e+00, -0e+00, -0e+00, -0e+00, -0e+00, -0e+00, 0e+00, 0e+00, 0e+00, -0e+00, -0e+00, -0e+00, -0e+00, -0e+00, -0e+00, -0e+00, -0e+00, -0e+00, -0e+00, 0e+00, 0e+00, 0e+00, -0e+00, -0e+00, -0e+00, -0e+00, -0e+00, -0e+00, -0e+00, -0e+00, -0e+00, -0e+00, -0e+00, -0e+00, -0e+00, -0e+00, -0e+00, -0e+00, -0e+00, -0e+00, -0e+00, -0e+00, -0e+00, -0e+00, -0e+00, -0e+00, -0e+00, -0e+00, -0e+00, -0e+00, -0e+00, -0e+00]
chiDOE2.QLoa_flow=[-5.89943994140625e+03, -5.91861328125e+03, -5.9377861328125e+03, -5.95695947265625e+03, -5.9761328125e+03, -5.9953056640625e+03, -6.01447900390625e+03, -6.03365234375e+03, -6.05282568359375e+03, -6.07199853515625e+03, -6.091171875e+03, -6.11034521484375e+03, -6.12951806640625e+03, -6.14869140625e+03, -6.16786474609375e+03, -6.18703759765625e+03, -6.2062109375e+03, -6.22538427734375e+03, -6.24455712890625e+03, -6.26373046875e+03, -6.28290380859375e+03, -6.30207666015625e+03, -6.32125e+03, -6.34042333984375e+03, -6.35959619140625e+03, -6.37876953125e+03, 0e+00, 0e+00, 0e+00, 0e+00, 0e+00, 0e+00, 0e+00, 0e+00, 0e+00, 0e+00, 0e+00, 0e+00, 0e+00, 0e+00, 0e+00, 0e+00, 0e+00, 0e+00, 0e+00, 0e+00, 0e+00, 0e+00, 0e+00, 0e+00, 0e+00, 0e+00, 0e+00, 0e+00, 0e+00, 0e+00, 0e+00, 0e+00, 0e+00, 0e+00, 0e+00, 0e+00, 0e+00, 0e+00, 0e+00, 0e+00, 0e+00, 0e+00, 0e+00, 0e+00, 0e+00, 0e+00, 0e+00, 0e+00, 0e+00, 0e+00, 1.1379705078125e+04, 1.1381287109375e+04, 1.1382869140625e+04, 1.13844521484375e+04, 1.13860341796875e+04, 1.13876171875e+04, 1.13892001953125e+04, 1.1390783203125e+04, 1.13923662109375e+04, 1.139394921875e+04, 1.1395533203125e+04, 1.13971171875e+04, 1.13987001953125e+04, 1.14002841796875e+04, 1.14018681640625e+04, 1.14034521484375e+04, 1.1405037109375e+04, 1.140662109375e+04, 1.14082060546875e+04, 1.1409791015625e+04, 1.14113759765625e+04, 1.14129609375e+04, 1.14145458984375e+04, 1.1416130859375e+04, 1.1417716796875e+04]
time=[0e+00, 2.6e+03]
chiDOE2.P=[1.27048701171875e+04, 1.27049560546875e+04, 1.27050419921875e+04, 1.27051279296875e+04, 1.27052138671875e+04, 1.2705298828125e+04, 1.27053857421875e+04, 1.27054716796875e+04, 1.27055576171875e+04, 1.27056435546875e+04, 1.27057294921875e+04, 1.270581640625e+04, 1.270590234375e+04, 1.27059892578125e+04, 1.27060751953125e+04, 1.2706162109375e+04, 1.2706248046875e+04, 1.27063349609375e+04, 1.2706421875e+04, 1.27065087890625e+04, 1.2706595703125e+04, 1.27066826171875e+04, 1.270676953125e+04, 1.27068564453125e+04, 1.2706943359375e+04, 1.27070302734375e+04, 0e+00, 0e+00, 0e+00, 0e+00, 0e+00, 0e+00, 0e+00, 0e+00, 0e+00, 0e+00, 0e+00, 0e+00, 0e+00, 0e+00, 0e+00, 0e+00, 0e+00, 0e+00, 0e+00, 0e+00, 0e+00, 0e+00, 0e+00, 0e+00, 0e+00, 0e+00, 0e+00, 0e+00, 0e+00, 0e+00, 0e+00, 0e+00, 0e+00, 0e+00, 0e+00, 0e+00, 0e+00, 0e+00, 0e+00, 0e+00, 0e+00, 0e+00, 0e+00, 0e+00, 0e+00, 0e+00, 0e+00, 0e+00, 0e+00, 0e+00, 1.1379705078125e+04, 1.1381287109375e+04, 1.1382869140625e+04, 1.13844521484375e+04, 1.13860341796875e+04, 1.13876171875e+04, 1.13892001953125e+04, 1.1390783203125e+04, 1.13923662109375e+04, 1.139394921875e+04, 1.1395533203125e+04, 1.13971171875e+04, 1.13987001953125e+04, 1.14002841796875e+04, 1.14018681640625e+04, 1.14034521484375e+04, 1.1405037109375e+04, 1.140662109375e+04, 1.14082060546875e+04, 1.1409791015625e+04, 1.14113759765625e+04, 1.14129609375e+04, 1.14145458984375e+04, 1.1416130859375e+04, 1.1417716796875e+04]
chiDOE2.sta_b2.T=[3.137642822265625e+02, 3.13787353515625e+02, 3.138103942871094e+02, 3.138334655761719e+02, 3.138565368652344e+02, 3.138795776367188e+02, 3.139026489257812e+02, 3.139256896972656e+02, 3.139487609863281e+02, 3.139718017578125e+02, 3.13994873046875e+02, 3.140179443359375e+02, 3.140409851074219e+02, 3.140640563964844e+02, 3.140870971679688e+02, 3.141101684570312e+02, 3.141332092285156e+02, 3.141562805175781e+02, 3.141793518066406e+02, 3.14202392578125e+02, 3.142254638671875e+02, 3.142485046386719e+02, 3.142715759277344e+02, 3.142946472167969e+02, 3.143176879882812e+02, 3.143407592773438e+02, 3.014100036621094e+02, 3.014200134277344e+02, 3.014299926757812e+02, 3.014400024414062e+02, 3.014500122070312e+02, 3.014599914550781e+02, 3.014700012207031e+02, 3.014800109863281e+02, 3.01489990234375e+02, 3.015e+02, 3.01510009765625e+02, 3.015199890136719e+02, 3.015299987792969e+02, 3.015400085449219e+02, 3.015499877929688e+02, 3.015599975585938e+02, 3.015700073242188e+02, 3.015799865722656e+02, 3.015899963378906e+02, 3.016000061035156e+02, 3.016099853515625e+02, 3.016199951171875e+02, 3.016300048828125e+02, 3.016400146484375e+02, 3.016499938964844e+02, 3.016600036621094e+02, 3.016700134277344e+02, 3.016799926757812e+02, 3.016900024414062e+02, 3.017000122070312e+02, 3.017099914550781e+02, 3.017200012207031e+02, 3.017300109863281e+02, 3.01739990234375e+02, 3.0175e+02, 3.01760009765625e+02, 3.017699890136719e+02, 3.017799987792969e+02, 3.017900085449219e+02, 3.017999877929688e+02, 3.018099975585938e+02, 3.018200073242188e+02, 3.018299865722656e+02, 3.018399963378906e+02, 3.018500061035156e+02, 3.018599853515625e+02, 3.018699951171875e+02, 3.018800048828125e+02, 3.018900146484375e+02, 3.018999938964844e+02, 2.851499938964844e+02, 2.851499938964844e+02, 2.851499938964844e+02, 2.851499938964844e+02, 2.851499938964844e+02, 2.851499938964844e+02, 2.851499938964844e+02, 2.851499938964844e+02, 2.851499938964844e+02, 2.851499938964844e+02, 2.851499938964844e+02, 2.851499938964844e+02, 2.851499938964844e+02, 2.851499938964844e+02, 2.851499938964844e+02, 2.851499938964844e+02, 2.851499938964844e+02, 2.851499938964844e+02, 2.851499938964844e+02, 2.851499938964844e+02, 2.851499938964844e+02, 2.851499938964844e+02, 2.851499938964844e+02, 2.851499938964844e+02, 2.851499938964844e+02]
chiDOE2.sta_a1.T=[2.841499938964844e+02, 2.841629943847656e+02, 2.841759948730469e+02, 2.841889953613281e+02, 2.842019958496094e+02, 2.842149963378906e+02, 2.842279968261719e+02, 2.842409973144531e+02, 2.842539978027344e+02, 2.842669982910156e+02, 2.842799987792969e+02, 2.842929992675781e+02, 2.843059997558594e+02, 2.843190002441406e+02, 2.843320007324219e+02, 2.843450012207031e+02, 2.843580017089844e+02, 2.843710021972656e+02, 2.843840026855469e+02, 2.843970031738281e+02, 2.844100036621094e+02, 2.844230041503906e+02, 2.844360046386719e+02, 2.844490051269531e+02, 2.844620056152344e+02, 2.844750061035156e+02, 2.844880065917969e+02, 2.845010070800781e+02, 2.845140075683594e+02, 2.845270080566406e+02, 2.845400085449219e+02, 2.845530090332031e+02, 2.845660095214844e+02, 2.845790100097656e+02, 2.845920104980469e+02, 2.846050109863281e+02, 2.846180114746094e+02, 2.846310119628906e+02, 2.846440124511719e+02, 2.846570129394531e+02, 2.846700134277344e+02, 2.846830139160156e+02, 2.846960144042969e+02, 2.847090148925781e+02, 2.847219848632812e+02, 2.847349853515625e+02, 2.847479858398438e+02, 2.84760986328125e+02, 2.847739868164062e+02, 2.847869873046875e+02, 2.847999877929688e+02, 2.8481298828125e+02, 2.848259887695312e+02, 2.848389892578125e+02, 2.848519897460938e+02, 2.84864990234375e+02, 2.848779907226562e+02, 2.848909912109375e+02, 2.849039916992188e+02, 2.849169921875e+02, 2.849299926757812e+02, 2.849429931640625e+02, 2.849559936523438e+02, 2.84968994140625e+02, 2.849819946289062e+02, 2.849949951171875e+02, 2.850079956054688e+02, 2.8502099609375e+02, 2.850339965820312e+02, 2.850469970703125e+02, 2.850599975585938e+02, 2.85072998046875e+02, 2.850859985351562e+02, 2.850989990234375e+02, 2.851119995117188e+02, 2.85125e+02, 3.069100036621094e+02, 3.069200134277344e+02, 3.069299926757812e+02, 3.069400024414062e+02, 3.069500122070312e+02, 3.069599914550781e+02, 3.069700012207031e+02, 3.069800109863281e+02, 3.06989990234375e+02, 3.07e+02, 3.07010009765625e+02, 3.070199890136719e+02, 3.070299987792969e+02, 3.070400085449219e+02, 3.070499877929688e+02, 3.070599975585938e+02, 3.070700073242188e+02, 3.070799865722656e+02, 3.070899963378906e+02, 3.071000061035156e+02, 3.071099853515625e+02, 3.071199951171875e+02, 3.071300048828125e+02, 3.071400146484375e+02, 3.071499938964844e+02]
chiDOE2.sta_a2.T=[3.011499938964844e+02, 3.011600036621094e+02, 3.011700134277344e+02, 3.011799926757812e+02, 3.011900024414062e+02, 3.012000122070312e+02, 3.012099914550781e+02, 3.012200012207031e+02, 3.012300109863281e+02, 3.01239990234375e+02, 3.0125e+02, 3.01260009765625e+02, 3.012699890136719e+02, 3.012799987792969e+02, 3.012900085449219e+02, 3.012999877929688e+02, 3.013099975585938e+02, 3.013200073242188e+02, 3.013299865722656e+02, 3.013399963378906e+02, 3.013500061035156e+02, 3.013599853515625e+02, 3.013699951171875e+02, 3.013800048828125e+02, 3.013900146484375e+02, 3.013999938964844e+02, 3.014100036621094e+02, 3.014200134277344e+02, 3.014299926757812e+02, 3.014400024414062e+02, 3.014500122070312e+02, 3.014599914550781e+02, 3.014700012207031e+02, 3.014800109863281e+02, 3.01489990234375e+02, 3.015e+02, 3.01510009765625e+02, 3.015199890136719e+02, 3.015299987792969e+02, 3.015400085449219e+02, 3.015499877929688e+02, 3.015599975585938e+02, 3.015700073242188e+02, 3.015799865722656e+02, 3.015899963378906e+02, 3.016000061035156e+02, 3.016099853515625e+02, 3.016199951171875e+02, 3.016300048828125e+02, 3.016400146484375e+02, 3.016499938964844e+02, 3.016600036621094e+02, 3.016700134277344e+02, 3.016799926757812e+02, 3.016900024414062e+02, 3.017000122070312e+02, 3.017099914550781e+02, 3.017200012207031e+02, 3.017300109863281e+02, 3.01739990234375e+02, 3.0175e+02, 3.01760009765625e+02, 3.017699890136719e+02, 3.017799987792969e+02, 3.017900085449219e+02, 3.017999877929688e+02, 3.018099975585938e+02, 3.018200073242188e+02, 3.018299865722656e+02, 3.018399963378906e+02, 3.018500061035156e+02, 3.018599853515625e+02, 3.018699951171875e+02, 3.018800048828125e+02, 3.018900146484375e+02, 3.018999938964844e+02, 2.851499938964844e+02, 2.851499938964844e+02, 2.851499938964844e+02, 2.851499938964844e+02, 2.851499938964844e+02, 2.851499938964844e+02, 2.851499938964844e+02, 2.851499938964844e+02, 2.851499938964844e+02, 2.851499938964844e+02, 2.851499938964844e+02, 2.851499938964844e+02, 2.851499938964844e+02, 2.851499938964844e+02, 2.851499938964844e+02, 2.851499938964844e+02, 2.851499938964844e+02, 2.851499938964844e+02, 2.851499938964844e+02, 2.851499938964844e+02, 2.851499938964844e+02, 2.851499938964844e+02, 2.851499938964844e+02, 2.851499938964844e+02, 2.851499938964844e+02]
chiDOE2.sta_b1.T=[2.801499938964844e+02, 2.801499938964844e+02, 2.801499938964844e+02, 2.801499938964844e+02, 2.801499938964844e+02, 2.801499938964844e+02, 2.801499938964844e+02, 2.801499938964844e+02, 2.801499938964844e+02, 2.801499938964844e+02, 2.801499938964844e+02, 2.801499938964844e+02, 2.801499938964844e+02, 2.801499938964844e+02, 2.801499938964844e+02, 2.801499938964844e+02, 2.801499938964844e+02, 2.801499938964844e+02, 2.801499938964844e+02, 2.801499938964844e+02, 2.801499938964844e+02, 2.801499938964844e+02, 2.801499938964844e+02, 2.801499938964844e+02, 2.801499938964844e+02, 2.801499938964844e+02, 2.844880065917969e+02, 2.845010070800781e+02, 2.845140075683594e+02, 2.845270080566406e+02, 2.845400085449219e+02, 2.845530090332031e+02, 2.845660095214844e+02, 2.845790100097656e+02, 2.845920104980469e+02, 2.846050109863281e+02, 2.846180114746094e+02, 2.846310119628906e+02, 2.846440124511719e+02, 2.846570129394531e+02, 2.846700134277344e+02, 2.846830139160156e+02, 2.846960144042969e+02, 2.847090148925781e+02, 2.847219848632812e+02, 2.847349853515625e+02, 2.847479858398438e+02, 2.84760986328125e+02, 2.847739868164062e+02, 2.847869873046875e+02, 2.847999877929688e+02, 2.8481298828125e+02, 2.848259887695312e+02, 2.848389892578125e+02, 2.848519897460938e+02, 2.84864990234375e+02, 2.848779907226562e+02, 2.848909912109375e+02, 2.849039916992188e+02, 2.849169921875e+02, 2.849299926757812e+02, 2.849429931640625e+02, 2.849559936523438e+02, 2.84968994140625e+02, 2.849819946289062e+02, 2.849949951171875e+02, 2.850079956054688e+02, 2.8502099609375e+02, 2.850339965820312e+02, 2.850469970703125e+02, 2.850599975585938e+02, 2.85072998046875e+02, 2.850859985351562e+02, 2.850989990234375e+02, 2.851119995117188e+02, 2.85125e+02, 3.146257934570312e+02, 3.146368713378906e+02, 3.146479187011719e+02, 3.146589965820312e+02, 3.146700744628906e+02, 3.1468115234375e+02, 3.146922302246094e+02, 3.147033081054688e+02, 3.147143859863281e+02, 3.147254333496094e+02, 3.147365112304688e+02, 3.147475891113281e+02, 3.147586669921875e+02, 3.147697448730469e+02, 3.147808227539062e+02, 3.147919006347656e+02, 3.148029479980469e+02, 3.148140258789062e+02, 3.148251037597656e+02, 3.14836181640625e+02, 3.148472595214844e+02, 3.148583374023438e+02, 3.148694152832031e+02, 3.148804931640625e+02, 3.148915710449219e+02]
