last-generated=2024-08-09
statistics-simulation=
{
  "linear": "0, 0, 0, 0, 0, 0, 0, 0, 0, 0",
  "nonlinear": "0, 0, 0, 0",
  "number of continuous time states": "24",
  "numerical Jacobians": "0"
}
time=[0e+00, 1.728e+05]
weaDat.weaBus.TDryBul=[2.609500122070312e+02, 2.608676452636719e+02, 2.609342651367188e+02, 2.61153564453125e+02, 2.614064331054688e+02, 2.616917419433594e+02, 2.619866027832031e+02, 2.621011047363281e+02, 2.620299682617188e+02, 2.62211181640625e+02, 2.625067138671875e+02, 2.625499877929688e+02, 2.625499877929688e+02, 2.625499877929688e+02, 2.625499877929688e+02, 2.625875549316406e+02, 2.628901062011719e+02, 2.632776489257812e+02, 2.637460632324219e+02, 2.6446923828125e+02, 2.655892028808594e+02, 2.665859985351562e+02, 2.674020080566406e+02, 2.682179870605469e+02, 2.690339965820312e+02, 2.698500061035156e+02, 2.704558715820312e+02, 2.709069213867188e+02, 2.715532531738281e+02, 2.720364685058594e+02, 2.720499877929688e+02, 2.720499877929688e+02, 2.720499877929688e+02, 2.720499877929688e+02, 2.720499877929688e+02, 2.720499877929688e+02, 2.719675598144531e+02, 2.716164855957031e+02, 2.713160400390625e+02, 2.71072998046875e+02, 2.710076599121094e+02, 2.717365112304688e+02, 2.720211181640625e+02, 2.716227111816406e+02, 2.714859924316406e+02, 2.718775329589844e+02, 2.7202783203125e+02, 2.717281494140625e+02, 2.714362182617188e+02, 2.714474182128906e+02, 2.714500122070312e+02, 2.704067077636719e+02, 2.692704162597656e+02, 2.696753845214844e+02, 2.703369750976562e+02, 2.701487121582031e+02, 2.698616027832031e+02, 2.69929931640625e+02, 2.702106018066406e+02, 2.708657531738281e+02, 2.718394165039062e+02, 2.721007690429688e+02, 2.720183410644531e+02, 2.721641845703125e+02, 2.724365844726562e+02, 2.725657043457031e+02, 2.72480224609375e+02, 2.7264599609375e+02, 2.729339904785156e+02, 2.732219848632812e+02, 2.73510009765625e+02, 2.738106079101562e+02, 2.744635620117188e+02, 2.748500061035156e+02, 2.748500061035156e+02, 2.748500061035156e+02, 2.748500061035156e+02, 2.748500061035156e+02, 2.742786560058594e+02, 2.732598266601562e+02, 2.727458801269531e+02, 2.725348205566406e+02, 2.729032287597656e+02, 2.736190795898438e+02, 2.73848876953125e+02, 2.738165588378906e+02, 2.734445495605469e+02, 2.726629028320312e+02, 2.727448425292969e+02, 2.734616394042969e+02, 2.738507690429688e+02, 2.740790100097656e+02, 2.743446655273438e+02, 2.746334838867188e+02, 2.749204406738281e+02, 2.751761474609375e+02, 2.753359069824219e+02, 2.740944213867188e+02, 2.731499938964844e+02, 2.731499938964844e+02, 2.731499938964844e+02]
flo.att.TAir=[2.751499938964844e+02, 2.745491943359375e+02, 2.718550415039062e+02, 2.693681640625e+02, 2.675464782714844e+02, 2.662554931640625e+02, 2.653342895507812e+02, 2.646456604003906e+02, 2.64102294921875e+02, 2.636926574707031e+02, 2.634119567871094e+02, 2.632068176269531e+02, 2.630183715820312e+02, 2.628519592285156e+02, 2.627225646972656e+02, 2.626047973632812e+02, 2.627265319824219e+02, 2.634495544433594e+02, 2.647464294433594e+02, 2.663594665527344e+02, 2.685351867675781e+02, 2.70814208984375e+02, 2.731460571289062e+02, 2.751850280761719e+02, 2.768753356933594e+02, 2.777212524414062e+02, 2.777241516113281e+02, 2.775518188476562e+02, 2.7751513671875e+02, 2.774648132324219e+02, 2.771814575195312e+02, 2.765562438964844e+02, 2.757820434570312e+02, 2.749534606933594e+02, 2.740309143066406e+02, 2.729033203125e+02, 2.719960327148438e+02, 2.712330627441406e+02, 2.706087951660156e+02, 2.702200317382812e+02, 2.700163269042969e+02, 2.700069274902344e+02, 2.701102294921875e+02, 2.6996923828125e+02, 2.696339721679688e+02, 2.695575866699219e+02, 2.697357788085938e+02, 2.696833190917969e+02, 2.693262329101562e+02, 2.689372863769531e+02, 2.685931091308594e+02, 2.681056518554688e+02, 2.674418334960938e+02, 2.669859313964844e+02, 2.669165649414062e+02, 2.66911376953125e+02, 2.6675048828125e+02, 2.66581787109375e+02, 2.665540771484375e+02, 2.667217102050781e+02, 2.67242431640625e+02, 2.678531188964844e+02, 2.682842712402344e+02, 2.685548706054688e+02, 2.68865966796875e+02, 2.692108154296875e+02, 2.695677185058594e+02, 2.700899353027344e+02, 2.70879150390625e+02, 2.720466003417969e+02, 2.735314331054688e+02, 2.748746337890625e+02, 2.759403076171875e+02, 2.770601196289062e+02, 2.78327392578125e+02, 2.795667724609375e+02, 2.80728271484375e+02, 2.817684936523438e+02, 2.822939147949219e+02, 2.820474853515625e+02, 2.81136962890625e+02, 2.800486755371094e+02, 2.787626342773438e+02, 2.774829406738281e+02, 2.763472900390625e+02, 2.752391052246094e+02, 2.74533447265625e+02, 2.738520812988281e+02, 2.732513427734375e+02, 2.729901428222656e+02, 2.729458312988281e+02, 2.729627990722656e+02, 2.730225830078125e+02, 2.731437072753906e+02, 2.733085327148438e+02, 2.734564208984375e+02, 2.735606079101562e+02, 2.733249816894531e+02, 2.727307739257812e+02, 2.722709045410156e+02, 2.720926208496094e+02]
flo.sou.TAir=[2.751499938964844e+02, 2.919109191894531e+02, 2.912655944824219e+02, 2.911001892089844e+02, 2.909589233398438e+02, 2.9081640625e+02, 2.906866455078125e+02, 2.905531005859375e+02, 2.904166870117188e+02, 2.902969055175781e+02, 2.901882629394531e+02, 2.900727233886719e+02, 2.899562377929688e+02, 2.89839599609375e+02, 2.896949768066406e+02, 2.895221557617188e+02, 2.896575317382812e+02, 2.898941040039062e+02, 2.902421569824219e+02, 2.904782104492188e+02, 2.904295349121094e+02, 2.907840881347656e+02, 2.909596252441406e+02, 2.909824523925781e+02, 2.910398559570312e+02, 2.908736572265625e+02, 2.906187744140625e+02, 2.906243896484375e+02, 2.905829772949219e+02, 2.904880065917969e+02, 2.904268188476562e+02, 2.902789001464844e+02, 2.900814819335938e+02, 2.899444885253906e+02, 2.898067932128906e+02, 2.896923217773438e+02, 2.8960595703125e+02, 2.895174560546875e+02, 2.894323425292969e+02, 2.893529357910156e+02, 2.892847290039062e+02, 2.892648010253906e+02, 2.892393493652344e+02, 2.891818237304688e+02, 2.891311645507812e+02, 2.891002502441406e+02, 2.890598754882812e+02, 2.889925537109375e+02, 2.88923095703125e+02, 2.888731079101562e+02, 2.8882568359375e+02, 2.888290710449219e+02, 2.887282104492188e+02, 2.887012329101562e+02, 2.886597290039062e+02, 2.886521606445312e+02, 2.886005249023438e+02, 2.885735473632812e+02, 2.885585327148438e+02, 2.885600891113281e+02, 2.884451293945312e+02, 2.884824523925781e+02, 2.885621948242188e+02, 2.886356201171875e+02, 2.886422119140625e+02, 2.887931518554688e+02, 2.88837646484375e+02, 2.9002294921875e+02, 2.901950073242188e+02, 2.904810485839844e+02, 2.907653503417969e+02, 2.909938049316406e+02, 2.911630249023438e+02, 2.913366394042969e+02, 2.916218566894531e+02, 2.91835693359375e+02, 2.916292419433594e+02, 2.916966247558594e+02, 2.921077575683594e+02, 2.921231689453125e+02, 2.921630249023438e+02, 2.921867370605469e+02, 2.922192687988281e+02, 2.922667846679688e+02, 2.922432250976562e+02, 2.916157531738281e+02, 2.904921569824219e+02, 2.911038818359375e+02, 2.906723022460938e+02, 2.906090393066406e+02, 2.90519775390625e+02, 2.9045703125e+02, 2.903492431640625e+02, 2.902933044433594e+02, 2.902227478027344e+02, 2.901870727539062e+02, 2.901510314941406e+02, 2.900409545898438e+02, 2.899258728027344e+02, 2.898419189453125e+02, 2.897745971679688e+02]
flo.eas.TAir=[2.751499938964844e+02, 2.927307434082031e+02, 2.911792602539062e+02, 2.909587707519531e+02, 2.9080859375e+02, 2.906629028320312e+02, 2.905310668945312e+02, 2.903970642089844e+02, 2.902614440917969e+02, 2.901414184570312e+02, 2.900315551757812e+02, 2.899170532226562e+02, 2.8980224609375e+02, 2.896873474121094e+02, 2.89569580078125e+02, 2.894400939941406e+02, 2.89541259765625e+02, 2.897809753417969e+02, 2.90048828125e+02, 2.902179260253906e+02, 2.902967529296875e+02, 2.9028515625e+02, 2.902337341308594e+02, 2.901041870117188e+02, 2.900414733886719e+02, 2.899861755371094e+02, 2.899021911621094e+02, 2.898447875976562e+02, 2.89798583984375e+02, 2.897427062988281e+02, 2.896906433105469e+02, 2.896380310058594e+02, 2.895879211425781e+02, 2.895073852539062e+02, 2.894220581054688e+02, 2.893417053222656e+02, 2.892727355957031e+02, 2.89197998046875e+02, 2.891259460449219e+02, 2.8905322265625e+02, 2.889967956542969e+02, 2.889815368652344e+02, 2.8895703125e+02, 2.8890771484375e+02, 2.888623962402344e+02, 2.888334655761719e+02, 2.888025207519531e+02, 2.887431335449219e+02, 2.886798095703125e+02, 2.886336975097656e+02, 2.885905456542969e+02, 2.885982666015625e+02, 2.885059814453125e+02, 2.884813842773438e+02, 2.88472900390625e+02, 2.884396057128906e+02, 2.88392578125e+02, 2.883660888671875e+02, 2.883492736816406e+02, 2.883529052734375e+02, 2.883642883300781e+02, 2.883721313476562e+02, 2.883762512207031e+02, 2.884449768066406e+02, 2.884516906738281e+02, 2.886019287109375e+02, 2.886486206054688e+02, 2.898257141113281e+02, 2.900661315917969e+02, 2.904031677246094e+02, 2.906686401367188e+02, 2.908728942871094e+02, 2.910613098144531e+02, 2.912413024902344e+02, 2.914142456054688e+02, 2.915712890625e+02, 2.913591918945312e+02, 2.914186401367188e+02, 2.918225708007812e+02, 2.918511657714844e+02, 2.918965759277344e+02, 2.919338684082031e+02, 2.919802551269531e+02, 2.919085693359375e+02, 2.916999206542969e+02, 2.919435729980469e+02, 2.9085498046875e+02, 2.908691101074219e+02, 2.905098266601562e+02, 2.904483032226562e+02, 2.903627319335938e+02, 2.903006286621094e+02, 2.901942138671875e+02, 2.901242370605469e+02, 2.899118347167969e+02, 2.898673706054688e+02, 2.89923828125e+02, 2.898828125e+02, 2.897733764648438e+02, 2.896932373046875e+02, 2.896294555664062e+02]
flo.nor.TAir=[2.751499938964844e+02, 2.92083984375e+02, 2.912308044433594e+02, 2.910216674804688e+02, 2.908787841796875e+02, 2.907370300292969e+02, 2.906081848144531e+02, 2.904772033691406e+02, 2.903441772460938e+02, 2.902265625e+02, 2.901193542480469e+02, 2.900066833496094e+02, 2.898932800292969e+02, 2.897799682617188e+02, 2.896641235351562e+02, 2.895325317382812e+02, 2.895216064453125e+02, 2.895897521972656e+02, 2.896989135742188e+02, 2.897751770019531e+02, 2.898173217773438e+02, 2.898466186523438e+02, 2.899039306640625e+02, 2.899075622558594e+02, 2.899239501953125e+02, 2.89884033203125e+02, 2.89812255859375e+02, 2.897708435058594e+02, 2.8973486328125e+02, 2.896851501464844e+02, 2.896406555175781e+02, 2.895956726074219e+02, 2.895557861328125e+02, 2.89480712890625e+02, 2.89401611328125e+02, 2.893260803222656e+02, 2.892615356445312e+02, 2.891912536621094e+02, 2.891233520507812e+02, 2.890540771484375e+02, 2.889991149902344e+02, 2.889855651855469e+02, 2.889655151367188e+02, 2.889193725585938e+02, 2.888772583007812e+02, 2.888506164550781e+02, 2.888213806152344e+02, 2.887648315429688e+02, 2.887057495117188e+02, 2.886629333496094e+02, 2.886224060058594e+02, 2.886354064941406e+02, 2.885472717285156e+02, 2.885263977050781e+02, 2.88517333984375e+02, 2.884879150390625e+02, 2.884429016113281e+02, 2.884185791015625e+02, 2.884052734375e+02, 2.884097290039062e+02, 2.884163818359375e+02, 2.884257507324219e+02, 2.884344482421875e+02, 2.885059814453125e+02, 2.885143432617188e+02, 2.886673278808594e+02, 2.8871630859375e+02, 2.898935241699219e+02, 2.901345825195312e+02, 2.904608154296875e+02, 2.907208557128906e+02, 2.9092919921875e+02, 2.911187744140625e+02, 2.912997436523438e+02, 2.914785766601562e+02, 2.916393127441406e+02, 2.914244995117188e+02, 2.914848937988281e+02, 2.919008178710938e+02, 2.919288330078125e+02, 2.919783020019531e+02, 2.920198974609375e+02, 2.920713500976562e+02, 2.9212646484375e+02, 2.921177368164062e+02, 2.920188598632812e+02, 2.909330139160156e+02, 2.910433959960938e+02, 2.906091918945312e+02, 2.905490417480469e+02, 2.90458740234375e+02, 2.903960571289062e+02, 2.902894592285156e+02, 2.902341918945312e+02, 2.901620788574219e+02, 2.901246948242188e+02, 2.900931091308594e+02, 2.899873352050781e+02, 2.898758239746094e+02, 2.897972106933594e+02, 2.897294006347656e+02]
flo.wes.TAir=[2.751499938964844e+02, 2.928255310058594e+02, 2.911182861328125e+02, 2.90910888671875e+02, 2.907612609863281e+02, 2.906166381835938e+02, 2.904863891601562e+02, 2.90352783203125e+02, 2.902169494628906e+02, 2.90097412109375e+02, 2.8998779296875e+02, 2.898744506835938e+02, 2.897611083984375e+02, 2.896478576660156e+02, 2.895321960449219e+02, 2.894020385742188e+02, 2.89387451171875e+02, 2.894536437988281e+02, 2.895640563964844e+02, 2.896500549316406e+02, 2.897052307128906e+02, 2.896626586914062e+02, 2.89819091796875e+02, 2.898365173339844e+02, 2.898572692871094e+02, 2.897553100585938e+02, 2.895951843261719e+02, 2.895274047851562e+02, 2.8944384765625e+02, 2.894007568359375e+02, 2.894317321777344e+02, 2.8946923828125e+02, 2.895194091796875e+02, 2.894323120117188e+02, 2.893323059082031e+02, 2.892383117675781e+02, 2.891670532226562e+02, 2.890931091308594e+02, 2.890216064453125e+02, 2.889515991210938e+02, 2.888971252441406e+02, 2.88883544921875e+02, 2.888634033203125e+02, 2.888146362304688e+02, 2.887721862792969e+02, 2.887457580566406e+02, 2.887175903320312e+02, 2.886593627929688e+02, 2.886009826660156e+02, 2.885569763183594e+02, 2.885154418945312e+02, 2.885244750976562e+02, 2.884332580566406e+02, 2.884140014648438e+02, 2.884035339355469e+02, 2.883730163574219e+02, 2.883281860351562e+02, 2.88302490234375e+02, 2.882872924804688e+02, 2.8829248046875e+02, 2.883019104003906e+02, 2.88310791015625e+02, 2.883163146972656e+02, 2.883876342773438e+02, 2.883970947265625e+02, 2.885494995117188e+02, 2.885982971191406e+02, 2.897783508300781e+02, 2.900031433105469e+02, 2.903270568847656e+02, 2.905907592773438e+02, 2.908015441894531e+02, 2.909932861328125e+02, 2.911767272949219e+02, 2.9135546875e+02, 2.915165100097656e+02, 2.913086242675781e+02, 2.913790283203125e+02, 2.917922668457031e+02, 2.918316345214844e+02, 2.918862915039062e+02, 2.919250793457031e+02, 2.919710083007812e+02, 2.920283203125e+02, 2.920178527832031e+02, 2.919155883789062e+02, 2.908421020507812e+02, 2.909319763183594e+02, 2.905027770996094e+02, 2.904383239746094e+02, 2.903477478027344e+02, 2.9028466796875e+02, 2.901780090332031e+02, 2.901227416992188e+02, 2.900511779785156e+02, 2.900137329101562e+02, 2.899794616699219e+02, 2.898729553222656e+02, 2.897610778808594e+02, 2.896823425292969e+02, 2.896136779785156e+02]
flo.cor.TAir=[2.751499938964844e+02, 2.924163208007812e+02, 2.919115295410156e+02, 2.91722900390625e+02, 2.915805969238281e+02, 2.914371337890625e+02, 2.913060302734375e+02, 2.911744079589844e+02, 2.91041259765625e+02, 2.909217529296875e+02, 2.908117065429688e+02, 2.906981506347656e+02, 2.905843505859375e+02, 2.904708251953125e+02, 2.9035009765625e+02, 2.902088623046875e+02, 2.902319030761719e+02, 2.903403625488281e+02, 2.904883117675781e+02, 2.905762939453125e+02, 2.906040954589844e+02, 2.906197204589844e+02, 2.906856689453125e+02, 2.906719055175781e+02, 2.90677001953125e+02, 2.906029663085938e+02, 2.904938354492188e+02, 2.904397583007812e+02, 2.903859558105469e+02, 2.903266906738281e+02, 2.902926635742188e+02, 2.902576904296875e+02, 2.90227294921875e+02, 2.901459655761719e+02, 2.900585327148438e+02, 2.899752502441406e+02, 2.899067077636719e+02, 2.898352355957031e+02, 2.897662048339844e+02, 2.896981811523438e+02, 2.896407470703125e+02, 2.896189575195312e+02, 2.895935974121094e+02, 2.895455932617188e+02, 2.895015258789062e+02, 2.894712829589844e+02, 2.894397583007812e+02, 2.893844909667969e+02, 2.89326416015625e+02, 2.892816772460938e+02, 2.892393188476562e+02, 2.892612609863281e+02, 2.891805725097656e+02, 2.891541442871094e+02, 2.891332702636719e+02, 2.891085510253906e+02, 2.89064208984375e+02, 2.890368957519531e+02, 2.890188293457031e+02, 2.890158996582031e+02, 2.889924926757812e+02, 2.890024108886719e+02, 2.890227661132812e+02, 2.890928649902344e+02, 2.890966186523438e+02, 2.892494812011719e+02, 2.892946472167969e+02, 2.904797973632812e+02, 2.907342529296875e+02, 2.910471801757812e+02, 2.913069458007812e+02, 2.915146179199219e+02, 2.916927490234375e+02, 2.918655090332031e+02, 2.920600891113281e+02, 2.922291870117188e+02, 2.919891967773438e+02, 2.920582275390625e+02, 2.92500732421875e+02, 2.925371704101562e+02, 2.925910034179688e+02, 2.926346740722656e+02, 2.926824951171875e+02, 2.927190551757812e+02, 2.926786804199219e+02, 2.924950256347656e+02, 2.913564147949219e+02, 2.916067199707031e+02, 2.91180419921875e+02, 2.91110107421875e+02, 2.910161437988281e+02, 2.909507751464844e+02, 2.908403015136719e+02, 2.907794189453125e+02, 2.906866455078125e+02, 2.90644287109375e+02, 2.906195068359375e+02, 2.905299377441406e+02, 2.904255676269531e+02, 2.903456420898438e+02, 2.902794799804688e+02]
