last-generated=2017-05-26
statistics-initialization=
{
  "numerical Jacobians": "0", 
  "nonlinear": "1"
}
statistics-simulation=
{
  "numerical Jacobians": "0", 
  "nonlinear": "1", 
  "linear": " "
}
sin.ports[1].m_flow=[9.816989898681641e-01, 9.816989898681641e-01, 9.816989898681641e-01, 9.816989898681641e-01, 9.816989898681641e-01, 9.816989898681641e-01, 9.816989898681641e-01, 9.816989898681641e-01, 9.816989898681641e-01, 9.816989898681641e-01, 9.816989898681641e-01, 9.816989898681641e-01, 9.816989898681641e-01, 9.816989898681641e-01, 9.816989898681641e-01, 9.816989898681641e-01, 9.816989898681641e-01, 9.816989898681641e-01, 9.816989898681641e-01, 9.816989898681641e-01, 9.816989898681641e-01, 9.816989898681641e-01, 9.816989898681641e-01, 9.816989898681641e-01, 9.816989898681641e-01, 9.816989898681641e-01, 9.816989898681641e-01, 9.816989898681641e-01, 9.816989898681641e-01, 9.816989898681641e-01, 9.816989898681641e-01, 9.816989898681641e-01, 9.816989898681641e-01, 9.816989898681641e-01, 9.816989898681641e-01, 9.816989898681641e-01, 9.816989898681641e-01, 9.816989898681641e-01, 9.816989898681641e-01, 9.816989898681641e-01, 9.816989898681641e-01, 9.816989898681641e-01, 9.816989898681641e-01, 9.816989898681641e-01, 9.816989898681641e-01, 9.816989898681641e-01, 9.816989898681641e-01, 9.816989898681641e-01, 9.816989898681641e-01, 9.816989898681641e-01, 9.816989898681641e-01, 0e+00, 0e+00, 0e+00, 0e+00, 0e+00, 0e+00, 0e+00, 0e+00, 0e+00, 0e+00, 0e+00, 0e+00, 0e+00, 0e+00, 0e+00, 0e+00, 0e+00, 0e+00, 0e+00, 0e+00, 0e+00, 0e+00, 0e+00, 0e+00, 0e+00, 0e+00, 0e+00, 0e+00, 0e+00, 0e+00, 0e+00, 0e+00, 0e+00, 0e+00, 0e+00, 0e+00, 0e+00, 0e+00, 0e+00, 0e+00, 0e+00, 0e+00, 0e+00, 0e+00, 0e+00, 0e+00, 0e+00, 0e+00, 0e+00, 0e+00]
time=[0e+00, 1e+00]
