last-generated=2017-03-14
statistics-initialization=
{
  "numerical Jacobians": "0", 
  "nonlinear": "1, 1, 1, 1"
}
statistics-simulation=
{
  "numerical Jacobians": "0", 
  "nonlinear": "1", 
  "linear": " "
}
m_flow.y=[0e+00, 0e+00, 0e+00, 0e+00, 0e+00, 0e+00, 0e+00, 0e+00, 0e+00, 0e+00, 0e+00, 0e+00, 0e+00, 0e+00, 0e+00, 0e+00, 0e+00, 0e+00, 0e+00, 0e+00, 0e+00, 0e+00, 0e+00, 0e+00, 0e+00, 0e+00, 8.100000023841858e-02, 1.620000004768374e-01, 2.43000000715256e-01, 3.240000009536743e-01, 4.050000011920929e-01, 4.860000014305115e-01, 5.669999718666077e-01, 6.480000019073486e-01, 7.289999723434448e-01, 8.100000023841858e-01, 8.90999972820282e-01, 9.720000028610229e-01, 1.052999973297119e+00, 1.133999943733215e+00, 1.215000033378601e+00, 1.296000003814697e+00, 1.350000023841858e+00, 1.350000023841858e+00, 1.350000023841858e+00, 1.350000023841858e+00, 1.350000023841858e+00, 1.350000023841858e+00, 1.350000023841858e+00, 1.350000023841858e+00, 1.350000023841858e+00, 1.350000023841858e+00, 1.350000023841858e+00, 1.350000023841858e+00, 1.350000023841858e+00, 1.350000023841858e+00, 1.350000023841858e+00, 1.350000023841858e+00, 1.350000023841858e+00, 1.350000023841858e+00, 1.350000023841858e+00, 1.350000023841858e+00, 1.350000023841858e+00, 1.350000023841858e+00, 1.350000023841858e+00, 1.350000023841858e+00, 1.350000023841858e+00, 1.350000023841858e+00, 1.350000023841858e+00, 1.350000023841858e+00, 1.350000023841858e+00, 1.350000023841858e+00, 1.350000023841858e+00, 1.350000023841858e+00, 1.350000023841858e+00, 1.350000023841858e+00, 1.350000023841858e+00, 1.350000023841858e+00, 1.350000023841858e+00, 1.350000023841858e+00, 1.350000023841858e+00, 1.350000023841858e+00, 1.350000023841858e+00, 1.350000023841858e+00, 1.350000023841858e+00, 1.350000023841858e+00, 1.350000023841858e+00, 1.350000023841858e+00, 1.350000023841858e+00, 1.350000023841858e+00, 1.350000023841858e+00, 1.350000023841858e+00, 1.350000023841858e+00, 1.350000023841858e+00, 1.350000023841858e+00, 1.350000023841858e+00, 1.350000023841858e+00, 1.350000023841858e+00, 1.350000023841858e+00, 1.350000023841858e+00, 1.350000023841858e+00]
time=[0e+00, 3.6e+03]
appDryPt.TDry=[3.020389404296875e+02, 3.020389404296875e+02, 3.020389404296875e+02, 3.020389404296875e+02, 3.020389404296875e+02, 3.020389404296875e+02, 3.020389404296875e+02, 3.020389404296875e+02, 3.020389404296875e+02, 3.020389404296875e+02, 3.020389404296875e+02, 3.020389404296875e+02, 3.020389404296875e+02, 3.020389404296875e+02, 3.020389404296875e+02, 3.020389404296875e+02, 3.020389404296875e+02, 3.020389404296875e+02, 3.020389404296875e+02, 3.020389404296875e+02, 3.020389404296875e+02, 3.020389404296875e+02, 3.020389404296875e+02, 3.020389404296875e+02, 3.020389404296875e+02, 3.020389404296875e+02, 2.983262329101562e+02, 2.983385314941406e+02, 2.980088500976562e+02, 2.97435791015625e+02, 2.96783935546875e+02, 2.961192016601562e+02, 2.954763488769531e+02, 2.948730773925781e+02, 2.943180541992188e+02, 2.938149719238281e+02, 2.933645629882812e+02, 2.929659729003906e+02, 2.926336975097656e+02, 2.9244921875e+02, 2.923857727050781e+02, 2.923990173339844e+02, 2.926566162109375e+02, 2.932772521972656e+02, 2.938109741210938e+02, 2.942576599121094e+02, 2.946205749511719e+02, 2.949039306640625e+02, 2.951112670898438e+02, 2.952440795898438e+02, 2.95300537109375e+02, 2.94720458984375e+02, 2.941385498046875e+02, 2.935549926757812e+02, 2.929700012207031e+02, 2.923838500976562e+02, 2.917966918945312e+02, 2.912087707519531e+02, 2.91326171875e+02, 2.916172790527344e+02, 2.919037170410156e+02, 2.921856994628906e+02, 2.924632873535156e+02, 2.927366638183594e+02, 2.930059814453125e+02, 2.932713317871094e+02, 2.935328674316406e+02, 2.937051391601562e+02, 2.937051391601562e+02, 2.937051391601562e+02, 2.937051391601562e+02, 2.937051391601562e+02, 2.937051391601562e+02, 2.937051391601562e+02, 2.937051391601562e+02, 2.937051391601562e+02, 2.937051391601562e+02, 2.937051391601562e+02, 2.937051391601562e+02, 2.937051391601562e+02, 2.937051391601562e+02, 2.937051391601562e+02, 2.937051391601562e+02, 2.937051391601562e+02, 2.937051391601562e+02, 2.937051391601562e+02, 2.937051391601562e+02, 2.937051391601562e+02, 2.937051391601562e+02, 2.937051391601562e+02, 2.937051391601562e+02, 2.937051391601562e+02, 2.937051391601562e+02, 2.937051391601562e+02, 2.937051391601562e+02, 2.937051391601562e+02, 2.937051391601562e+02, 2.937051391601562e+02, 2.937051391601562e+02, 2.937051391601562e+02, 2.937051391601562e+02]
appDryPt.hDry=[5.684482421875e+04, 5.684482421875e+04, 5.684482421875e+04, 5.684482421875e+04, 5.684482421875e+04, 5.684482421875e+04, 5.684482421875e+04, 5.684482421875e+04, 5.684482421875e+04, 5.684482421875e+04, 5.684482421875e+04, 5.684482421875e+04, 5.684482421875e+04, 5.684482421875e+04, 5.684482421875e+04, 5.684482421875e+04, 5.684482421875e+04, 5.684482421875e+04, 5.684482421875e+04, 5.684482421875e+04, 5.684482421875e+04, 5.684482421875e+04, 5.684482421875e+04, 5.684482421875e+04, 5.684482421875e+04, 5.684482421875e+04, 5.30749609375e+04, 5.30874453125e+04, 5.275268359375e+04, 5.217081640625e+04, 5.150891015625e+04, 5.08339609375e+04, 5.018119140625e+04, 4.95686328125e+04, 4.900508984375e+04, 4.849425390625e+04, 4.8036921875e+04, 4.76321796875e+04, 4.7294796875e+04, 4.710746484375e+04, 4.704305078125e+04, 4.705650390625e+04, 4.731805859375e+04, 4.794823828125e+04, 4.84901875e+04, 4.894376171875e+04, 4.93122578125e+04, 4.95999765625e+04, 4.981049609375e+04, 4.994534375e+04, 5.000267578125e+04, 5.001834375e+04, 5.00318828125e+04, 5.004353125e+04, 5.005350390625e+04, 5.00620234375e+04, 5.00693046875e+04, 5.007555078125e+04, 5.07988828125e+04, 5.169898046875e+04, 5.25944609375e+04, 5.34854765625e+04, 5.437217578125e+04, 5.525469921875e+04, 5.613318359375e+04, 5.70077578125e+04, 5.787853515625e+04, 5.845700390625e+04, 5.845700390625e+04, 5.845700390625e+04, 5.845700390625e+04, 5.845700390625e+04, 5.845700390625e+04, 5.845700390625e+04, 5.845700390625e+04, 5.845700390625e+04, 5.845700390625e+04, 5.845700390625e+04, 5.845700390625e+04, 5.845700390625e+04, 5.845700390625e+04, 5.845700390625e+04, 5.845700390625e+04, 5.845700390625e+04, 5.845700390625e+04, 5.845700390625e+04, 5.845700390625e+04, 5.845700390625e+04, 5.845700390625e+04, 5.845700390625e+04, 5.845700390625e+04, 5.845700390625e+04, 5.845700390625e+04, 5.845700390625e+04, 5.845700390625e+04, 5.845700390625e+04, 5.845700390625e+04, 5.845700390625e+04, 5.845700390625e+04, 5.845700390625e+04, 5.845700390625e+04]
appDryPt.hEvaIn=[6.8079515625e+04, 6.8079515625e+04]
Q_flow.y=[-2e+00, -2e+00, -2e+00, -2e+00, -2e+00, -2e+00, -2e+00, -2e+00, -2e+00, -2e+00, -2e+00, -2e+00, -2e+00, -2e+00, -2e+00, -2e+00, -2e+00, -2e+00, -2e+00, -2e+00, -2e+00, -2e+00, -2e+00, -2e+00, -2e+00, -2e+00, -1.202e+03, -2.402000000000004e+03, -3.602000000000004e+03, -4.802e+03, -6.002e+03, -7.202e+03, -8.402e+03, -9.602e+03, -1.0802e+04, -1.2002e+04, -1.3202e+04, -1.4402e+04, -1.5602e+04, -1.6802e+04, -1.8002e+04, -1.9202e+04, -2.0002e+04, -2.0002e+04, -2.0002e+04, -2.0002e+04, -2.0002e+04, -2.0002e+04, -2.0002e+04, -2.0002e+04, -2.0002e+04, -2.0002e+04, -2.0002e+04, -2.0002e+04, -2.0002e+04, -2.0002e+04, -2.0002e+04, -2.0002e+04, -2.0002e+04, -2.0002e+04, -2.0002e+04, -2.0002e+04, -2.0002e+04, -2.0002e+04, -2.0002e+04, -2.0002e+04, -2.0002e+04, -2.0002e+04, -2.0002e+04, -2.0002e+04, -2.0002e+04, -2.0002e+04, -2.0002e+04, -2.0002e+04, -2.0002e+04, -2.0002e+04, -2.0002e+04, -2.0002e+04, -2.0002e+04, -2.0002e+04, -2.0002e+04, -2.0002e+04, -2.0002e+04, -2.0002e+04, -2.0002e+04, -2.0002e+04, -2.0002e+04, -2.0002e+04, -2.0002e+04, -2.0002e+04, -2.0002e+04, -2.0002e+04, -2.0002e+04, -2.0002e+04, -2.0002e+04, -2.0002e+04, -2.0002e+04, -2.0002e+04, -2.0002e+04, -2.0002e+04, -2.0002e+04]
