last-generated=2020-04-07
statistics-simulation=
{
  "linear": " ",
  "nonlinear": " ",
  "numerical Jacobians": "0"
}
time=[0e+00, 3.6e+03]
kMinU.u=[0e+00, 1.273656357079744e-02, 5.029737576842308e-02, 1.107688471674919e-01, 1.910701990127563e-01, 2.871103584766388e-01, 3.939964473247528e-01, 5.062830448150636e-01, 6.182494759559631e-01, 7.241916060447693e-01, 8.187119960784912e-01, 8.969951868057251e-01, 9.550529718399048e-01, 9.899275302886963e-01, 9.9984210729599e-01, 9.842915534973145e-01, 9.440682530403137e-01, 8.812212347984314e-01, 7.989525198936462e-01, 7.014532089233398e-01, 5.936906337738037e-01, 4.811549186706543e-01, 3.695792555809021e-01, 2.646480202674866e-01, 1.717071235179901e-01, 9.549150615930557e-02, 3.988407552242279e-02, 7.717832922935431e-03, 6.315216887742541e-04, 1.89861636608839e-02, 6.184665858745575e-02, 1.270294338464737e-01, 2.112136483192444e-01, 3.101104497909546e-01, 4.18681412935257e-01, 5.313952565193176e-01, 6.425096392631531e-01, 7.463636994361877e-01, 8.37666392326355e-01, 9.117662906646729e-01, 9.648882150650024e-01, 9.943258762359619e-01, 9.985794425010681e-01, 9.774322509765625e-01, 9.31961715221405e-01, 8.644843101501465e-01, 7.784377932548523e-01, 6.782059669494629e-01, 5.68895161151886e-01, 4.560743868350983e-01, 3.45491498708725e-01, 2.427802383899689e-01, 1.531733423471451e-01, 8.123598247766495e-02, 3.063307143747783e-02, 3.94264934584491e-03, 2.524491399526684e-03, 2.645084820687771e-02, 7.450275868177414e-02, 1.442321687936783e-01, 2.320865988731384e-01, 3.335902392864227e-01, 4.435718059539795e-01, 5.564281940460205e-01, 6.664097905158997e-01, 7.679134011268616e-01, 8.557678461074829e-01, 9.254972338676453e-01, 9.735491275787354e-01, 9.974755048751831e-01, 9.960573315620422e-01, 9.693669080734253e-01, 9.187639951705933e-01, 8.468266725540161e-01, 7.572197914123535e-01, 6.545084714889526e-01, 5.439255833625793e-01, 4.311048686504364e-01, 3.217940628528595e-01, 2.215621918439865e-01, 1.355156898498535e-01, 6.803829222917557e-02, 2.256772853434086e-02, 1.420549815520644e-03, 5.674127489328384e-03, 3.511175885796547e-02, 8.823370188474655e-02, 1.623335927724838e-01, 2.536363303661346e-01, 3.574903607368469e-01, 4.686047434806824e-01, 5.813185572624207e-01, 6.898895502090454e-01, 7.887863516807556e-01, 8.729705810546875e-01, 9.381533265113831e-01, 9.810138344764709e-01, 9.993684887886047e-01, 9.922821521759033e-01, 9.60115909576416e-01, 9.045084714889526e-01]
kMinU.y=[1e+00, 9.872634410858154e-01, 9.497026205062866e-01, 8.892311453819275e-01, 8.089298009872437e-01, 7.128896713256836e-01, 6.060035824775696e-01, 4.937169849872588e-01, 3.817504942417145e-01, 2.758083939552307e-01, 1.812880039215088e-01, 1.030047982931137e-01, 4.494701325893402e-02, 1.007247343659401e-02, 1.57905364176267e-04, 1.570841856300831e-02, 5.593177676200867e-02, 1.187787428498268e-01, 2.010475099086761e-01, 2.985467910766602e-01, 4.063093364238739e-01, 5.188450813293457e-01, 6.304207444190979e-01, 7.353519797325134e-01, 8.282929062843323e-01, 9.045084714889526e-01, 9.60115909576416e-01, 9.922821521759033e-01, 9.993684887886047e-01, 9.810138344764709e-01, 9.381533265113831e-01, 8.729705810546875e-01, 7.887863516807556e-01, 6.898895502090454e-01, 5.813185572624207e-01, 4.686047434806824e-01, 3.574903607368469e-01, 2.536363303661346e-01, 1.623335927724838e-01, 8.823370188474655e-02, 3.511175885796547e-02, 5.674127489328384e-03, 1.420549815520644e-03, 2.256772853434086e-02, 6.803829222917557e-02, 1.355156898498535e-01, 2.215621918439865e-01, 3.217940628528595e-01, 4.311048686504364e-01, 5.439255833625793e-01, 6.545084714889526e-01, 7.572197914123535e-01, 8.468266725540161e-01, 9.187639951705933e-01, 9.693669080734255e-01, 9.960573315620423e-01, 9.97475504875183e-01, 9.735491275787354e-01, 9.254972338676453e-01, 8.557678461074829e-01, 7.679134011268616e-01, 6.664097905158997e-01, 5.564281940460205e-01, 4.435718059539795e-01, 3.335902392864227e-01, 2.320865988731384e-01, 1.442321687936783e-01, 7.450275868177414e-02, 2.645084820687771e-02, 2.524491399526596e-03, 3.942649345844984e-03, 3.063307143747807e-02, 8.123598247766495e-02, 1.531733423471451e-01, 2.427802383899689e-01, 3.45491498708725e-01, 4.560743868350983e-01, 5.68895161151886e-01, 6.782059669494629e-01, 7.784377932548523e-01, 8.644843101501465e-01, 9.31961715221405e-01, 9.774322509765625e-01, 9.985794425010681e-01, 9.943258762359619e-01, 9.648882150650024e-01, 9.117662906646729e-01, 8.37666392326355e-01, 7.463636994361877e-01, 6.425096392631531e-01, 5.313952565193176e-01, 4.18681412935257e-01, 3.101104497909546e-01, 2.112136483192444e-01, 1.270294338464737e-01, 6.184665858745575e-02, 1.89861636608839e-02, 6.315216887742281e-04, 7.717832922935486e-03, 3.988407552242279e-02, 9.549150615930557e-02]
