last-generated=2017-04-05
statistics-initialization=
{
  "numerical Jacobians": "0", 
  "nonlinear": "1, 1, 1"
}
statistics-simulation=
{
  "numerical Jacobians": "0", 
  "nonlinear": "1, 1, 1, 1", 
  "number of continuous time states": "3", 
  "linear": " "
}
sinSpeDX.vol.T=[2.925499877929688e+02, 2.925499877929688e+02, 2.925499877929688e+02, 2.925499877929688e+02, 2.925499877929688e+02, 2.925499877929688e+02, 2.925499877929688e+02, 2.925499877929688e+02, 2.925499877929688e+02, 2.925499877929688e+02, 2.925499877929688e+02, 2.925499877929688e+02, 2.925499877929688e+02, 2.925499877929688e+02, 2.925499877929688e+02, 2.925499877929688e+02, 2.925499877929688e+02, 2.918102722167969e+02, 2.860597839355469e+02, 2.822253723144531e+02, 2.806035766601562e+02, 2.803480224609375e+02, 2.808031005859375e+02, 2.8153564453125e+02, 2.823067321777344e+02, 2.830119934082031e+02, 2.836208190917969e+02, 2.841376647949219e+02, 2.845762634277344e+02, 2.849544982910156e+02, 2.852830505371094e+02, 2.855722351074219e+02, 2.858317565917969e+02, 2.860664367675781e+02, 2.862393493652344e+02, 2.862959899902344e+02, 2.863131713867188e+02, 2.863181762695312e+02, 2.863197631835938e+02, 2.863203125e+02, 2.863203735351562e+02, 2.863203735351562e+02, 2.863204040527344e+02, 2.863204345703125e+02, 2.863204345703125e+02, 2.863204345703125e+02, 2.863204345703125e+02, 2.863204345703125e+02, 2.863204345703125e+02, 2.863204345703125e+02, 2.863204345703125e+02, 2.863204345703125e+02, 2.863204345703125e+02, 2.863204345703125e+02, 2.863204345703125e+02, 2.863204345703125e+02, 2.863204345703125e+02, 2.863204345703125e+02, 2.863204345703125e+02, 2.863204345703125e+02, 2.863204345703125e+02, 2.863204345703125e+02, 2.863204345703125e+02, 2.863204345703125e+02, 2.863204345703125e+02, 2.863204345703125e+02, 2.863204345703125e+02, 2.863115234375e+02, 2.862183532714844e+02, 2.860834350585938e+02, 2.85935546875e+02, 2.857838745117188e+02, 2.856305236816406e+02, 2.854766540527344e+02, 2.853224487304688e+02, 2.851679077148438e+02, 2.850130615234375e+02, 2.848579406738281e+02, 2.847025451660156e+02, 2.845468444824219e+02, 2.84390869140625e+02, 2.84234619140625e+02, 2.840780944824219e+02, 2.839212646484375e+02, 2.837968444824219e+02, 2.837558288574219e+02, 2.837433471679688e+02, 2.837396545410156e+02, 2.837384338378906e+02, 2.837382202148438e+02, 2.837380981445312e+02, 2.83738037109375e+02, 2.837380065917969e+02, 2.83738037109375e+02, 2.83738037109375e+02, 2.83738037109375e+02, 2.83738037109375e+02, 2.83738037109375e+02, 2.83738037109375e+02, 2.83738037109375e+02, 2.83738037109375e+02]
sinSpeDX.sta_a.T=[2.925499877929688e+02, 2.925499877929688e+02, 2.925499877929688e+02, 2.925499877929688e+02, 2.925499877929688e+02, 2.925499877929688e+02, 2.925499877929688e+02, 2.925499877929688e+02, 2.925499877929688e+02, 2.925499877929688e+02, 2.925499877929688e+02, 2.925499877929688e+02, 2.925499877929688e+02, 2.925499877929688e+02, 2.925499877929688e+02, 2.925499877929688e+02, 2.925499877929688e+02, 2.961499938964844e+02, 2.961499938964844e+02, 2.961499938964844e+02, 2.961499938964844e+02, 2.961499938964844e+02, 2.961499938964844e+02, 2.961499938964844e+02, 2.961499938964844e+02, 2.961499938964844e+02, 2.961499938964844e+02, 2.961499938964844e+02, 2.961499938964844e+02, 2.961499938964844e+02, 2.961499938964844e+02, 2.961499938964844e+02, 2.961499938964844e+02, 2.961499938964844e+02, 2.961499938964844e+02, 2.961499938964844e+02, 2.961499938964844e+02, 2.961499938964844e+02, 2.961499938964844e+02, 2.961499938964844e+02, 2.961499938964844e+02, 2.961499938964844e+02, 2.961499938964844e+02, 2.961499938964844e+02, 2.961499938964844e+02, 2.961499938964844e+02, 2.961499938964844e+02, 2.961499938964844e+02, 2.961499938964844e+02, 2.961499938964844e+02, 2.961499938964844e+02, 2.961499938964844e+02, 2.961499938964844e+02, 2.961499938964844e+02, 2.961499938964844e+02, 2.961499938964844e+02, 2.961499938964844e+02, 2.961499938964844e+02, 2.961499938964844e+02, 2.961499938964844e+02, 2.961499938964844e+02, 2.961499938964844e+02, 2.961499938964844e+02, 2.961499938964844e+02, 2.961499938964844e+02, 2.961499938964844e+02, 2.961499938964844e+02, 2.960499877929688e+02, 2.9575e+02, 2.954500122070312e+02, 2.951499938964844e+02, 2.948500061035156e+02, 2.945499877929688e+02, 2.9425e+02, 2.939500122070312e+02, 2.936499938964844e+02, 2.933500061035156e+02, 2.930499877929688e+02, 2.9275e+02, 2.924500122070312e+02, 2.921499938964844e+02, 2.918500061035156e+02, 2.915499877929688e+02, 2.9125e+02, 2.911499938964844e+02, 2.911499938964844e+02, 2.911499938964844e+02, 2.911499938964844e+02, 2.911499938964844e+02, 2.911499938964844e+02, 2.911499938964844e+02, 2.911499938964844e+02, 2.911499938964844e+02, 2.911499938964844e+02, 2.911499938964844e+02, 2.911499938964844e+02, 2.911499938964844e+02, 2.911499938964844e+02, 2.911499938964844e+02, 2.911499938964844e+02, 2.911499938964844e+02]
time=[0e+00, 3.6e+03]
sinSpeDX.dxCoo.mWat_flow=[0e+00, 0e+00, 0e+00, 0e+00, 0e+00, 0e+00, 0e+00, 0e+00, 0e+00, 0e+00, 0e+00, 0e+00, 0e+00, 0e+00, 0e+00, 0e+00, 0e+00, -1.680354471318424e-03, -2.907296176999807e-03, -2.969722496345639e-03, -2.931898226961493e-03, -2.881520427763462e-03, -2.832352882251143e-03, -2.787783974781632e-03, -2.748419996351004e-03, -2.714029047638178e-03, -2.684141974896193e-03, -2.658253069967031e-03, -2.635890385136008e-03, -2.616633428260684e-03, -2.600117586553097e-03, -2.586027141660452e-03, -2.574091078713536e-03, -2.56407493725419e-03, -2.561127068474889e-03, -2.561127068474889e-03, -2.561127068474889e-03, -2.561127068474889e-03, -2.561127068474889e-03, -2.561127068474889e-03, -2.561127068474889e-03, -2.561127068474889e-03, -2.561127068474889e-03, -2.561127068474889e-03, -2.561127068474889e-03, -2.561127068474889e-03, -2.561127068474889e-03, -2.561127068474889e-03, -2.561127068474889e-03, -2.561127068474889e-03, -2.561127068474889e-03, -2.561127068474889e-03, -2.561127068474889e-03, -2.561127068474889e-03, -2.561127068474889e-03, -2.561127068474889e-03, -2.561127068474889e-03, -2.561127068474889e-03, -2.561127068474889e-03, -2.561127068474889e-03, -2.561127068474889e-03, -2.561127068474889e-03, -2.561127068474889e-03, -2.561127068474889e-03, -2.561127068474889e-03, -2.561127068474889e-03, -2.561127068474889e-03, -2.58522224612534e-03, -2.657328499481082e-03, -2.729166066274047e-03, -2.800734015181661e-03, -2.872030949220061e-03, -2.943056169897318e-03, -3.013808280229568e-03, -3.084286581724882e-03, -3.154489677399397e-03, -3.224416868761182e-03, -3.294066758826375e-03, -3.363438416272402e-03, -3.432530909776688e-03, -3.501343075186014e-03, -3.569873981177807e-03, -3.638122463598847e-03, -3.706087358295918e-03, -3.728679148480296e-03, -3.728679148480296e-03, -3.728679148480296e-03, -3.728679148480296e-03, -3.728679148480296e-03, -3.728679148480296e-03, -3.728679148480296e-03, -3.728679148480296e-03, -3.728679148480296e-03, -3.728679148480296e-03, -3.728679148480296e-03, -3.728679148480296e-03, -3.728679148480296e-03, -3.728679148480296e-03, -3.728679148480296e-03, -3.728679148480296e-03, -3.728679148480296e-03]
sinSpeDX.sta_a.X[1]=[9.999999776482582e-03, 9.999999776482582e-03, 9.999999776482582e-03, 9.999999776482582e-03, 9.999999776482582e-03, 9.999999776482582e-03, 9.999999776482582e-03, 9.999999776482582e-03, 9.999999776482582e-03, 9.999999776482582e-03, 9.999999776482582e-03, 9.999999776482582e-03, 9.999999776482582e-03, 9.999999776482582e-03, 9.999999776482582e-03, 9.999999776482582e-03, 9.999999776482582e-03, 9.999999776482582e-03, 9.999999776482582e-03, 9.999999776482582e-03, 9.999999776482582e-03, 9.999999776482582e-03, 9.999999776482582e-03, 9.999999776482582e-03, 9.999999776482582e-03, 9.999999776482582e-03, 9.999999776482582e-03, 9.999999776482582e-03, 9.999999776482582e-03, 9.999999776482582e-03, 9.999999776482582e-03, 9.999999776482582e-03, 9.999999776482582e-03, 9.999999776482582e-03, 9.999999776482582e-03, 9.999999776482582e-03, 9.999999776482582e-03, 9.999999776482582e-03, 9.999999776482582e-03, 9.999999776482582e-03, 9.999999776482582e-03, 9.999999776482582e-03, 9.999999776482582e-03, 9.999999776482582e-03, 9.999999776482582e-03, 9.999999776482582e-03, 9.999999776482582e-03, 9.999999776482582e-03, 9.999999776482582e-03, 9.999999776482582e-03, 9.999999776482582e-03, 9.999999776482582e-03, 9.999999776482582e-03, 9.999999776482582e-03, 9.999999776482582e-03, 9.999999776482582e-03, 9.999999776482582e-03, 9.999999776482582e-03, 9.999999776482582e-03, 9.999999776482582e-03, 9.999999776482582e-03, 9.999999776482582e-03, 9.999999776482582e-03, 9.999999776482582e-03, 9.999999776482582e-03, 9.999999776482582e-03, 9.999999776482582e-03, 9.999999776482582e-03, 9.999999776482582e-03, 9.999999776482582e-03, 9.999999776482582e-03, 9.999999776482582e-03, 9.999999776482582e-03, 9.999999776482582e-03, 9.999999776482582e-03, 9.999999776482582e-03, 9.999999776482582e-03, 9.999999776482582e-03, 9.999999776482582e-03, 9.999999776482582e-03, 9.999999776482582e-03, 9.999999776482582e-03, 9.999999776482582e-03, 9.999999776482582e-03, 9.999999776482582e-03, 9.999999776482582e-03, 9.999999776482582e-03, 9.999999776482582e-03, 9.999999776482582e-03, 9.999999776482582e-03, 9.999999776482582e-03, 9.999999776482582e-03, 9.999999776482582e-03, 9.999999776482582e-03, 9.999999776482582e-03, 9.999999776482582e-03, 9.999999776482582e-03, 9.999999776482582e-03, 9.999999776482582e-03, 9.999999776482582e-03, 9.999999776482582e-03]
sinSpeDX.vol.X_w=[9.999999776482582e-03, 9.999999776482582e-03, 9.999999776482582e-03, 9.999999776482582e-03, 9.999999776482582e-03, 9.999999776482582e-03, 9.999999776482582e-03, 9.999999776482582e-03, 9.999999776482582e-03, 9.999999776482582e-03, 9.999999776482582e-03, 9.999999776482582e-03, 9.999999776482582e-03, 9.999999776482582e-03, 9.999999776482582e-03, 9.999999776482582e-03, 9.999999776482582e-03, 9.769494645297527e-03, 7.999084889888763e-03, 6.728170905262232e-03, 6.154498551040888e-03, 6.080456543713808e-03, 6.27262843772769e-03, 6.56688679009676e-03, 6.870796903967857e-03, 7.14387558400631e-03, 7.374743930995464e-03, 7.565929554402829e-03, 7.723645772784949e-03, 7.855726405978203e-03, 7.966840639710426e-03, 8.061468601226807e-03, 8.143886923789978e-03, 8.216185495257378e-03, 8.268233388662338e-03, 8.285243064165115e-03, 8.290399797260761e-03, 8.291902020573616e-03, 8.29237699508667e-03, 8.292544633150101e-03, 8.292561396956444e-03, 8.292568847537041e-03, 8.292577229440212e-03, 8.292581886053085e-03, 8.292583748698235e-03, 8.29258281737566e-03, 8.292581886053085e-03, 8.292580954730511e-03, 8.292580954730511e-03, 8.292581886053085e-03, 8.292581886053085e-03, 8.292581886053085e-03, 8.292581886053085e-03, 8.292581886053085e-03, 8.292581886053085e-03, 8.292581886053085e-03, 8.292581886053085e-03, 8.292581886053085e-03, 8.292581886053085e-03, 8.292581886053085e-03, 8.292581886053085e-03, 8.292581886053085e-03, 8.292581886053085e-03, 8.292581886053085e-03, 8.292581886053085e-03, 8.292581886053085e-03, 8.292581886053085e-03, 8.289764635264874e-03, 8.260417729616165e-03, 8.21808073669672e-03, 8.171896450221539e-03, 8.124777115881443e-03, 8.077395148575306e-03, 8.030124008655548e-03, 7.9830102622509e-03, 7.936062291264534e-03, 7.889289408922195e-03, 7.842699065804482e-03, 7.796297315508127e-03, 7.750081829726696e-03, 7.704052142798901e-03, 7.658208720386028e-03, 7.612552959471941e-03, 7.567085791379213e-03, 7.531179580837488e-03, 7.519344333559275e-03, 7.515752222388983e-03, 7.5146802701056e-03, 7.514332421123981e-03, 7.514264900237322e-03, 7.514231838285923e-03, 7.514216005802155e-03, 7.514211349189281e-03, 7.514212746173143e-03, 7.514215540140867e-03, 7.51421507447958e-03, 7.514214143157005e-03, 7.514213677495718e-03, 7.514213677495718e-03, 7.514213677495718e-03, 7.514213677495718e-03]
onOff.y=[0e+00, 0e+00, 0e+00, 0e+00, 0e+00, 0e+00, 0e+00, 0e+00, 0e+00, 0e+00, 0e+00, 0e+00, 0e+00, 0e+00, 0e+00, 0e+00, 0e+00, 1e+00, 1e+00, 1e+00, 1e+00, 1e+00, 1e+00, 1e+00, 1e+00, 1e+00, 1e+00, 1e+00, 1e+00, 1e+00, 1e+00, 1e+00, 1e+00, 1e+00, 1e+00, 1e+00, 1e+00, 1e+00, 1e+00, 1e+00, 1e+00, 1e+00, 1e+00, 1e+00, 1e+00, 1e+00, 1e+00, 1e+00, 1e+00, 1e+00, 1e+00, 1e+00, 1e+00, 1e+00, 1e+00, 1e+00, 1e+00, 1e+00, 1e+00, 1e+00, 1e+00, 1e+00, 1e+00, 1e+00, 1e+00, 1e+00, 1e+00, 1e+00, 1e+00, 1e+00, 1e+00, 1e+00, 1e+00, 1e+00, 1e+00, 1e+00, 1e+00, 1e+00, 1e+00, 1e+00, 1e+00, 1e+00, 1e+00, 1e+00, 1e+00, 1e+00, 1e+00, 1e+00, 1e+00, 1e+00, 1e+00, 1e+00, 1e+00, 1e+00, 1e+00, 1e+00, 1e+00, 1e+00, 1e+00, 1e+00, 1e+00]
sinSpeDX.P=[0e+00, 0e+00, 0e+00, 0e+00, 0e+00, 0e+00, 0e+00, 0e+00, 0e+00, 0e+00, 0e+00, 0e+00, 0e+00, 0e+00, 0e+00, 0e+00, 0e+00, 2.019782592773438e+03, 5.7283837890625e+03, 5.77592724609375e+03, 5.81179443359375e+03, 5.84104345703125e+03, 5.86588134765625e+03, 5.8875078125e+03, 5.90666015625e+03, 5.9238310546875e+03, 5.93936865234375e+03, 5.95352880859375e+03, 5.9665078125e+03, 5.978458984375e+03, 5.98950439453125e+03, 5.99974462890625e+03, 6.00926220703125e+03, 6.018126953125e+03, 6.020947265625e+03, 6.020947265625e+03, 6.020947265625e+03, 6.020947265625e+03, 6.020947265625e+03, 6.020947265625e+03, 6.020947265625e+03, 6.020947265625e+03, 6.020947265625e+03, 6.020947265625e+03, 6.020947265625e+03, 6.020947265625e+03, 6.020947265625e+03, 6.020947265625e+03, 6.020947265625e+03, 6.020947265625e+03, 6.020947265625e+03, 6.020947265625e+03, 6.020947265625e+03, 6.020947265625e+03, 6.020947265625e+03, 6.020947265625e+03, 6.020947265625e+03, 6.020947265625e+03, 6.020947265625e+03, 6.020947265625e+03, 6.020947265625e+03, 6.020947265625e+03, 6.020947265625e+03, 6.020947265625e+03, 6.020947265625e+03, 6.020947265625e+03, 6.020947265625e+03, 6.01839599609375e+03, 6.01063037109375e+03, 6.00269580078125e+03, 5.99459130859375e+03, 5.98631494140625e+03, 5.97786669921875e+03, 5.9692451171875e+03, 5.96044873046875e+03, 5.95147705078125e+03, 5.94232861328125e+03, 5.93300244140625e+03, 5.92349755859375e+03, 5.9138125e+03, 5.90394677734375e+03, 5.89389892578125e+03, 5.88366748046875e+03, 5.873251953125e+03, 5.8697392578125e+03, 5.8697392578125e+03, 5.8697392578125e+03, 5.8697392578125e+03, 5.8697392578125e+03, 5.8697392578125e+03, 5.8697392578125e+03, 5.8697392578125e+03, 5.8697392578125e+03, 5.8697392578125e+03, 5.8697392578125e+03, 5.8697392578125e+03, 5.8697392578125e+03, 5.8697392578125e+03, 5.8697392578125e+03, 5.8697392578125e+03, 5.8697392578125e+03]
sinSpeDX.dxCoo.Q_flow=[0e+00, 0e+00, 0e+00, 0e+00, 0e+00, 0e+00, 0e+00, 0e+00, 0e+00, 0e+00, 0e+00, 0e+00, 0e+00, 0e+00, 0e+00, 0e+00, 0e+00, -1.05169580078125e+04, -1.8190927734375e+04, -1.8581166015625e+04, -1.8893861328125e+04, -1.91626171875e+04, -1.940209375e+04, -1.962026171875e+04, -1.98220234375e+04, -2.00106484375e+04, -2.01884453125e+04, -2.0357119140625e+04, -2.0517970703125e+04, -2.0672017578125e+04, -2.082007421875e+04, -2.0962802734375e+04, -2.11007578125e+04, -2.1234400390625e+04, -2.1278056640625e+04, -2.1278056640625e+04, -2.1278056640625e+04, -2.1278056640625e+04, -2.1278056640625e+04, -2.1278056640625e+04, -2.1278056640625e+04, -2.1278056640625e+04, -2.1278056640625e+04, -2.1278056640625e+04, -2.1278056640625e+04, -2.1278056640625e+04, -2.1278056640625e+04, -2.1278056640625e+04, -2.1278056640625e+04, -2.1278056640625e+04, -2.1278056640625e+04, -2.1278056640625e+04, -2.1278056640625e+04, -2.1278056640625e+04, -2.1278056640625e+04, -2.1278056640625e+04, -2.1278056640625e+04, -2.1278056640625e+04, -2.1278056640625e+04, -2.1278056640625e+04, -2.1278056640625e+04, -2.1278056640625e+04, -2.1278056640625e+04, -2.1278056640625e+04, -2.1278056640625e+04, -2.1278056640625e+04, -2.1278056640625e+04, -2.1263072265625e+04, -2.121798828125e+04, -2.1172712890625e+04, -2.112724609375e+04, -2.10815859375e+04, -2.1035732421875e+04, -2.098968359375e+04, -2.0943435546875e+04, -2.0896990234375e+04, -2.0850345703125e+04, -2.08035e+04, -2.0756451171875e+04, -2.070919921875e+04, -2.06617421875e+04, -2.0614078125e+04, -2.056620703125e+04, -2.0518125e+04, -2.0502052734375e+04, -2.0502052734375e+04, -2.0502052734375e+04, -2.0502052734375e+04, -2.0502052734375e+04, -2.0502052734375e+04, -2.0502052734375e+04, -2.0502052734375e+04, -2.0502052734375e+04, -2.0502052734375e+04, -2.0502052734375e+04, -2.0502052734375e+04, -2.0502052734375e+04, -2.0502052734375e+04, -2.0502052734375e+04, -2.0502052734375e+04, -2.0502052734375e+04]
