last-generated=2024-02-09
statistics-initialization=
{
  "nonlinear": "0, 0",
  "numerical Jacobians": "0"
}
statistics-simulation=
{
  "linear": " ",
  "nonlinear": "1",
  "number of continuous time states": "2",
  "numerical Jacobians": "0"
}
time=[0e+00, 3.6e+03]
y.y=[0e+00, 2.999999932944775e-02, 5.999999865889549e-02, 9.000000357627869e-02, 1.19999997317791e-01, 1.500000059604645e-01, 1.800000071525574e-01, 2.099999934434891e-01, 2.39999994635582e-01, 2.700000107288361e-01, 3.00000011920929e-01, 3.300000131130219e-01, 3.600000143051147e-01, 3.899999856948853e-01, 4.199999868869782e-01, 4.49999988079071e-01, 4.799999892711639e-01, 5.099999904632568e-01, 5.400000214576721e-01, 5.699999928474426e-01, 6.000000238418579e-01, 6.299999952316284e-01, 6.600000262260437e-01, 6.899999976158142e-01, 7.200000286102295e-01, 7.5e-01, 7.799999713897705e-01, 8.100000023841859e-01, 8.399999737739564e-01, 8.700000047683716e-01, 8.999999761581421e-01, 9.300000071525574e-01, 9.599999785423279e-01, 9.900000095367432e-01, 0e+00, 0e+00, 0e+00, 0e+00, 0e+00, 0e+00, 0e+00, 0e+00, 0e+00, 0e+00, 0e+00, 0e+00, 0e+00, 0e+00, 0e+00, 0e+00, 0e+00, 0e+00, 0e+00, 0e+00, 0e+00, 0e+00, 1e+00, 1e+00, 1e+00, 1e+00, 1e+00, 1e+00, 1e+00, 1e+00, 1e+00, 1e+00, 1e+00, 1e+00, 1e+00, 1e+00, 1e+00, 1e+00, 1e+00, 1e+00, 1e+00, 1e+00, 1e+00, 1e+00, 1e+00, 1e+00, 1e+00, 1e+00, 1e+00, 1e+00, 1e+00, 1e+00, 1e+00, 1e+00, 1e+00, 1e+00, 1e+00, 1e+00, 1e+00, 1e+00, 1e+00, 1e+00, 1e+00, 1e+00, 1e+00, 1e+00, 1e+00]
boiDyn.QFue_flow=[0e+00, 1.666666625976562e+03, 3.333333251953125e+03, 5e+03, 6.66666650390625e+03, 8.3333330078125e+03, 1e+04, 1.16666669921875e+04, 1.33333330078125e+04, 1.5e+04, 1.6666666015625e+04, 1.8333333984375e+04, 2e+04, 2.1666666015625e+04, 2.3333333984375e+04, 2.5e+04, 2.6666666015625e+04, 2.8333333984375e+04, 3e+04, 3.1666666015625e+04, 3.333333203125e+04, 3.5e+04, 3.666666796875e+04, 3.833333203125e+04, 4e+04, 4.166666796875e+04, 4.333333203125e+04, 4.500000000000001e+04, 4.666666796875001e+04, 4.833333203125e+04, 5e+04, 5.166666796875e+04, 5.333333203125e+04, 5.5e+04, 0e+00, 0e+00, 0e+00, 0e+00, 0e+00, 0e+00, 0e+00, 0e+00, 0e+00, 0e+00, 0e+00, 0e+00, 0e+00, 0e+00, 0e+00, 0e+00, 0e+00, 0e+00, 0e+00, 0e+00, 0e+00, 0e+00, 5.55555546875e+04, 5.55555546875e+04, 5.55555546875e+04, 5.55555546875e+04, 5.55555546875e+04, 5.55555546875e+04, 5.55555546875e+04, 5.55555546875e+04, 5.55555546875e+04, 5.55555546875e+04, 5.55555546875e+04, 5.55555546875e+04, 5.55555546875e+04, 5.55555546875e+04, 5.55555546875e+04, 5.55555546875e+04, 5.55555546875e+04, 5.55555546875e+04, 5.55555546875e+04, 5.55555546875e+04, 5.55555546875e+04, 5.55555546875e+04, 5.55555546875e+04, 5.55555546875e+04, 5.55555546875e+04, 5.55555546875e+04, 5.55555546875e+04, 5.55555546875e+04, 5.55555546875e+04, 5.55555546875e+04, 5.55555546875e+04, 5.55555546875e+04, 5.55555546875e+04, 5.55555546875e+04, 5.55555546875e+04, 5.55555546875e+04, 5.55555546875e+04, 5.55555546875e+04, 5.55555546875e+04, 5.55555546875e+04, 5.55555546875e+04, 5.55555546875e+04, 5.55555546875e+04, 5.55555546875e+04, 5.55555546875e+04]
boiSte.QFue_flow=[2.649903125e+04, 2.649903125e+04]
boiDyn.vol.VLiq=[3.750000149011612e-02, 3.808228299021721e-02, 3.863832354545593e-02, 3.916813060641289e-02, 3.967170044779778e-02, 4.01490293443203e-02, 4.060012474656105e-02, 4.102495312690735e-02, 4.142348095774651e-02, 4.179574176669121e-02, 4.214155301451683e-02, 4.246065765619278e-02, 4.275323450565338e-02, 4.301924258470535e-02, 4.325858876109123e-02, 4.34713289141655e-02, 4.365743324160576e-02, 4.381688684225082e-02, 4.394970089197159e-02, 4.405586421489716e-02, 4.413537681102753e-02, 4.4188242405653e-02, 4.421445727348328e-02, 4.421402513980865e-02, 4.418694600462914e-02, 4.413321614265442e-02, 4.40528392791748e-02, 4.394581541419029e-02, 4.381214082241058e-02, 4.365182295441628e-02, 4.346485063433647e-02, 4.325123131275177e-02, 4.301096126437187e-02, 4.274404421448708e-02, 4.304608330130577e-02, 4.364148154854774e-02, 4.423688352108002e-02, 4.483228176832199e-02, 4.542768374085426e-02, 4.602308198809624e-02, 4.661848396062851e-02, 4.721388593316078e-02, 4.780928418040276e-02, 4.840468615293503e-02, 4.9000084400177e-02, 4.959548637270927e-02, 5.019088461995125e-02, 5.078628659248352e-02, 5.138168856501579e-02, 5.197708681225777e-02, 5.257248878479004e-02, 5.316788703203201e-02, 5.376328900456429e-02, 5.435868725180626e-02, 5.495408922433854e-02, 5.554949119687081e-02, 5.575176700949669e-02, 5.546263977885246e-02, 5.517351627349854e-02, 5.488438904285431e-02, 5.459526181221008e-02, 5.430613830685616e-02, 5.401701107621193e-02, 5.37278838455677e-02, 5.343876034021378e-02, 5.314963310956955e-02, 5.286050587892532e-02, 5.25713823735714e-02, 5.228225514292717e-02, 5.199312791228294e-02, 5.170400440692902e-02, 5.141487717628479e-02, 5.112574994564056e-02, 5.083662644028664e-02, 5.054749920964241e-02, 5.025837197899818e-02, 4.996924847364426e-02, 4.968012124300003e-02, 4.93909940123558e-02, 4.910187050700188e-02, 4.881274327635765e-02, 4.852361604571342e-02, 4.82344925403595e-02, 4.794536530971527e-02, 4.765623807907104e-02, 4.736711457371712e-02, 4.707798734307289e-02, 4.678886011242867e-02, 4.649973660707474e-02, 4.621060937643051e-02, 4.592148214578629e-02, 4.563235491514206e-02, 4.534323140978813e-02, 4.505410417914391e-02, 4.476497694849968e-02, 4.447585344314575e-02, 4.418672621250153e-02, 4.38975989818573e-02, 4.360847547650337e-02, 4.331934824585915e-02, 4.303022101521492e-02]
boiSte.VLiq=[3.750000149011612e-02, 3.750000149011612e-02, 3.750000149011612e-02, 3.750000149011612e-02, 3.750000149011612e-02, 3.750000149011612e-02, 3.750000149011612e-02, 3.750000149011612e-02, 3.750000149011612e-02, 3.750000149011612e-02, 3.750000149011612e-02, 3.750000149011612e-02, 3.750000149011612e-02, 3.750000149011612e-02, 3.750000149011612e-02, 3.750000149011612e-02, 3.750000149011612e-02, 3.750000149011612e-02, 3.750000149011612e-02, 3.750000149011612e-02, 3.750000149011612e-02, 3.750000149011612e-02, 3.750000149011612e-02, 3.750000149011612e-02, 3.750000149011612e-02, 3.750000149011612e-02, 3.750000149011612e-02, 3.750000149011612e-02, 3.750000149011612e-02, 3.750000149011612e-02, 3.750000149011612e-02, 3.750000149011612e-02, 3.750000149011612e-02, 3.750000149011612e-02, 3.750000149011612e-02, 3.750000149011612e-02, 3.750000149011612e-02, 3.750000149011612e-02, 3.750000149011612e-02, 3.750000149011612e-02, 3.750000149011612e-02, 3.750000149011612e-02, 3.750000149011612e-02, 3.750000149011612e-02, 3.750000149011612e-02, 3.750000149011612e-02, 3.750000149011612e-02, 3.750000149011612e-02, 3.750000149011612e-02, 3.750000149011612e-02, 3.750000149011612e-02, 3.750000149011612e-02, 3.750000149011612e-02, 3.750000149011612e-02, 3.750000149011612e-02, 3.750000149011612e-02, 3.750000149011612e-02, 3.750000149011612e-02, 3.750000149011612e-02, 3.750000149011612e-02, 3.750000149011612e-02, 3.750000149011612e-02, 3.750000149011612e-02, 3.750000149011612e-02, 3.750000149011612e-02, 3.750000149011612e-02, 3.750000149011612e-02, 3.750000149011612e-02, 3.750000149011612e-02, 3.750000149011612e-02, 3.750000149011612e-02, 3.750000149011612e-02, 3.750000149011612e-02, 3.750000149011612e-02, 3.750000149011612e-02, 3.750000149011612e-02, 3.750000149011612e-02, 3.750000149011612e-02, 3.750000149011612e-02, 3.750000149011612e-02, 3.750000149011612e-02, 3.750000149011612e-02, 3.750000149011612e-02, 3.750000149011612e-02, 3.750000149011612e-02, 3.750000149011612e-02, 3.750000149011612e-02, 3.750000149011612e-02, 3.750000149011612e-02, 3.750000149011612e-02, 3.750000149011612e-02, 3.750000149011612e-02, 3.750000149011612e-02, 3.750000149011612e-02, 3.750000149011612e-02, 3.750000149011612e-02, 3.750000149011612e-02, 3.750000149011612e-02, 3.750000149011612e-02, 3.750000149011612e-02, 3.750000149011612e-02]
