last-generated=2026-07-06
statistics-initialization=
{
  "nonlinear": "0, 1, 1, 1, 5, 2, 1, 1, 4, 1, 1, 1",
  "numerical Jacobians": "0"
}
statistics-simulation=
{
  "linear": "0, 2",
  "nonlinear": "1, 1, 0, 3, 1, 1, 1, 1, 1, 1",
  "number of continuous time states": "41",
  "numerical Jacobians": "0"
}
time=[0e+00, 8.64e+04]
cooModCon.y=[1e+00, 1e+00, 2e+00, 1e+00, 1e+00, 1e+00, 1e+00, 1e+00, 1e+00, 1e+00, 1e+00, 1e+00, 1e+00, 1e+00, 1e+00, 1e+00, 1e+00, 1e+00, 1e+00, 1e+00, 1e+00, 1e+00, 1e+00, 1e+00, 1e+00, 1e+00, 1e+00, 1e+00, 1e+00, 1e+00, 1e+00, 1e+00, 1e+00, 1e+00, 1e+00, 1e+00, 1e+00, 1e+00, 1e+00, 1e+00, 1e+00, 2e+00, 2e+00, 2e+00, 2e+00, 2e+00, 2e+00, 2e+00, 2e+00, 2e+00, 2e+00, 2e+00, 2e+00, 2e+00, 2e+00, 2e+00, 2e+00, 2e+00, 2e+00, 2e+00, 2e+00, 2e+00, 2e+00, 2e+00, 2e+00, 2e+00, 2e+00, 2e+00, 2e+00, 2e+00, 2e+00, 2e+00, 2e+00, 2e+00, 2e+00, 2e+00, 2e+00, 2e+00, 1e+00, 1e+00, 1e+00, 1e+00, 1e+00, 1e+00, 1e+00, 1e+00, 1e+00, 1e+00, 1e+00, 1e+00, 1e+00, 1e+00, 1e+00, 1e+00, 1e+00, 1e+00, 1e+00, 1e+00, 1e+00, 1e+00, 1e+00]
chiOn[1].u=[0e+00, 0e+00, 1e+00, 0e+00, 0e+00, 0e+00, 0e+00, 0e+00, 0e+00, 0e+00, 0e+00, 0e+00, 0e+00, 0e+00, 0e+00, 0e+00, 0e+00, 0e+00, 0e+00, 0e+00, 0e+00, 0e+00, 0e+00, 0e+00, 0e+00, 0e+00, 0e+00, 0e+00, 0e+00, 0e+00, 0e+00, 0e+00, 0e+00, 0e+00, 0e+00, 0e+00, 0e+00, 0e+00, 0e+00, 0e+00, 0e+00, 1e+00, 1e+00, 1e+00, 1e+00, 1e+00, 1e+00, 1e+00, 1e+00, 1e+00, 1e+00, 1e+00, 1e+00, 1e+00, 1e+00, 1e+00, 1e+00, 1e+00, 1e+00, 1e+00, 1e+00, 1e+00, 1e+00, 1e+00, 1e+00, 1e+00, 1e+00, 1e+00, 1e+00, 1e+00, 1e+00, 1e+00, 1e+00, 1e+00, 1e+00, 1e+00, 1e+00, 1e+00, 0e+00, 0e+00, 0e+00, 0e+00, 0e+00, 0e+00, 0e+00, 0e+00, 0e+00, 0e+00, 0e+00, 0e+00, 0e+00, 0e+00, 0e+00, 0e+00, 0e+00, 0e+00, 0e+00, 0e+00, 0e+00, 0e+00, 0e+00]
chiOn[2].u=[0e+00, 0e+00, 0e+00, 0e+00, 0e+00, 0e+00, 0e+00, 0e+00, 0e+00, 0e+00, 0e+00, 0e+00, 0e+00, 0e+00, 0e+00, 0e+00, 0e+00, 0e+00, 0e+00, 0e+00, 0e+00, 0e+00, 0e+00, 0e+00, 0e+00, 0e+00, 0e+00, 0e+00, 0e+00, 0e+00, 0e+00, 0e+00, 0e+00, 0e+00, 0e+00, 0e+00, 0e+00, 0e+00, 0e+00, 0e+00, 0e+00, 0e+00, 0e+00, 0e+00, 0e+00, 0e+00, 0e+00, 0e+00, 0e+00, 0e+00, 0e+00, 0e+00, 0e+00, 0e+00, 0e+00, 0e+00, 0e+00, 0e+00, 0e+00, 0e+00, 0e+00, 0e+00, 0e+00, 0e+00, 0e+00, 0e+00, 0e+00, 0e+00, 0e+00, 0e+00, 0e+00, 0e+00, 0e+00, 0e+00, 0e+00, 0e+00, 0e+00, 0e+00, 0e+00, 0e+00, 0e+00, 0e+00, 0e+00, 0e+00, 0e+00, 0e+00, 0e+00, 0e+00, 0e+00, 0e+00, 0e+00, 0e+00, 0e+00, 0e+00, 0e+00, 0e+00, 0e+00, 0e+00, 0e+00, 0e+00, 0e+00]
wseOn.y=[1e+00, 1e+00, 1e+00, 1e+00, 1e+00, 1e+00, 1e+00, 1e+00, 1e+00, 1e+00, 1e+00, 1e+00, 1e+00, 1e+00, 1e+00, 1e+00, 1e+00, 1e+00, 1e+00, 1e+00, 1e+00, 1e+00, 1e+00, 1e+00, 1e+00, 1e+00, 1e+00, 1e+00, 1e+00, 1e+00, 1e+00, 1e+00, 1e+00, 1e+00, 1e+00, 1e+00, 1e+00, 1e+00, 1e+00, 1e+00, 1e+00, 1e+00, 1e+00, 1e+00, 1e+00, 1e+00, 1e+00, 1e+00, 1e+00, 1e+00, 1e+00, 1e+00, 1e+00, 1e+00, 1e+00, 1e+00, 1e+00, 1e+00, 1e+00, 1e+00, 1e+00, 1e+00, 1e+00, 1e+00, 1e+00, 1e+00, 1e+00, 1e+00, 1e+00, 1e+00, 1e+00, 1e+00, 1e+00, 1e+00, 1e+00, 1e+00, 1e+00, 1e+00, 1e+00, 1e+00, 1e+00, 1e+00, 1e+00, 1e+00, 1e+00, 1e+00, 1e+00, 1e+00, 1e+00, 1e+00, 1e+00, 1e+00, 1e+00, 1e+00, 1e+00, 1e+00, 1e+00, 1e+00, 1e+00, 1e+00, 1e+00]
TCWSup.T=[2.931499938964844e+02, 2.731105651855469e+02, 2.744752502441406e+02, 2.75300048828125e+02, 2.75900634765625e+02, 2.759019165039062e+02, 2.760344543457031e+02, 2.762469177246094e+02, 2.765027160644531e+02, 2.767755126953125e+02, 2.770498046875e+02, 2.773277893066406e+02, 2.776182556152344e+02, 2.77931396484375e+02, 2.782552185058594e+02, 2.785823974609375e+02, 2.7912109375e+02, 2.78530029296875e+02, 2.784228820800781e+02, 2.782908325195312e+02, 2.781553344726562e+02, 2.780196533203125e+02, 2.778789367675781e+02, 2.777415771484375e+02, 2.77607421875e+02, 2.774764709472656e+02, 2.773769226074219e+02, 2.772781066894531e+02, 2.771937866210938e+02, 2.771304016113281e+02, 2.770559387207031e+02, 2.770283813476562e+02, 2.770330200195312e+02, 2.770621643066406e+02, 2.770929260253906e+02, 2.771509094238281e+02, 2.774029846191406e+02, 2.77705078125e+02, 2.78068603515625e+02, 2.784794006347656e+02, 2.7882177734375e+02, 2.790094909667969e+02, 2.791506958007812e+02, 2.791060791015625e+02, 2.790548400878906e+02, 2.790528869628906e+02, 2.791554260253906e+02, 2.793424072265625e+02, 2.795535278320312e+02, 2.797554626464844e+02, 2.799137573242188e+02, 2.800079650878906e+02, 2.800581970214844e+02, 2.80087890625e+02, 2.801203308105469e+02, 2.801920471191406e+02, 2.803075256347656e+02, 2.804017639160156e+02, 2.804161987304688e+02, 2.803326416015625e+02, 2.802576904296875e+02, 2.80201416015625e+02, 2.80159912109375e+02, 2.801310119628906e+02, 2.801187438964844e+02, 2.801092529296875e+02, 2.800856018066406e+02, 2.800206604003906e+02, 2.797488098144531e+02, 2.793206787109375e+02, 2.788770446777344e+02, 2.785588073730469e+02, 2.78394775390625e+02, 2.782974548339844e+02, 2.781979675292969e+02, 2.780267028808594e+02, 2.777540283203125e+02, 2.774357299804688e+02, 2.773746337890625e+02, 2.771064453125e+02, 2.771095886230469e+02, 2.771084289550781e+02, 2.771070556640625e+02, 2.771058044433594e+02, 2.771036376953125e+02, 2.771019897460938e+02, 2.771026306152344e+02, 2.771051330566406e+02, 2.77106689453125e+02, 2.7710498046875e+02, 2.771051330566406e+02, 2.771070556640625e+02, 2.771119384765625e+02, 2.771210632324219e+02, 2.771253356933594e+02, 2.771244812011719e+02, 2.771165771484375e+02, 2.770884399414062e+02, 2.770762939453125e+02, 2.770838012695312e+02, 2.771056823730469e+02]
TCWRet.T=[2.931499938964844e+02, 2.73110595703125e+02, 2.751780090332031e+02, 2.75681396484375e+02, 2.76193603515625e+02, 2.761921997070312e+02, 2.763369750976562e+02, 2.7657177734375e+02, 2.768565979003906e+02, 2.771628723144531e+02, 2.774734497070312e+02, 2.777889709472656e+02, 2.781170654296875e+02, 2.784673156738281e+02, 2.788284606933594e+02, 2.79193359375e+02, 2.798036804199219e+02, 2.793227844238281e+02, 2.792475891113281e+02, 2.7915576171875e+02, 2.790612182617188e+02, 2.789664306640625e+02, 2.7886669921875e+02, 2.787699890136719e+02, 2.786763610839844e+02, 2.785859375e+02, 2.785257568359375e+02, 2.784655151367188e+02, 2.784128112792969e+02, 2.783569641113281e+02, 2.782897033691406e+02, 2.783094482421875e+02, 2.783566284179688e+02, 2.784265441894531e+02, 2.784982299804688e+02, 2.785950317382812e+02, 2.788899841308594e+02, 2.792337951660156e+02, 2.796384582519531e+02, 2.800910034179688e+02, 2.804748840332031e+02, 2.806981811523438e+02, 2.809111022949219e+02, 2.808660583496094e+02, 2.808138122558594e+02, 2.808101196289062e+02, 2.809110107421875e+02, 2.810990295410156e+02, 2.81312255859375e+02, 2.815169982910156e+02, 2.816784057617188e+02, 2.817749328613281e+02, 2.818264770507812e+02, 2.818567199707031e+02, 2.818892211914062e+02, 2.819603881835938e+02, 2.820768432617188e+02, 2.821732482910156e+02, 2.821902160644531e+02, 2.821068115234375e+02, 2.82030517578125e+02, 2.819732360839844e+02, 2.819309692382812e+02, 2.819013671875e+02, 2.818887329101562e+02, 2.818792419433594e+02, 2.818558044433594e+02, 2.817924194335938e+02, 2.81522705078125e+02, 2.810919189453125e+02, 2.806423950195312e+02, 2.803167114257812e+02, 2.801486511230469e+02, 2.800495300292969e+02, 2.799493408203125e+02, 2.797771606445312e+02, 2.795011291503906e+02, 2.791774291992188e+02, 2.792400817871094e+02, 2.789150085449219e+02, 2.78917724609375e+02, 2.789166259765625e+02, 2.789153747558594e+02, 2.789142150878906e+02, 2.789122314453125e+02, 2.789107360839844e+02, 2.789113159179688e+02, 2.7891357421875e+02, 2.789150085449219e+02, 2.789134216308594e+02, 2.7891357421875e+02, 2.789153137207031e+02, 2.789197692871094e+02, 2.789281005859375e+02, 2.789320068359375e+02, 2.789312438964844e+02, 2.789240417480469e+02, 2.788983154296875e+02, 2.788871459960938e+02, 2.788939819335938e+02, 2.789139709472656e+02]
TCWSupSet.y=[2.887099914550781e+02, 2.887099914550781e+02, 2.887099914550781e+02, 2.887099914550781e+02, 2.887099914550781e+02, 2.887099914550781e+02, 2.887099914550781e+02, 2.887099914550781e+02, 2.887099914550781e+02, 2.887099914550781e+02, 2.887099914550781e+02, 2.887099914550781e+02, 2.887099914550781e+02, 2.887099914550781e+02, 2.887099914550781e+02, 2.887099914550781e+02, 2.887099914550781e+02, 2.887099914550781e+02, 2.887099914550781e+02, 2.887099914550781e+02, 2.887099914550781e+02, 2.887099914550781e+02, 2.887099914550781e+02, 2.887099914550781e+02, 2.887099914550781e+02, 2.887099914550781e+02, 2.887099914550781e+02, 2.887099914550781e+02, 2.887099914550781e+02, 2.887099914550781e+02, 2.887099914550781e+02, 2.887099914550781e+02, 2.887099914550781e+02, 2.887099914550781e+02, 2.887099914550781e+02, 2.887099914550781e+02, 2.887099914550781e+02, 2.887099914550781e+02, 2.887099914550781e+02, 2.887099914550781e+02, 2.887099914550781e+02, 2.887099914550781e+02, 2.887099914550781e+02, 2.887099914550781e+02, 2.887099914550781e+02, 2.887099914550781e+02, 2.887099914550781e+02, 2.887099914550781e+02, 2.887099914550781e+02, 2.887099914550781e+02, 2.887099914550781e+02, 2.887099914550781e+02, 2.887099914550781e+02, 2.887099914550781e+02, 2.887099914550781e+02, 2.887099914550781e+02, 2.887099914550781e+02, 2.887099914550781e+02, 2.887099914550781e+02, 2.887099914550781e+02, 2.887099914550781e+02, 2.887099914550781e+02, 2.887099914550781e+02, 2.887099914550781e+02, 2.887099914550781e+02, 2.887099914550781e+02, 2.887099914550781e+02, 2.887099914550781e+02, 2.887099914550781e+02, 2.887099914550781e+02, 2.887099914550781e+02, 2.887099914550781e+02, 2.887099914550781e+02, 2.887099914550781e+02, 2.887099914550781e+02, 2.887099914550781e+02, 2.887099914550781e+02, 2.887099914550781e+02, 2.887099914550781e+02, 2.887099914550781e+02, 2.887099914550781e+02, 2.887099914550781e+02, 2.887099914550781e+02, 2.887099914550781e+02, 2.887099914550781e+02, 2.887099914550781e+02, 2.887099914550781e+02, 2.887099914550781e+02, 2.887099914550781e+02, 2.887099914550781e+02, 2.887099914550781e+02, 2.887099914550781e+02, 2.887099914550781e+02, 2.887099914550781e+02, 2.887099914550781e+02, 2.887099914550781e+02, 2.887099914550781e+02, 2.887099914550781e+02, 2.887099914550781e+02, 2.887099914550781e+02, 2.887099914550781e+02]
TCHWSup.T=[2.931499938964844e+02, 2.931499938964844e+02, 2.771976013183594e+02, 2.7653125e+02, 2.768750610351562e+02, 2.768652648925781e+02, 2.770369873046875e+02, 2.7732275390625e+02, 2.776744384765625e+02, 2.780581665039062e+02, 2.784529113769531e+02, 2.788554077148438e+02, 2.792706909179688e+02, 2.797069091796875e+02, 2.801546020507812e+02, 2.806069030761719e+02, 2.81378662109375e+02, 2.811629333496094e+02, 2.811613159179688e+02, 2.811628112792969e+02, 2.811633605957031e+02, 2.811635437011719e+02, 2.811588134765625e+02, 2.811564025878906e+02, 2.811568908691406e+02, 2.811604919433594e+02, 2.811913452148438e+02, 2.812207336425781e+02, 2.812410888671875e+02, 2.812033386230469e+02, 2.811521911621094e+02, 2.81130126953125e+02, 2.811322937011719e+02, 2.811531066894531e+02, 2.811750793457031e+02, 2.812174682617188e+02, 2.814137268066406e+02, 2.81649169921875e+02, 2.819325256347656e+02, 2.822526550292969e+02, 2.825184936523438e+02, 2.811446228027344e+02, 2.811500244140625e+02, 2.811500244140625e+02, 2.811500244140625e+02, 2.811500244140625e+02, 2.811500244140625e+02, 2.811500244140625e+02, 2.811500244140625e+02, 2.811500244140625e+02, 2.811500244140625e+02, 2.811500244140625e+02, 2.811500244140625e+02, 2.811500244140625e+02, 2.811500244140625e+02, 2.811500244140625e+02, 2.811500244140625e+02, 2.811500244140625e+02, 2.811500244140625e+02, 2.811500244140625e+02, 2.811500244140625e+02, 2.811500244140625e+02, 2.811500244140625e+02, 2.811500244140625e+02, 2.811500244140625e+02, 2.811500244140625e+02, 2.811500244140625e+02, 2.811500244140625e+02, 2.811500244140625e+02, 2.811500244140625e+02, 2.811500244140625e+02, 2.811500244140625e+02, 2.811500244140625e+02, 2.811500244140625e+02, 2.811500244140625e+02, 2.811500244140625e+02, 2.811500244140625e+02, 2.811500244140625e+02, 2.813570556640625e+02, 2.811402282714844e+02, 2.811423950195312e+02, 2.811413269042969e+02, 2.811402282714844e+02, 2.811391906738281e+02, 2.811374206542969e+02, 2.811360778808594e+02, 2.811365966796875e+02, 2.811385803222656e+02, 2.811398620605469e+02, 2.811384582519531e+02, 2.811385803222656e+02, 2.811400756835938e+02, 2.811439514160156e+02, 2.811513671875e+02, 2.811548461914062e+02, 2.811541748046875e+02, 2.8114794921875e+02, 2.811251831054688e+02, 2.811151428222656e+02, 2.811210327148438e+02, 2.811386413574219e+02]
TCHWRet.T=[2.931499938964844e+02, 2.931499938964844e+02, 2.8483642578125e+02, 2.817453002929688e+02, 2.807646789550781e+02, 2.807217102050781e+02, 2.810570068359375e+02, 2.816400451660156e+02, 2.823773803710938e+02, 2.832055358886719e+02, 2.840823974609375e+02, 2.849834289550781e+02, 2.858989868164062e+02, 2.8682861328125e+02, 2.877722473144531e+02, 2.887254943847656e+02, 2.904529113769531e+02, 2.916875e+02, 2.921098937988281e+02, 2.926451721191406e+02, 2.931897888183594e+02, 2.937332153320312e+02, 2.942724609375e+02, 2.948100891113281e+02, 2.953493957519531e+02, 2.958913879394531e+02, 2.964453735351562e+02, 2.969879455566406e+02, 2.974258117675781e+02, 2.974901733398438e+02, 2.975333557128906e+02, 2.975343627929688e+02, 2.975284118652344e+02, 2.975175170898438e+02, 2.975031433105469e+02, 2.97492431640625e+02, 2.974670104980469e+02, 2.974378051757812e+02, 2.9740283203125e+02, 2.973591918945312e+02, 2.973143615722656e+02, 2.974656677246094e+02, 2.973918762207031e+02, 2.973851318359375e+02, 2.973845825195312e+02, 2.973844604492188e+02, 2.97384521484375e+02, 2.97384521484375e+02, 2.97384521484375e+02, 2.97384521484375e+02, 2.97384521484375e+02, 2.973844909667969e+02, 2.973844909667969e+02, 2.973844909667969e+02, 2.973844909667969e+02, 2.973844909667969e+02, 2.973844909667969e+02, 2.973844909667969e+02, 2.973844909667969e+02, 2.973844909667969e+02, 2.973844604492188e+02, 2.973844604492188e+02, 2.973844604492188e+02, 2.973844604492188e+02, 2.973844604492188e+02, 2.973844604492188e+02, 2.973844604492188e+02, 2.973844604492188e+02, 2.973844604492188e+02, 2.973844299316406e+02, 2.973844299316406e+02, 2.973844299316406e+02, 2.973844299316406e+02, 2.973844299316406e+02, 2.973844299316406e+02, 2.973844299316406e+02, 2.973844299316406e+02, 2.973843994140625e+02, 2.972397766113281e+02, 2.972742919921875e+02, 2.972730407714844e+02, 2.972722778320312e+02, 2.972721252441406e+02, 2.972720336914062e+02, 2.972719421386719e+02, 2.972718200683594e+02, 2.972717895507812e+02, 2.972718505859375e+02, 2.972718811035156e+02, 2.972717590332031e+02, 2.97271728515625e+02, 2.97271728515625e+02, 2.972718505859375e+02, 2.97272216796875e+02, 2.972723693847656e+02, 2.972723083496094e+02, 2.9727197265625e+02, 2.972706909179688e+02, 2.972698974609375e+02, 2.972699890136719e+02, 2.972708129882812e+02]
TCHWSupSet.y=[2.811499938964844e+02, 2.811499938964844e+02]
chiWSE.TCHWSupWSE=[2.931499938964844e+02, 2.931499938964844e+02, 2.765667724609375e+02, 2.765530700683594e+02, 2.768740234375e+02, 2.768653869628906e+02, 2.770378723144531e+02, 2.773240966796875e+02, 2.77676025390625e+02, 2.780598449707031e+02, 2.784546508789062e+02, 2.788572082519531e+02, 2.792725830078125e+02, 2.797088928222656e+02, 2.801566467285156e+02, 2.806090087890625e+02, 2.813832702636719e+02, 2.811624145507812e+02, 2.811611022949219e+02, 2.811625671386719e+02, 2.811631164550781e+02, 2.811632690429688e+02, 2.811585388183594e+02, 2.811561584472656e+02, 2.811566772460938e+02, 2.811602783203125e+02, 2.811912841796875e+02, 2.812206420898438e+02, 2.812408142089844e+02, 2.812028198242188e+02, 2.811517944335938e+02, 2.811297607421875e+02, 2.811320495605469e+02, 2.811530151367188e+02, 2.811748962402344e+02, 2.812180480957031e+02, 2.814144287109375e+02, 2.816500244140625e+02, 2.819335632324219e+02, 2.822536010742188e+02, 2.825191040039062e+02, 2.826985168457031e+02, 2.827990112304688e+02, 2.827621459960938e+02, 2.82720947265625e+02, 2.827190246582031e+02, 2.82800537109375e+02, 2.829499206542969e+02, 2.831187744140625e+02, 2.832804565429688e+02, 2.834073486328125e+02, 2.834829711914062e+02, 2.835232849121094e+02, 2.835470886230469e+02, 2.835729675292969e+02, 2.836300964355469e+02, 2.83722412109375e+02, 2.837980041503906e+02, 2.838100280761719e+02, 2.83743408203125e+02, 2.83683349609375e+02, 2.836382446289062e+02, 2.8360498046875e+02, 2.83581787109375e+02, 2.835719299316406e+02, 2.835643615722656e+02, 2.835455322265625e+02, 2.834940795898438e+02, 2.83277587890625e+02, 2.829354553222656e+02, 2.82580322265625e+02, 2.823249206542969e+02, 2.821932373046875e+02, 2.82115234375e+02, 2.820357971191406e+02, 2.818992614746094e+02, 2.816814575195312e+02, 2.814269104003906e+02, 2.813529663085938e+02, 2.811400756835938e+02, 2.811422729492188e+02, 2.811412048339844e+02, 2.811400756835938e+02, 2.811390686035156e+02, 2.811372985839844e+02, 2.811359558105469e+02, 2.81136474609375e+02, 2.811384582519531e+02, 2.811397399902344e+02, 2.811383361816406e+02, 2.811384582519531e+02, 2.811399536132812e+02, 2.811438598632812e+02, 2.811512451171875e+02, 2.811547241210938e+02, 2.81154052734375e+02, 2.811477661132812e+02, 2.81125e+02, 2.811150207519531e+02, 2.811209716796875e+02, 2.811386108398438e+02]
TAirSup.T=[2.931499938964844e+02, 2.935304260253906e+02, 2.825729064941406e+02, 2.803301391601562e+02, 2.798430480957031e+02, 2.79796875e+02, 2.800626220703125e+02, 2.805299682617188e+02, 2.811238098144531e+02, 2.817930297851562e+02, 2.825033874511719e+02, 2.832360534667969e+02, 2.839845581054688e+02, 2.84749755859375e+02, 2.855317687988281e+02, 2.863924255371094e+02, 2.877094116210938e+02, 2.880216979980469e+02, 2.881243591308594e+02, 2.882667846679688e+02, 2.8841748046875e+02, 2.885780029296875e+02, 2.887486267089844e+02, 2.889329223632812e+02, 2.891332702636719e+02, 2.893504638671875e+02, 2.895966186523438e+02, 2.901614074707031e+02, 2.911499938964844e+02, 2.911499938964844e+02, 2.911524658203125e+02, 2.911694030761719e+02, 2.911856689453125e+02, 2.911924438476562e+02, 2.911896362304688e+02, 2.911973571777344e+02, 2.912008666992188e+02, 2.912070922851562e+02, 2.91213623046875e+02, 2.912142333984375e+02, 2.912060852050781e+02, 2.913286743164062e+02, 2.911499938964844e+02, 2.911499938964844e+02, 2.911499938964844e+02, 2.911499938964844e+02, 2.911499938964844e+02, 2.911499938964844e+02, 2.911499938964844e+02, 2.911499938964844e+02, 2.911499938964844e+02, 2.911499938964844e+02, 2.911499938964844e+02, 2.911499938964844e+02, 2.911499938964844e+02, 2.911499938964844e+02, 2.911499938964844e+02, 2.911499938964844e+02, 2.911499938964844e+02, 2.911499938964844e+02, 2.911499938964844e+02, 2.911499938964844e+02, 2.911499938964844e+02, 2.911499938964844e+02, 2.911499938964844e+02, 2.911499938964844e+02, 2.911499938964844e+02, 2.911499938964844e+02, 2.911499938964844e+02, 2.911499938964844e+02, 2.911499938964844e+02, 2.911499938964844e+02, 2.911499938964844e+02, 2.911499938964844e+02, 2.911499938964844e+02, 2.911499938964844e+02, 2.911499938964844e+02, 2.911499938964844e+02, 2.911499938964844e+02, 2.911499938964844e+02, 2.911499938964844e+02, 2.911499938964844e+02, 2.911499938964844e+02, 2.911499938964844e+02, 2.911499938964844e+02, 2.911499938964844e+02, 2.911499938964844e+02, 2.911499938964844e+02, 2.911499938964844e+02, 2.911499938964844e+02, 2.911499938964844e+02, 2.911499938964844e+02, 2.911499938964844e+02, 2.911499938964844e+02, 2.911499938964844e+02, 2.911499938964844e+02, 2.911499938964844e+02, 2.911499938964844e+02, 2.911499938964844e+02, 2.911499938964844e+02, 2.911499938964844e+02]
TAirSupSet.y=[2.911499938964844e+02, 2.911499938964844e+02]
chiWSE.chiPar.chi[1].P=[0e+00, 0e+00, 2.307029499206692e-04, 0e+00, 0e+00, 0e+00, 0e+00, 0e+00, 0e+00, 0e+00, 0e+00, 0e+00, 0e+00, 0e+00, 0e+00, 0e+00, 0e+00, 0e+00, 0e+00, 0e+00, 0e+00, 0e+00, 0e+00, 0e+00, 0e+00, 0e+00, 0e+00, 0e+00, 0e+00, 0e+00, 0e+00, 0e+00, 0e+00, 0e+00, 0e+00, 0e+00, 0e+00, 0e+00, 0e+00, 0e+00, 0e+00, 8.4943876953125e+03, 8.968876953125e+03, 8.8282060546875e+03, 8.668162109375e+03, 8.661861328125e+03, 8.981986328125e+03, 9.5700400390625e+03, 1.02400400390625e+04, 1.088668359375e+04, 1.13975322265625e+04, 1.17031181640625e+04, 1.186652734375e+04, 1.19632705078125e+04, 1.20690517578125e+04, 1.23032802734375e+04, 1.26819384765625e+04, 1.29923056640625e+04, 1.30402548828125e+04, 1.276509765625e+04, 1.2518763671875e+04, 1.23343505859375e+04, 1.21985517578125e+04, 1.21040244140625e+04, 1.206405078125e+04, 1.203308984375e+04, 1.19560341796875e+04, 1.1744994140625e+04, 1.086672851562499e+04, 9.503092773437513e+03, 8.116952636718761e+03, 7.1405537109375e+03, 6.6435849609375e+03, 6.3508955078125e+03, 5.91547509765625e+03, 4.96500390625e+03, 3.4781728515625e+03, 1.785336181640625e+03, 0e+00, 0e+00, 0e+00, 0e+00, 0e+00, 0e+00, 0e+00, 0e+00, 0e+00, 0e+00, 0e+00, 0e+00, 0e+00, 0e+00, 0e+00, 0e+00, 0e+00, 0e+00, 0e+00, 0e+00, 0e+00, 0e+00, 0e+00]
chiWSE.chiPar.chi[2].P=[0e+00, 0e+00, 0e+00, 0e+00, 0e+00, 0e+00, 0e+00, 0e+00, 0e+00, 0e+00, 0e+00, 0e+00, 0e+00, 0e+00, 0e+00, 0e+00, 0e+00, 0e+00, 0e+00, 0e+00, 0e+00, 0e+00, 0e+00, 0e+00, 0e+00, 0e+00, 0e+00, 0e+00, 0e+00, 0e+00, 0e+00, 0e+00, 0e+00, 0e+00, 0e+00, 0e+00, 0e+00, 0e+00, 0e+00, 0e+00, 0e+00, 0e+00, 0e+00, 0e+00, 0e+00, 0e+00, 0e+00, 0e+00, 0e+00, 0e+00, 0e+00, 0e+00, 0e+00, 0e+00, 0e+00, 0e+00, 0e+00, 0e+00, 0e+00, 0e+00, 0e+00, 0e+00, 0e+00, 0e+00, 0e+00, 0e+00, 0e+00, 0e+00, 0e+00, 0e+00, 0e+00, 0e+00, 0e+00, 0e+00, 0e+00, 0e+00, 0e+00, 0e+00, 0e+00, 0e+00, 0e+00, 0e+00, 0e+00, 0e+00, 0e+00, 0e+00, 0e+00, 0e+00, 0e+00, 0e+00, 0e+00, 0e+00, 0e+00, 0e+00, 0e+00, 0e+00, 0e+00, 0e+00, 0e+00, 0e+00, 0e+00]
chiWSE.chiPar.chi[1].COP=[0e+00, 0e+00, 8.205627799034119e-01, 0e+00, 0e+00, 0e+00, 0e+00, 0e+00, 0e+00, 0e+00, 0e+00, 0e+00, 0e+00, 0e+00, 0e+00, 0e+00, 0e+00, 0e+00, 0e+00, 0e+00, 0e+00, 0e+00, 0e+00, 0e+00, 0e+00, 0e+00, 0e+00, 0e+00, 0e+00, 0e+00, 0e+00, 0e+00, 0e+00, 0e+00, 0e+00, 0e+00, 0e+00, 0e+00, 0e+00, 0e+00, 0e+00, 5.425568580627441e+00, 5.68359899520874e+00, 5.644834041595459e+00, 5.602329254150391e+00, 5.599997997283936e+00, 5.681570529937744e+00, 5.815201759338379e+00, 5.944473743438721e+00, 6.050271511077881e+00, 6.123010158538818e+00, 6.16257381439209e+00, 6.182600498199463e+00, 6.194046497344971e+00, 6.206142425537109e+00, 6.231731414794922e+00, 6.270743846893311e+00, 6.300605297088623e+00, 6.305515289306641e+00, 6.279885768890381e+00, 6.255236625671387e+00, 6.235847949981689e+00, 6.221033573150635e+00, 6.210403919219971e+00, 6.205814838409424e+00, 6.20230770111084e+00, 6.193514347076416e+00, 6.168876647949219e+00, 6.050538063049315e+00, 5.805488586425784e+00, 5.444768428802494e+00, 5.085068702697754e+00, 4.853609085083008e+00, 4.697897911071777e+00, 4.628320217132568e+00, 4.663188457489014e+00, 4.719655513763428e+00, 4.787074089050293e+00, 0e+00, 0e+00, 0e+00, 0e+00, 0e+00, 0e+00, 0e+00, 0e+00, 0e+00, 0e+00, 0e+00, 0e+00, 0e+00, 0e+00, 0e+00, 0e+00, 0e+00, 0e+00, 0e+00, 0e+00, 0e+00, 0e+00, 0e+00]
chiWSE.chiPar.chi[2].COP=[0e+00, 0e+00, 0e+00, 0e+00, 0e+00, 0e+00, 0e+00, 0e+00, 0e+00, 0e+00, 0e+00, 0e+00, 0e+00, 0e+00, 0e+00, 0e+00, 0e+00, 0e+00, 0e+00, 0e+00, 0e+00, 0e+00, 0e+00, 0e+00, 0e+00, 0e+00, 0e+00, 0e+00, 0e+00, 0e+00, 0e+00, 0e+00, 0e+00, 0e+00, 0e+00, 0e+00, 0e+00, 0e+00, 0e+00, 0e+00, 0e+00, 0e+00, 0e+00, 0e+00, 0e+00, 0e+00, 0e+00, 0e+00, 0e+00, 0e+00, 0e+00, 0e+00, 0e+00, 0e+00, 0e+00, 0e+00, 0e+00, 0e+00, 0e+00, 0e+00, 0e+00, 0e+00, 0e+00, 0e+00, 0e+00, 0e+00, 0e+00, 0e+00, 0e+00, 0e+00, 0e+00, 0e+00, 0e+00, 0e+00, 0e+00, 0e+00, 0e+00, 0e+00, 0e+00, 0e+00, 0e+00, 0e+00, 0e+00, 0e+00, 0e+00, 0e+00, 0e+00, 0e+00, 0e+00, 0e+00, 0e+00, 0e+00, 0e+00, 0e+00, 0e+00, 0e+00, 0e+00, 0e+00, 0e+00, 0e+00, 0e+00]
chiWSE.chiPar.chi[1].QEva_flow=[0e+00, 0e+00, -1.055000000633299e-03, 0e+00, 0e+00, 0e+00, 0e+00, 0e+00, 0e+00, 0e+00, 0e+00, 0e+00, 0e+00, 0e+00, 0e+00, 0e+00, 0e+00, 0e+00, 0e+00, 0e+00, 0e+00, 0e+00, 0e+00, 0e+00, 0e+00, 0e+00, 0e+00, 0e+00, 0e+00, 0e+00, 0e+00, 0e+00, 0e+00, 0e+00, 0e+00, 0e+00, 0e+00, 0e+00, 0e+00, 0e+00, 0e+00, -4.6086890625e+04, -5.09755078125e+04, -4.9833765625e+04, -4.856190234375e+04, -4.85064140625e+04, -5.1031796875e+04, -5.565171875e+04, -6.087166015625e+04, -6.58673984375e+04, -6.978721875e+04, -7.21213359375e+04, -7.3366e+04, -7.41010625e+04, -7.49022578125e+04, -7.667074218750003e+04, -7.952519531250003e+04, -8.185939843749999e+04, -8.222553125e+04, -8.0163359375e+04, -7.83078359375e+04, -7.6915140625e+04, -7.5887609375e+04, -7.51708828125e+04, -7.48672734375e+04, -7.46329296875e+04, -7.4049875e+04, -7.2453421875e+04, -6.574956249999991e+04, -5.517010156250009e+04, -4.419493359375009e+04, -3.63102109375e+04, -3.224537109375e+04, -2.983586328125e+04, -2.737871875e+04, -2.3152751953125e+04, -1.6415783203125e+04, -8.5465419921875e+03, 0e+00, 0e+00, 0e+00, 0e+00, 0e+00, 0e+00, 0e+00, 0e+00, 0e+00, 0e+00, 0e+00, 0e+00, 0e+00, 0e+00, 0e+00, 0e+00, 0e+00, 0e+00, 0e+00, 0e+00, 0e+00, 0e+00, 0e+00]
chiWSE.chiPar.chi[2].QEva_flow=[0e+00, 0e+00, 0e+00, 0e+00, 0e+00, 0e+00, 0e+00, 0e+00, 0e+00, 0e+00, 0e+00, 0e+00, 0e+00, 0e+00, 0e+00, 0e+00, 0e+00, 0e+00, 0e+00, 0e+00, 0e+00, 0e+00, 0e+00, 0e+00, 0e+00, 0e+00, 0e+00, 0e+00, 0e+00, 0e+00, 0e+00, 0e+00, 0e+00, 0e+00, 0e+00, 0e+00, 0e+00, 0e+00, 0e+00, 0e+00, 0e+00, 0e+00, 0e+00, 0e+00, 0e+00, 0e+00, 0e+00, 0e+00, 0e+00, 0e+00, 0e+00, 0e+00, 0e+00, 0e+00, 0e+00, 0e+00, 0e+00, 0e+00, 0e+00, 0e+00, 0e+00, 0e+00, 0e+00, 0e+00, 0e+00, 0e+00, 0e+00, 0e+00, 0e+00, 0e+00, 0e+00, 0e+00, 0e+00, 0e+00, 0e+00, 0e+00, 0e+00, 0e+00, 0e+00, 0e+00, 0e+00, 0e+00, 0e+00, 0e+00, 0e+00, 0e+00, 0e+00, 0e+00, 0e+00, 0e+00, 0e+00, 0e+00, 0e+00, 0e+00, 0e+00, 0e+00, 0e+00, 0e+00, 0e+00, 0e+00, 0e+00]
chiWSE.wse.heaExc.hex.Q2_flow=[-0e+00, -0e+00, -1.7818975e+05, -1.12406359375e+05, -8.50223515625e+04, -8.431509375e+04, -8.7904046875e+04, -9.441230468750001e+04, -1.02850234375e+05, -1.125725078125e+05, -1.231148828125e+05, -1.34013875e+05, -1.44947234375e+05, -1.557305e+05, -1.6657234375e+05, -1.77526390625e+05, -1.984585625e+05, -2.30148390625e+05, -2.39436296875e+05, -2.511110625e+05, -2.6300515625e+05, -2.748816875e+05, -2.8677240625e+05, -2.985765625e+05, -3.103550625e+05, -3.221245e+05, -3.3355640625e+05, -3.4475809375e+05, -3.5393784375e+05, -3.561294375e+05, -3.582281875e+05, -3.719753125e+05, -3.8434278125e+05, -3.9619603125e+05, -4.080690937500001e+05, -4.194085624999999e+05, -4.3187346875e+05, -4.44012625e+05, -4.5598565625e+05, -4.68099875e+05, -4.801170625e+05, -4.391619375e+05, -4.510809375e+05, -4.5201940625e+05, -4.532725625e+05, -4.5331859375e+05, -4.50784125e+05, -4.461605625e+05, -4.4093978125e+05, -4.3594603125e+05, -4.320311875e+05, -4.2970171875e+05, -4.2845965625e+05, -4.2772521875e+05, -4.269226875e+05, -4.2514871875e+05, -4.2229315625e+05, -4.199631875e+05, -4.196059375e+05, -4.2167165625e+05, -4.2352534375e+05, -4.2491653125e+05, -4.25942875e+05, -4.2665809375e+05, -4.2696065625e+05, -4.27195375e+05, -4.2778021875e+05, -4.2938590625e+05, -4.361089375000001e+05, -4.466957812499999e+05, -4.576663749999999e+05, -4.6553565625e+05, -4.6959171875e+05, -4.7199840625e+05, -4.7445859375e+05, -4.786934375e+05, -4.8543675e+05, -4.933074375e+05, -5.412421875e+05, -5.25142375e+05, -5.25025375e+05, -5.250351875e+05, -5.250671875e+05, -5.25097375e+05, -5.25151375e+05, -5.25190625e+05, -5.251730625e+05, -5.2511e+05, -5.25070875e+05, -5.2511225e+05, -5.251063125e+05, -5.250573125e+05, -5.24933125e+05, -5.24704875e+05, -5.245979375e+05, -5.246185625e+05, -5.24815375e+05, -5.2551425e+05, -5.258099375e+05, -5.25617625e+05, -5.25069e+05]
ahu.cooCoi.Q2_flow=[-0e+00, -0e+00, -1.41816328125e+05, -1.012828828125e+05, -8.34551328125e+04, -8.5245109375e+04, -9.04719921875e+04, -9.802424218750001e+04, -1.07093546875e+05, -1.171714375e+05, -1.27892015625e+05, -1.388843125e+05, -1.498895625e+05, -1.60756359375e+05, -1.71660640625e+05, -1.82868109375e+05, -2.09168078125e+05, -2.31857140625e+05, -2.4216034375e+05, -2.5400003125e+05, -2.65893625e+05, -2.7775928125e+05, -2.8962459375e+05, -3.01433375e+05, -3.1322446875e+05, -3.2501053125e+05, -3.3656153125e+05, -3.4720003125e+05, -3.5561540625e+05, -3.56294e+05, -3.584746875e+05, -3.7181015625e+05, -3.84176375e+05, -3.96079125e+05, -4.079782500000001e+05, -4.194049687499999e+05, -4.3173859375e+05, -4.438450625e+05, -4.55805125e+05, -4.6787921875e+05, -4.7991453125e+05, -4.8797509375e+05, -5.019543125e+05, -5.0183634375e+05, -5.0182671875e+05, -5.0182503125e+05, -5.0182575e+05, -5.0182565625e+05, -5.018255625e+05, -5.018254375e+05, -5.0182534375e+05, -5.0182521875e+05, -5.01825125e+05, -5.01825e+05, -5.0182490625e+05, -5.018248125e+05, -5.018246875e+05, -5.0182459375e+05, -5.0182446875e+05, -5.01824375e+05, -5.0182428125e+05, -5.0182415625e+05, -5.018240625e+05, -5.0182396875e+05, -5.0182384375e+05, -5.0182375e+05, -5.01823625e+05, -5.0182353125e+05, -5.018234375e+05, -5.0182334375e+05, -5.0182325e+05, -5.01823125e+05, -5.0182303125e+05, -5.018229375e+05, -5.018228125e+05, -5.0182271875e+05, -5.0182259375e+05, -5.018225e+05, -5.379415625e+05, -5.252453125e+05, -5.250113125e+05, -5.25029875e+05, -5.25062625e+05, -5.25092875e+05, -5.25146375e+05, -5.251863125e+05, -5.251694375e+05, -5.25106875e+05, -5.250663125e+05, -5.25107875e+05, -5.251025e+05, -5.250540625e+05, -5.24932e+05, -5.247031875e+05, -5.245946875e+05, -5.246135e+05, -5.2480575e+05, -5.255020625e+05, -5.258043125e+05, -5.256180625e+05, -5.250735e+05]
