last-generated=2020-04-30
statistics-simulation=
{
  "linear": " ",
  "nonlinear": " ",
  "number of continuous time states": "1",
  "numerical Jacobians": "0"
}
time=[0e+00, 3.1571e+05]
cooValSta.TSup=[2.859277648925781e+02, 2.858722229003906e+02, 2.858722229003906e+02, 2.858722229003906e+02, 2.858722229003906e+02, 2.8570556640625e+02, 2.860944519042969e+02, 2.860388793945312e+02, 2.856499938964844e+02, 2.858722229003906e+02, 2.865388793945312e+02, 2.858722229003906e+02, 2.876499938964844e+02, 2.888722229003906e+02, 2.891499938964844e+02, 2.901499938964844e+02, 2.901499938964844e+02, 2.905466700582479e+02, 2.906499938964844e+02, 2.904833374023438e+02, 2.8920556640625e+02, 2.833722229003906e+02, 2.843589213581828e+02, 2.849277648925781e+02, 2.840299640649042e+02, 2.843722229003906e+02, 2.842611083984375e+02, 2.843166809082031e+02, 2.844277648925781e+02, 2.843166809082031e+02, 2.841499938964844e+02, 2.838166809082031e+02, 2.851499938964844e+02, 2.841499938964844e+02, 2.839833374023438e+02, 2.844444580078125e+02, 2.845388793945312e+02, 2.845388793945312e+02, 2.8370556640625e+02, 2.839277648925781e+02, 2.858722229003906e+02, 2.8320556640625e+02, 2.861499938964844e+02, 2.835388793945312e+02, 2.8420556640625e+02, 2.845388793945312e+02, 2.847611083984375e+02, 2.836499938964844e+02, 2.848722229003906e+02, 2.843722229003906e+02, 2.832611083984375e+02, 2.841821511545488e+02, 2.843166809082031e+02, 2.8420556640625e+02, 2.8420556640625e+02, 2.841499938964844e+02, 2.840944519042969e+02, 2.841499938964844e+02, 2.842611083984375e+02, 2.844277648925781e+02, 2.8420556640625e+02, 2.843722229003906e+02, 2.843722229003906e+02, 2.843166809082031e+02, 2.844833374023438e+02, 2.845388793945312e+02, 2.844277648925781e+02, 2.843722229003906e+02, 2.827611083984375e+02, 2.8320556640625e+02, 2.8570556640625e+02, 2.839833374023438e+02, 2.831499938964844e+02, 2.854833374023438e+02, 2.851543809157151e+02, 2.850944519042969e+02, 2.843722229003906e+02, 2.843722229003906e+02, 2.841499938964844e+02, 2.840944519042969e+02, 2.843166809082031e+02, 2.842611083984375e+02, 2.8420556640625e+02, 2.8470556640625e+02, 2.844277648925781e+02, 2.839277648925781e+02, 2.844277648925781e+02, 2.843722229003906e+02, 2.844833374023438e+02, 2.840944519042969e+02, 2.843722229003906e+02, 2.843844992675785e+02, 2.844833374023438e+02, 2.851468005371095e+02, 2.840099404867589e+02, 2.824277648925781e+02, 2.835388793945312e+02, 2.852754057384672e+02, 2.833166809082031e+02, 2.848722229003906e+02, 2.863166809082031e+02]
cooValSta.TSupSet=[2.942611083984375e+02, 2.942611083984375e+02, 2.942611083984375e+02, 2.942611083984375e+02, 2.942611083984375e+02, 2.942611083984375e+02, 2.942611083984375e+02, 2.942611083984375e+02, 2.942611083984375e+02, 2.942611083984375e+02, 2.942611083984375e+02, 2.942611083984375e+02, 2.942611083984375e+02, 2.942611083984375e+02, 2.942611083984375e+02, 2.942611083984375e+02, 2.942611083984375e+02, 2.942611083984375e+02, 2.942611083984375e+02, 2.923166809082031e+02, 2.888791809082031e+02, 2.842611083984375e+02, 2.842611083984375e+02, 2.842611083984375e+02, 2.842611083984375e+02, 2.842611083984375e+02, 2.842611083984375e+02, 2.842611083984375e+02, 2.842611083984375e+02, 2.842611083984375e+02, 2.842611083984375e+02, 2.842611083984375e+02, 2.842611083984375e+02, 2.842611083984375e+02, 2.842611083984375e+02, 2.842611083984375e+02, 2.842611083984375e+02, 2.842611083984375e+02, 2.842611083984375e+02, 2.842611083984375e+02, 2.842611083984375e+02, 2.842611083984375e+02, 2.842611083984375e+02, 2.842611083984375e+02, 2.842611083984375e+02, 2.842611083984375e+02, 2.842611083984375e+02, 2.842611083984375e+02, 2.842611083984375e+02, 2.842611083984375e+02, 2.842611083984375e+02, 2.842611083984375e+02, 2.842611083984375e+02, 2.842611083984375e+02, 2.842611083984375e+02, 2.842611083984375e+02, 2.842611083984375e+02, 2.842611083984375e+02, 2.842611083984375e+02, 2.842611083984375e+02, 2.842611083984375e+02, 2.842611083984375e+02, 2.842611083984375e+02, 2.842611083984375e+02, 2.842611083984375e+02, 2.842611083984375e+02, 2.842611083984375e+02, 2.842611083984375e+02, 2.842611083984375e+02, 2.842611083984375e+02, 2.842611083984375e+02, 2.842611083984375e+02, 2.842611083984375e+02, 2.842611083984375e+02, 2.842611083984375e+02, 2.842611083984375e+02, 2.842611083984375e+02, 2.842611083984375e+02, 2.842611083984375e+02, 2.842611083984375e+02, 2.842611083984375e+02, 2.842611083984375e+02, 2.842611083984375e+02, 2.842611083984375e+02, 2.842611083984375e+02, 2.842611083984375e+02, 2.842611083984375e+02, 2.842611083984375e+02, 2.842611083984375e+02, 2.842611083984375e+02, 2.842611083984375e+02, 2.842611083984375e+02, 2.842611083984375e+02, 2.842611083984375e+02, 2.842611083984375e+02, 2.842611083984375e+02, 2.842611083984375e+02, 2.842611083984375e+02, 2.842611083984375e+02, 2.842611083984375e+02, 2.842611083984375e+02]
cooValSta.TOut=[2.833666687011719e+02, 2.8329443359375e+02, 2.8320556640625e+02, 2.831611022949219e+02, 2.831499938964844e+02, 2.829944458007812e+02, 2.825526729028142e+02, 2.8254443359375e+02, 2.828388977050781e+02, 2.834444580078125e+02, 2.835111083984375e+02, 2.846222229003906e+02, 2.868833312988281e+02, 2.882611083984375e+02, 2.883999938964844e+02, 2.895944519042969e+02, 2.900499877929688e+02, 2.905055541992188e+02, 2.904888916015625e+02, 2.909457500751201e+02, 2.912555541992188e+02, 2.901444396972656e+02, 2.893277893066406e+02, 2.870666809082031e+02, 2.859333190917969e+02, 2.855166625976562e+02, 2.852611083984375e+02, 2.851629909130411e+02, 2.854111022949219e+02, 2.858333435058594e+02, 2.848666687011719e+02, 2.851055603027344e+02, 2.849666748046875e+02, 2.843444519042969e+02, 2.840944519042969e+02, 2.844500122070312e+02, 2.858888854980469e+02, 2.866444396972656e+02, 2.881666564941406e+02, 2.894666748046875e+02, 2.914122314453125e+02, 2.932999877929688e+02, 2.925166625976562e+02, 2.930111083984375e+02, 2.951611022949219e+02, 2.94e+02, 2.925166625976562e+02, 2.916499938964844e+02, 2.908575300819369e+02, 2.9020556640625e+02, 2.87227783203125e+02, 2.864277648925781e+02, 2.864888916015625e+02, 2.859611206054688e+02, 2.854500122070312e+02, 2.85183349609375e+02, 2.846611022949219e+02, 2.844333190917969e+02, 2.84477783203125e+02, 2.848333435058594e+02, 2.847111206054688e+02, 2.850854423147733e+02, 2.848999938964844e+02, 2.850111083984375e+02, 2.851166687011719e+02, 2.856333312988281e+02, 2.860610961914062e+02, 2.882388916015625e+02, 2.899277648925781e+02, 2.897777709960938e+02, 2.905888977050781e+02, 2.917888793945312e+02, 2.925166625976562e+02, 2.913166809082031e+02, 2.908388977050781e+02, 2.899111022949219e+02, 2.887444458007812e+02, 2.8720556640625e+02, 2.860944519042969e+02, 2.85183349609375e+02, 2.851277770996094e+02, 2.848777770996094e+02, 2.844364353477532e+02, 2.842111206054688e+02, 2.839444580078125e+02, 2.8375e+02, 2.83433349609375e+02, 2.832444458007812e+02, 2.829833374023438e+02, 2.831388854980469e+02, 2.835111083984375e+02, 2.848055419921875e+02, 2.864666748046875e+02, 2.877833251953125e+02, 2.894055480957031e+02, 2.900599975585938e+02, 2.899666748046875e+02, 2.915166625976562e+02, 2.925722351074219e+02, 2.930333251953125e+02, 2.9295556640625e+02]
cooValSta.uFanFee=[6.710000038146973e-01, 6.71999990940094e-01, 6.710000038146973e-01, 6.700000166893005e-01, 6.690000295639038e-01, 6.700000166893005e-01, 6.710000038146973e-01, 6.700000166893005e-01, 6.710000038146973e-01, 6.740000247955322e-01, 6.790000200271606e-01, 6.679999828338623e-01, 6.679999828338623e-01, 6.925401461549439e-01, 6.840000152587891e-01, 6.779999732971191e-01, 6.790000200271606e-01, 6.921401394052367e-01, 7.210000157356262e-01, 6.940000057220459e-01, 6.384000182151794e-01, 6.271802926744751e-01, 6.159999966621399e-01, 6.150000095367432e-01, 6.179999709129333e-01, 6.150000095367432e-01, 6.209999918937683e-01, 6.200000047683716e-01, 6.200000047683716e-01, 6.179999709129333e-01, 6.191999912261963e-01, 6.19960625355058e-01, 6.200000047683716e-01, 6.230000257492065e-01, 6.380000114440918e-01, 6.359999775886536e-01, 6.380000114440918e-01, 6.40999972820282e-01, 6.389999985694885e-01, 6.336197113810601e-01, 6.470000147819519e-01, 6.600000262260437e-01, 6.439999938011169e-01, 6.579393459316923e-01, 6.499999761581421e-01, 6.470000147819519e-01, 6.449999809265137e-01, 6.489999890327454e-01, 6.439999938011169e-01, 6.439999938011169e-01, 6.449999809265137e-01, 6.420000195503235e-01, 6.399999856948853e-01, 6.422606394763772e-01, 6.389999985694885e-01, 6.370000243186951e-01, 6.370000243186951e-01, 6.389999985694885e-01, 6.366393878401803e-01, 6.420000195503235e-01, 6.420000195503235e-01, 6.432424668405901e-01, 6.439999938011169e-01, 6.449999809265137e-01, 6.487575242705356e-01, 6.499999761581421e-01, 6.40999972820282e-01, 6.370000243186951e-01, 6.370000243186951e-01, 6.349999904632568e-01, 6.385999917984009e-01, 6.359999775886536e-01, 6.387605941140841e-01, 6.359999775886536e-01, 6.370000243186951e-01, 6.370000243186951e-01, 6.369212068044234e-01, 6.366606037551087e-01, 6.359999775886536e-01, 6.349999904632568e-01, 6.389999985694885e-01, 6.349999904632568e-01, 6.384393888162349e-01, 6.389999985694885e-01, 6.389999985694885e-01, 6.359999775886536e-01, 6.389999985694885e-01, 6.370000243186951e-01, 6.359999775886536e-01, 6.356212438129941e-01, 6.349999904632568e-01, 6.357787288665702e-01, 6.349999904632568e-01, 6.359999775886536e-01, 6.380000114440918e-01, 6.359999775886536e-01, 6.370000243186951e-01, 6.427424873624552e-01, 6.451575572674069e-01, 6.381574957601579e-01, 6.460000276565552e-01]
cooValSta.uFanSta=[1e+00, 1e+00, 1e+00, 1e+00, 1e+00, 1e+00, 1e+00, 1e+00, 1e+00, 1e+00, 1e+00, 1e+00, 1e+00, 1e+00, 1e+00, 1e+00, 1e+00, 1e+00, 1e+00, 1e+00, 1e+00, 1e+00, 1e+00, 1e+00, 1e+00, 1e+00, 1e+00, 1e+00, 1e+00, 1e+00, 1e+00, 1e+00, 1e+00, 1e+00, 1e+00, 1e+00, 1e+00, 1e+00, 1e+00, 1e+00, 1e+00, 1e+00, 1e+00, 1e+00, 1e+00, 1e+00, 1e+00, 1e+00, 1e+00, 1e+00, 1e+00, 1e+00, 1e+00, 1e+00, 1e+00, 1e+00, 1e+00, 1e+00, 1e+00, 1e+00, 1e+00, 1e+00, 1e+00, 1e+00, 1e+00, 1e+00, 1e+00, 1e+00, 1e+00, 1e+00, 1e+00, 1e+00, 1e+00, 1e+00, 1e+00, 1e+00, 1e+00, 1e+00, 1e+00, 1e+00, 1e+00, 1e+00, 1e+00, 1e+00, 1e+00, 1e+00, 1e+00, 1e+00, 1e+00, 1e+00, 1e+00, 1e+00, 1e+00, 1e+00, 1e+00, 1e+00, 1e+00, 1e+00, 1e+00, 1e+00, 1e+00]
percConv.y=[0e+00, 0e+00, 0e+00, 0e+00, 0e+00, 0e+00, 0e+00, 0e+00, 0e+00, 0e+00, 0e+00, 0e+00, 0e+00, 0e+00, 0e+00, 0e+00, 0e+00, 0e+00, 0e+00, 0e+00, 3.709999918937683e-01, 6.809999942779541e-01, 8.930000066757202e-01, 7.179999947547913e-01, 9.940000176429749e-01, 4.810000061988831e-01, 4.810000061988831e-01, 4.029999971389771e-01, 4.835212479164085e-01, 7.900000214576721e-01, 3.693999946117401e-01, 6.349999904632568e-01, 6.855150003805182e-01, 2.879999876022339e-01, 4.481590556089841e-01, 7.580000162124634e-01, 6.013590879254475e-01, 1e+00, 9.800000190734863e-01, 7.139999866485596e-01, 8.080000281333923e-01, 8.700000047683716e-01, 8.059999942779541e-01, 5.569999814033508e-01, 5.379999876022339e-01, 5.595999956130981e-01, 5.960000157356262e-01, 5.430424754629798e-01, 7.609999775886536e-01, 1e+00, 9.029999971389771e-01, 9.995787783335602e-01, 1e+00, 9.81739373398226e-01, 9.570000171661377e-01, 8.349000215530396e-01, 5.410000085830688e-01, 3.720000088214874e-01, 6.570000052452087e-01, 8.230000138282776e-01, 8.71999979019165e-01, 9.720000028610229e-01, 1e+00, 1e+00, 1e+00, 1e+00, 1e+00, 9.879999756813049e-01, 7.167118715901294e-01, 8.470000028610229e-01, 1e+00, 4.309999942779541e-01, 7.636062255153757e-01, 8.849999904632568e-01, 7.559999823570251e-01, 7.009999752044678e-01, 1e+00, 9.390000104904175e-01, 8.309999704360962e-01, 5.120000243186951e-01, 4.539999961853027e-01, 3.930000066757202e-01, 6.439999938011169e-01, 4.454424832926763e-01, 2.529999911785126e-01, 6.359000205993652e-01, 3.519999980926514e-01, 3.575424978861961e-01, 6.890000104904175e-01, 4.122424903463052e-01, 4.009999930858612e-01, 8.904424832344194e-01, 7.549999952316284e-01, 1e+00, 7.509999871253967e-01, 6.40999972820282e-01, 9.580000042915344e-01, 1e+00, 8.28000009059906e-01, 9.900000095367432e-01, 5.830000042915344e-01]
cooValSta.yCooVal=[0e+00, 0e+00, 0e+00, 0e+00, 0e+00, 0e+00, 0e+00, 0e+00, 0e+00, 0e+00, 0e+00, 0e+00, 0e+00, 0e+00, 0e+00, 0e+00, 0e+00, 0e+00, 0e+00, 0e+00, 3.782851696014404e-01, 7.00217781997867e-01, 8.937890658130897e-01, 7.202570399013146e-01, 9.938060097054869e-01, 4.803565442562103e-01, 4.815225303173065e-01, 4.031639251687115e-01, 4.843228894394717e-01, 7.894707246734981e-01, 3.683178126811981e-01, 6.366469190670878e-01, 6.883564637907837e-01, 2.915446770191191e-01, 4.505085428211008e-01, 7.595474123954773e-01, 6.066683914754283e-01, 1e+00, 9.765536069869986e-01, 7.139532422839227e-01, 8.144373893737793e-01, 8.701598393156229e-01, 8.127183102979695e-01, 5.581953702178954e-01, 5.376428059169226e-01, 5.593024492263794e-01, 5.963651180267351e-01, 5.433743123766807e-01, 7.616111761132095e-01, 1e+00, 9.000461101531982e-01, 9.979247527737757e-01, 1e+00, 9.814465793376225e-01, 9.555435472672131e-01, 8.327060341835022e-01, 5.398941958105403e-01, 3.690911527289912e-01, 6.555657386779785e-01, 8.218730408668512e-01, 8.699476718902588e-01, 9.704405645855141e-01, 9.985799523500304e-01, 1e+00, 1e+00, 1e+00, 1e+00, 9.888834667205818e-01, 7.144501734287024e-01, 8.452698782750793e-01, 1e+00, 4.288372781770021e-01, 7.600001609170708e-01, 8.838849291888861e-01, 7.518790400945181e-01, 6.985720992088318e-01, 1e+00, 9.384166306311938e-01, 8.305477806500015e-01, 5.121273645039239e-01, 4.536486268043518e-01, 3.937986195087433e-01, 6.42468616049341e-01, 4.454393637180297e-01, 2.538353837860921e-01, 6.367295980453491e-01, 3.53575585539457e-01, 3.597783389929186e-01, 6.900691456608943e-01, 4.141531558310376e-01, 4.045276045799255e-01, 8.977240349769693e-01, 7.536513069580356e-01, 1e+00, 7.531838204953563e-01, 6.341257095336914e-01, 9.571571139020758e-01, 1e+00, 8.275334239006107e-01, 9.918274661546198e-01, 5.798232555389404e-01]
