last-generated=2020-04-20
statistics-simulation=
{
  "linear": " ",
  "nonlinear": " ",
  "numerical Jacobians": "0"
}
time=[0e+00, 1e+00]
grid.P.real=[1e+03, 1e+03, 1e+03, 1e+03, 1e+03, 1e+03, 1e+03, 1e+03, 1e+03, 1e+03, 1e+03, 1e+03, 1e+03, 1e+03, 1e+03, 1e+03, 1e+03, 1e+03, 1e+03, 1e+03, 1e+03, 1e+03, 1e+03, 1e+03, 1e+03, 1e+03, 1e+03, 1e+03, 1e+03, 1e+03, 1e+03, 1e+03, 1e+03, 1e+03, 1e+03, 1e+03, 1e+03, 1e+03, 1e+03, 1e+03, 1e+03, 1e+03, 1e+03, 1e+03, 1e+03, 1e+03, 1e+03, 1e+03, 1e+03, 1e+03, 1e+03, 1e+03, 1e+03, 1e+03, 1e+03, 1e+03, 1e+03, 1e+03, 1e+03, 1e+03, 1e+03, 1e+03, 1e+03, 1e+03, 1e+03, 1e+03, 1e+03, 1e+03, 1e+03, 1e+03, 1e+03, 1e+03, 1e+03, 1e+03, 1e+03, 1e+03, 1e+03, 1e+03, 1e+03, 1e+03, 1e+03, 1e+03, 1e+03, 1e+03, 1e+03, 1e+03, 1e+03, 1e+03, 1e+03, 1e+03, 1e+03, 1e+03, 1e+03, 1e+03, 1e+03, 1e+03, 1e+03, 1e+03, 1e+03, 1e+03, 1e+03]
grid.P.apparent=[1.25e+03, 1.25e+03, 1.25e+03, 1.25e+03, 1.25e+03, 1.25e+03, 1.25e+03, 1.25e+03, 1.25e+03, 1.25e+03, 1.25e+03, 1.25e+03, 1.25e+03, 1.25e+03, 1.25e+03, 1.25e+03, 1.25e+03, 1.25e+03, 1.25e+03, 1.25e+03, 1.25e+03, 1.25e+03, 1.25e+03, 1.25e+03, 1.25e+03, 1.25e+03, 1.25e+03, 1.25e+03, 1.25e+03, 1.25e+03, 1.25e+03, 1.25e+03, 1.25e+03, 1.25e+03, 1.25e+03, 1.25e+03, 1.25e+03, 1.25e+03, 1.25e+03, 1.25e+03, 1.25e+03, 1.25e+03, 1.25e+03, 1.25e+03, 1.25e+03, 1.25e+03, 1.25e+03, 1.25e+03, 1.25e+03, 1.25e+03, 1.25e+03, 1.25e+03, 1.25e+03, 1.25e+03, 1.25e+03, 1.25e+03, 1.25e+03, 1.25e+03, 1.25e+03, 1.25e+03, 1.25e+03, 1.25e+03, 1.25e+03, 1.25e+03, 1.25e+03, 1.25e+03, 1.25e+03, 1.25e+03, 1.25e+03, 1.25e+03, 1.25e+03, 1.25e+03, 1.25e+03, 1.25e+03, 1.25e+03, 1.25e+03, 1.25e+03, 1.25e+03, 1.25e+03, 1.25e+03, 1.25e+03, 1.25e+03, 1.25e+03, 1.25e+03, 1.25e+03, 1.25e+03, 1.25e+03, 1.25e+03, 1.25e+03, 1.25e+03, 1.25e+03, 1.25e+03, 1.25e+03, 1.25e+03, 1.25e+03, 1.25e+03, 1.25e+03, 1.25e+03, 1.25e+03, 1.25e+03, 1.25e+03]
pvSimple.load.S[1]=[0e+00, 0e+00, 0e+00, 0e+00, 0e+00, 0e+00, 0e+00, 0e+00, 0e+00, 0e+00, 0e+00, 0e+00, 0e+00, 0e+00, 0e+00, 0e+00, 0e+00, 0e+00, 0e+00, 0e+00, 0e+00, 0e+00, 0e+00, 0e+00, 0e+00, 0e+00, 0e+00, 0e+00, 0e+00, 0e+00, 0e+00, 0e+00, 0e+00, 0e+00, 0e+00, 0e+00, 0e+00, 0e+00, 0e+00, 0e+00, 0e+00, 0e+00, 0e+00, 0e+00, 0e+00, 0e+00, 0e+00, 0e+00, 0e+00, 0e+00, 0e+00, 0e+00, 0e+00, 0e+00, 0e+00, 0e+00, 0e+00, 0e+00, 0e+00, 0e+00, 0e+00, 0e+00, 0e+00, 0e+00, 0e+00, 0e+00, 0e+00, 0e+00, 0e+00, 0e+00, 0e+00, 0e+00, 0e+00, 0e+00, 0e+00, 0e+00, 0e+00, 0e+00, 0e+00, 0e+00, 0e+00, 0e+00, 0e+00, 0e+00, 0e+00, 0e+00, 0e+00, 0e+00, 0e+00, 0e+00, 0e+00, 0e+00, 0e+00, 0e+00, 0e+00, 0e+00, 0e+00, 0e+00, 0e+00, 0e+00, 0e+00]
pvSimple.load.S[2]=[0e+00, 0e+00, 0e+00, 0e+00, 0e+00, 0e+00, 0e+00, 0e+00, 0e+00, 0e+00, 0e+00, 0e+00, 0e+00, 0e+00, 0e+00, 0e+00, 0e+00, 0e+00, 0e+00, 0e+00, 0e+00, 0e+00, 0e+00, 0e+00, 0e+00, 0e+00, 0e+00, 0e+00, 0e+00, 0e+00, 0e+00, 0e+00, 0e+00, 0e+00, 0e+00, 0e+00, 0e+00, 0e+00, 0e+00, 0e+00, 0e+00, 0e+00, 0e+00, 0e+00, 0e+00, 0e+00, 0e+00, 0e+00, 0e+00, 0e+00, 0e+00, 0e+00, 0e+00, 0e+00, 0e+00, 0e+00, 0e+00, 0e+00, 0e+00, 0e+00, 0e+00, 0e+00, 0e+00, 0e+00, 0e+00, 0e+00, 0e+00, 0e+00, 0e+00, 0e+00, 0e+00, 0e+00, 0e+00, 0e+00, 0e+00, 0e+00, 0e+00, 0e+00, 0e+00, 0e+00, 0e+00, 0e+00, 0e+00, 0e+00, 0e+00, 0e+00, 0e+00, 0e+00, 0e+00, 0e+00, 0e+00, 0e+00, 0e+00, 0e+00, 0e+00, 0e+00, 0e+00, 0e+00, 0e+00, 0e+00, 0e+00]
RL.S[1]=[-1e+03, -1e+03]
RL.S[2]=[-7.5e+02, -7.5e+02]
pvOriented.panel.load.S[1]=[0e+00, 0e+00, 0e+00, 0e+00, 0e+00, 0e+00, 0e+00, 0e+00, 0e+00, 0e+00, 0e+00, 0e+00, 0e+00, 0e+00, 0e+00, 0e+00, 0e+00, 0e+00, 0e+00, 0e+00, 0e+00, 0e+00, 0e+00, 0e+00, 0e+00, 0e+00, 0e+00, 0e+00, 0e+00, 0e+00, 0e+00, 0e+00, 0e+00, 0e+00, 0e+00, 0e+00, 0e+00, 0e+00, 0e+00, 0e+00, 0e+00, 0e+00, 0e+00, 0e+00, 0e+00, 0e+00, 0e+00, 0e+00, 0e+00, 0e+00, 0e+00, 0e+00, 0e+00, 0e+00, 0e+00, 0e+00, 0e+00, 0e+00, 0e+00, 0e+00, 0e+00, 0e+00, 0e+00, 0e+00, 0e+00, 0e+00, 0e+00, 0e+00, 0e+00, 0e+00, 0e+00, 0e+00, 0e+00, 0e+00, 0e+00, 0e+00, 0e+00, 0e+00, 0e+00, 0e+00, 0e+00, 0e+00, 0e+00, 0e+00, 0e+00, 0e+00, 0e+00, 0e+00, 0e+00, 0e+00, 0e+00, 0e+00, 0e+00, 0e+00, 0e+00, 0e+00, 0e+00, 0e+00, 0e+00, 0e+00, 0e+00]
pvOriented.panel.load.S[2]=[0e+00, 0e+00, 0e+00, 0e+00, 0e+00, 0e+00, 0e+00, 0e+00, 0e+00, 0e+00, 0e+00, 0e+00, 0e+00, 0e+00, 0e+00, 0e+00, 0e+00, 0e+00, 0e+00, 0e+00, 0e+00, 0e+00, 0e+00, 0e+00, 0e+00, 0e+00, 0e+00, 0e+00, 0e+00, 0e+00, 0e+00, 0e+00, 0e+00, 0e+00, 0e+00, 0e+00, 0e+00, 0e+00, 0e+00, 0e+00, 0e+00, 0e+00, 0e+00, 0e+00, 0e+00, 0e+00, 0e+00, 0e+00, 0e+00, 0e+00, 0e+00, 0e+00, 0e+00, 0e+00, 0e+00, 0e+00, 0e+00, 0e+00, 0e+00, 0e+00, 0e+00, 0e+00, 0e+00, 0e+00, 0e+00, 0e+00, 0e+00, 0e+00, 0e+00, 0e+00, 0e+00, 0e+00, 0e+00, 0e+00, 0e+00, 0e+00, 0e+00, 0e+00, 0e+00, 0e+00, 0e+00, 0e+00, 0e+00, 0e+00, 0e+00, 0e+00, 0e+00, 0e+00, 0e+00, 0e+00, 0e+00, 0e+00, 0e+00, 0e+00, 0e+00, 0e+00, 0e+00, 0e+00, 0e+00, 0e+00, 0e+00]
