last-generated=2026-07-06
statistics-initialization=
{
  "nonlinear": "2, 0, 1, 1",
  "numerical Jacobians": "0"
}
statistics-simulation=
{
  "linear": " ",
  "nonlinear": "2, 1, 1",
  "number of continuous time states": "13",
  "numerical Jacobians": "0"
}
time=[2.592e+06, 3.6288e+06]
buiWitETS.bui.loa.y[2]=[0e+00, 1.004075744628906e+03, 1.0291171875e+05, 5.2077609375e+04, 8.225325e+04, 1.3286041015625e+04, 1.6628634375e+05, 4.158326953125e+04, 0e+00, 0e+00, 0e+00, 3.83742421875e+04, 4.91756640625e+03, 2.68711962890625e+03, 1.6945669921875e+04, 1.8203630859375e+04, 0e+00, 0e+00, 0e+00, 3.871204296875e+04, 1.58887890625e+04, 1.29604814453125e+04, 1.7335392578125e+04, 0e+00, 0e+00, 0e+00, 1.806312866210938e+02, 6.46372119140625e+03, 4.41243310546875e+03, 1.543296356201172e+02, 0e+00, 1.410057983398438e+03, 3.88358447265625e+03, 1.07421767578125e+04, 1.4436244140625e+04, 3.642763125e+05, 1.66839765625e+05, 1.9847203125e+04, 1.6756640625e+04, 4.654546484375e+04, 4.877700390625e+04, 0e+00, 4.834840393066406e+02, 5.23384765625e+03, 3.10431875e+05, 2.167645703125e+04, 7.28719921875e+04, 1.313465234375e+04, 7.158540625e+04, 4.78350859375e+04, 7.5383271484375e+03, 3.1975685546875e+04, 2.8822525e+05, 1.10339234375e+05, 1.230865546875e+05, 1.938912109375e+04, 2.08965125e+05, 5.983159375e+04, 2.511646484375e+03, 2.6849072265625e+04, 3.6527796875e+05, 2.3455278125e+05, 2.8752578125e+04, 9.0070234375e+03, 3.862687890625e+04, 4.00853125e+04, 0e+00, 3.39047802734375e+03, 6.2619248046875e+03, 2.475595e+05, 1.26875478515625e+04, 2.1355607421875e+04, 2.221658447265625e+03, 4.06975390625e+04, 2.997396875e+04, 0e+00, 1.5190458984375e+03, 9.84034140625e+04, 3.436667578125e+04, 1.70246171875e+04, 1.523075390625e+04, 0e+00, 0e+00, 4.264939453125e+03, 9.4947412109375e+03, 1.0351466796875e+04, 7.85510693359375e+03, 1.05032568359375e+03, 0e+00, 1.165992919921875e+03, 3.019004150390625e+03, 1.1689822265625e+04, 1.366400390625e+04, 2.092121484375e+04, 2.7471825e+05, 2.8967375e+04, 4.191477734375e+04, 7.08997314453125e+03, 4.051390234375e+04, 2.927763671875e+04, 0e+00]
buiWitETS.ets.Q_flow=[-0e+00, 2.249391845703125e+03, 1.032931484375e+05, 5.129139453125e+04, 9.8244578125e+04, 9.2155517578125e+03, 1.68423328125e+05, 4.10261484375e+04, 4.790460510253906e+02, 4.3485595703125e+02, 4.068643798828125e+02, 3.760162890625e+04, 3.187544921875e+03, 1.679588989257812e+03, 1.29108095703125e+04, 1.456771484375e+04, 6.71722412109375e+02, 5.816298217773438e+02, 5.369005126953125e+02, 3.7701734375e+04, 1.3042017578125e+04, 1.1786330078125e+04, 1.8314455078125e+04, 7.0039794921875e+02, 6.077388916015625e+02, 5.677828369140625e+02, 7.118555297851562e+02, 4.4328955078125e+03, 3.52530517578125e+03, 8.936475830078125e+02, 6.596842041015625e+02, 1.205402465820312e+03, 2.80448193359375e+03, 1.02508740234375e+04, 1.4969734375e+04, 3.565696875e+05, 1.7077125e+05, 1.576446875e+04, 1.17681611328125e+04, 5.899856640625e+04, 4.805335546875e+04, 4.966264953613281e+02, 6.446744995117188e+02, 2.863460205078125e+03, 3.0641340625e+05, 1.7026572265625e+04, 7.42070703125e+04, 1.0332029296875e+04, 7.10750859375e+04, 4.8243578125e+04, 4.14672802734375e+03, 3.826644921875e+04, 2.9192575e+05, 1.1046875e+05, 1.241419921875e+05, 1.4696796875e+04, 2.1147828125e+05, 5.957346484375e+04, 1.211912719726562e+03, 2.9105279296875e+04, 3.5771396875e+05, 2.4142428125e+05, 2.574277734375e+04, 5.18896240234375e+03, 4.6709e+04, 3.898352734375e+04, 5.202896118164062e+02, 1.722249755859375e+03, 4.16850830078125e+03, 2.45566578125e+05, 8.4001865234375e+03, 2.0217140625e+04, 1.328321655273438e+03, 3.91052109375e+04, 3.051016796875e+04, 5.139739379882812e+02, 9.426389770507812e+02, 9.90395078125e+04, 3.2766767578125e+04, 1.478670703125e+04, 1.44968720703125e+04, 7.146763916015625e+02, 6.06774169921875e+02, 2.896967529296875e+03, 8.16381982421875e+03, 9.8628564453125e+03, 7.017892578125e+03, 1.345809936523438e+03, 6.94400390625e+02, 1.228903686523438e+03, 2.30071630859375e+03, 1.18049521484375e+04, 1.4046330078125e+04, 2.3255521484375e+04, 2.7155503125e+05, 2.5662728515625e+04, 4.302275e+04, 4.885853515625e+03, 3.922970703125e+04, 2.897909375e+04, 4.934274597167969e+02]
senMasFlo.m_flow=[1.342661096714437e-03, 1.818930171430111e-02, 2.057133436203003e+00, 9.657912254333496e-01, 1.459051728248596e+00, 1.378265023231506e-01, 3.503560781478882e+00, 7.152062058448792e-01, 7.908381521701813e-03, 7.730740588158369e-03, 7.702759001404047e-03, 6.876043081283569e-01, 4.296302422881126e-02, 2.371044829487801e-02, 1.724708825349808e-01, 2.130369246006012e-01, 8.37226677685976e-03, 7.848178036510944e-03, 7.769647985696793e-03, 6.543794870376587e-01, 1.767413765192032e-01, 1.330942064523697e-01, 1.970275789499283e-01, 8.105841465294361e-03, 7.643640507012606e-03, 7.633805274963379e-03, 1.012099627405405e-02, 5.716512724757195e-02, 3.885119035840034e-02, 9.988723322749138e-03, 7.845700718462467e-03, 1.506347022950649e-02, 3.300032019615173e-02, 1.046750918030739e-01, 1.537754982709885e-01, 7.961382389068604e+00, 3.649829864501953e+00, 2.451063990592957e-01, 1.954117864370346e-01, 7.233076691627502e-01, 8.696541786193848e-01, 8.369331248104572e-03, 1.16748446598649e-02, 4.535305872559547e-02, 6.828184604644775e+00, 2.879864275455475e-01, 1.421767830848694e+00, 1.347320377826691e-01, 1.361673355102539e+00, 8.599637746810913e-01, 6.784667819738388e-02, 4.912159442901611e-01, 6.610733985900879e+00, 2.227811098098755e+00, 2.315272331237793e+00, 2.374887019395828e-01, 4.530437469482422e+00, 1.096063613891602e+00, 2.138166502118111e-02, 3.769813776016235e-01, 8.021238327026367e+00, 5.396133422851562e+00, 4.365188777446747e-01, 8.62504169344902e-02, 5.756280422210693e-01, 6.808821558952332e-01, 8.385905995965004e-03, 2.899568527936935e-02, 5.572844669222832e-02, 5.32224702835083e+00, 1.314442008733749e-01, 2.936652004718781e-01, 1.913134008646011e-02, 7.114961743354797e-01, 4.621028900146484e-01, 7.984556257724762e-03, 1.540695689618587e-02, 1.971077680587769e+00, 5.584479570388794e-01, 1.928669214248657e-01, 1.652651280164719e-01, 8.13867524266243e-03, 7.520612329244614e-03, 3.684306517243385e-02, 8.968798071146011e-02, 1.001302301883698e-01, 7.204604148864746e-02, 1.395558193325996e-02, 7.627742365002632e-03, 1.429268252104521e-02, 2.550973929464817e-02, 1.165789663791656e-01, 1.428180187940598e-01, 2.553022801876068e-01, 5.945146560668945e+00, 4.570502936840057e-01, 7.640474438667297e-01, 6.396880000829697e-02, 7.023747563362122e-01, 4.466512799263e-01, 7.731345016509295e-03]
buiWitETS.ets.senMasFlo.m_flow=[1.342661096714437e-03, 1.818930171430111e-02, 2.057133436203003e+00, 9.657912254333496e-01, 1.459051728248596e+00, 1.378265023231506e-01, 3.503560781478882e+00, 7.152062058448792e-01, 7.908381521701813e-03, 7.730740588158369e-03, 7.702759001404047e-03, 6.876043081283569e-01, 4.296302422881126e-02, 2.371044829487801e-02, 1.724708825349808e-01, 2.130369246006012e-01, 8.37226677685976e-03, 7.848178036510944e-03, 7.769647985696793e-03, 6.543794870376587e-01, 1.767413765192032e-01, 1.330942064523697e-01, 1.970275789499283e-01, 8.105841465294361e-03, 7.643640507012606e-03, 7.633805274963379e-03, 1.012099627405405e-02, 5.716512724757195e-02, 3.885119035840034e-02, 9.988723322749138e-03, 7.845700718462467e-03, 1.506347022950649e-02, 3.300032019615173e-02, 1.046750918030739e-01, 1.537754982709885e-01, 7.961382389068604e+00, 3.649829864501953e+00, 2.451063990592957e-01, 1.954117864370346e-01, 7.233076691627502e-01, 8.696541786193848e-01, 8.369331248104572e-03, 1.16748446598649e-02, 4.535305872559547e-02, 6.828184604644775e+00, 2.879864275455475e-01, 1.421767830848694e+00, 1.347320377826691e-01, 1.361673355102539e+00, 8.599637746810913e-01, 6.784667819738388e-02, 4.912159442901611e-01, 6.610733985900879e+00, 2.227811098098755e+00, 2.315272331237793e+00, 2.374887019395828e-01, 4.530437469482422e+00, 1.096063613891602e+00, 2.138166502118111e-02, 3.769813776016235e-01, 8.021238327026367e+00, 5.396133422851562e+00, 4.365188777446747e-01, 8.62504169344902e-02, 5.756280422210693e-01, 6.808821558952332e-01, 8.385905995965004e-03, 2.899568527936935e-02, 5.572844669222832e-02, 5.32224702835083e+00, 1.314442008733749e-01, 2.936652004718781e-01, 1.913134008646011e-02, 7.114961743354797e-01, 4.621028900146484e-01, 7.984556257724762e-03, 1.540695689618587e-02, 1.971077680587769e+00, 5.584479570388794e-01, 1.928669214248657e-01, 1.652651280164719e-01, 8.13867524266243e-03, 7.520612329244614e-03, 3.684306517243385e-02, 8.968798071146011e-02, 1.001302301883698e-01, 7.204604148864746e-02, 1.395558193325996e-02, 7.627742365002632e-03, 1.429268252104521e-02, 2.550973929464817e-02, 1.165789663791656e-01, 1.428180187940598e-01, 2.553022801876068e-01, 5.945146560668945e+00, 4.570502936840057e-01, 7.640474438667297e-01, 6.396880000829697e-02, 7.023747563362122e-01, 4.466512799263e-01, 7.731345016509295e-03]
buiWitETS.ets.senTDisSup.T=[2.931499938964844e+02, 3.231355590820312e+02, 3.231499938964844e+02, 3.231499938964844e+02, 3.231499938964844e+02, 3.231499938964844e+02, 3.231499938964844e+02, 3.231499938964844e+02, 3.231499938964844e+02, 3.231499938964844e+02, 3.231499938964844e+02, 3.231499938964844e+02, 3.231499938964844e+02, 3.231499938964844e+02, 3.231499938964844e+02, 3.231499938964844e+02, 3.231499938964844e+02, 3.231499938964844e+02, 3.231499938964844e+02, 3.231499938964844e+02, 3.231499938964844e+02, 3.231499938964844e+02, 3.231499938964844e+02, 3.231499938964844e+02, 3.231499938964844e+02, 3.231499938964844e+02, 3.231499938964844e+02, 3.231499938964844e+02, 3.231499938964844e+02, 3.231499938964844e+02, 3.231499938964844e+02, 3.231499938964844e+02, 3.231499938964844e+02, 3.231499938964844e+02, 3.231499938964844e+02, 3.231499938964844e+02, 3.231499938964844e+02, 3.231499938964844e+02, 3.231499938964844e+02, 3.231499938964844e+02, 3.231499938964844e+02, 3.231499938964844e+02, 3.231499938964844e+02, 3.231499938964844e+02, 3.231499938964844e+02, 3.231499938964844e+02, 3.231499938964844e+02, 3.231499938964844e+02, 3.231499938964844e+02, 3.231499938964844e+02, 3.231499938964844e+02, 3.231499938964844e+02, 3.231499938964844e+02, 3.231499938964844e+02, 3.231499938964844e+02, 3.231499938964844e+02, 3.231499938964844e+02, 3.231499938964844e+02, 3.231499938964844e+02, 3.231499938964844e+02, 3.231499938964844e+02, 3.231499938964844e+02, 3.231499938964844e+02, 3.231499938964844e+02, 3.231499938964844e+02, 3.231499938964844e+02, 3.231499938964844e+02, 3.231499938964844e+02, 3.231499938964844e+02, 3.231499938964844e+02, 3.231499938964844e+02, 3.231499938964844e+02, 3.231499938964844e+02, 3.231499938964844e+02, 3.231499938964844e+02, 3.231499938964844e+02, 3.231499938964844e+02, 3.231499938964844e+02, 3.231499938964844e+02, 3.231499938964844e+02, 3.231499938964844e+02, 3.231499938964844e+02, 3.231499938964844e+02, 3.231499938964844e+02, 3.231499938964844e+02, 3.231499938964844e+02, 3.231499938964844e+02, 3.231499938964844e+02, 3.231499938964844e+02, 3.231499938964844e+02, 3.231499938964844e+02, 3.231499938964844e+02, 3.231499938964844e+02, 3.231499938964844e+02, 3.231499938964844e+02, 3.231499938964844e+02, 3.231499938964844e+02, 3.231499938964844e+02, 3.231499938964844e+02, 3.231499938964844e+02, 3.231499938964844e+02]
buiWitETS.ets.senTDisRet.T=[2.931499938964844e+02, 2.935787353515625e+02, 3.111489868164062e+02, 3.104568481445312e+02, 3.070566711425781e+02, 3.071692504882812e+02, 3.116604919433594e+02, 3.094400024414062e+02, 3.0867236328125e+02, 3.097058715820312e+02, 3.105255737304688e+02, 3.100799865722656e+02, 3.054175109863281e+02, 3.062194213867188e+02, 3.05258544921875e+02, 3.068065185546875e+02, 3.0397412109375e+02, 3.05437255859375e+02, 3.066341552734375e+02, 3.093798217773438e+02, 3.055133972167969e+02, 3.019845275878906e+02, 3.009335021972656e+02, 3.024983215332031e+02, 3.041468811035156e+02, 3.053733520507812e+02, 3.063396301269531e+02, 3.046161804199219e+02, 3.014629516601562e+02, 3.017672119140625e+02, 3.030538635253906e+02, 3.040243835449219e+02, 3.028384704589844e+02, 2.997440795898438e+02, 2.998832702636719e+02, 3.12445556640625e+02, 3.119671936035156e+02, 3.077778930664062e+02, 3.087565002441406e+02, 3.036548461914062e+02, 3.099435729980469e+02, 3.089676818847656e+02, 3.099523315429688e+02, 3.080598754882812e+02, 3.124246520996094e+02, 3.090193176269531e+02, 3.106754455566406e+02, 3.048216552734375e+02, 3.106746520996094e+02, 3.097418823242188e+02, 3.085421752929688e+02, 3.045310974121094e+02, 3.125956726074219e+02, 3.112986145019531e+02, 3.103348083496094e+02, 3.083593139648438e+02, 3.119933471679688e+02, 3.101595153808594e+02, 3.096031494140625e+02, 3.046972961425781e+02, 3.124913330078125e+02, 3.124568176269531e+02, 3.090551452636719e+02, 3.087710266113281e+02, 3.037560119628906e+02, 3.094658508300781e+02, 3.083212890625e+02, 3.089538269042969e+02, 3.052722778320312e+02, 3.121223754882812e+02, 3.078758850097656e+02, 3.066958312988281e+02, 3.06555419921875e+02, 3.100137939453125e+02, 3.073697509765625e+02, 3.077649536132812e+02, 3.085269775390625e+02, 3.111408386230469e+02, 3.091264038085938e+02, 3.04825927734375e+02, 3.021846923828125e+02, 3.02162353515625e+02, 3.038666687011719e+02, 3.043569946289062e+02, 3.013945922851562e+02, 2.996078796386719e+02, 2.998688354492188e+02, 3.001014099121094e+02, 3.01391845703125e+02, 3.025999755859375e+02, 3.015941467285156e+02, 2.989479370117188e+02, 2.996434936523438e+02, 3.013789367675781e+02, 3.122330017089844e+02, 3.097301635742188e+02, 3.096918334960938e+02, 3.048950500488281e+02, 3.098008117675781e+02, 3.076431274414062e+02, 3.07896240234375e+02]
