<<<<<<< HEAD
last-generated=2021-07-22
=======
last-generated=2025-09-26
>>>>>>> master
statistics-initialization=
{
  "nonlinear": "11",
  "numerical Jacobians": "0"
}
statistics-simulation=
{
  "linear": " ",
  "nonlinear": "6, 1",
  "number of continuous time states": "10",
  "numerical Jacobians": "0"
}
time=[0e+00, 9e+02]
<<<<<<< HEAD
roo.yCFD[1]=[3.031396179199219e+02, 3.031396179199219e+02, 3.031396179199219e+02, 3.031396179199219e+02, 3.011830139160156e+02, 3.011830139160156e+02, 3.011830139160156e+02, 2.974632873535156e+02, 2.974632873535156e+02, 2.974632873535156e+02, 2.974632873535156e+02, 2.94065673828125e+02, 2.94065673828125e+02, 2.94065673828125e+02, 2.909186096191406e+02, 2.909186096191406e+02, 2.909186096191406e+02, 2.880689086914062e+02, 2.880689086914062e+02, 2.880689086914062e+02, 2.880689086914062e+02, 2.855027465820312e+02, 2.855027465820312e+02, 2.855027465820312e+02, 2.831782531738281e+02, 2.831782531738281e+02, 2.831782531738281e+02, 2.810616149902344e+02, 2.810616149902344e+02, 2.810616149902344e+02, 2.810616149902344e+02, 2.791309814453125e+02, 2.791309814453125e+02, 2.791309814453125e+02, 2.773678894042969e+02, 2.773678894042969e+02, 2.773678894042969e+02, 2.757457580566406e+02, 2.757457580566406e+02, 2.757457580566406e+02, 2.757457580566406e+02, 2.742669982910156e+02, 2.742669982910156e+02, 2.742669982910156e+02, 2.729459228515625e+02, 2.729459228515625e+02, 2.729459228515625e+02, 2.717413635253906e+02, 2.717413635253906e+02, 2.717413635253906e+02, 2.717413635253906e+02, 2.706426086425781e+02, 2.706426086425781e+02, 2.706426086425781e+02, 2.696515502929688e+02, 2.696515502929688e+02, 2.696515502929688e+02, 2.687416687011719e+02, 2.687416687011719e+02, 2.687416687011719e+02, 2.687416687011719e+02, 2.679211730957031e+02, 2.679211730957031e+02, 2.679211730957031e+02, 2.671767272949219e+02, 2.671767272949219e+02, 2.671767272949219e+02, 2.665007629394531e+02, 2.665007629394531e+02, 2.665007629394531e+02, 2.665007629394531e+02, 2.658841552734375e+02, 2.658841552734375e+02, 2.658841552734375e+02, 2.653227844238281e+02, 2.653227844238281e+02, 2.653227844238281e+02, 2.648170166015625e+02, 2.648170166015625e+02, 2.648170166015625e+02, 2.648170166015625e+02, 2.643585510253906e+02, 2.643585510253906e+02, 2.643585510253906e+02, 2.639403686523438e+02, 2.639403686523438e+02, 2.639403686523438e+02, 2.635592346191406e+02, 2.635592346191406e+02, 2.635592346191406e+02, 2.635592346191406e+02, 2.632127990722656e+02, 2.632127990722656e+02, 2.632127990722656e+02, 2.628972473144531e+02, 2.628972473144531e+02, 2.628972473144531e+02, 2.62609619140625e+02, 2.62609619140625e+02, 2.62609619140625e+02, 2.62609619140625e+02]
roo.yCFD[2]=[5.131935235112906e-03, 5.131935235112906e-03, 5.131935235112906e-03, 5.131935235112906e-03, 5.785207729786634e-03, 5.785207729786634e-03, 5.785207729786634e-03, 4.494915530085564e-02, 4.494915530085564e-02, 4.494915530085564e-02, 4.494915530085564e-02, 2.794686704874039e-02, 2.794686704874039e-02, 2.794686704874039e-02, 2.959552407264709e-02, 2.959552407264709e-02, 2.959552407264709e-02, 2.485140226781368e-02, 2.485140226781368e-02, 2.485140226781368e-02, 2.485140226781368e-02, 2.425765618681908e-02, 2.425765618681908e-02, 2.425765618681908e-02, 2.319772727787495e-02, 2.319772727787495e-02, 2.319772727787495e-02, 2.222906239330769e-02, 2.222906239330769e-02, 2.222906239330769e-02, 2.222906239330769e-02, 2.114968374371529e-02, 2.114968374371529e-02, 2.114968374371529e-02, 2.014829590916634e-02, 2.014829590916634e-02, 2.014829590916634e-02, 1.825953647494316e-02, 1.825953647494316e-02, 1.825953647494316e-02, 1.825953647494316e-02, 1.899734884500504e-02, 1.899734884500504e-02, 1.899734884500504e-02, 2.43927389383316e-02, 2.43927389383316e-02, 2.43927389383316e-02, 2.768123708665371e-02, 2.768123708665371e-02, 2.768123708665371e-02, 2.768123708665371e-02, 2.237914875149727e-02, 2.237914875149727e-02, 2.237914875149727e-02, 1.359656546264887e-02, 1.359656546264887e-02, 1.359656546264887e-02, 1.796212047338486e-02, 1.796212047338486e-02, 1.796212047338486e-02, 1.796212047338486e-02, 1.62776242941618e-02, 1.62776242941618e-02, 1.62776242941618e-02, 1.688783057034016e-02, 1.688783057034016e-02, 1.688783057034016e-02, 1.66833009570837e-02, 1.66833009570837e-02, 1.66833009570837e-02, 1.66833009570837e-02, 1.617514900863171e-02, 1.617514900863171e-02, 1.617514900863171e-02, 1.604278571903706e-02, 1.604278571903706e-02, 1.604278571903706e-02, 1.640725322067738e-02, 1.640725322067738e-02, 1.640725322067738e-02, 1.640725322067738e-02, 1.616085693240166e-02, 1.616085693240166e-02, 1.616085693240166e-02, 1.616176217794418e-02, 1.616176217794418e-02, 1.616176217794418e-02, 1.582690514624119e-02, 1.582690514624119e-02, 1.582690514624119e-02, 1.582690514624119e-02, 1.539083104580641e-02, 1.539083104580641e-02, 1.539083104580641e-02, 1.479922700673342e-02, 1.479922700673342e-02, 1.479922700673342e-02, 1.370986178517342e-02, 1.370986178517342e-02, 1.370986178517342e-02, 1.370986178517342e-02]
roo.air.conExt[1].Q_flow=[2.051507186889648e+01, 2.051507186889648e+01, 2.051507186889648e+01, 2.051507186889648e+01, 1.940927886962891e+01, 1.940927886962891e+01, 1.940927886962891e+01, 1.824555778503418e+01, 1.824555778503418e+01, 1.824555778503418e+01, 1.824555778503418e+01, 1.663802528381348e+01, 1.663802528381348e+01, 1.663802528381348e+01, 1.513685607910156e+01, 1.513685607910156e+01, 1.513685607910156e+01, 1.375437450408936e+01, 1.375437450408936e+01, 1.375437450408936e+01, 1.375437450408936e+01, 1.250586223602295e+01, 1.250586223602295e+01, 1.250586223602295e+01, 1.137352275848389e+01, 1.137352275848389e+01, 1.137352275848389e+01, 1.034237194061279e+01, 1.034237194061279e+01, 1.034237194061279e+01, 1.034237194061279e+01, 9.401991844177246e+00, 9.401991844177246e+00, 9.401991844177246e+00, 8.542790412902832e+00, 8.542790412902832e+00, 8.542790412902832e+00, 7.748184680938721e+00, 7.748184680938721e+00, 7.748184680938721e+00, 7.748184680938721e+00, 7.032144069671631e+00, 7.032144069671631e+00, 7.032144069671631e+00, 6.388364315032959e+00, 6.388364315032959e+00, 6.388364315032959e+00, 5.803936958312988e+00, 5.803936958312988e+00, 5.803936958312988e+00, 5.803936958312988e+00, 5.268925189971924e+00, 5.268925189971924e+00, 5.268925189971924e+00, 4.788201808929443e+00, 4.788201808929443e+00, 4.788201808929443e+00, 4.346288681030273e+00, 4.346288681030273e+00, 4.346288681030273e+00, 4.346288681030273e+00, 3.94746208190918e+00, 3.94746208190918e+00, 3.94746208190918e+00, 3.585599660873413e+00, 3.585599660873413e+00, 3.585599660873413e+00, 3.256777763366699e+00, 3.256777763366699e+00, 3.256777763366699e+00, 3.256777763366699e+00, 2.957053422927856e+00, 2.957053422927856e+00, 2.957053422927856e+00, 2.68402624130249e+00, 2.68402624130249e+00, 2.68402624130249e+00, 2.437856674194336e+00, 2.437856674194336e+00, 2.437856674194336e+00, 2.437856674194336e+00, 2.215219974517822e+00, 2.215219974517822e+00, 2.215219974517822e+00, 2.011409997940063e+00, 2.011409997940063e+00, 2.011409997940063e+00, 1.826055765151978e+00, 1.826055765151978e+00, 1.826055765151978e+00, 1.826055765151978e+00, 1.657712459564209e+00, 1.657712459564209e+00, 1.657712459564209e+00, 1.504590272903442e+00, 1.504590272903442e+00, 1.504590272903442e+00, 1.365209579467773e+00, 1.365209579467773e+00, 1.365209579467773e+00, 1.365209579467773e+00]
roo.air.conExt[2].Q_flow=[2.051507186889648e+01, 2.051507186889648e+01, 2.051507186889648e+01, 2.051507186889648e+01, 1.940927696228027e+01, 1.940927696228027e+01, 1.940927696228027e+01, 1.824554634094238e+01, 1.824554634094238e+01, 1.824554634094238e+01, 1.824554634094238e+01, 1.663802337646484e+01, 1.663802337646484e+01, 1.663802337646484e+01, 1.513685703277588e+01, 1.513685703277588e+01, 1.513685703277588e+01, 1.375436782836914e+01, 1.375436782836914e+01, 1.375436782836914e+01, 1.375436782836914e+01, 1.250586223602295e+01, 1.250586223602295e+01, 1.250586223602295e+01, 1.137352180480957e+01, 1.137352180480957e+01, 1.137352180480957e+01, 1.034237289428711e+01, 1.034237289428711e+01, 1.034237289428711e+01, 1.034237289428711e+01, 9.401995658874512e+00, 9.401995658874512e+00, 9.401995658874512e+00, 8.542793273925781e+00, 8.542793273925781e+00, 8.542793273925781e+00, 7.748193264007568e+00, 7.748193264007568e+00, 7.748193264007568e+00, 7.748193264007568e+00, 7.032153129577637e+00, 7.032153129577637e+00, 7.032153129577637e+00, 6.388362407684326e+00, 6.388362407684326e+00, 6.388362407684326e+00, 5.803910255432129e+00, 5.803910255432129e+00, 5.803910255432129e+00, 5.803910255432129e+00, 5.268950939178467e+00, 5.268950939178467e+00, 5.268950939178467e+00, 4.788201332092285e+00, 4.788201332092285e+00, 4.788201332092285e+00, 4.34625244140625e+00, 4.34625244140625e+00, 4.34625244140625e+00, 4.34625244140625e+00, 3.947471618652344e+00, 3.947471618652344e+00, 3.947471618652344e+00, 3.585609912872314e+00, 3.585609912872314e+00, 3.585609912872314e+00, 3.25678014755249e+00, 3.25678014755249e+00, 3.25678014755249e+00, 3.25678014755249e+00, 2.957060098648071e+00, 2.957060098648071e+00, 2.957060098648071e+00, 2.68404221534729e+00, 2.68404221534729e+00, 2.68404221534729e+00, 2.437888860702515e+00, 2.437888860702515e+00, 2.437888860702515e+00, 2.437888860702515e+00, 2.215068817138672e+00, 2.215068817138672e+00, 2.215068817138672e+00, 2.011763095855713e+00, 2.011763095855713e+00, 2.011763095855713e+00, 1.826384902000427e+00, 1.826384902000427e+00, 1.826384902000427e+00, 1.826384902000427e+00, 1.657816410064697e+00, 1.657816410064697e+00, 1.657816410064697e+00, 1.504682898521423e+00, 1.504682898521423e+00, 1.504682898521423e+00, 1.365242719650269e+00, 1.365242719650269e+00, 1.365242719650269e+00, 1.365242719650269e+00]
roo.air.conExt[3].Q_flow=[2.051507186889648e+01, 2.051507186889648e+01, 2.051507186889648e+01, 2.051507186889648e+01, 1.940927696228027e+01, 1.940927696228027e+01, 1.940927696228027e+01, 1.824554634094238e+01, 1.824554634094238e+01, 1.824554634094238e+01, 1.824554634094238e+01, 1.663802337646484e+01, 1.663802337646484e+01, 1.663802337646484e+01, 1.513685703277588e+01, 1.513685703277588e+01, 1.513685703277588e+01, 1.375436782836914e+01, 1.375436782836914e+01, 1.375436782836914e+01, 1.375436782836914e+01, 1.250586223602295e+01, 1.250586223602295e+01, 1.250586223602295e+01, 1.137352180480957e+01, 1.137352180480957e+01, 1.137352180480957e+01, 1.034237289428711e+01, 1.034237289428711e+01, 1.034237289428711e+01, 1.034237289428711e+01, 9.401995658874512e+00, 9.401995658874512e+00, 9.401995658874512e+00, 8.542793273925781e+00, 8.542793273925781e+00, 8.542793273925781e+00, 7.74819278717041e+00, 7.74819278717041e+00, 7.74819278717041e+00, 7.74819278717041e+00, 7.032152652740479e+00, 7.032152652740479e+00, 7.032152652740479e+00, 6.388362884521484e+00, 6.388362884521484e+00, 6.388362884521484e+00, 5.803912162780762e+00, 5.803912162780762e+00, 5.803912162780762e+00, 5.803912162780762e+00, 5.268948554992676e+00, 5.268948554992676e+00, 5.268948554992676e+00, 4.788201332092285e+00, 4.788201332092285e+00, 4.788201332092285e+00, 4.346255302429199e+00, 4.346255302429199e+00, 4.346255302429199e+00, 4.346255302429199e+00, 3.947470664978027e+00, 3.947470664978027e+00, 3.947470664978027e+00, 3.585608959197998e+00, 3.585608959197998e+00, 3.585608959197998e+00, 3.256779909133911e+00, 3.256779909133911e+00, 3.256779909133911e+00, 3.256779909133911e+00, 2.957059621810913e+00, 2.957059621810913e+00, 2.957059621810913e+00, 2.684041023254395e+00, 2.684041023254395e+00, 2.684041023254395e+00, 2.437887191772461e+00, 2.437887191772461e+00, 2.437887191772461e+00, 2.437887191772461e+00, 2.21508002281189e+00, 2.21508002281189e+00, 2.21508002281189e+00, 2.011764049530029e+00, 2.011764049530029e+00, 2.011764049530029e+00, 1.826356649398804e+00, 1.826356649398804e+00, 1.826356649398804e+00, 1.826356649398804e+00, 1.657829642295837e+00, 1.657829642295837e+00, 1.657829642295837e+00, 1.504682898521423e+00, 1.504682898521423e+00, 1.504682898521423e+00, 1.365236043930054e+00, 1.365236043930054e+00, 1.365236043930054e+00, 1.365236043930054e+00]
roo.air.conExt[4].Q_flow=[2.051507186889648e+01, 2.051507186889648e+01, 2.051507186889648e+01, 2.051507186889648e+01, 1.940927886962891e+01, 1.940927886962891e+01, 1.940927886962891e+01, 1.824555778503418e+01, 1.824555778503418e+01, 1.824555778503418e+01, 1.824555778503418e+01, 1.663802528381348e+01, 1.663802528381348e+01, 1.663802528381348e+01, 1.513685607910156e+01, 1.513685607910156e+01, 1.513685607910156e+01, 1.375437450408936e+01, 1.375437450408936e+01, 1.375437450408936e+01, 1.375437450408936e+01, 1.250586223602295e+01, 1.250586223602295e+01, 1.250586223602295e+01, 1.137352275848389e+01, 1.137352275848389e+01, 1.137352275848389e+01, 1.034237194061279e+01, 1.034237194061279e+01, 1.034237194061279e+01, 1.034237194061279e+01, 9.401991844177246e+00, 9.401991844177246e+00, 9.401991844177246e+00, 8.542790412902832e+00, 8.542790412902832e+00, 8.542790412902832e+00, 7.748185634613037e+00, 7.748185634613037e+00, 7.748185634613037e+00, 7.748185634613037e+00, 7.032145023345947e+00, 7.032145023345947e+00, 7.032145023345947e+00, 6.388364315032959e+00, 6.388364315032959e+00, 6.388364315032959e+00, 5.803934574127197e+00, 5.803934574127197e+00, 5.803934574127197e+00, 5.803934574127197e+00, 5.268927574157715e+00, 5.268927574157715e+00, 5.268927574157715e+00, 4.788201808929443e+00, 4.788201808929443e+00, 4.788201808929443e+00, 4.346285343170166e+00, 4.346285343170166e+00, 4.346285343170166e+00, 4.346285343170166e+00, 3.947462797164917e+00, 3.947462797164917e+00, 3.947462797164917e+00, 3.585600614547729e+00, 3.585600614547729e+00, 3.585600614547729e+00, 3.256777763366699e+00, 3.256777763366699e+00, 3.256777763366699e+00, 3.256777763366699e+00, 2.957053899765015e+00, 2.957053899765015e+00, 2.957053899765015e+00, 2.684027910232544e+00, 2.684027910232544e+00, 2.684027910232544e+00, 2.437859535217285e+00, 2.437859535217285e+00, 2.437859535217285e+00, 2.437859535217285e+00, 2.215204477310181e+00, 2.215204477310181e+00, 2.215204477310181e+00, 2.011435747146606e+00, 2.011435747146606e+00, 2.011435747146606e+00, 1.826102375984192e+00, 1.826102375984192e+00, 1.826102375984192e+00, 1.826102375984192e+00, 1.657719135284424e+00, 1.657719135284424e+00, 1.657719135284424e+00, 1.504591941833496e+00, 1.504591941833496e+00, 1.504591941833496e+00, 1.36521852016449e+00, 1.36521852016449e+00, 1.36521852016449e+00, 1.36521852016449e+00]
roo.air.conExt[5].Q_flow=[2.010595893859863e+01, 2.010595893859863e+01, 2.010595893859863e+01, 2.010595893859863e+01, 1.858795166015625e+01, 1.858795166015625e+01, 1.858795166015625e+01, 1.699403953552246e+01, 1.699403953552246e+01, 1.699403953552246e+01, 1.699403953552246e+01, 1.517822647094727e+01, 1.517822647094727e+01, 1.517822647094727e+01, 1.347622871398926e+01, 1.347622871398926e+01, 1.347622871398926e+01, 1.200454711914062e+01, 1.200454711914062e+01, 1.200454711914062e+01, 1.200454711914062e+01, 1.078065204620361e+01, 1.078065204620361e+01, 1.078065204620361e+01, 9.703914642333984e+00, 9.703914642333984e+00, 9.703914642333984e+00, 8.735025405883789e+00, 8.735025405883789e+00, 8.735025405883789e+00, 8.735025405883789e+00, 7.853940010070801e+00, 7.853940010070801e+00, 7.853940010070801e+00, 7.042358875274658e+00, 7.042358875274658e+00, 7.042358875274658e+00, 6.25724983215332e+00, 6.25724983215332e+00, 6.25724983215332e+00, 6.25724983215332e+00, 5.605578899383545e+00, 5.605578899383545e+00, 5.605578899383545e+00, 5.056000232696533e+00, 5.056000232696533e+00, 5.056000232696533e+00, 4.550703048706055e+00, 4.550703048706055e+00, 4.550703048706055e+00, 4.550703048706055e+00, 4.079056262969971e+00, 4.079056262969971e+00, 4.079056262969971e+00, 3.666372776031494e+00, 3.666372776031494e+00, 3.666372776031494e+00, 3.283209562301636e+00, 3.283209562301636e+00, 3.283209562301636e+00, 3.283209562301636e+00, 2.941879987716675e+00, 2.941879987716675e+00, 2.941879987716675e+00, 2.638133764266968e+00, 2.638133764266968e+00, 2.638133764266968e+00, 2.362062931060791e+00, 2.362062931060791e+00, 2.362062931060791e+00, 2.362062931060791e+00, 2.108999729156494e+00, 2.108999729156494e+00, 2.108999729156494e+00, 1.883387684822083e+00, 1.883387684822083e+00, 1.883387684822083e+00, 1.689159274101257e+00, 1.689159274101257e+00, 1.689159274101257e+00, 1.689159274101257e+00, 1.511754274368286e+00, 1.511754274368286e+00, 1.511754274368286e+00, 1.346856236457825e+00, 1.346856236457825e+00, 1.346856236457825e+00, 1.196204662322998e+00, 1.196204662322998e+00, 1.196204662322998e+00, 1.196204662322998e+00, 1.058200597763062e+00, 1.058200597763062e+00, 1.058200597763062e+00, 9.305101037025452e-01, 9.305101037025452e-01, 9.305101037025452e-01, 8.131072521209717e-01, 8.131072521209717e-01, 8.131072521209717e-01, 8.131072521209717e-01]
roo.air.conExt[6].Q_flow=[2.092170333862305e+01, 2.092170333862305e+01, 2.092170333862305e+01, 2.092170333862305e+01, 2.00883674621582e+01, 2.00883674621582e+01, 2.00883674621582e+01, 1.914189529418945e+01, 1.914189529418945e+01, 1.914189529418945e+01, 1.914189529418945e+01, 1.757024955749512e+01, 1.757024955749512e+01, 1.757024955749512e+01, 1.609385299682617e+01, 1.609385299682617e+01, 1.609385299682617e+01, 1.470691585540771e+01, 1.470691585540771e+01, 1.470691585540771e+01, 1.470691585540771e+01, 1.344169235229492e+01, 1.344169235229492e+01, 1.344169235229492e+01, 1.228385257720947e+01, 1.228385257720947e+01, 1.228385257720947e+01, 1.122593879699707e+01, 1.122593879699707e+01, 1.122593879699707e+01, 1.122593879699707e+01, 1.026018714904785e+01, 1.026018714904785e+01, 1.026018714904785e+01, 9.37868595123291e+00, 9.37868595123291e+00, 9.37868595123291e+00, 8.573673248291016e+00, 8.573673248291016e+00, 8.573673248291016e+00, 8.573673248291016e+00, 7.837943077087402e+00, 7.837943077087402e+00, 7.837943077087402e+00, 7.164470195770264e+00, 7.164470195770264e+00, 7.164470195770264e+00, 6.547567367553711e+00, 6.547567367553711e+00, 6.547567367553711e+00, 6.547567367553711e+00, 5.990340709686279e+00, 5.990340709686279e+00, 5.990340709686279e+00, 5.48473072052002e+00, 5.48473072052002e+00, 5.48473072052002e+00, 5.023309707641602e+00, 5.023309707641602e+00, 5.023309707641602e+00, 5.023309707641602e+00, 4.60206937789917e+00, 4.60206937789917e+00, 4.60206937789917e+00, 4.221275329589844e+00, 4.221275329589844e+00, 4.221275329589844e+00, 3.87395453453064e+00, 3.87395453453064e+00, 3.87395453453064e+00, 3.87395453453064e+00, 3.558399438858032e+00, 3.558399438858032e+00, 3.558399438858032e+00, 3.270864963531494e+00, 3.270864963531494e+00, 3.270864963531494e+00, 3.008674144744873e+00, 3.008674144744873e+00, 3.008674144744873e+00, 3.008674144744873e+00, 2.76976490020752e+00, 2.76976490020752e+00, 2.76976490020752e+00, 2.553057193756104e+00, 2.553057193756104e+00, 2.553057193756104e+00, 2.356001615524292e+00, 2.356001615524292e+00, 2.356001615524292e+00, 2.356001615524292e+00, 2.176814079284668e+00, 2.176814079284668e+00, 2.176814079284668e+00, 2.013730764389038e+00, 2.013730764389038e+00, 2.013730764389038e+00, 1.865672945976257e+00, 1.865672945976257e+00, 1.865672945976257e+00, 1.865672945976257e+00]
roo.air.conExt[1].T=[2.586760864257812e+02, 2.5867529296875e+02, 2.586744995117188e+02, 2.586737365722656e+02, 2.587344360351562e+02, 2.58733642578125e+02, 2.587328491210938e+02, 2.587969970703125e+02, 2.587962341308594e+02, 2.587954711914062e+02, 2.58794677734375e+02, 2.588835144042969e+02, 2.588827514648438e+02, 2.588819885253906e+02, 2.589650573730469e+02, 2.589642944335938e+02, 2.589635620117188e+02, 2.590400085449219e+02, 2.590392456054688e+02, 2.590384826660156e+02, 2.590377502441406e+02, 2.591066589355469e+02, 2.591058959960938e+02, 2.591051635742188e+02, 2.591676330566406e+02, 2.591669006347656e+02, 2.591661682128906e+02, 2.592230529785156e+02, 2.592223205566406e+02, 2.592215881347656e+02, 2.592208557128906e+02, 2.592727355957031e+02, 2.592720336914062e+02, 2.592713012695312e+02, 2.593187255859375e+02, 2.593180236816406e+02, 2.593172912597656e+02, 2.593612060546875e+02, 2.593605041503906e+02, 2.593598022460938e+02, 2.593591003417969e+02, 2.593985595703125e+02, 2.593978576660156e+02, 2.593971557617188e+02, 2.594325561523438e+02, 2.594318542480469e+02, 2.594311828613281e+02, 2.594632873535156e+02, 2.594626159667969e+02, 2.594619445800781e+02, 2.594612731933594e+02, 2.594906616210938e+02, 2.59489990234375e+02, 2.594893188476562e+02, 2.595156555175781e+02, 2.595150146484375e+02, 2.595143432617188e+02, 2.595385437011719e+02, 2.595379028320312e+02, 2.595372314453125e+02, 2.595365905761719e+02, 2.595583801269531e+02, 2.595577392578125e+02, 2.595570983886719e+02, 2.595768432617188e+02, 2.595762023925781e+02, 2.595755615234375e+02, 2.595934448242188e+02, 2.595928344726562e+02, 2.595921936035156e+02, 2.595915832519531e+02, 2.596078491210938e+02, 2.596072387695312e+02, 2.596066284179688e+02, 2.596213989257812e+02, 2.596207885742188e+02, 2.596201782226562e+02, 2.596334533691406e+02, 2.596328430175781e+02, 2.596322631835938e+02, 2.596316833496094e+02, 2.596436157226562e+02, 2.596430358886719e+02, 2.596424560546875e+02, 2.596533813476562e+02, 2.596528015136719e+02, 2.596522216796875e+02, 2.59662109375e+02, 2.596615600585938e+02, 2.596609802246094e+02, 2.596604309082031e+02, 2.596693725585938e+02, 2.596688232421875e+02, 2.596682739257812e+02, 2.596763916015625e+02, 2.596758422851562e+02, 2.5967529296875e+02, 2.596826477050781e+02, 2.596820983886719e+02, 2.596815795898438e+02, 2.596810607910156e+02]
roo.air.conExt[2].T=[2.586760864257812e+02, 2.5867529296875e+02, 2.586744995117188e+02, 2.586737365722656e+02, 2.587344360351562e+02, 2.58733642578125e+02, 2.587328796386719e+02, 2.587969970703125e+02, 2.587962341308594e+02, 2.587954711914062e+02, 2.58794677734375e+02, 2.588835144042969e+02, 2.588827514648438e+02, 2.588819885253906e+02, 2.589650573730469e+02, 2.589642944335938e+02, 2.589635620117188e+02, 2.590400085449219e+02, 2.590392456054688e+02, 2.590384826660156e+02, 2.590377502441406e+02, 2.591066589355469e+02, 2.591058959960938e+02, 2.591051635742188e+02, 2.591676330566406e+02, 2.591669006347656e+02, 2.591661682128906e+02, 2.592230529785156e+02, 2.592223205566406e+02, 2.592215881347656e+02, 2.592208557128906e+02, 2.592727355957031e+02, 2.592720336914062e+02, 2.592713012695312e+02, 2.593187255859375e+02, 2.593180236816406e+02, 2.593172912597656e+02, 2.593612060546875e+02, 2.593605041503906e+02, 2.593598022460938e+02, 2.593591003417969e+02, 2.593985595703125e+02, 2.593978576660156e+02, 2.593971557617188e+02, 2.594325561523438e+02, 2.594318542480469e+02, 2.594311828613281e+02, 2.594632873535156e+02, 2.594626159667969e+02, 2.594619445800781e+02, 2.594612731933594e+02, 2.594906616210938e+02, 2.59489990234375e+02, 2.594893188476562e+02, 2.595156555175781e+02, 2.595150146484375e+02, 2.595143432617188e+02, 2.595385437011719e+02, 2.595379028320312e+02, 2.595372314453125e+02, 2.595365905761719e+02, 2.595583801269531e+02, 2.595577392578125e+02, 2.595570983886719e+02, 2.595768432617188e+02, 2.595762023925781e+02, 2.595755615234375e+02, 2.595934448242188e+02, 2.595928344726562e+02, 2.595921936035156e+02, 2.595915832519531e+02, 2.596078491210938e+02, 2.596072387695312e+02, 2.596066284179688e+02, 2.596213989257812e+02, 2.596207885742188e+02, 2.596201782226562e+02, 2.596334533691406e+02, 2.596328430175781e+02, 2.596322631835938e+02, 2.596316528320312e+02, 2.596436462402344e+02, 2.5964306640625e+02, 2.596424560546875e+02, 2.596533508300781e+02, 2.596527709960938e+02, 2.596522216796875e+02, 2.59662109375e+02, 2.596615295410156e+02, 2.596609802246094e+02, 2.596604309082031e+02, 2.596693725585938e+02, 2.596688232421875e+02, 2.596682739257812e+02, 2.596763916015625e+02, 2.596758422851562e+02, 2.5967529296875e+02, 2.596826477050781e+02, 2.596820983886719e+02, 2.596815795898438e+02, 2.596810607910156e+02]
roo.air.conExt[3].T=[2.586760864257812e+02, 2.5867529296875e+02, 2.586744995117188e+02, 2.586737365722656e+02, 2.587344360351562e+02, 2.58733642578125e+02, 2.587328796386719e+02, 2.587969970703125e+02, 2.587962341308594e+02, 2.587954711914062e+02, 2.58794677734375e+02, 2.588835144042969e+02, 2.588827514648438e+02, 2.588819885253906e+02, 2.589650573730469e+02, 2.589642944335938e+02, 2.589635620117188e+02, 2.590400085449219e+02, 2.590392456054688e+02, 2.590384826660156e+02, 2.590377502441406e+02, 2.591066589355469e+02, 2.591058959960938e+02, 2.591051635742188e+02, 2.591676330566406e+02, 2.591669006347656e+02, 2.591661682128906e+02, 2.592230529785156e+02, 2.592223205566406e+02, 2.592215881347656e+02, 2.592208557128906e+02, 2.592727355957031e+02, 2.592720336914062e+02, 2.592713012695312e+02, 2.593187255859375e+02, 2.593180236816406e+02, 2.593172912597656e+02, 2.593612060546875e+02, 2.593605041503906e+02, 2.593598022460938e+02, 2.593591003417969e+02, 2.593985595703125e+02, 2.593978576660156e+02, 2.593971557617188e+02, 2.594325561523438e+02, 2.594318542480469e+02, 2.594311828613281e+02, 2.594632873535156e+02, 2.594626159667969e+02, 2.594619445800781e+02, 2.594612731933594e+02, 2.594906616210938e+02, 2.59489990234375e+02, 2.594893188476562e+02, 2.595156555175781e+02, 2.595150146484375e+02, 2.595143432617188e+02, 2.595385437011719e+02, 2.595379028320312e+02, 2.595372314453125e+02, 2.595365905761719e+02, 2.595583801269531e+02, 2.595577392578125e+02, 2.595570983886719e+02, 2.595768432617188e+02, 2.595762023925781e+02, 2.595755615234375e+02, 2.595934448242188e+02, 2.595928344726562e+02, 2.595921936035156e+02, 2.595915832519531e+02, 2.596078491210938e+02, 2.596072387695312e+02, 2.596066284179688e+02, 2.596213989257812e+02, 2.596207885742188e+02, 2.596201782226562e+02, 2.596334533691406e+02, 2.596328430175781e+02, 2.596322631835938e+02, 2.596316528320312e+02, 2.596436462402344e+02, 2.5964306640625e+02, 2.596424560546875e+02, 2.596533508300781e+02, 2.596527709960938e+02, 2.596522216796875e+02, 2.59662109375e+02, 2.596615295410156e+02, 2.596609802246094e+02, 2.596604309082031e+02, 2.596693725585938e+02, 2.596688232421875e+02, 2.596682739257812e+02, 2.596763916015625e+02, 2.596758422851562e+02, 2.5967529296875e+02, 2.596826477050781e+02, 2.596820983886719e+02, 2.596815795898438e+02, 2.596810607910156e+02]
roo.air.conExt[4].T=[2.586760864257812e+02, 2.5867529296875e+02, 2.586744995117188e+02, 2.586737365722656e+02, 2.587344360351562e+02, 2.58733642578125e+02, 2.587328491210938e+02, 2.587969970703125e+02, 2.587962341308594e+02, 2.587954711914062e+02, 2.58794677734375e+02, 2.588835144042969e+02, 2.588827514648438e+02, 2.588819885253906e+02, 2.589650573730469e+02, 2.589642944335938e+02, 2.589635620117188e+02, 2.590400085449219e+02, 2.590392456054688e+02, 2.590384826660156e+02, 2.590377502441406e+02, 2.591066589355469e+02, 2.591058959960938e+02, 2.591051635742188e+02, 2.591676330566406e+02, 2.591669006347656e+02, 2.591661682128906e+02, 2.592230529785156e+02, 2.592223205566406e+02, 2.592215881347656e+02, 2.592208557128906e+02, 2.592727355957031e+02, 2.592720336914062e+02, 2.592713012695312e+02, 2.593187255859375e+02, 2.593180236816406e+02, 2.593172912597656e+02, 2.593612060546875e+02, 2.593605041503906e+02, 2.593598022460938e+02, 2.593591003417969e+02, 2.593985595703125e+02, 2.593978576660156e+02, 2.593971557617188e+02, 2.594325561523438e+02, 2.594318542480469e+02, 2.594311828613281e+02, 2.594632873535156e+02, 2.594626159667969e+02, 2.594619445800781e+02, 2.594612731933594e+02, 2.594906616210938e+02, 2.59489990234375e+02, 2.594893188476562e+02, 2.595156555175781e+02, 2.595150146484375e+02, 2.595143432617188e+02, 2.595385437011719e+02, 2.595379028320312e+02, 2.595372314453125e+02, 2.595365905761719e+02, 2.595583801269531e+02, 2.595577392578125e+02, 2.595570983886719e+02, 2.595768432617188e+02, 2.595762023925781e+02, 2.595755615234375e+02, 2.595934448242188e+02, 2.595928344726562e+02, 2.595921936035156e+02, 2.595915832519531e+02, 2.596078491210938e+02, 2.596072387695312e+02, 2.596066284179688e+02, 2.596213989257812e+02, 2.596207885742188e+02, 2.596201782226562e+02, 2.596334533691406e+02, 2.596328430175781e+02, 2.596322631835938e+02, 2.596316833496094e+02, 2.596436157226562e+02, 2.596430358886719e+02, 2.596424560546875e+02, 2.596533813476562e+02, 2.596528015136719e+02, 2.596522216796875e+02, 2.59662109375e+02, 2.596615600585938e+02, 2.596609802246094e+02, 2.596604309082031e+02, 2.596693725585938e+02, 2.596688232421875e+02, 2.596682739257812e+02, 2.596763916015625e+02, 2.596758422851562e+02, 2.5967529296875e+02, 2.596826477050781e+02, 2.596820983886719e+02, 2.596815795898438e+02, 2.596810607910156e+02]
roo.air.conExt[5].T=[2.595588989257812e+02, 2.595582580566406e+02, 2.595575866699219e+02, 2.595569152832031e+02, 2.596348571777344e+02, 2.596341857910156e+02, 2.59633544921875e+02, 2.597157287597656e+02, 2.59715087890625e+02, 2.597144470214844e+02, 2.597137756347656e+02, 2.598111267089844e+02, 2.598104858398438e+02, 2.598098449707031e+02, 2.599012756347656e+02, 2.59900634765625e+02, 2.598999938964844e+02, 2.599801025390625e+02, 2.599794921875e+02, 2.599788513183594e+02, 2.599782104492188e+02, 2.600459594726562e+02, 2.600453491210938e+02, 2.600447082519531e+02, 2.601047668457031e+02, 2.601041564941406e+02, 2.60103515625e+02, 2.601577758789062e+02, 2.601571350097656e+02, 2.601565246582031e+02, 2.601559143066406e+02, 2.60205322265625e+02, 2.602047119140625e+02, 2.602041015625e+02, 2.602496032714844e+02, 2.602489929199219e+02, 2.602483825683594e+02, 2.602920532226562e+02, 2.602914428710938e+02, 2.602908325195312e+02, 2.602902526855469e+02, 2.603270874023438e+02, 2.603264770507812e+02, 2.603258972167969e+02, 2.603573913574219e+02, 2.603567810058594e+02, 2.60356201171875e+02, 2.603851013183594e+02, 2.603844909667969e+02, 2.603839111328125e+02, 2.603833312988281e+02, 2.604101867675781e+02, 2.604096069335938e+02, 2.604090270996094e+02, 2.604326171875e+02, 2.604320678710938e+02, 2.604314880371094e+02, 2.604533386230469e+02, 2.604527587890625e+02, 2.604522094726562e+02, 2.6045166015625e+02, 2.604711608886719e+02, 2.604705810546875e+02, 2.604700317382812e+02, 2.604874267578125e+02, 2.604868774414062e+02, 2.60486328125e+02, 2.605021057128906e+02, 2.605015869140625e+02, 2.605010375976562e+02, 2.6050048828125e+02, 2.605149230957031e+02, 2.605143737792969e+02, 2.605138549804688e+02, 2.605267333984375e+02, 2.605262145996094e+02, 2.605256958007812e+02, 2.60536865234375e+02, 2.605363464355469e+02, 2.605358276367188e+02, 2.605353088378906e+02, 2.605454406738281e+02, 2.605449523925781e+02, 2.6054443359375e+02, 2.605538024902344e+02, 2.605533142089844e+02, 2.605527954101562e+02, 2.605613403320312e+02, 2.605608215332031e+02, 2.605603332519531e+02, 2.605598449707031e+02, 2.60567626953125e+02, 2.60567138671875e+02, 2.60566650390625e+02, 2.605737915039062e+02, 2.605733032226562e+02, 2.605728454589844e+02, 2.60579345703125e+02, 2.605788879394531e+02, 2.605784301757812e+02, 2.605779418945312e+02]
roo.air.conExt[6].T=[2.57751953125e+02, 2.577510375976562e+02, 2.577501220703125e+02, 2.577492065429688e+02, 2.578003540039062e+02, 2.577994384765625e+02, 2.577985534667969e+02, 2.578557434082031e+02, 2.578548278808594e+02, 2.578539428710938e+02, 2.578530578613281e+02, 2.579441528320312e+02, 2.579432678222656e+02, 2.579423828125e+02, 2.580279235839844e+02, 2.580270385742188e+02, 2.580261840820312e+02, 2.581060485839844e+02, 2.581051940917969e+02, 2.581043395996094e+02, 2.581034851074219e+02, 2.581759948730469e+02, 2.581751403808594e+02, 2.581742858886719e+02, 2.582404479980469e+02, 2.582395935058594e+02, 2.5823876953125e+02, 2.582991333007812e+02, 2.582983093261719e+02, 2.582974853515625e+02, 2.582966613769531e+02, 2.583517456054688e+02, 2.583509216308594e+02, 2.5835009765625e+02, 2.58400390625e+02, 2.583995666503906e+02, 2.583987426757812e+02, 2.5844482421875e+02, 2.584440002441406e+02, 2.584432067871094e+02, 2.584424133300781e+02, 2.584842529296875e+02, 2.584834594726562e+02, 2.58482666015625e+02, 2.585207214355469e+02, 2.585199584960938e+02, 2.585191650390625e+02, 2.58553955078125e+02, 2.585531921386719e+02, 2.585524291992188e+02, 2.585516357421875e+02, 2.585831298828125e+02, 2.585823669433594e+02, 2.585816040039062e+02, 2.586100158691406e+02, 2.586092834472656e+02, 2.586085205078125e+02, 2.586344909667969e+02, 2.586337280273438e+02, 2.586329956054688e+02, 2.586322631835938e+02, 2.586558532714844e+02, 2.586551208496094e+02, 2.586543884277344e+02, 2.586756591796875e+02, 2.586749572753906e+02, 2.586742553710938e+02, 2.586935729980469e+02, 2.5869287109375e+02, 2.586921691894531e+02, 2.586914672851562e+02, 2.587090148925781e+02, 2.587083129882812e+02, 2.587076416015625e+02, 2.587235717773438e+02, 2.587228698730469e+02, 2.587221984863281e+02, 2.587366333007812e+02, 2.587359619140625e+02, 2.587352905273438e+02, 2.58734619140625e+02, 2.587477111816406e+02, 2.587470703125e+02, 2.587464294433594e+02, 2.587582702636719e+02, 2.587576293945312e+02, 2.587569885253906e+02, 2.587677001953125e+02, 2.5876708984375e+02, 2.587664489746094e+02, 2.587658386230469e+02, 2.587755432128906e+02, 2.587749328613281e+02, 2.587743225097656e+02, 2.587831115722656e+02, 2.587825317382812e+02, 2.587819213867188e+02, 2.587898864746094e+02, 2.587892761230469e+02, 2.587886962890625e+02, 2.587881164550781e+02]
=======
roo.yCFD[1]=[3.03138427734375e+02, 3.03138427734375e+02, 3.03138427734375e+02, 3.03138427734375e+02, 3.009651489257812e+02, 3.009651489257812e+02, 3.009651489257812e+02, 2.968463134765625e+02, 2.968463134765625e+02, 2.968463134765625e+02, 2.968463134765625e+02, 2.930988464355469e+02, 2.930988464355469e+02, 2.930988464355469e+02, 2.896646423339844e+02, 2.896646423339844e+02, 2.896646423339844e+02, 2.865847778320312e+02, 2.865847778320312e+02, 2.865847778320312e+02, 2.865847778320312e+02, 2.838438415527344e+02, 2.838438415527344e+02, 2.838438415527344e+02, 2.813915710449219e+02, 2.813915710449219e+02, 2.813915710449219e+02, 2.791869506835938e+02, 2.791869506835938e+02, 2.791869506835938e+02, 2.791869506835938e+02, 2.772034912109375e+02, 2.772034912109375e+02, 2.772034912109375e+02, 2.754187316894531e+02, 2.754187316894531e+02, 2.754187316894531e+02, 2.73812255859375e+02, 2.73812255859375e+02, 2.73812255859375e+02, 2.73812255859375e+02, 2.723658142089844e+02, 2.723658142089844e+02, 2.723658142089844e+02, 2.710630493164062e+02, 2.710630493164062e+02, 2.710630493164062e+02, 2.69889404296875e+02, 2.69889404296875e+02, 2.69889404296875e+02, 2.69889404296875e+02, 2.688318176269531e+02, 2.688318176269531e+02, 2.688318176269531e+02, 2.678795471191406e+02, 2.678795471191406e+02, 2.678795471191406e+02, 2.670280151367188e+02, 2.670280151367188e+02, 2.670280151367188e+02, 2.670280151367188e+02, 2.662675476074219e+02, 2.662675476074219e+02, 2.662675476074219e+02, 2.655822448730469e+02, 2.655822448730469e+02, 2.655822448730469e+02, 2.649639892578125e+02, 2.649639892578125e+02, 2.649639892578125e+02, 2.649639892578125e+02, 2.644074096679688e+02, 2.644074096679688e+02, 2.644074096679688e+02, 2.639081115722656e+02, 2.639081115722656e+02, 2.639081115722656e+02, 2.634595947265625e+02, 2.634595947265625e+02, 2.634595947265625e+02, 2.634595947265625e+02, 2.630556335449219e+02, 2.630556335449219e+02, 2.630556335449219e+02, 2.626924438476562e+02, 2.626924438476562e+02, 2.626924438476562e+02, 2.623667907714844e+02, 2.623667907714844e+02, 2.623667907714844e+02, 2.623667907714844e+02, 2.620747375488281e+02, 2.620747375488281e+02, 2.620747375488281e+02, 2.618120727539062e+02, 2.618120727539062e+02, 2.618120727539062e+02, 2.615748901367188e+02, 2.615748901367188e+02, 2.615748901367188e+02, 2.615748901367188e+02]
roo.yCFD[2]=[2.201213128864765e-02, 2.201213128864765e-02, 2.201213128864765e-02, 2.201213128864765e-02, 1.140332594513893e-02, 1.140332594513893e-02, 1.140332594513893e-02, 4.74233478307724e-02, 4.74233478307724e-02, 4.74233478307724e-02, 4.74233478307724e-02, 2.928055450320244e-02, 2.928055450320244e-02, 2.928055450320244e-02, 3.005901165306568e-02, 3.005901165306568e-02, 3.005901165306568e-02, 2.585010789334774e-02, 2.585010789334774e-02, 2.585010789334774e-02, 2.585010789334774e-02, 2.5198919698596e-02, 2.5198919698596e-02, 2.5198919698596e-02, 2.412457019090652e-02, 2.412457019090652e-02, 2.412457019090652e-02, 2.331751212477684e-02, 2.331751212477684e-02, 2.331751212477684e-02, 2.331751212477684e-02, 2.267804183065891e-02, 2.267804183065891e-02, 2.267804183065891e-02, 2.212566323578358e-02, 2.212566323578358e-02, 2.212566323578358e-02, 2.160443738102913e-02, 2.160443738102913e-02, 2.160443738102913e-02, 2.160443738102913e-02, 2.108423598110676e-02, 2.108423598110676e-02, 2.108423598110676e-02, 2.056397125124931e-02, 2.056397125124931e-02, 2.056397125124931e-02, 2.002671174705029e-02, 2.002671174705029e-02, 2.002671174705029e-02, 2.002671174705029e-02, 1.944448053836823e-02, 1.944448053836823e-02, 1.944448053836823e-02, 1.900471746921539e-02, 1.900471746921539e-02, 1.900471746921539e-02, 1.93738229572773e-02, 1.93738229572773e-02, 1.93738229572773e-02, 1.93738229572773e-02, 1.956706680357456e-02, 1.956706680357456e-02, 1.956706680357456e-02, 1.973846927285194e-02, 1.973846927285194e-02, 1.973846927285194e-02, 1.94478128105402e-02, 1.94478128105402e-02, 1.94478128105402e-02, 1.94478128105402e-02, 1.882373541593552e-02, 1.882373541593552e-02, 1.882373541593552e-02, 1.933499611914158e-02, 1.933499611914158e-02, 1.933499611914158e-02, 1.875841990113258e-02, 1.875841990113258e-02, 1.875841990113258e-02, 1.875841990113258e-02, 1.694386452436447e-02, 1.694386452436447e-02, 1.694386452436447e-02, 1.66183914989233e-02, 1.66183914989233e-02, 1.66183914989233e-02, 1.636201143264771e-02, 1.636201143264771e-02, 1.636201143264771e-02, 1.636201143264771e-02, 1.526547782123089e-02, 1.526547782123089e-02, 1.526547782123089e-02, 1.498045399785042e-02, 1.498045399785042e-02, 1.498045399785042e-02, 1.791892573237419e-02, 1.791892573237419e-02, 1.791892573237419e-02, 1.791892573237419e-02]
roo.air.conExt[1].Q_flow=[2.286110877990723e+01, 2.286110877990723e+01, 2.286110877990723e+01, 2.286110877990723e+01, 2.150876045227051e+01, 2.150876045227051e+01, 2.150876045227051e+01, 2.023061370849609e+01, 2.023061370849609e+01, 2.023061370849609e+01, 2.023061370849609e+01, 1.825286674499512e+01, 1.825286674499512e+01, 1.825286674499512e+01, 1.642911529541016e+01, 1.642911529541016e+01, 1.642911529541016e+01, 1.47551383972168e+01, 1.47551383972168e+01, 1.47551383972168e+01, 1.47551383972168e+01, 1.326060390472412e+01, 1.326060390472412e+01, 1.326060390472412e+01, 1.192093658447266e+01, 1.192093658447266e+01, 1.192093658447266e+01, 1.071670436859131e+01, 1.071670436859131e+01, 1.071670436859131e+01, 1.071670436859131e+01, 9.63335132598877e+00, 9.63335132598877e+00, 9.63335132598877e+00, 8.658708572387695e+00, 8.658708572387695e+00, 8.658708572387695e+00, 7.781552314758301e+00, 7.781552314758301e+00, 7.781552314758301e+00, 7.781552314758301e+00, 6.991824626922607e+00, 6.991824626922607e+00, 6.991824626922607e+00, 6.280828475952148e+00, 6.280828475952148e+00, 6.280828475952148e+00, 5.640482425689697e+00, 5.640482425689697e+00, 5.640482425689697e+00, 5.640482425689697e+00, 5.063515663146973e+00, 5.063515663146973e+00, 5.063515663146973e+00, 4.543856143951416e+00, 4.543856143951416e+00, 4.543856143951416e+00, 4.078475952148438e+00, 4.078475952148438e+00, 4.078475952148438e+00, 4.078475952148438e+00, 3.663308620452881e+00, 3.663308620452881e+00, 3.663308620452881e+00, 3.289551258087158e+00, 3.289551258087158e+00, 3.289551258087158e+00, 2.951928377151489e+00, 2.951928377151489e+00, 2.951928377151489e+00, 2.951928377151489e+00, 2.648269414901733e+00, 2.648269414901733e+00, 2.648269414901733e+00, 2.376340627670288e+00, 2.376340627670288e+00, 2.376340627670288e+00, 2.131823062896729e+00, 2.131823062896729e+00, 2.131823062896729e+00, 2.131823062896729e+00, 1.91165816783905e+00, 1.91165816783905e+00, 1.91165816783905e+00, 1.713688492774963e+00, 1.713688492774963e+00, 1.713688492774963e+00, 1.536830425262451e+00, 1.536830425262451e+00, 1.536830425262451e+00, 1.536830425262451e+00, 1.378277540206909e+00, 1.378277540206909e+00, 1.378277540206909e+00, 1.235397458076477e+00, 1.235397458076477e+00, 1.235397458076477e+00, 1.106776237487793e+00, 1.106776237487793e+00, 1.106776237487793e+00, 1.106776237487793e+00]
roo.air.conExt[2].Q_flow=[2.286110877990723e+01, 2.286110877990723e+01, 2.286110877990723e+01, 2.286110877990723e+01, 2.150876617431641e+01, 2.150876617431641e+01, 2.150876617431641e+01, 2.023062324523926e+01, 2.023062324523926e+01, 2.023062324523926e+01, 2.023062324523926e+01, 1.825287055969238e+01, 1.825287055969238e+01, 1.825287055969238e+01, 1.642911911010742e+01, 1.642911911010742e+01, 1.642911911010742e+01, 1.47552490234375e+01, 1.47552490234375e+01, 1.47552490234375e+01, 1.47552490234375e+01, 1.326059341430664e+01, 1.326059341430664e+01, 1.326059341430664e+01, 1.192094707489014e+01, 1.192094707489014e+01, 1.192094707489014e+01, 1.071669769287109e+01, 1.071669769287109e+01, 1.071669769287109e+01, 1.071669769287109e+01, 9.633315086364746e+00, 9.633315086364746e+00, 9.633315086364746e+00, 8.65867805480957e+00, 8.65867805480957e+00, 8.65867805480957e+00, 7.781535625457764e+00, 7.781535625457764e+00, 7.781535625457764e+00, 7.781535625457764e+00, 6.99179744720459e+00, 6.99179744720459e+00, 6.99179744720459e+00, 6.28080415725708e+00, 6.28080415725708e+00, 6.28080415725708e+00, 5.640457153320312e+00, 5.640457153320312e+00, 5.640457153320312e+00, 5.640457153320312e+00, 5.063580513000488e+00, 5.063580513000488e+00, 5.063580513000488e+00, 4.544278144836426e+00, 4.544278144836426e+00, 4.544278144836426e+00, 4.07907247543335e+00, 4.07907247543335e+00, 4.07907247543335e+00, 4.07907247543335e+00, 3.663212060928345e+00, 3.663212060928345e+00, 3.663212060928345e+00, 3.288862228393555e+00, 3.288862228393555e+00, 3.288862228393555e+00, 2.951639413833618e+00, 2.951639413833618e+00, 2.951639413833618e+00, 2.951639413833618e+00, 2.647944450378418e+00, 2.647944450378418e+00, 2.647944450378418e+00, 2.375369071960449e+00, 2.375369071960449e+00, 2.375369071960449e+00, 2.131102561950684e+00, 2.131102561950684e+00, 2.131102561950684e+00, 2.131102561950684e+00, 1.910655379295349e+00, 1.910655379295349e+00, 1.910655379295349e+00, 1.713191032409668e+00, 1.713191032409668e+00, 1.713191032409668e+00, 1.536316514015198e+00, 1.536316514015198e+00, 1.536316514015198e+00, 1.536316514015198e+00, 1.377687096595764e+00, 1.377687096595764e+00, 1.377687096595764e+00, 1.235264897346497e+00, 1.235264897346497e+00, 1.235264897346497e+00, 1.1067715883255e+00, 1.1067715883255e+00, 1.1067715883255e+00, 1.1067715883255e+00]
roo.air.conExt[3].Q_flow=[2.286110877990723e+01, 2.286110877990723e+01, 2.286110877990723e+01, 2.286110877990723e+01, 2.150876617431641e+01, 2.150876617431641e+01, 2.150876617431641e+01, 2.023062324523926e+01, 2.023062324523926e+01, 2.023062324523926e+01, 2.023062324523926e+01, 1.825287055969238e+01, 1.825287055969238e+01, 1.825287055969238e+01, 1.642911911010742e+01, 1.642911911010742e+01, 1.642911911010742e+01, 1.47552490234375e+01, 1.47552490234375e+01, 1.47552490234375e+01, 1.47552490234375e+01, 1.326059341430664e+01, 1.326059341430664e+01, 1.326059341430664e+01, 1.192094707489014e+01, 1.192094707489014e+01, 1.192094707489014e+01, 1.071669769287109e+01, 1.071669769287109e+01, 1.071669769287109e+01, 1.071669769287109e+01, 9.633315086364746e+00, 9.633315086364746e+00, 9.633315086364746e+00, 8.65867805480957e+00, 8.65867805480957e+00, 8.65867805480957e+00, 7.781535625457764e+00, 7.781535625457764e+00, 7.781535625457764e+00, 7.781535625457764e+00, 6.99179744720459e+00, 6.99179744720459e+00, 6.99179744720459e+00, 6.28080415725708e+00, 6.28080415725708e+00, 6.28080415725708e+00, 5.640457153320312e+00, 5.640457153320312e+00, 5.640457153320312e+00, 5.640457153320312e+00, 5.063580513000488e+00, 5.063580513000488e+00, 5.063580513000488e+00, 4.544278144836426e+00, 4.544278144836426e+00, 4.544278144836426e+00, 4.07907247543335e+00, 4.07907247543335e+00, 4.07907247543335e+00, 4.07907247543335e+00, 3.663212060928345e+00, 3.663212060928345e+00, 3.663212060928345e+00, 3.288862228393555e+00, 3.288862228393555e+00, 3.288862228393555e+00, 2.951639413833618e+00, 2.951639413833618e+00, 2.951639413833618e+00, 2.951639413833618e+00, 2.647944450378418e+00, 2.647944450378418e+00, 2.647944450378418e+00, 2.375369071960449e+00, 2.375369071960449e+00, 2.375369071960449e+00, 2.131102561950684e+00, 2.131102561950684e+00, 2.131102561950684e+00, 2.131102561950684e+00, 1.910655379295349e+00, 1.910655379295349e+00, 1.910655379295349e+00, 1.713191032409668e+00, 1.713191032409668e+00, 1.713191032409668e+00, 1.536316514015198e+00, 1.536316514015198e+00, 1.536316514015198e+00, 1.536316514015198e+00, 1.377687096595764e+00, 1.377687096595764e+00, 1.377687096595764e+00, 1.235264897346497e+00, 1.235264897346497e+00, 1.235264897346497e+00, 1.1067715883255e+00, 1.1067715883255e+00, 1.1067715883255e+00, 1.1067715883255e+00]
roo.air.conExt[4].Q_flow=[2.286110877990723e+01, 2.286110877990723e+01, 2.286110877990723e+01, 2.286110877990723e+01, 2.150876045227051e+01, 2.150876045227051e+01, 2.150876045227051e+01, 2.023061370849609e+01, 2.023061370849609e+01, 2.023061370849609e+01, 2.023061370849609e+01, 1.825286674499512e+01, 1.825286674499512e+01, 1.825286674499512e+01, 1.642911529541016e+01, 1.642911529541016e+01, 1.642911529541016e+01, 1.47551383972168e+01, 1.47551383972168e+01, 1.47551383972168e+01, 1.47551383972168e+01, 1.326060390472412e+01, 1.326060390472412e+01, 1.326060390472412e+01, 1.192093658447266e+01, 1.192093658447266e+01, 1.192093658447266e+01, 1.071670436859131e+01, 1.071670436859131e+01, 1.071670436859131e+01, 1.071670436859131e+01, 9.63335132598877e+00, 9.63335132598877e+00, 9.63335132598877e+00, 8.658708572387695e+00, 8.658708572387695e+00, 8.658708572387695e+00, 7.781552314758301e+00, 7.781552314758301e+00, 7.781552314758301e+00, 7.781552314758301e+00, 6.991824626922607e+00, 6.991824626922607e+00, 6.991824626922607e+00, 6.280828475952148e+00, 6.280828475952148e+00, 6.280828475952148e+00, 5.640482425689697e+00, 5.640482425689697e+00, 5.640482425689697e+00, 5.640482425689697e+00, 5.063515663146973e+00, 5.063515663146973e+00, 5.063515663146973e+00, 4.543856143951416e+00, 4.543856143951416e+00, 4.543856143951416e+00, 4.078475952148438e+00, 4.078475952148438e+00, 4.078475952148438e+00, 4.078475952148438e+00, 3.663308620452881e+00, 3.663308620452881e+00, 3.663308620452881e+00, 3.289551258087158e+00, 3.289551258087158e+00, 3.289551258087158e+00, 2.951928377151489e+00, 2.951928377151489e+00, 2.951928377151489e+00, 2.951928377151489e+00, 2.648269414901733e+00, 2.648269414901733e+00, 2.648269414901733e+00, 2.376340627670288e+00, 2.376340627670288e+00, 2.376340627670288e+00, 2.131823062896729e+00, 2.131823062896729e+00, 2.131823062896729e+00, 2.131823062896729e+00, 1.91165816783905e+00, 1.91165816783905e+00, 1.91165816783905e+00, 1.713688492774963e+00, 1.713688492774963e+00, 1.713688492774963e+00, 1.536830425262451e+00, 1.536830425262451e+00, 1.536830425262451e+00, 1.536830425262451e+00, 1.378277540206909e+00, 1.378277540206909e+00, 1.378277540206909e+00, 1.235397458076477e+00, 1.235397458076477e+00, 1.235397458076477e+00, 1.106776237487793e+00, 1.106776237487793e+00, 1.106776237487793e+00, 1.106776237487793e+00]
roo.air.conExt[5].Q_flow=[2.233079719543457e+01, 2.233079719543457e+01, 2.233079719543457e+01, 2.233079719543457e+01, 2.048164558410645e+01, 2.048164558410645e+01, 2.048164558410645e+01, 1.869329643249512e+01, 1.869329643249512e+01, 1.869329643249512e+01, 1.869329643249512e+01, 1.648258018493652e+01, 1.648258018493652e+01, 1.648258018493652e+01, 1.443497848510742e+01, 1.443497848510742e+01, 1.443497848510742e+01, 1.267453384399414e+01, 1.267453384399414e+01, 1.267453384399414e+01, 1.267453384399414e+01, 1.122709178924561e+01, 1.122709178924561e+01, 1.122709178924561e+01, 9.97422981262207e+00, 9.97422981262207e+00, 9.97422981262207e+00, 8.867813110351562e+00, 8.867813110351562e+00, 8.867813110351562e+00, 8.867813110351562e+00, 7.883279323577881e+00, 7.883279323577881e+00, 7.883279323577881e+00, 7.004758834838867e+00, 7.004758834838867e+00, 7.004758834838867e+00, 6.218914031982422e+00, 6.218914031982422e+00, 6.218914031982422e+00, 6.218914031982422e+00, 5.514453411102295e+00, 5.514453411102295e+00, 5.514453411102295e+00, 4.882407665252686e+00, 4.882407665252686e+00, 4.882407665252686e+00, 4.315099716186523e+00, 4.315099716186523e+00, 4.315099716186523e+00, 4.315099716186523e+00, 3.806015491485596e+00, 3.806015491485596e+00, 3.806015491485596e+00, 3.353641510009766e+00, 3.353641510009766e+00, 3.353641510009766e+00, 2.96505880355835e+00, 2.96505880355835e+00, 2.96505880355835e+00, 2.96505880355835e+00, 2.625792026519775e+00, 2.625792026519775e+00, 2.625792026519775e+00, 2.317120313644409e+00, 2.317120313644409e+00, 2.317120313644409e+00, 2.037814855575562e+00, 2.037814855575562e+00, 2.037814855575562e+00, 2.037814855575562e+00, 1.78586757183075e+00, 1.78586757183075e+00, 1.78586757183075e+00, 1.563261270523071e+00, 1.563261270523071e+00, 1.563261270523071e+00, 1.3621506690979e+00, 1.3621506690979e+00, 1.3621506690979e+00, 1.3621506690979e+00, 1.177580952644348e+00, 1.177580952644348e+00, 1.177580952644348e+00, 1.010357856750488e+00, 1.010357856750488e+00, 1.010357856750488e+00, 8.585816025733948e-01, 8.585816025733948e-01, 8.585816025733948e-01, 8.585816025733948e-01, 7.222597002983093e-01, 7.222597002983093e-01, 7.222597002983093e-01, 5.986365079879761e-01, 5.986365079879761e-01, 5.986365079879761e-01, 4.849440157413483e-01, 4.849440157413483e-01, 4.849440157413483e-01, 4.849440157413483e-01]
roo.air.conExt[6].Q_flow=[2.339816093444824e+01, 2.339816093444824e+01, 2.339816093444824e+01, 2.339816093444824e+01, 2.237283325195312e+01, 2.237283325195312e+01, 2.237283325195312e+01, 2.137144470214844e+01, 2.137144470214844e+01, 2.137144470214844e+01, 2.137144470214844e+01, 1.942791938781738e+01, 1.942791938781738e+01, 1.942791938781738e+01, 1.762969970703125e+01, 1.762969970703125e+01, 1.762969970703125e+01, 1.594339847564697e+01, 1.594339847564697e+01, 1.594339847564697e+01, 1.594339847564697e+01, 1.442116069793701e+01, 1.442116069793701e+01, 1.442116069793701e+01, 1.304335308074951e+01, 1.304335308074951e+01, 1.304335308074951e+01, 1.179960155487061e+01, 1.179960155487061e+01, 1.179960155487061e+01, 1.179960155487061e+01, 1.067738914489746e+01, 1.067738914489746e+01, 1.067738914489746e+01, 9.66559886932373e+00, 9.66559886932373e+00, 9.66559886932373e+00, 8.753483772277832e+00, 8.753483772277832e+00, 8.753483772277832e+00, 8.753483772277832e+00, 7.931182861328125e+00, 7.931182861328125e+00, 7.931182861328125e+00, 7.190054893493652e+00, 7.190054893493652e+00, 7.190054893493652e+00, 6.521885395050049e+00, 6.521885395050049e+00, 6.521885395050049e+00, 6.521885395050049e+00, 5.919314861297607e+00, 5.919314861297607e+00, 5.919314861297607e+00, 5.376076221466064e+00, 5.376076221466064e+00, 5.376076221466064e+00, 4.886109828948975e+00, 4.886109828948975e+00, 4.886109828948975e+00, 4.886109828948975e+00, 4.444122791290283e+00, 4.444122791290283e+00, 4.444122791290283e+00, 4.046538829803467e+00, 4.046538829803467e+00, 4.046538829803467e+00, 3.689237117767334e+00, 3.689237117767334e+00, 3.689237117767334e+00, 3.689237117767334e+00, 3.367399454116821e+00, 3.367399454116821e+00, 3.367399454116821e+00, 3.077463626861572e+00, 3.077463626861572e+00, 3.077463626861572e+00, 2.816846370697021e+00, 2.816846370697021e+00, 2.816846370697021e+00, 2.816846370697021e+00, 2.582118272781372e+00, 2.582118272781372e+00, 2.582118272781372e+00, 2.37165355682373e+00, 2.37165355682373e+00, 2.37165355682373e+00, 2.183192253112793e+00, 2.183192253112793e+00, 2.183192253112793e+00, 2.183192253112793e+00, 2.013483762741089e+00, 2.013483762741089e+00, 2.013483762741089e+00, 1.861004829406738e+00, 1.861004829406738e+00, 1.861004829406738e+00, 1.723243951797485e+00, 1.723243951797485e+00, 1.723243951797485e+00, 1.723243951797485e+00]
roo.air.conExt[1].T=[2.580022277832031e+02, 2.580014038085938e+02, 2.580005798339844e+02, 2.57999755859375e+02, 2.58090087890625e+02, 2.580892639160156e+02, 2.580884399414062e+02, 2.581741333007812e+02, 2.5817333984375e+02, 2.581725158691406e+02, 2.581717224121094e+02, 2.583046875e+02, 2.583038940429688e+02, 2.583031005859375e+02, 2.58426025390625e+02, 2.584252319335938e+02, 2.584244384765625e+02, 2.585372924804688e+02, 2.585364990234375e+02, 2.585357055664062e+02, 2.58534912109375e+02, 2.586355285644531e+02, 2.586347351074219e+02, 2.586339721679688e+02, 2.587241821289062e+02, 2.587234191894531e+02, 2.587226257324219e+02, 2.588037719726562e+02, 2.588030090332031e+02, 2.5880224609375e+02, 2.588014831542969e+02, 2.588745422363281e+02, 2.58873779296875e+02, 2.58873046875e+02, 2.589387817382812e+02, 2.589380493164062e+02, 2.589372863769531e+02, 2.589964904785156e+02, 2.589957580566406e+02, 2.589950256347656e+02, 2.589942932128906e+02, 2.590475769042969e+02, 2.590468444824219e+02, 2.59046142578125e+02, 2.590941162109375e+02, 2.590933837890625e+02, 2.590926818847656e+02, 2.591358947753906e+02, 2.591351623535156e+02, 2.591344604492188e+02, 2.591337585449219e+02, 2.591726684570312e+02, 2.591719665527344e+02, 2.591712646484375e+02, 2.592062683105469e+02, 2.592055969238281e+02, 2.592048950195312e+02, 2.592361755371094e+02, 2.592354736328125e+02, 2.592348022460938e+02, 2.59234130859375e+02, 2.592619934082031e+02, 2.592613220214844e+02, 2.592606506347656e+02, 2.592857055664062e+02, 2.592850341796875e+02, 2.592843933105469e+02, 2.593069763183594e+02, 2.593063049316406e+02, 2.593056640625e+02, 2.593050231933594e+02, 2.593252868652344e+02, 2.593246765136719e+02, 2.593240356445312e+02, 2.593421325683594e+02, 2.593415222167969e+02, 2.593408813476562e+02, 2.593571166992188e+02, 2.593565063476562e+02, 2.593558959960938e+02, 2.593552551269531e+02, 2.59369873046875e+02, 2.593692626953125e+02, 2.5936865234375e+02, 2.593817138671875e+02, 2.593811340332031e+02, 2.593805236816406e+02, 2.593921813964844e+02, 2.593916015625e+02, 2.593910217285156e+02, 2.593904418945312e+02, 2.594008178710938e+02, 2.594002685546875e+02, 2.593996887207031e+02, 2.594089965820312e+02, 2.59408447265625e+02, 2.594078979492188e+02, 2.59416259765625e+02, 2.594157104492188e+02, 2.594151611328125e+02, 2.594146118164062e+02]
roo.air.conExt[2].T=[2.580022277832031e+02, 2.580014038085938e+02, 2.580005798339844e+02, 2.57999755859375e+02, 2.58090087890625e+02, 2.580892639160156e+02, 2.580884399414062e+02, 2.581741333007812e+02, 2.5817333984375e+02, 2.581725158691406e+02, 2.581717224121094e+02, 2.583046875e+02, 2.583038940429688e+02, 2.583031005859375e+02, 2.58426025390625e+02, 2.584252319335938e+02, 2.584244384765625e+02, 2.585372619628906e+02, 2.585364990234375e+02, 2.585357055664062e+02, 2.58534912109375e+02, 2.586355285644531e+02, 2.586347351074219e+02, 2.586339721679688e+02, 2.587241821289062e+02, 2.587234191894531e+02, 2.587226257324219e+02, 2.588037719726562e+02, 2.588030090332031e+02, 2.5880224609375e+02, 2.588014831542969e+02, 2.588745422363281e+02, 2.58873779296875e+02, 2.58873046875e+02, 2.589387817382812e+02, 2.589380493164062e+02, 2.589372863769531e+02, 2.589964904785156e+02, 2.589957580566406e+02, 2.589950256347656e+02, 2.589942932128906e+02, 2.590475769042969e+02, 2.590468444824219e+02, 2.59046142578125e+02, 2.590941162109375e+02, 2.590933837890625e+02, 2.590926818847656e+02, 2.591358947753906e+02, 2.591351623535156e+02, 2.591344604492188e+02, 2.591337585449219e+02, 2.591726684570312e+02, 2.591719665527344e+02, 2.591712646484375e+02, 2.592062377929688e+02, 2.5920556640625e+02, 2.592048645019531e+02, 2.592361450195312e+02, 2.592354431152344e+02, 2.592347717285156e+02, 2.592341003417969e+02, 2.592619934082031e+02, 2.592613220214844e+02, 2.592606506347656e+02, 2.592857360839844e+02, 2.592850952148438e+02, 2.59284423828125e+02, 2.593069763183594e+02, 2.593063354492188e+02, 2.593056945800781e+02, 2.593050537109375e+02, 2.593253173828125e+02, 2.593246765136719e+02, 2.593240356445312e+02, 2.593421936035156e+02, 2.59341552734375e+02, 2.593409423828125e+02, 2.593571472167969e+02, 2.593565368652344e+02, 2.593559265136719e+02, 2.593553161621094e+02, 2.593699035644531e+02, 2.593692932128906e+02, 2.593687133789062e+02, 2.593817443847656e+02, 2.593811645507812e+02, 2.593805541992188e+02, 2.593922119140625e+02, 2.593916320800781e+02, 2.593910217285156e+02, 2.593904418945312e+02, 2.594008483886719e+02, 2.594002990722656e+02, 2.593997192382812e+02, 2.594090270996094e+02, 2.59408447265625e+02, 2.594078979492188e+02, 2.59416259765625e+02, 2.594157104492188e+02, 2.594151611328125e+02, 2.594146118164062e+02]
roo.air.conExt[3].T=[2.580022277832031e+02, 2.580014038085938e+02, 2.580005798339844e+02, 2.57999755859375e+02, 2.58090087890625e+02, 2.580892639160156e+02, 2.580884399414062e+02, 2.581741333007812e+02, 2.5817333984375e+02, 2.581725158691406e+02, 2.581717224121094e+02, 2.583046875e+02, 2.583038940429688e+02, 2.583031005859375e+02, 2.58426025390625e+02, 2.584252319335938e+02, 2.584244384765625e+02, 2.585372619628906e+02, 2.585364990234375e+02, 2.585357055664062e+02, 2.58534912109375e+02, 2.586355285644531e+02, 2.586347351074219e+02, 2.586339721679688e+02, 2.587241821289062e+02, 2.587234191894531e+02, 2.587226257324219e+02, 2.588037719726562e+02, 2.588030090332031e+02, 2.5880224609375e+02, 2.588014831542969e+02, 2.588745422363281e+02, 2.58873779296875e+02, 2.58873046875e+02, 2.589387817382812e+02, 2.589380493164062e+02, 2.589372863769531e+02, 2.589964904785156e+02, 2.589957580566406e+02, 2.589950256347656e+02, 2.589942932128906e+02, 2.590475769042969e+02, 2.590468444824219e+02, 2.59046142578125e+02, 2.590941162109375e+02, 2.590933837890625e+02, 2.590926818847656e+02, 2.591358947753906e+02, 2.591351623535156e+02, 2.591344604492188e+02, 2.591337585449219e+02, 2.591726684570312e+02, 2.591719665527344e+02, 2.591712646484375e+02, 2.592062377929688e+02, 2.5920556640625e+02, 2.592048645019531e+02, 2.592361450195312e+02, 2.592354431152344e+02, 2.592347717285156e+02, 2.592341003417969e+02, 2.592619934082031e+02, 2.592613220214844e+02, 2.592606506347656e+02, 2.592857360839844e+02, 2.592850952148438e+02, 2.59284423828125e+02, 2.593069763183594e+02, 2.593063354492188e+02, 2.593056945800781e+02, 2.593050537109375e+02, 2.593253173828125e+02, 2.593246765136719e+02, 2.593240356445312e+02, 2.593421936035156e+02, 2.59341552734375e+02, 2.593409423828125e+02, 2.593571472167969e+02, 2.593565368652344e+02, 2.593559265136719e+02, 2.593553161621094e+02, 2.593699035644531e+02, 2.593692932128906e+02, 2.593687133789062e+02, 2.593817443847656e+02, 2.593811645507812e+02, 2.593805541992188e+02, 2.593922119140625e+02, 2.593916320800781e+02, 2.593910217285156e+02, 2.593904418945312e+02, 2.594008483886719e+02, 2.594002990722656e+02, 2.593997192382812e+02, 2.594090270996094e+02, 2.59408447265625e+02, 2.594078979492188e+02, 2.59416259765625e+02, 2.594157104492188e+02, 2.594151611328125e+02, 2.594146118164062e+02]
roo.air.conExt[4].T=[2.580022277832031e+02, 2.580014038085938e+02, 2.580005798339844e+02, 2.57999755859375e+02, 2.58090087890625e+02, 2.580892639160156e+02, 2.580884399414062e+02, 2.581741333007812e+02, 2.5817333984375e+02, 2.581725158691406e+02, 2.581717224121094e+02, 2.583046875e+02, 2.583038940429688e+02, 2.583031005859375e+02, 2.58426025390625e+02, 2.584252319335938e+02, 2.584244384765625e+02, 2.585372924804688e+02, 2.585364990234375e+02, 2.585357055664062e+02, 2.58534912109375e+02, 2.586355285644531e+02, 2.586347351074219e+02, 2.586339721679688e+02, 2.587241821289062e+02, 2.587234191894531e+02, 2.587226257324219e+02, 2.588037719726562e+02, 2.588030090332031e+02, 2.5880224609375e+02, 2.588014831542969e+02, 2.588745422363281e+02, 2.58873779296875e+02, 2.58873046875e+02, 2.589387817382812e+02, 2.589380493164062e+02, 2.589372863769531e+02, 2.589964904785156e+02, 2.589957580566406e+02, 2.589950256347656e+02, 2.589942932128906e+02, 2.590475769042969e+02, 2.590468444824219e+02, 2.59046142578125e+02, 2.590941162109375e+02, 2.590933837890625e+02, 2.590926818847656e+02, 2.591358947753906e+02, 2.591351623535156e+02, 2.591344604492188e+02, 2.591337585449219e+02, 2.591726684570312e+02, 2.591719665527344e+02, 2.591712646484375e+02, 2.592062683105469e+02, 2.592055969238281e+02, 2.592048950195312e+02, 2.592361755371094e+02, 2.592354736328125e+02, 2.592348022460938e+02, 2.59234130859375e+02, 2.592619934082031e+02, 2.592613220214844e+02, 2.592606506347656e+02, 2.592857055664062e+02, 2.592850341796875e+02, 2.592843933105469e+02, 2.593069763183594e+02, 2.593063049316406e+02, 2.593056640625e+02, 2.593050231933594e+02, 2.593252868652344e+02, 2.593246765136719e+02, 2.593240356445312e+02, 2.593421325683594e+02, 2.593415222167969e+02, 2.593408813476562e+02, 2.593571166992188e+02, 2.593565063476562e+02, 2.593558959960938e+02, 2.593552551269531e+02, 2.59369873046875e+02, 2.593692626953125e+02, 2.5936865234375e+02, 2.593817138671875e+02, 2.593811340332031e+02, 2.593805236816406e+02, 2.593921813964844e+02, 2.593916015625e+02, 2.593910217285156e+02, 2.593904418945312e+02, 2.594008178710938e+02, 2.594002685546875e+02, 2.593996887207031e+02, 2.594089965820312e+02, 2.59408447265625e+02, 2.594078979492188e+02, 2.59416259765625e+02, 2.594157104492188e+02, 2.594151611328125e+02, 2.594146118164062e+02]
roo.air.conExt[5].T=[2.590448608398438e+02, 2.59044189453125e+02, 2.590435180664062e+02, 2.590428466796875e+02, 2.5915673828125e+02, 2.591560668945312e+02, 2.591553955078125e+02, 2.592655334472656e+02, 2.592648620605469e+02, 2.592641906738281e+02, 2.592635498046875e+02, 2.594070129394531e+02, 2.594063720703125e+02, 2.594057006835938e+02, 2.595390014648438e+02, 2.59538330078125e+02, 2.595376892089844e+02, 2.596543273925781e+02, 2.596536560058594e+02, 2.596530151367188e+02, 2.596523742675781e+02, 2.597503051757812e+02, 2.597496643066406e+02, 2.597489929199219e+02, 2.59834716796875e+02, 2.598340759277344e+02, 2.598334350585938e+02, 2.599096069335938e+02, 2.599089660644531e+02, 2.599083251953125e+02, 2.599076843261719e+02, 2.599757995605469e+02, 2.599751892089844e+02, 2.599745483398438e+02, 2.600355529785156e+02, 2.600349426269531e+02, 2.600343017578125e+02, 2.600890502929688e+02, 2.600884399414062e+02, 2.600878295898438e+02, 2.600872192382812e+02, 2.601364135742188e+02, 2.601358032226562e+02, 2.601351928710938e+02, 2.601794128417969e+02, 2.601788024902344e+02, 2.601781921386719e+02, 2.602179565429688e+02, 2.602173461914062e+02, 2.602167663574219e+02, 2.602161560058594e+02, 2.602518920898438e+02, 2.602513122558594e+02, 2.60250732421875e+02, 2.602825622558594e+02, 2.60281982421875e+02, 2.602814025878906e+02, 2.603090515136719e+02, 2.603084716796875e+02, 2.603078918457031e+02, 2.603073120117188e+02, 2.603316040039062e+02, 2.603310241699219e+02, 2.603304443359375e+02, 2.603524475097656e+02, 2.603518981933594e+02, 2.603513488769531e+02, 2.603712158203125e+02, 2.603706359863281e+02, 2.603700866699219e+02, 2.603695373535156e+02, 2.603874206542969e+02, 2.603869018554688e+02, 2.603863525390625e+02, 2.604021911621094e+02, 2.604016418457031e+02, 2.604010925292969e+02, 2.604153442382812e+02, 2.604148254394531e+02, 2.60414306640625e+02, 2.604137878417969e+02, 2.604267578125e+02, 2.604262390136719e+02, 2.604257202148438e+02, 2.604374389648438e+02, 2.604369201660156e+02, 2.604364318847656e+02, 2.604469909667969e+02, 2.604464721679688e+02, 2.604459838867188e+02, 2.604454650878906e+02, 2.604549255371094e+02, 2.604544372558594e+02, 2.604539489746094e+02, 2.604624633789062e+02, 2.604619750976562e+02, 2.604614868164062e+02, 2.604692687988281e+02, 2.604687805175781e+02, 2.604683227539062e+02, 2.604678344726562e+02]
roo.air.conExt[6].T=[2.5686962890625e+02, 2.5686865234375e+02, 2.5686767578125e+02, 2.5686669921875e+02, 2.569449157714844e+02, 2.569439697265625e+02, 2.569429931640625e+02, 2.570188903808594e+02, 2.570179443359375e+02, 2.570169982910156e+02, 2.570160522460938e+02, 2.571545715332031e+02, 2.571536254882812e+02, 2.571527099609375e+02, 2.572809753417969e+02, 2.57280029296875e+02, 2.572791137695312e+02, 2.573986206054688e+02, 2.573976745605469e+02, 2.573967590332031e+02, 2.573958435058594e+02, 2.57503173828125e+02, 2.575022583007812e+02, 2.575013732910156e+02, 2.575982360839844e+02, 2.575973205566406e+02, 2.57596435546875e+02, 2.576837768554688e+02, 2.576828918457031e+02, 2.576820068359375e+02, 2.576811218261719e+02, 2.577598571777344e+02, 2.577589721679688e+02, 2.577581176757812e+02, 2.578290405273438e+02, 2.578281860351562e+02, 2.578273315429688e+02, 2.578912353515625e+02, 2.57890380859375e+02, 2.578895263671875e+02, 2.57888671875e+02, 2.579462280273438e+02, 2.579454040527344e+02, 2.579445495605469e+02, 2.579963989257812e+02, 2.579955749511719e+02, 2.579947204589844e+02, 2.580414123535156e+02, 2.580405883789062e+02, 2.58039794921875e+02, 2.580389709472656e+02, 2.580810241699219e+02, 2.580802001953125e+02, 2.580794067382812e+02, 2.581172485351562e+02, 2.58116455078125e+02, 2.581156616210938e+02, 2.581496276855469e+02, 2.581488647460938e+02, 2.581480712890625e+02, 2.581473083496094e+02, 2.581777954101562e+02, 2.581770324707031e+02, 2.5817626953125e+02, 2.582036743164062e+02, 2.582029418945312e+02, 2.582021789550781e+02, 2.582267761230469e+02, 2.582260437011719e+02, 2.582252807617188e+02, 2.582245483398438e+02, 2.582466735839844e+02, 2.582459411621094e+02, 2.582452087402344e+02, 2.582650451660156e+02, 2.582643127441406e+02, 2.582636108398438e+02, 2.582813720703125e+02, 2.582806701660156e+02, 2.582799682617188e+02, 2.582792663574219e+02, 2.582952270507812e+02, 2.582945556640625e+02, 2.582938537597656e+02, 2.583081359863281e+02, 2.583074645996094e+02, 2.583067932128906e+02, 2.583195190429688e+02, 2.5831884765625e+02, 2.583181762695312e+02, 2.583175354003906e+02, 2.583289184570312e+02, 2.583282775878906e+02, 2.5832763671875e+02, 2.583378295898438e+02, 2.583371887207031e+02, 2.583365478515625e+02, 2.583457336425781e+02, 2.583451232910156e+02, 2.58344482421875e+02, 2.583438720703125e+02]
>>>>>>> master
