last-generated=2015-08-19
statistics-simulation=
{
  "numerical Jacobians": "0", 
  "nonlinear": " ", 
  "number of continuous time states": "2", 
  "linear": " "
}
y=[1.58008265495300292969, 1.54879376288187486921, 1.51749864598270112204, 1.48619699851325703932, 1.45488855610080825009, 1.42357353129078023635, 1.39225137980569879659, 1.36092207574832269046, 1.32958559331108205903, 1.29824162650583341261, 1.26688991108170045941, 1.2355305405074774594, 1.20416297024271834459, 1.17278717451992720022, 1.14140279571208802523, 1.11000992739002879439, 1.07860790559980435077, 1.04719670467538406022, 1.01577606064655578955, 0.98434548820583345208, 0.95290478295475145032, 0.92145368101450864096, 0.8899916968989179944, 0.85881772355351637671, 0.82928046330101945482, 0.80242669582366943359, 0.77876789575377414199, 0.75844972560561652042, 0.74137938211216047879, 0.72731793774604425185, 0.71594679060249322156, 0.70691395001015733257, 0.69986533688895646854, 0.69446462311448253768, 0.690405131670549288, 0.68741583677946083153, 0.68526363362434161708, 0.68375229897313138938, 0.6827207210021870587, 0.68203920129345252388, 0.681605815839622875, 0.68134242289482938038, 0.68119102718550905706, 0.6811097264274135199, 0.68106979132082301476, 0.68105238676000112719, 0.68104588985477754193, 0.68104398250585829189, 0.6810436248779296875, 0.68104356527328491211, 0.68104356527328491211, 0.68104356527328491211, 0.6810436248779296875, 0.68104398250585829189, 0.68104588985477754193, 0.68105238676000112719, 0.68106979132082301476, 0.6811097264274135199, 0.68119102718550905706, 0.68134242289482938038, 0.681605815839622875, 0.68203920129345252388, 0.6827207210021870587, 0.68375229897313138938, 0.68526363362434161708, 0.68741583677946083153, 0.69040513167054939903, 0.69446462311448253768, 0.69986533688895657956, 0.70691395001015733257, 0.71594679060249322156, 0.72731793774604425185, 0.74137938211216047879, 0.75844972560561652042, 0.77876789575377414199, 0.80242669582366943359, 0.82928046330101945482, 0.85881772355351637671, 0.8899916968989179944, 0.92145368101450864096, 0.95290478295475167236, 0.9843454882058335631, 1.0157760606465555675, 1.04719670467538406022, 1.07860790559980435077, 1.11000992739002879439, 1.14140279571208802523, 1.17278717451992720022, 1.20416297024271834459, 1.2355305405074774594, 1.26688991108170045941, 1.29824162650583341261, 1.32958559331108205903, 1.3609220757483229125, 1.39225137980569857454, 1.42357353129078023635, 1.45488855610080802805, 1.48619699851325703932, 1.51749864598270112204, 1.54879376288187486921, 1.58008265495300292969]
x=[-4., -3.7647676662875144693, -3.53894424426084697188, -3.32233598386847495121, -3.11475188544088288367, -2.91600012214852899461, -2.72588805835286018819, -2.54422389744777888154, -2.37081621547582921394, -2.20547205048691452589, -2.04800000617912303369, -1.89820823206722022469, -1.75590402572382986435, -1.62089591945910016513, -1.49299186650388882036, -1.37200004951551934873, -1.25772794115862907027, -1.14998386585390344194, -1.04857606810546033493, -0.95331195791675493734, -0.86399992009979464935, -0.78044808734131043693, -0.70246397558124273885, -0.62985591588017997289, -0.56243205346707880743, -0.5, -0.44236803065666635559, -0.38934398577181444923, -0.34073600731940267838, -0.29635202706725227717, -0.25600000082932250489, -0.21948800325919479159, -0.18662398343587421889, -0.15721599267384533949, -0.13107200856844480885, -0.10799999009773934844, -0.08780799695560674578, -0.07030400674335453293, -0.05529600386324330652, -0.04259200092127690684, -0.03200000011782754006, -0.02332799796004312448, -0.01638400108495946875, -0.01097599962142444679, -0.00691200049075938253, -0.00400000001823303843, -0.00204800013913925081, -0.0008640000633404392, -0.00025600001829363304, -0.00003200000252273844, -0., 0.00003200000252273844, 0.00025600001829363309, 0.0008640000633404392, 0.00204800013913925992, 0.00400000001823305057, 0.00691200049075940248, 0.01097599962142442251, 0.01638400108495943405, 0.02332799796004308285, 0.03200000011782754006, 0.04259200092127690684, 0.05529600386324330652, 0.07030400674335453293, 0.08780799695560674578, 0.10799999009773933456, 0.13107200856844494763, 0.15721599267384550602, 0.18662398343587438543, 0.21948800325919459731, 0.25600000082932233836, 0.29635202706725205513, 0.34073600731940267838, 0.38934398577181444923, 0.44236803065666635559, 0.5, 0.56243205346707880743, 0.62985591588017997289, 0.70246397558124273885, 0.78044808734131043693, 0.86399992009979509344, 0.95331195791675538143, 1.0485760681054596688, 1.14998386585390344194, 1.25772794115862907027, 1.37200004951551934873, 1.49299186650388882036, 1.62089591945910016513, 1.75590402572382986435, 1.89820823206722022469, 2.04800000617912303369, 2.20547205048691452589, 2.37081621547583010212, 2.54422389744778021381, 2.72588805835285930002, 2.91600012214852810644, 3.11475188544088199549, 3.32233598386847495121, 3.53894424426084697188, 3.7647676662875144693, 4.]
time=[-1., 1.]
der(y)=[-1.56428182125091552734, -1.56459784538276314159, -1.56492054427516857906, -1.565250039060998688, -1.56558668641883902417, -1.56593084293902595761, -1.56628274909132891857, -1.5666428807010954749, -1.56701159428384162453, -1.56738924966521175897, -1.56777632259893051625, -1.56817328872517802729, -1.56858062724529689902, -1.56899905225037583634, -1.56942892137169431876, -1.56987118694327465462, -1.57032632844321495824, -1.57079517903944898549, -1.57127857173250684575, -1.57177758228979747024, -1.57229304376329404036, -1.57282614662834507868, -1.57337808525626776657, -1.52924956991465443856, -1.41594339137165525777, -1.26530778408050537109, -1.09946510263682939446, -0.9331989804460166793, -0.77587987806802349855, -0.63295879959662249004, -0.50711640264862756222, -0.399133378477892653, -0.30853972030164872331, -0.2340924175727897294, -0.17411764429574042023, -0.12675171158517828385, -0.09010457807638229399, -0.06236577461358307206, -0.04186960419191831234, -0.02713055612207104436, -0.01685831947768127656, -0.00995910723585354159, -0.00552801480249395273, -0.00283575750774622999, -0.00131209268541346638, -0.00052731608604806332, -0.0001727928679108674, -0.00004100469028050078, -0.00000539979811053825, -0.00000016874369599522, -0., 0.00000016874369599522, 0.00000539979811053825, 0.00004100469028050078, 0.00017279286791086872, 0.00052731608604806603, 0.00131209268541347289, 0.00283575750774621915, 0.00552801480249393191, 0.0099591072358535121, 0.01685831947768127656, 0.02713055612207104436, 0.04186960419191831234, 0.06236577461358306512, 0.09010457807638229399, 0.12675171158517828385, 0.17411764429574072555, 0.23409241757279009022, 0.3085397203016491674, 0.39913337847789209789, 0.50711640264862700711, 0.63295879959662171288, 0.77587987806802349855, 0.9331989804460166793, 1.09946510263682939446, 1.26530778408050537109, 1.41594339137165525777, 1.52924956991465443856, 1.57337808525626776657, 1.57282614662834507868, 1.57229304376329404036, 1.57177758228979747024, 1.57127857173250684575, 1.57079517903944898549, 1.57032632844321495824, 1.56987118694327465462, 1.56942892137169431876, 1.56899905225037583634, 1.56858062724529689902, 1.56817328872517802729, 1.56777632259893051625, 1.56738924966521175897, 1.56701159428384162453, 1.5666428807010954749, 1.56628274909132891857, 1.56593084293902595761, 1.56558668641883902417, 1.565250039060998688, 1.56492054427516857906, 1.56459784538276314159, 1.56428182125091552734]
der(x)=[12., 11.52479985290483277538, 11.05920078227849856489, 10.60320001270293133189, 10.15679990238226793053, 9.72000078315463689194, 9.29280005058265068385, 8.87519997703648755305, 8.46720080920755968634, 8.06880011363915627953, 7.67999960003033699252, 7.30080038360693261978, 6.9312002018735814346, 6.57119972503699134592, 6.22079942993432055687, 5.88000031528394107028, 5.54879987522185302851, 5.22719961711935354742, 4.91520045387108783785, 4.61280005058293429698, 4.31999982948174121589, 4.03680014079985216569, 3.76320001270293280626, 3.49919982860546285863, 3.24480032974199072981, 3., 2.76480019582733804739, 2.53919997579601020021, 2.32320001270293152729, 2.11680020261687351635, 1.91999990015040311597, 1.73280005058279251706, 1.55519985782634528881, 1.38719996889115471106, 1.22880011363958052684, 1.07999995765678402648, 0.94080000320435031025, 0.81120008266429199928, 0.69120004908553134282, 0.58080000320433222694, 0.47999997510914310661, 0.38879996462828886328, 0.30720002849574651327, 0.23520000081538874892, 0.17280001233577582664, 0.11999999381303946833, 0.07680000716685865536, 0.04320000311612892663, 0.01920000181317296772, 0.00480000046402210591, 0.000000000000000001, 0.00480000046402210591, 0.01920000181317296772, 0.04320000311612892663, 0.07680000716685887741, 0.11999999381303971813, 0.17280001233577615971, 0.2352000008153883881, 0.30720002849574606918, 0.38879996462828841919, 0.47999997510914310661, 0.58080000320433222694, 0.69120004908553134282, 0.81120008266429199928, 0.94080000320435031025, 1.07999995765678402648, 1.22880011363958141501, 1.38719996889115559924, 1.55519985782634639904, 1.73280005058279162888, 1.91999990015040200575, 2.11680020261687218408, 2.32320001270293152729, 2.53919997579601020021, 2.76480019582733804739, 3., 3.24480032974199072981, 3.49919982860546285863, 3.76320001270293280626, 4.03680014079985216569, 4.31999982948174299224, 4.61280005058293607334, 4.9152004538710860615, 5.22719961711935354742, 5.54879987522185302851, 5.88000031528394107028, 6.22079942993432055687, 6.57119972503699134592, 6.9312002018735814346, 7.30080038360693261978, 7.67999960003033699252, 8.06880011363915627953, 8.4672008092075614627, 8.87519997703648932941, 9.29280005058264890749, 9.72000078315463511558, 10.15679990238226615418, 10.60320001270293133189, 11.05920078227849856489, 11.52479985290483277538, 12.]
