last-generated=2015-01-14
load_sc_3.load1.v[2]=[0.00000000000000000000, 0.00000000000000000000, 0.00000000000000000000, 0.00000000000000000000, 0.00000000000000000000, 0.00000000000000000000, 0.00000000000000000000, 0.00000000000000000000, 0.00000000000000000000, 0.00000000000000000000, 0.00000000000000000000, 0.00000000000000000000, 0.00000000000000000000, 0.00000000000000000000, 0.00000000000000000000, 0.00000000000000000000, 0.00000000000000000000, 0.00000000000000000000, 0.00000000000000000000, 0.00000000000000000000, 0.00000000000000000000, 0.00000000000000000000, 0.00000000000000000000, 0.00000000000000000000, 0.00000000000000000000, 0.00000000000000000000, 0.00000000000000000000, 0.00000000000000000000, 0.00000000000000000000, 0.00000000000000000000, 0.00000000000000000000, 0.00000000000000000000, 0.00000000000000000000, 0.00000000000000000000, 0.00000000000000000000, 0.00000000000000000000, 0.00000000000000000000, 0.00000000000000000000, 0.00000000000000000000, 0.00000000000000000000, 0.00000000000000000000, 0.00000000000000000000, 0.00000000000000000000, 0.00000000000000000000, 0.00000000000000000000, 0.00000000000000000000, 0.00000000000000000000, 0.00000000000000000000, 0.00000000000000000000, 0.00000000000000000000, 0.00000000000000000000, 0.00000000000000000000, 0.00000000000000000000, 0.00000000000000000000, 0.00000000000000000000, 0.00000000000000000000, 0.00000000000000000000, 0.00000000000000000000, 0.00000000000000000000, 0.00000000000000000000, 0.00000000000000000000, 0.00000000000000000000, 0.00000000000000000000, 0.00000000000000000000, 0.00000000000000000000, 0.00000000000000000000, 0.00000000000000000000, 0.00000000000000000000, 0.00000000000000000000, 0.00000000000000000000, 0.00000000000000000000, 0.00000000000000000000, 0.00000000000000000000, 0.00000000000000000000, 0.00000000000000000000, 0.00000000000000000000, 0.00000000000000000000, 0.00000000000000000000, 0.00000000000000000000, 0.00000000000000000000, 0.00000000000000000000, 0.00000000000000000000, 0.00000000000000000000, 0.00000000000000000000, 0.00000000000000000000, 0.00000000000000000000, 0.00000000000000000000, 0.00000000000000000000, 0.00000000000000000000, 0.00000000000000000000, 0.00000000000000000000, 0.00000000000000000000, 0.00000000000000000000, 0.00000000000000000000, 0.00000000000000000000, 0.00000000000000000000, 0.00000000000000000000, 0.00000000000000000000, 0.00000000000000000000, 0.00000000000000000000, -0.00000000000000000000]
load_sc_2.load1.v[1]=[0.00000000000000000000, 0.00000000000000000000]
load_sc_1.load1.v[1]=[0.00000000000000000000, 0.00000000000000000000]
load_sc_3.load1.v[1]=[0.00000000000000000000, 0.00000000000000000000, 0.00000000000000000000, 0.00000000000000000000, 0.00000000000000000000, 0.00000000000000000000, 0.00000000000000000000, 0.00000000000000000000, 0.00000000000000000000, 0.00000000000000000000, 0.00000000000000000000, 0.00000000000000000000, 0.00000000000000000000, 0.00000000000000000000, 0.00000000000000000000, 0.00000000000000000000, 0.00000000000000000000, 0.00000000000000000000, 0.00000000000000000000, 0.00000000000000000000, 0.00000000000000000000, 0.00000000000000000000, 0.00000000000000000000, 0.00000000000000000000, 0.00000000000000000000, 0.00000000000000000000, 0.00000000000000000000, 0.00000000000000000000, 0.00000000000000000000, 0.00000000000000000000, 0.00000000000000000000, 0.00000000000000000000, 0.00000000000000000000, 0.00000000000000000000, 0.00000000000000000000, 0.00000000000000000000, 0.00000000000000000000, 0.00000000000000000000, 0.00000000000000000000, 0.00000000000000000000, 0.00000000000000000000, 0.00000000000000000000, 0.00000000000000000000, 0.00000000000000000000, 0.00000000000000000000, 0.00000000000000000000, 0.00000000000000000000, 0.00000000000000000000, 0.00000000000000000000, 0.00000000000000000000, 0.00000000000000000000, 0.00000000000000000000, 0.00000000000000000000, 0.00000000000000000000, 0.00000000000000000000, 0.00000000000000000000, 0.00000000000000000000, 0.00000000000000000000, 0.00000000000000000000, 0.00000000000000000000, 0.00000000000000000000, 0.00000000000000000000, 0.00000000000000000000, 0.00000000000000000000, 0.00000000000000000000, 0.00000000000000000000, 0.00000000000000000000, 0.00000000000000000000, 0.00000000000000000000, 0.00000000000000000000, 0.00000000000000000000, 0.00000000000000000000, 0.00000000000000000000, 0.00000000000000000000, 0.00000000000000000000, 0.00000000000000000000, 0.00000000000000000000, 0.00000000000000000000, 0.00000000000000000000, 0.00000000000000000000, 0.00000000000000000000, 0.00000000000000000000, 0.00000000000000000000, 0.00000000000000000000, 0.00000000000000000000, 0.00000000000000000000, 0.00000000000000000000, 0.00000000000000000000, 0.00000000000000000000, 0.00000000000000000000, 0.00000000000000000000, 0.00000000000000000000, 0.00000000000000000000, 0.00000000000000000000, 0.00000000000000000000, 0.00000000000000000000, 0.00000000000000000000, 0.00000000000000000000, 0.00000000000000000000, 0.00000000000000000000, 0.00000000000000000000]
load_sc_1.load1.v[2]=[0.00000000000000000000, 0.00000000000000000000]
time=[0.00000000000000000000, 1.00000000000000000000]
load_sc_2.load1.v[2]=[0.00000000000000000000, 0.00000000000000000000]
load_sc_1.load1.i[1]=[5.00000000000000000000, 5.00000000000000000000]
load_sc_2.load1.i[1]=[5.00000000000000000000, 5.00000000000000000000]
load_sc_3.load1.i[1]=[0.00000000000000000000, 5.02661608889828759317, 5.00159549724485685829, 4.99932956701807640343, 5.00013256074085177261, 5.00001287462316668098, 4.99995946885018582861, 5.00000572204504578622, 5.00001621246252625497, 5.00000667572533075145, 4.99999380111836444485, 4.99999284744347960441, 4.99999856948916487909, 5.00000000000000000000, 5.00000095367417429770, 5.00000095367431640625, 5.00000095367431640625, 5.00000047683715820312, 5.00000000000000000000, 4.99999952316284179688, 4.99999952316284179688, 4.99999952316284179688, 5.00000000000000000000, 5.00000000000000000000, 5.00000000000000000000, 5.00000000000000000000, 5.00000000000000000000, 5.00000000000000000000, 5.00000000000000000000, 5.00000000000000000000, 5.00000000000000000000, 5.00000000000000000000, 5.00000000000000000000, 5.00000000000000000000, 5.00000000000000000000, 5.00000000000000000000, 5.00000000000000000000, 5.00000000000000000000, 5.00000000000000000000, 5.00000000000000000000, 5.00000000000000000000, 5.00000000000000000000, 5.00000000000000000000, 5.00000000000000000000, 5.00000000000000000000, 5.00000000000000000000, 5.00000000000000000000, 5.00000000000000000000, 5.00000000000000000000, 5.00000000000000000000, 5.00000000000000000000, 5.00000000000000000000, 5.00000000000000000000, 5.00000000000000000000, 5.00000000000000000000, 5.00000000000000000000, 5.00000000000000000000, 5.00000000000000000000, 5.00000000000000000000, 5.00000000000000000000, 5.00000000000000000000, 5.00000000000000000000, 5.00000000000000000000, 5.00000000000000000000, 5.00000000000000000000, 5.00000000000000000000, 5.00000000000000000000, 5.00000000000000000000, 5.00000000000000000000, 5.00000000000000000000, 5.00000000000000000000, 5.00000000000000000000, 5.00000000000000000000, 5.00000000000000000000, 5.00000000000000000000, 5.00000000000000000000, 5.00000000000000000000, 5.00000000000000000000, 5.00000000000000000000, 5.00000000000000000000, 5.00000000000000000000, 5.00000000000000000000, 5.00000000000000000000, 5.00000000000000000000, 5.00000000000000000000, 5.00000000000000000000, 5.00000000000000000000, 5.00000000000000000000, 5.00000000000000000000, 5.00000000000000000000, 5.00000000000000000000, 5.00000000000000000000, 5.00000000000000000000, 5.00000000000000000000, 5.00000000000000000000, 5.00000000000000000000, 5.00000000000000000000, 5.00000000000000000000, 5.00000000000000000000, 5.00000000000000000000, 5.00000000000000000000]
load_sc_3.load1.i[2]=[0.00000000000000000000, -5.16592453757723113483, -4.99649810856062259745, -5.00003433216747694701, -4.99995994569341917213, -5.00003528594988466693, -4.99997997284223316683, -4.99999666213953730676, -5.00000333786053374752, -5.00000333786096007316, -5.00000000000071054274, -4.99999761581406687583, -4.99999856948916487909, -5.00000000000000000000, -5.00000047683715820312, -5.00000095367431640625, -5.00000095367431640625, -5.00000047683715820312, -5.00000000000170530257, -5.00000000000000000000, -4.99999952316284179688, -4.99999952316284179688, -5.00000000000000000000, -5.00000000000000000000, -5.00000000000000000000, -5.00000000000000000000, -5.00000000000000000000, -5.00000000000000000000, -5.00000000000000000000, -5.00000000000000000000, -5.00000000000000000000, -5.00000000000000000000, -5.00000000000000000000, -5.00000000000000000000, -5.00000000000000000000, -5.00000000000000000000, -5.00000000000000000000, -5.00000000000000000000, -5.00000000000000000000, -5.00000000000000000000, -5.00000000000000000000, -5.00000000000000000000, -5.00000000000000000000, -5.00000000000000000000, -5.00000000000000000000, -5.00000000000000000000, -5.00000000000000000000, -5.00000000000000000000, -5.00000000000000000000, -5.00000000000000000000, -5.00000000000000000000, -5.00000000000000000000, -5.00000000000000000000, -5.00000000000000000000, -5.00000000000000000000, -5.00000000000000000000, -5.00000000000000000000, -5.00000000000000000000, -5.00000000000000000000, -5.00000000000000000000, -5.00000000000000000000, -5.00000000000000000000, -5.00000000000000000000, -5.00000000000000000000, -5.00000000000000000000, -5.00000000000000000000, -5.00000000000000000000, -5.00000000000000000000, -5.00000000000000000000, -5.00000000000000000000, -5.00000000000000000000, -5.00000000000000000000, -5.00000000000000000000, -5.00000000000000000000, -5.00000000000000000000, -5.00000000000000000000, -5.00000000000000000000, -5.00000000000000000000, -5.00000000000000000000, -5.00000000000000000000, -5.00000000000000000000, -5.00000000000000000000, -5.00000000000000000000, -5.00000000000000000000, -5.00000000000000000000, -5.00000000000000000000, -5.00000000000000000000, -5.00000000000000000000, -5.00000000000000000000, -5.00000000000000000000, -5.00000000000000000000, -5.00000000000000000000, -5.00000000000000000000, -5.00000000000000000000, -5.00000000000000000000, -5.00000000000000000000, -5.00000000000000000000, -5.00000000000000000000, -5.00000000000000000000, -5.00000000000000000000, -5.00000000000000000000]
load_sc_2.load1.i[2]=[-5.00000000000000000000, -5.00000000000000000000]
load_sc_1.load1.i[2]=[-5.00000000000000000000, -5.00000000000000000000]
