last-generated=2014-10-03
probeWye.V[2]=[1.00000000000000000000, 1.00000000000000000000]
probeWye.V[1]=[1.00000000000000000000, 1.00000000000000000000]
probeWye.V[3]=[1.00000000000000000000, 1.00000000000000000000]
time=[0.00000000000000000000, 1.00000000000000000000]
probeDelta.V[1]=[1.00000000000000000000, 1.00000000000000000000]
probeDelta.V[2]=[1.00000000000000000000, 1.00000000000000000000]
probeDelta.V[3]=[1.00000000000000000000, 1.00000000000000000000]
probeWye_N.V[3]=[1.00000000000000000000, 1.00000000000000000000]
probeWye_N.V[2]=[1.00000000000000000000, 1.00000000000000000000]
probeWye_N.V[1]=[1.00000000000000000000, 1.00000000000000000000]
sen.I[2]=[36.08439254760742187500, 36.08439254760742187500, 36.08439254760742187500, 36.08439254760742187500, 36.08439254760742187500, 36.08439254760742187500, 36.08439254760742187500, 36.08439254760742187500, 36.08439254760742187500, 36.08439254760742187500, 36.08439254760742187500, 36.08439254760742187500, 36.08439254760742187500, 36.08439254760742187500, 36.08439254760742187500, 36.08439254760742187500, 36.08439254760742187500, 36.08439254760742187500, 36.08439254760742187500, 36.08439254760742187500, 36.08439254760742187500, 36.08439254760742187500, 36.08439254760742187500, 36.08439254760742187500, 36.08439254760742187500, 36.08439254760742187500, 34.64101653730091356920, 33.19764101391415067610, 31.75426500360537218626, 30.31088708596843162013, 28.86751537725164595827, 27.42413745960560333970, 25.98076144930819353362, 24.53738783325073313790, 23.09401182295332333183, 21.65063390530728781869, 20.20726219659846023546, 18.76388427895241761689, 17.32050826865500425811, 15.87713035100896341589, 14.43375768862581942642, 12.99038072465410031953, 11.54700376068237410720, 10.10363109829581951260, 8.66025413432750212905, 7.21687669351861771361, 5.77350403113348509265, 4.33012706716375550542, 2.88674986477344974745, 1.44337708317987956086, 0.00000000000004594599, 1.44337708315936819048, 2.88675416631873638096, 4.33013136868398351709, 5.77349972959304924558, 7.21687669354426475365, 8.66025413432238266864, 10.10363109828042738059, 11.54700806223505438197, 12.99038502618626900187, 14.43375338708851352010, 15.87713035103972991635, 17.32050826866526094250, 18.76388427894216093250, 20.20726219656769373501, 21.65063820684459017230, 23.09400752142115109677, 24.53738353169805108678, 25.98076144932358388928, 27.42413745961072280011, 28.86751537722599891822, 30.31089138750289890822, 31.75426070207945983270, 33.19763671237454616403, 34.64101653732142693798, 36.08439254760742187500, 36.08439254760742187500, 36.08439254760742187500, 36.08439254760742187500, 36.08439254760742187500, 36.08439254760742187500, 36.08439254760742187500, 36.08439254760742187500, 36.08439254760742187500, 36.08439254760742187500, 36.08439254760742187500, 36.08439254760742187500, 36.08439254760742187500, 36.08439254760742187500, 36.08439254760742187500, 36.08439254760742187500, 36.08439254760742187500, 36.08439254760742187500, 36.08439254760742187500, 36.08439254760742187500, 36.08439254760742187500, 36.08439254760742187500, 36.08439254760742187500, 36.08439254760742187500, 36.08439254760742187500, 36.08439254760742187500]
sen.I[3]=[36.08439254760742187500, 36.08439254760742187500, 36.08439254760742187500, 36.08439254760742187500, 36.08439254760742187500, 36.08439254760742187500, 36.08439254760742187500, 36.08439254760742187500, 36.08439254760742187500, 36.08439254760742187500, 36.08439254760742187500, 36.08439254760742187500, 36.08439254760742187500, 36.08439254760742187500, 36.08439254760742187500, 36.08439254760742187500, 36.08439254760742187500, 36.08439254760742187500, 36.08439254760742187500, 36.08439254760742187500, 36.08439254760742187500, 36.08439254760742187500, 36.08439254760742187500, 36.08439254760742187500, 36.08439254760742187500, 36.08439254760742187500, 34.64101653730091356920, 33.19764101391415067610, 31.75426500360537218626, 30.31088708596843162013, 28.86751537725164595827, 27.42413745960560333970, 25.98076144930819353362, 24.53738783325073313790, 23.09401182295332333183, 21.65063390530728781869, 20.20726219659846023546, 18.76388427895241761689, 17.32050826865500425811, 15.87713035100896341589, 14.43375768862581942642, 12.99038072465410031953, 11.54700376068237410720, 10.10363109829581951260, 8.66025413432750212905, 7.21687669351861771361, 5.77350403113348509265, 4.33012706716375550542, 2.88674986477344974745, 1.44337708317987956086, 0.00000000000004594599, 1.44337708315936819048, 2.88675416631873638096, 4.33013136868398351709, 5.77349972959304924558, 7.21687669354426475365, 8.66025413432238266864, 10.10363109828042738059, 11.54700806223505438197, 12.99038502618626900187, 14.43375338708851352010, 15.87713035103972991635, 17.32050826866526094250, 18.76388427894216093250, 20.20726219656769373501, 21.65063820684459017230, 23.09400752142115109677, 24.53738353169805108678, 25.98076144932358388928, 27.42413745961072280011, 28.86751537722599891822, 30.31089138750289890822, 31.75426070207945983270, 33.19763671237454616403, 34.64101653732142693798, 36.08439254760742187500, 36.08439254760742187500, 36.08439254760742187500, 36.08439254760742187500, 36.08439254760742187500, 36.08439254760742187500, 36.08439254760742187500, 36.08439254760742187500, 36.08439254760742187500, 36.08439254760742187500, 36.08439254760742187500, 36.08439254760742187500, 36.08439254760742187500, 36.08439254760742187500, 36.08439254760742187500, 36.08439254760742187500, 36.08439254760742187500, 36.08439254760742187500, 36.08439254760742187500, 36.08439254760742187500, 36.08439254760742187500, 36.08439254760742187500, 36.08439254760742187500, 36.08439254760742187500, 36.08439254760742187500, 36.08439254760742187500]
sen.I[1]=[36.08439254760742187500, 36.08439254760742187500, 36.08439254760742187500, 36.08439254760742187500, 36.08439254760742187500, 36.08439254760742187500, 36.08439254760742187500, 36.08439254760742187500, 36.08439254760742187500, 36.08439254760742187500, 36.08439254760742187500, 36.08439254760742187500, 36.08439254760742187500, 36.08439254760742187500, 36.08439254760742187500, 36.08439254760742187500, 36.08439254760742187500, 36.08439254760742187500, 36.08439254760742187500, 36.08439254760742187500, 36.08439254760742187500, 36.08439254760742187500, 36.08439254760742187500, 36.08439254760742187500, 36.08439254760742187500, 36.08439254760742187500, 34.64101653730091356920, 33.19764101391415067610, 31.75426500360537218626, 30.31088708596843162013, 28.86751537725164595827, 27.42413745960560333970, 25.98076144930819353362, 24.53738783325073313790, 23.09401182295332333183, 21.65063390530728781869, 20.20726219659846023546, 18.76388427895241761689, 17.32050826865500425811, 15.87713035100896341589, 14.43375768862581942642, 12.99038072465410031953, 11.54700376068237410720, 10.10363109829581951260, 8.66025413432750212905, 7.21687669351861771361, 5.77350403113348509265, 4.33012706716375550542, 2.88674986477344974745, 1.44337708317987956086, 0.00000000000004594599, 1.44337708315936819048, 2.88675416631873638096, 4.33013136868398351709, 5.77349972959304924558, 7.21687669354426475365, 8.66025413432238266864, 10.10363109828042738059, 11.54700806223505438197, 12.99038502618626900187, 14.43375338708851352010, 15.87713035103972991635, 17.32050826866526094250, 18.76388427894216093250, 20.20726219656769373501, 21.65063820684459017230, 23.09400752142115109677, 24.53738353169805108678, 25.98076144932358388928, 27.42413745961072280011, 28.86751537722599891822, 30.31089138750289890822, 31.75426070207945983270, 33.19763671237454616403, 34.64101653732142693798, 36.08439254760742187500, 36.08439254760742187500, 36.08439254760742187500, 36.08439254760742187500, 36.08439254760742187500, 36.08439254760742187500, 36.08439254760742187500, 36.08439254760742187500, 36.08439254760742187500, 36.08439254760742187500, 36.08439254760742187500, 36.08439254760742187500, 36.08439254760742187500, 36.08439254760742187500, 36.08439254760742187500, 36.08439254760742187500, 36.08439254760742187500, 36.08439254760742187500, 36.08439254760742187500, 36.08439254760742187500, 36.08439254760742187500, 36.08439254760742187500, 36.08439254760742187500, 36.08439254760742187500, 36.08439254760742187500, 36.08439254760742187500]
sen_N.I[2]=[36.08439254760742187500, 36.08439254760742187500, 36.08439254760742187500, 36.08439254760742187500, 36.08439254760742187500, 36.08439254760742187500, 36.08439254760742187500, 36.08439254760742187500, 36.08439254760742187500, 36.08439254760742187500, 36.08439254760742187500, 36.08439254760742187500, 36.08439254760742187500, 36.08439254760742187500, 36.08439254760742187500, 36.08439254760742187500, 36.08439254760742187500, 36.08439254760742187500, 36.08439254760742187500, 36.08439254760742187500, 36.08439254760742187500, 36.08439254760742187500, 36.08439254760742187500, 36.08439254760742187500, 36.08439254760742187500, 36.08439254760742187500, 34.64101653730091356920, 33.19764101391415067610, 31.75426500360537218626, 30.31088708596843162013, 28.86751537725164595827, 27.42413745960560333970, 25.98076144930819353362, 24.53738783325073313790, 23.09401182295332333183, 21.65063390530728781869, 20.20726219659846023546, 18.76388427895241761689, 17.32050826865500425811, 15.87713035100896341589, 14.43375768862581942642, 12.99038072465410031953, 11.54700376068237410720, 10.10363109829581951260, 8.66025413432750212905, 7.21687669351861771361, 5.77350403113348509265, 4.33012706716375550542, 2.88674986477344974745, 1.44337708317987956086, 0.00000000000004594599, 1.44337708315936819048, 2.88675416631873638096, 4.33013136868398351709, 5.77349972959304924558, 7.21687669354426475365, 8.66025413432238266864, 10.10363109828042738059, 11.54700806223505438197, 12.99038502618626900187, 14.43375338708851352010, 15.87713035103972991635, 17.32050826866526094250, 18.76388427894216093250, 20.20726219656769373501, 21.65063820684459017230, 23.09400752142115109677, 24.53738353169805108678, 25.98076144932358388928, 27.42413745961072280011, 28.86751537722599891822, 30.31089138750289890822, 31.75426070207945983270, 33.19763671237454616403, 34.64101653732142693798, 36.08439254760742187500, 36.08439254760742187500, 36.08439254760742187500, 36.08439254760742187500, 36.08439254760742187500, 36.08439254760742187500, 36.08439254760742187500, 36.08439254760742187500, 36.08439254760742187500, 36.08439254760742187500, 36.08439254760742187500, 36.08439254760742187500, 36.08439254760742187500, 36.08439254760742187500, 36.08439254760742187500, 36.08439254760742187500, 36.08439254760742187500, 36.08439254760742187500, 36.08439254760742187500, 36.08439254760742187500, 36.08439254760742187500, 36.08439254760742187500, 36.08439254760742187500, 36.08439254760742187500, 36.08439254760742187500, 36.08439254760742187500]
sen_N.I[3]=[36.08439254760742187500, 36.08439254760742187500, 36.08439254760742187500, 36.08439254760742187500, 36.08439254760742187500, 36.08439254760742187500, 36.08439254760742187500, 36.08439254760742187500, 36.08439254760742187500, 36.08439254760742187500, 36.08439254760742187500, 36.08439254760742187500, 36.08439254760742187500, 36.08439254760742187500, 36.08439254760742187500, 36.08439254760742187500, 36.08439254760742187500, 36.08439254760742187500, 36.08439254760742187500, 36.08439254760742187500, 36.08439254760742187500, 36.08439254760742187500, 36.08439254760742187500, 36.08439254760742187500, 36.08439254760742187500, 36.08439254760742187500, 34.64101653730091356920, 33.19764101391415067610, 31.75426500360537218626, 30.31088708596843162013, 28.86751537725164595827, 27.42413745960560333970, 25.98076144930819353362, 24.53738783325073313790, 23.09401182295332333183, 21.65063390530728781869, 20.20726219659846023546, 18.76388427895241761689, 17.32050826865500425811, 15.87713035100896341589, 14.43375768862581942642, 12.99038072465410031953, 11.54700376068237410720, 10.10363109829581951260, 8.66025413432750212905, 7.21687669351861771361, 5.77350403113348509265, 4.33012706716375550542, 2.88674986477344974745, 1.44337708317987956086, 0.00000000000004594599, 1.44337708315936819048, 2.88675416631873638096, 4.33013136868398351709, 5.77349972959304924558, 7.21687669354426475365, 8.66025413432238266864, 10.10363109828042738059, 11.54700806223505438197, 12.99038502618626900187, 14.43375338708851352010, 15.87713035103972991635, 17.32050826866526094250, 18.76388427894216093250, 20.20726219656769373501, 21.65063820684459017230, 23.09400752142115109677, 24.53738353169805108678, 25.98076144932358388928, 27.42413745961072280011, 28.86751537722599891822, 30.31089138750289890822, 31.75426070207945983270, 33.19763671237454616403, 34.64101653732142693798, 36.08439254760742187500, 36.08439254760742187500, 36.08439254760742187500, 36.08439254760742187500, 36.08439254760742187500, 36.08439254760742187500, 36.08439254760742187500, 36.08439254760742187500, 36.08439254760742187500, 36.08439254760742187500, 36.08439254760742187500, 36.08439254760742187500, 36.08439254760742187500, 36.08439254760742187500, 36.08439254760742187500, 36.08439254760742187500, 36.08439254760742187500, 36.08439254760742187500, 36.08439254760742187500, 36.08439254760742187500, 36.08439254760742187500, 36.08439254760742187500, 36.08439254760742187500, 36.08439254760742187500, 36.08439254760742187500, 36.08439254760742187500]
sen_N.I[1]=[36.08439254760742187500, 36.08439254760742187500, 36.08439254760742187500, 36.08439254760742187500, 36.08439254760742187500, 36.08439254760742187500, 36.08439254760742187500, 36.08439254760742187500, 36.08439254760742187500, 36.08439254760742187500, 36.08439254760742187500, 36.08439254760742187500, 36.08439254760742187500, 36.08439254760742187500, 36.08439254760742187500, 36.08439254760742187500, 36.08439254760742187500, 36.08439254760742187500, 36.08439254760742187500, 36.08439254760742187500, 36.08439254760742187500, 36.08439254760742187500, 36.08439254760742187500, 36.08439254760742187500, 36.08439254760742187500, 36.08439254760742187500, 34.64101653730091356920, 33.19764101391415067610, 31.75426500360537218626, 30.31088708596843162013, 28.86751537725164595827, 27.42413745960560333970, 25.98076144930819353362, 24.53738783325073313790, 23.09401182295332333183, 21.65063390530728781869, 20.20726219659846023546, 18.76388427895241761689, 17.32050826865500425811, 15.87713035100896341589, 14.43375768862581942642, 12.99038072465410031953, 11.54700376068237410720, 10.10363109829581951260, 8.66025413432750212905, 7.21687669351861771361, 5.77350403113348509265, 4.33012706716375550542, 2.88674986477344974745, 1.44337708317987956086, 0.00000000000004594599, 1.44337708315936819048, 2.88675416631873638096, 4.33013136868398351709, 5.77349972959304924558, 7.21687669354426475365, 8.66025413432238266864, 10.10363109828042738059, 11.54700806223505438197, 12.99038502618626900187, 14.43375338708851352010, 15.87713035103972991635, 17.32050826866526094250, 18.76388427894216093250, 20.20726219656769373501, 21.65063820684459017230, 23.09400752142115109677, 24.53738353169805108678, 25.98076144932358388928, 27.42413745961072280011, 28.86751537722599891822, 30.31089138750289890822, 31.75426070207945983270, 33.19763671237454616403, 34.64101653732142693798, 36.08439254760742187500, 36.08439254760742187500, 36.08439254760742187500, 36.08439254760742187500, 36.08439254760742187500, 36.08439254760742187500, 36.08439254760742187500, 36.08439254760742187500, 36.08439254760742187500, 36.08439254760742187500, 36.08439254760742187500, 36.08439254760742187500, 36.08439254760742187500, 36.08439254760742187500, 36.08439254760742187500, 36.08439254760742187500, 36.08439254760742187500, 36.08439254760742187500, 36.08439254760742187500, 36.08439254760742187500, 36.08439254760742187500, 36.08439254760742187500, 36.08439254760742187500, 36.08439254760742187500, 36.08439254760742187500, 36.08439254760742187500]
sen_N.I[4]=[0.00000000000002071570, 0.00000000000002071570, 0.00000000000002071570, 0.00000000000002071570, 0.00000000000002071570, 0.00000000000002071570, 0.00000000000002071570, 0.00000000000002071570, 0.00000000000002071570, 0.00000000000002071570, 0.00000000000002071570, 0.00000000000002071570, 0.00000000000002071570, 0.00000000000002071570, 0.00000000000002071570, 0.00000000000002071570, 0.00000000000002071570, 0.00000000000002071570, 0.00000000000002071570, 0.00000000000002071570, 0.00000000000002071570, 0.00000000000002071570, 0.00000000000002071570, 0.00000000000002071570, 0.00000000000002071570, 0.00000000000002071570, 0.00000000000002512146, 0.00000000000002071569, 0.00000000000002071570, 0.00000000000001986027, 0.00000000000001675812, 0.00000000000001675812, 0.00000000000001588821, 0.00000000000001387379, 0.00000000000001137423, 0.00000000000001004860, 0.00000000000001280948, 0.00000000000001191616, 0.00000000000000753644, 0.00000000000000944146, 0.00000000000000837906, 0.00000000000000794411, 0.00000000000000794411, 0.00000000000000561734, 0.00000000000000517892, 0.00000000000000418953, 0.00000000000000379430, 0.00000000000000258946, 0.00000000000000148952, 0.00000000000000099301, 0.00000000000000000000, 0.00000000000000104738, 0.00000000000000160119, 0.00000000000000258947, 0.00000000000000418952, 0.00000000000000418953, 0.00000000000000517892, 0.00000000000000753644, 0.00000000000000794411, 0.00000000000000837906, 0.00000000000000837906, 0.00000000000000693691, 0.00000000000000753644, 0.00000000000000794411, 0.00000000000000794411, 0.00000000000001004864, 0.00000000000001675810, 0.00000000000001464823, 0.00000000000001588822, 0.00000000000001191617, 0.00000000000001637718, 0.00000000000001888291, 0.00000000000002009714, 0.00000000000001776357, 0.00000000000002071570, 0.00000000000002071570, 0.00000000000002071570, 0.00000000000002071570, 0.00000000000002071570, 0.00000000000002071570, 0.00000000000002071570, 0.00000000000002071570, 0.00000000000002071570, 0.00000000000002071570, 0.00000000000002071570, 0.00000000000002071570, 0.00000000000002071570, 0.00000000000002071570, 0.00000000000002071570, 0.00000000000002071570, 0.00000000000002071570, 0.00000000000002071570, 0.00000000000002071570, 0.00000000000002071570, 0.00000000000002071570, 0.00000000000002071570, 0.00000000000002071570, 0.00000000000002071570, 0.00000000000002071570, 0.00000000000002071570, 0.00000000000002071570]
sen_N.S[4, 1]=[0.00000000000000000000, 0.00000000000000000000]
sen_N.S[3, 1]=[10000.00000000000000000000, 10000.00000000000000000000, 10000.00000000000000000000, 10000.00000000000000000000, 10000.00000000000000000000, 10000.00000000000000000000, 10000.00000000000000000000, 10000.00000000000000000000, 10000.00000000000000000000, 10000.00000000000000000000, 10000.00000000000000000000, 10000.00000000000000000000, 10000.00000000000000000000, 10000.00000000000000000000, 10000.00000000000000000000, 10000.00000000000000000000, 10000.00000000000000000000, 10000.00000000000000000000, 10000.00000000000000000000, 10000.00000000000000000000, 10000.00000000000000000000, 10000.00000000000000000000, 10000.00000000000000000000, 10000.00000000000000000000, 10000.00000000000000000000, 10000.00000000000000000000, 9599.99961853104650799651, 9200.00042915257108688820, 8800.00004768361759488471, 8399.99966621466592187062, 8000.00047683619231975172, 7600.00009536723882774822, 7199.99971389828442625003, 6800.00052451981082413113, 6400.00014305085642263293, 5999.99976158190474961884, 5600.00057220343114749994, 5200.00019073447674600175, 4799.99980926552325399825, 4399.99942779656885250006, 4000.00023841809525038116, 3599.99985694914357736707, 3199.99947548018963061622, 2800.00028610171557374997, 2399.99990463276162699913, 1999.99952316380768024828, 1600.00033378533339600835, 1199.99995231638195036794, 799.99957084742800361710, 400.00038146895383306401, -0.00000000001273292582, -400.00038146326960486476, -800.00076292653920972953, -1200.00114438980881459429, -1599.99914170764554910420, -1999.99952317091515396896, -2399.99990463134281526436, -2800.00028609745004359866, -3200.00066756071964846342, -3600.00104902398925332818, -3999.99904634182576046442, -4399.99942780509536532918, -4799.99980926836542494129, -5200.00019073163457505871, -5600.00057219490463467082, -6000.00095365817378478823, -6399.99895097601074667182, -6799.99933243928080628393, -7199.99971390254995640134, -7600.00009536865763948299, -8000.00047682908461865736, -8400.00085829235467826948, -8799.99885561019073065836, -9199.99923707345988077577, -9599.99961853673084988259, -10000.00000000000000000000, -10000.00000000000000000000, -10000.00000000000000000000, -10000.00000000000000000000, -10000.00000000000000000000, -10000.00000000000000000000, -10000.00000000000000000000, -10000.00000000000000000000, -10000.00000000000000000000, -10000.00000000000000000000, -10000.00000000000000000000, -10000.00000000000000000000, -10000.00000000000000000000, -10000.00000000000000000000, -10000.00000000000000000000, -10000.00000000000000000000, -10000.00000000000000000000, -10000.00000000000000000000, -10000.00000000000000000000, -10000.00000000000000000000, -10000.00000000000000000000, -10000.00000000000000000000, -10000.00000000000000000000, -10000.00000000000000000000, -10000.00000000000000000000, -10000.00000000000000000000]
sen.S[2, 1]=[10000.00000000000000000000, 10000.00000000000000000000, 10000.00000000000000000000, 10000.00000000000000000000, 10000.00000000000000000000, 10000.00000000000000000000, 10000.00000000000000000000, 10000.00000000000000000000, 10000.00000000000000000000, 10000.00000000000000000000, 10000.00000000000000000000, 10000.00000000000000000000, 10000.00000000000000000000, 10000.00000000000000000000, 10000.00000000000000000000, 10000.00000000000000000000, 10000.00000000000000000000, 10000.00000000000000000000, 10000.00000000000000000000, 10000.00000000000000000000, 10000.00000000000000000000, 10000.00000000000000000000, 10000.00000000000000000000, 10000.00000000000000000000, 10000.00000000000000000000, 10000.00000000000000000000, 9599.99961853104650799651, 9200.00042915257108688820, 8800.00004768361759488471, 8399.99966621466592187062, 8000.00047683619231975172, 7600.00009536723882774822, 7199.99971389828442625003, 6800.00052451981082413113, 6400.00014305085642263293, 5999.99976158190474961884, 5600.00057220343114749994, 5200.00019073447674600175, 4799.99980926552325399825, 4399.99942779656885250006, 4000.00023841809525038116, 3599.99985694914357736707, 3199.99947548018963061622, 2800.00028610171557374997, 2399.99990463276162699913, 1999.99952316380768024828, 1600.00033378533339600835, 1199.99995231638195036794, 799.99957084742800361710, 400.00038146895383306401, -0.00000000001273292582, -400.00038146326960486476, -800.00076292653920972953, -1200.00114438980881459429, -1599.99914170764554910420, -1999.99952317091515396896, -2399.99990463134281526436, -2800.00028609745004359866, -3200.00066756071964846342, -3600.00104902398925332818, -3999.99904634182576046442, -4399.99942780509536532918, -4799.99980926836542494129, -5200.00019073163457505871, -5600.00057219490463467082, -6000.00095365817378478823, -6399.99895097601074667182, -6799.99933243928080628393, -7199.99971390254995640134, -7600.00009536865763948299, -8000.00047682908461865736, -8400.00085829235467826948, -8799.99885561019073065836, -9199.99923707345988077577, -9599.99961853673084988259, -10000.00000000000000000000, -10000.00000000000000000000, -10000.00000000000000000000, -10000.00000000000000000000, -10000.00000000000000000000, -10000.00000000000000000000, -10000.00000000000000000000, -10000.00000000000000000000, -10000.00000000000000000000, -10000.00000000000000000000, -10000.00000000000000000000, -10000.00000000000000000000, -10000.00000000000000000000, -10000.00000000000000000000, -10000.00000000000000000000, -10000.00000000000000000000, -10000.00000000000000000000, -10000.00000000000000000000, -10000.00000000000000000000, -10000.00000000000000000000, -10000.00000000000000000000, -10000.00000000000000000000, -10000.00000000000000000000, -10000.00000000000000000000, -10000.00000000000000000000, -10000.00000000000000000000]
sen.S[1, 1]=[10000.00000000000000000000, 10000.00000000000000000000, 10000.00000000000000000000, 10000.00000000000000000000, 10000.00000000000000000000, 10000.00000000000000000000, 10000.00000000000000000000, 10000.00000000000000000000, 10000.00000000000000000000, 10000.00000000000000000000, 10000.00000000000000000000, 10000.00000000000000000000, 10000.00000000000000000000, 10000.00000000000000000000, 10000.00000000000000000000, 10000.00000000000000000000, 10000.00000000000000000000, 10000.00000000000000000000, 10000.00000000000000000000, 10000.00000000000000000000, 10000.00000000000000000000, 10000.00000000000000000000, 10000.00000000000000000000, 10000.00000000000000000000, 10000.00000000000000000000, 10000.00000000000000000000, 9599.99961853104650799651, 9200.00042915257108688820, 8800.00004768361759488471, 8399.99966621466592187062, 8000.00047683619231975172, 7600.00009536723882774822, 7199.99971389828442625003, 6800.00052451981082413113, 6400.00014305085642263293, 5999.99976158190474961884, 5600.00057220343114749994, 5200.00019073447674600175, 4799.99980926552325399825, 4399.99942779656885250006, 4000.00023841809525038116, 3599.99985694914357736707, 3199.99947548018963061622, 2800.00028610171557374997, 2399.99990463276162699913, 1999.99952316380768024828, 1600.00033378533339600835, 1199.99995231638195036794, 799.99957084742800361710, 400.00038146895383306401, -0.00000000001273292582, -400.00038146326960486476, -800.00076292653920972953, -1200.00114438980881459429, -1599.99914170764554910420, -1999.99952317091515396896, -2399.99990463134281526436, -2800.00028609745004359866, -3200.00066756071964846342, -3600.00104902398925332818, -3999.99904634182576046442, -4399.99942780509536532918, -4799.99980926836542494129, -5200.00019073163457505871, -5600.00057219490463467082, -6000.00095365817378478823, -6399.99895097601074667182, -6799.99933243928080628393, -7199.99971390254995640134, -7600.00009536865763948299, -8000.00047682908461865736, -8400.00085829235467826948, -8799.99885561019073065836, -9199.99923707345988077577, -9599.99961853673084988259, -10000.00000000000000000000, -10000.00000000000000000000, -10000.00000000000000000000, -10000.00000000000000000000, -10000.00000000000000000000, -10000.00000000000000000000, -10000.00000000000000000000, -10000.00000000000000000000, -10000.00000000000000000000, -10000.00000000000000000000, -10000.00000000000000000000, -10000.00000000000000000000, -10000.00000000000000000000, -10000.00000000000000000000, -10000.00000000000000000000, -10000.00000000000000000000, -10000.00000000000000000000, -10000.00000000000000000000, -10000.00000000000000000000, -10000.00000000000000000000, -10000.00000000000000000000, -10000.00000000000000000000, -10000.00000000000000000000, -10000.00000000000000000000, -10000.00000000000000000000, -10000.00000000000000000000]
sen.S[3, 1]=[10000.00000000000000000000, 10000.00000000000000000000, 10000.00000000000000000000, 10000.00000000000000000000, 10000.00000000000000000000, 10000.00000000000000000000, 10000.00000000000000000000, 10000.00000000000000000000, 10000.00000000000000000000, 10000.00000000000000000000, 10000.00000000000000000000, 10000.00000000000000000000, 10000.00000000000000000000, 10000.00000000000000000000, 10000.00000000000000000000, 10000.00000000000000000000, 10000.00000000000000000000, 10000.00000000000000000000, 10000.00000000000000000000, 10000.00000000000000000000, 10000.00000000000000000000, 10000.00000000000000000000, 10000.00000000000000000000, 10000.00000000000000000000, 10000.00000000000000000000, 10000.00000000000000000000, 9599.99961853104650799651, 9200.00042915257108688820, 8800.00004768361759488471, 8399.99966621466592187062, 8000.00047683619231975172, 7600.00009536723882774822, 7199.99971389828442625003, 6800.00052451981082413113, 6400.00014305085642263293, 5999.99976158190474961884, 5600.00057220343114749994, 5200.00019073447674600175, 4799.99980926552325399825, 4399.99942779656885250006, 4000.00023841809525038116, 3599.99985694914357736707, 3199.99947548018963061622, 2800.00028610171557374997, 2399.99990463276162699913, 1999.99952316380768024828, 1600.00033378533339600835, 1199.99995231638195036794, 799.99957084742800361710, 400.00038146895383306401, -0.00000000001273292582, -400.00038146326960486476, -800.00076292653920972953, -1200.00114438980881459429, -1599.99914170764554910420, -1999.99952317091515396896, -2399.99990463134281526436, -2800.00028609745004359866, -3200.00066756071964846342, -3600.00104902398925332818, -3999.99904634182576046442, -4399.99942780509536532918, -4799.99980926836542494129, -5200.00019073163457505871, -5600.00057219490463467082, -6000.00095365817378478823, -6399.99895097601074667182, -6799.99933243928080628393, -7199.99971390254995640134, -7600.00009536865763948299, -8000.00047682908461865736, -8400.00085829235467826948, -8799.99885561019073065836, -9199.99923707345988077577, -9599.99961853673084988259, -10000.00000000000000000000, -10000.00000000000000000000, -10000.00000000000000000000, -10000.00000000000000000000, -10000.00000000000000000000, -10000.00000000000000000000, -10000.00000000000000000000, -10000.00000000000000000000, -10000.00000000000000000000, -10000.00000000000000000000, -10000.00000000000000000000, -10000.00000000000000000000, -10000.00000000000000000000, -10000.00000000000000000000, -10000.00000000000000000000, -10000.00000000000000000000, -10000.00000000000000000000, -10000.00000000000000000000, -10000.00000000000000000000, -10000.00000000000000000000, -10000.00000000000000000000, -10000.00000000000000000000, -10000.00000000000000000000, -10000.00000000000000000000, -10000.00000000000000000000, -10000.00000000000000000000]
sen_N.S[2, 1]=[10000.00000000000000000000, 10000.00000000000000000000, 10000.00000000000000000000, 10000.00000000000000000000, 10000.00000000000000000000, 10000.00000000000000000000, 10000.00000000000000000000, 10000.00000000000000000000, 10000.00000000000000000000, 10000.00000000000000000000, 10000.00000000000000000000, 10000.00000000000000000000, 10000.00000000000000000000, 10000.00000000000000000000, 10000.00000000000000000000, 10000.00000000000000000000, 10000.00000000000000000000, 10000.00000000000000000000, 10000.00000000000000000000, 10000.00000000000000000000, 10000.00000000000000000000, 10000.00000000000000000000, 10000.00000000000000000000, 10000.00000000000000000000, 10000.00000000000000000000, 10000.00000000000000000000, 9599.99961853104650799651, 9200.00042915257108688820, 8800.00004768361759488471, 8399.99966621466592187062, 8000.00047683619231975172, 7600.00009536723882774822, 7199.99971389828442625003, 6800.00052451981082413113, 6400.00014305085642263293, 5999.99976158190474961884, 5600.00057220343114749994, 5200.00019073447674600175, 4799.99980926552325399825, 4399.99942779656885250006, 4000.00023841809525038116, 3599.99985694914357736707, 3199.99947548018963061622, 2800.00028610171557374997, 2399.99990463276162699913, 1999.99952316380768024828, 1600.00033378533339600835, 1199.99995231638195036794, 799.99957084742800361710, 400.00038146895383306401, -0.00000000001273292582, -400.00038146326960486476, -800.00076292653920972953, -1200.00114438980881459429, -1599.99914170764554910420, -1999.99952317091515396896, -2399.99990463134281526436, -2800.00028609745004359866, -3200.00066756071964846342, -3600.00104902398925332818, -3999.99904634182576046442, -4399.99942780509536532918, -4799.99980926836542494129, -5200.00019073163457505871, -5600.00057219490463467082, -6000.00095365817378478823, -6399.99895097601074667182, -6799.99933243928080628393, -7199.99971390254995640134, -7600.00009536865763948299, -8000.00047682908461865736, -8400.00085829235467826948, -8799.99885561019073065836, -9199.99923707345988077577, -9599.99961853673084988259, -10000.00000000000000000000, -10000.00000000000000000000, -10000.00000000000000000000, -10000.00000000000000000000, -10000.00000000000000000000, -10000.00000000000000000000, -10000.00000000000000000000, -10000.00000000000000000000, -10000.00000000000000000000, -10000.00000000000000000000, -10000.00000000000000000000, -10000.00000000000000000000, -10000.00000000000000000000, -10000.00000000000000000000, -10000.00000000000000000000, -10000.00000000000000000000, -10000.00000000000000000000, -10000.00000000000000000000, -10000.00000000000000000000, -10000.00000000000000000000, -10000.00000000000000000000, -10000.00000000000000000000, -10000.00000000000000000000, -10000.00000000000000000000, -10000.00000000000000000000, -10000.00000000000000000000]
sen_N.S[1, 1]=[10000.00000000000000000000, 10000.00000000000000000000, 10000.00000000000000000000, 10000.00000000000000000000, 10000.00000000000000000000, 10000.00000000000000000000, 10000.00000000000000000000, 10000.00000000000000000000, 10000.00000000000000000000, 10000.00000000000000000000, 10000.00000000000000000000, 10000.00000000000000000000, 10000.00000000000000000000, 10000.00000000000000000000, 10000.00000000000000000000, 10000.00000000000000000000, 10000.00000000000000000000, 10000.00000000000000000000, 10000.00000000000000000000, 10000.00000000000000000000, 10000.00000000000000000000, 10000.00000000000000000000, 10000.00000000000000000000, 10000.00000000000000000000, 10000.00000000000000000000, 10000.00000000000000000000, 9599.99961853104650799651, 9200.00042915257108688820, 8800.00004768361759488471, 8399.99966621466592187062, 8000.00047683619231975172, 7600.00009536723882774822, 7199.99971389828442625003, 6800.00052451981082413113, 6400.00014305085642263293, 5999.99976158190474961884, 5600.00057220343114749994, 5200.00019073447674600175, 4799.99980926552325399825, 4399.99942779656885250006, 4000.00023841809525038116, 3599.99985694914357736707, 3199.99947548018963061622, 2800.00028610171557374997, 2399.99990463276162699913, 1999.99952316380768024828, 1600.00033378533339600835, 1199.99995231638195036794, 799.99957084742800361710, 400.00038146895383306401, -0.00000000001273292582, -400.00038146326960486476, -800.00076292653920972953, -1200.00114438980881459429, -1599.99914170764554910420, -1999.99952317091515396896, -2399.99990463134281526436, -2800.00028609745004359866, -3200.00066756071964846342, -3600.00104902398925332818, -3999.99904634182576046442, -4399.99942780509536532918, -4799.99980926836542494129, -5200.00019073163457505871, -5600.00057219490463467082, -6000.00095365817378478823, -6399.99895097601074667182, -6799.99933243928080628393, -7199.99971390254995640134, -7600.00009536865763948299, -8000.00047682908461865736, -8400.00085829235467826948, -8799.99885561019073065836, -9199.99923707345988077577, -9599.99961853673084988259, -10000.00000000000000000000, -10000.00000000000000000000, -10000.00000000000000000000, -10000.00000000000000000000, -10000.00000000000000000000, -10000.00000000000000000000, -10000.00000000000000000000, -10000.00000000000000000000, -10000.00000000000000000000, -10000.00000000000000000000, -10000.00000000000000000000, -10000.00000000000000000000, -10000.00000000000000000000, -10000.00000000000000000000, -10000.00000000000000000000, -10000.00000000000000000000, -10000.00000000000000000000, -10000.00000000000000000000, -10000.00000000000000000000, -10000.00000000000000000000, -10000.00000000000000000000, -10000.00000000000000000000, -10000.00000000000000000000, -10000.00000000000000000000, -10000.00000000000000000000, -10000.00000000000000000000]
source.vPhase[1].S[1]=[-10000.00000000000000000000, -10000.00000000000000000000, -10000.00000000000000000000, -10000.00000000000000000000, -10000.00000000000000000000, -10000.00000000000000000000, -10000.00000000000000000000, -10000.00000000000000000000, -10000.00000000000000000000, -10000.00000000000000000000, -10000.00000000000000000000, -10000.00000000000000000000, -10000.00000000000000000000, -10000.00000000000000000000, -10000.00000000000000000000, -10000.00000000000000000000, -10000.00000000000000000000, -10000.00000000000000000000, -10000.00000000000000000000, -10000.00000000000000000000, -10000.00000000000000000000, -10000.00000000000000000000, -10000.00000000000000000000, -10000.00000000000000000000, -10000.00000000000000000000, -10000.00000000000000000000, -9599.99961853104650799651, -9200.00042915257108688820, -8800.00004768361759488471, -8399.99966621466592187062, -8000.00047683619231975172, -7600.00009536723882774822, -7199.99971389828442625003, -6800.00052451981082413113, -6400.00014305085642263293, -5999.99976158190474961884, -5600.00057220343114749994, -5200.00019073447674600175, -4799.99980926552325399825, -4399.99942779656885250006, -4000.00023841809525038116, -3599.99985694914357736707, -3199.99947548018963061622, -2800.00028610171557374997, -2399.99990463276162699913, -1999.99952316380768024828, -1600.00033378533339600835, -1199.99995231638195036794, -799.99957084742800361710, -400.00038146895383306401, 0.00000000001273292582, 400.00038146326960486476, 800.00076292653920972953, 1200.00114438980881459429, 1599.99914170764554910420, 1999.99952317091515396896, 2399.99990463134281526436, 2800.00028609745004359866, 3200.00066756071964846342, 3600.00104902398925332818, 3999.99904634182576046442, 4399.99942780509536532918, 4799.99980926836542494129, 5200.00019073163457505871, 5600.00057219490463467082, 6000.00095365817378478823, 6399.99895097601074667182, 6799.99933243928080628393, 7199.99971390254995640134, 7600.00009536865763948299, 8000.00047682908461865736, 8400.00085829235467826948, 8799.99885561019073065836, 9199.99923707345988077577, 9599.99961853673084988259, 10000.00000000000000000000, 10000.00000000000000000000, 10000.00000000000000000000, 10000.00000000000000000000, 10000.00000000000000000000, 10000.00000000000000000000, 10000.00000000000000000000, 10000.00000000000000000000, 10000.00000000000000000000, 10000.00000000000000000000, 10000.00000000000000000000, 10000.00000000000000000000, 10000.00000000000000000000, 10000.00000000000000000000, 10000.00000000000000000000, 10000.00000000000000000000, 10000.00000000000000000000, 10000.00000000000000000000, 10000.00000000000000000000, 10000.00000000000000000000, 10000.00000000000000000000, 10000.00000000000000000000, 10000.00000000000000000000, 10000.00000000000000000000, 10000.00000000000000000000, 10000.00000000000000000000]
source.vPhase[2].S[1]=[-10000.00000000000000000000, -10000.00000000000000000000, -10000.00000000000000000000, -10000.00000000000000000000, -10000.00000000000000000000, -10000.00000000000000000000, -10000.00000000000000000000, -10000.00000000000000000000, -10000.00000000000000000000, -10000.00000000000000000000, -10000.00000000000000000000, -10000.00000000000000000000, -10000.00000000000000000000, -10000.00000000000000000000, -10000.00000000000000000000, -10000.00000000000000000000, -10000.00000000000000000000, -10000.00000000000000000000, -10000.00000000000000000000, -10000.00000000000000000000, -10000.00000000000000000000, -10000.00000000000000000000, -10000.00000000000000000000, -10000.00000000000000000000, -10000.00000000000000000000, -10000.00000000000000000000, -9599.99961853104650799651, -9200.00042915257108688820, -8800.00004768361759488471, -8399.99966621466592187062, -8000.00047683619231975172, -7600.00009536723882774822, -7199.99971389828442625003, -6800.00052451981082413113, -6400.00014305085642263293, -5999.99976158190474961884, -5600.00057220343114749994, -5200.00019073447674600175, -4799.99980926552325399825, -4399.99942779656885250006, -4000.00023841809525038116, -3599.99985694914357736707, -3199.99947548018963061622, -2800.00028610171557374997, -2399.99990463276162699913, -1999.99952316380768024828, -1600.00033378533339600835, -1199.99995231638195036794, -799.99957084742800361710, -400.00038146895383306401, 0.00000000001273292582, 400.00038146326960486476, 800.00076292653920972953, 1200.00114438980881459429, 1599.99914170764554910420, 1999.99952317091515396896, 2399.99990463134281526436, 2800.00028609745004359866, 3200.00066756071964846342, 3600.00104902398925332818, 3999.99904634182576046442, 4399.99942780509536532918, 4799.99980926836542494129, 5200.00019073163457505871, 5600.00057219490463467082, 6000.00095365817378478823, 6399.99895097601074667182, 6799.99933243928080628393, 7199.99971390254995640134, 7600.00009536865763948299, 8000.00047682908461865736, 8400.00085829235467826948, 8799.99885561019073065836, 9199.99923707345988077577, 9599.99961853673084988259, 10000.00000000000000000000, 10000.00000000000000000000, 10000.00000000000000000000, 10000.00000000000000000000, 10000.00000000000000000000, 10000.00000000000000000000, 10000.00000000000000000000, 10000.00000000000000000000, 10000.00000000000000000000, 10000.00000000000000000000, 10000.00000000000000000000, 10000.00000000000000000000, 10000.00000000000000000000, 10000.00000000000000000000, 10000.00000000000000000000, 10000.00000000000000000000, 10000.00000000000000000000, 10000.00000000000000000000, 10000.00000000000000000000, 10000.00000000000000000000, 10000.00000000000000000000, 10000.00000000000000000000, 10000.00000000000000000000, 10000.00000000000000000000, 10000.00000000000000000000, 10000.00000000000000000000]
source.vPhase[3].S[1]=[-10000.00000000000000000000, -10000.00000000000000000000, -10000.00000000000000000000, -10000.00000000000000000000, -10000.00000000000000000000, -10000.00000000000000000000, -10000.00000000000000000000, -10000.00000000000000000000, -10000.00000000000000000000, -10000.00000000000000000000, -10000.00000000000000000000, -10000.00000000000000000000, -10000.00000000000000000000, -10000.00000000000000000000, -10000.00000000000000000000, -10000.00000000000000000000, -10000.00000000000000000000, -10000.00000000000000000000, -10000.00000000000000000000, -10000.00000000000000000000, -10000.00000000000000000000, -10000.00000000000000000000, -10000.00000000000000000000, -10000.00000000000000000000, -10000.00000000000000000000, -10000.00000000000000000000, -9599.99961853104650799651, -9200.00042915257108688820, -8800.00004768361759488471, -8399.99966621466592187062, -8000.00047683619231975172, -7600.00009536723882774822, -7199.99971389828442625003, -6800.00052451981082413113, -6400.00014305085642263293, -5999.99976158190474961884, -5600.00057220343114749994, -5200.00019073447674600175, -4799.99980926552325399825, -4399.99942779656885250006, -4000.00023841809525038116, -3599.99985694914357736707, -3199.99947548018963061622, -2800.00028610171557374997, -2399.99990463276162699913, -1999.99952316380768024828, -1600.00033378533339600835, -1199.99995231638195036794, -799.99957084742800361710, -400.00038146895383306401, 0.00000000001273292582, 400.00038146326960486476, 800.00076292653920972953, 1200.00114438980881459429, 1599.99914170764554910420, 1999.99952317091515396896, 2399.99990463134281526436, 2800.00028609745004359866, 3200.00066756071964846342, 3600.00104902398925332818, 3999.99904634182576046442, 4399.99942780509536532918, 4799.99980926836542494129, 5200.00019073163457505871, 5600.00057219490463467082, 6000.00095365817378478823, 6399.99895097601074667182, 6799.99933243928080628393, 7199.99971390254995640134, 7600.00009536865763948299, 8000.00047682908461865736, 8400.00085829235467826948, 8799.99885561019073065836, 9199.99923707345988077577, 9599.99961853673084988259, 10000.00000000000000000000, 10000.00000000000000000000, 10000.00000000000000000000, 10000.00000000000000000000, 10000.00000000000000000000, 10000.00000000000000000000, 10000.00000000000000000000, 10000.00000000000000000000, 10000.00000000000000000000, 10000.00000000000000000000, 10000.00000000000000000000, 10000.00000000000000000000, 10000.00000000000000000000, 10000.00000000000000000000, 10000.00000000000000000000, 10000.00000000000000000000, 10000.00000000000000000000, 10000.00000000000000000000, 10000.00000000000000000000, 10000.00000000000000000000, 10000.00000000000000000000, 10000.00000000000000000000, 10000.00000000000000000000, 10000.00000000000000000000, 10000.00000000000000000000, 10000.00000000000000000000]
source_N.vPhase[1].S[1]=[-10000.00000000000000000000, -10000.00000000000000000000, -10000.00000000000000000000, -10000.00000000000000000000, -10000.00000000000000000000, -10000.00000000000000000000, -10000.00000000000000000000, -10000.00000000000000000000, -10000.00000000000000000000, -10000.00000000000000000000, -10000.00000000000000000000, -10000.00000000000000000000, -10000.00000000000000000000, -10000.00000000000000000000, -10000.00000000000000000000, -10000.00000000000000000000, -10000.00000000000000000000, -10000.00000000000000000000, -10000.00000000000000000000, -10000.00000000000000000000, -10000.00000000000000000000, -10000.00000000000000000000, -10000.00000000000000000000, -10000.00000000000000000000, -10000.00000000000000000000, -10000.00000000000000000000, -9599.99961853104650799651, -9200.00042915257108688820, -8800.00004768361759488471, -8399.99966621466592187062, -8000.00047683619231975172, -7600.00009536723882774822, -7199.99971389828442625003, -6800.00052451981082413113, -6400.00014305085642263293, -5999.99976158190474961884, -5600.00057220343114749994, -5200.00019073447674600175, -4799.99980926552325399825, -4399.99942779656885250006, -4000.00023841809525038116, -3599.99985694914357736707, -3199.99947548018963061622, -2800.00028610171557374997, -2399.99990463276162699913, -1999.99952316380768024828, -1600.00033378533339600835, -1199.99995231638195036794, -799.99957084742800361710, -400.00038146895383306401, 0.00000000001273292582, 400.00038146326960486476, 800.00076292653920972953, 1200.00114438980881459429, 1599.99914170764554910420, 1999.99952317091515396896, 2399.99990463134281526436, 2800.00028609745004359866, 3200.00066756071964846342, 3600.00104902398925332818, 3999.99904634182576046442, 4399.99942780509536532918, 4799.99980926836542494129, 5200.00019073163457505871, 5600.00057219490463467082, 6000.00095365817378478823, 6399.99895097601074667182, 6799.99933243928080628393, 7199.99971390254995640134, 7600.00009536865763948299, 8000.00047682908461865736, 8400.00085829235467826948, 8799.99885561019073065836, 9199.99923707345988077577, 9599.99961853673084988259, 10000.00000000000000000000, 10000.00000000000000000000, 10000.00000000000000000000, 10000.00000000000000000000, 10000.00000000000000000000, 10000.00000000000000000000, 10000.00000000000000000000, 10000.00000000000000000000, 10000.00000000000000000000, 10000.00000000000000000000, 10000.00000000000000000000, 10000.00000000000000000000, 10000.00000000000000000000, 10000.00000000000000000000, 10000.00000000000000000000, 10000.00000000000000000000, 10000.00000000000000000000, 10000.00000000000000000000, 10000.00000000000000000000, 10000.00000000000000000000, 10000.00000000000000000000, 10000.00000000000000000000, 10000.00000000000000000000, 10000.00000000000000000000, 10000.00000000000000000000, 10000.00000000000000000000]
source_N.vPhase[2].S[1]=[-10000.00000000000000000000, -10000.00000000000000000000, -10000.00000000000000000000, -10000.00000000000000000000, -10000.00000000000000000000, -10000.00000000000000000000, -10000.00000000000000000000, -10000.00000000000000000000, -10000.00000000000000000000, -10000.00000000000000000000, -10000.00000000000000000000, -10000.00000000000000000000, -10000.00000000000000000000, -10000.00000000000000000000, -10000.00000000000000000000, -10000.00000000000000000000, -10000.00000000000000000000, -10000.00000000000000000000, -10000.00000000000000000000, -10000.00000000000000000000, -10000.00000000000000000000, -10000.00000000000000000000, -10000.00000000000000000000, -10000.00000000000000000000, -10000.00000000000000000000, -10000.00000000000000000000, -9599.99961853104650799651, -9200.00042915257108688820, -8800.00004768361759488471, -8399.99966621466592187062, -8000.00047683619231975172, -7600.00009536723882774822, -7199.99971389828442625003, -6800.00052451981082413113, -6400.00014305085642263293, -5999.99976158190474961884, -5600.00057220343114749994, -5200.00019073447674600175, -4799.99980926552325399825, -4399.99942779656885250006, -4000.00023841809525038116, -3599.99985694914357736707, -3199.99947548018963061622, -2800.00028610171557374997, -2399.99990463276162699913, -1999.99952316380768024828, -1600.00033378533339600835, -1199.99995231638195036794, -799.99957084742800361710, -400.00038146895383306401, 0.00000000001273292582, 400.00038146326960486476, 800.00076292653920972953, 1200.00114438980881459429, 1599.99914170764554910420, 1999.99952317091515396896, 2399.99990463134281526436, 2800.00028609745004359866, 3200.00066756071964846342, 3600.00104902398925332818, 3999.99904634182576046442, 4399.99942780509536532918, 4799.99980926836542494129, 5200.00019073163457505871, 5600.00057219490463467082, 6000.00095365817378478823, 6399.99895097601074667182, 6799.99933243928080628393, 7199.99971390254995640134, 7600.00009536865763948299, 8000.00047682908461865736, 8400.00085829235467826948, 8799.99885561019073065836, 9199.99923707345988077577, 9599.99961853673084988259, 10000.00000000000000000000, 10000.00000000000000000000, 10000.00000000000000000000, 10000.00000000000000000000, 10000.00000000000000000000, 10000.00000000000000000000, 10000.00000000000000000000, 10000.00000000000000000000, 10000.00000000000000000000, 10000.00000000000000000000, 10000.00000000000000000000, 10000.00000000000000000000, 10000.00000000000000000000, 10000.00000000000000000000, 10000.00000000000000000000, 10000.00000000000000000000, 10000.00000000000000000000, 10000.00000000000000000000, 10000.00000000000000000000, 10000.00000000000000000000, 10000.00000000000000000000, 10000.00000000000000000000, 10000.00000000000000000000, 10000.00000000000000000000, 10000.00000000000000000000, 10000.00000000000000000000]
source_N.vPhase[3].S[1]=[-10000.00000000000000000000, -10000.00000000000000000000, -10000.00000000000000000000, -10000.00000000000000000000, -10000.00000000000000000000, -10000.00000000000000000000, -10000.00000000000000000000, -10000.00000000000000000000, -10000.00000000000000000000, -10000.00000000000000000000, -10000.00000000000000000000, -10000.00000000000000000000, -10000.00000000000000000000, -10000.00000000000000000000, -10000.00000000000000000000, -10000.00000000000000000000, -10000.00000000000000000000, -10000.00000000000000000000, -10000.00000000000000000000, -10000.00000000000000000000, -10000.00000000000000000000, -10000.00000000000000000000, -10000.00000000000000000000, -10000.00000000000000000000, -10000.00000000000000000000, -10000.00000000000000000000, -9599.99961853104650799651, -9200.00042915257108688820, -8800.00004768361759488471, -8399.99966621466592187062, -8000.00047683619231975172, -7600.00009536723882774822, -7199.99971389828442625003, -6800.00052451981082413113, -6400.00014305085642263293, -5999.99976158190474961884, -5600.00057220343114749994, -5200.00019073447674600175, -4799.99980926552325399825, -4399.99942779656885250006, -4000.00023841809525038116, -3599.99985694914357736707, -3199.99947548018963061622, -2800.00028610171557374997, -2399.99990463276162699913, -1999.99952316380768024828, -1600.00033378533339600835, -1199.99995231638195036794, -799.99957084742800361710, -400.00038146895383306401, 0.00000000001273292582, 400.00038146326960486476, 800.00076292653920972953, 1200.00114438980881459429, 1599.99914170764554910420, 1999.99952317091515396896, 2399.99990463134281526436, 2800.00028609745004359866, 3200.00066756071964846342, 3600.00104902398925332818, 3999.99904634182576046442, 4399.99942780509536532918, 4799.99980926836542494129, 5200.00019073163457505871, 5600.00057219490463467082, 6000.00095365817378478823, 6399.99895097601074667182, 6799.99933243928080628393, 7199.99971390254995640134, 7600.00009536865763948299, 8000.00047682908461865736, 8400.00085829235467826948, 8799.99885561019073065836, 9199.99923707345988077577, 9599.99961853673084988259, 10000.00000000000000000000, 10000.00000000000000000000, 10000.00000000000000000000, 10000.00000000000000000000, 10000.00000000000000000000, 10000.00000000000000000000, 10000.00000000000000000000, 10000.00000000000000000000, 10000.00000000000000000000, 10000.00000000000000000000, 10000.00000000000000000000, 10000.00000000000000000000, 10000.00000000000000000000, 10000.00000000000000000000, 10000.00000000000000000000, 10000.00000000000000000000, 10000.00000000000000000000, 10000.00000000000000000000, 10000.00000000000000000000, 10000.00000000000000000000, 10000.00000000000000000000, 10000.00000000000000000000, 10000.00000000000000000000, 10000.00000000000000000000, 10000.00000000000000000000, 10000.00000000000000000000]
