last-generated=2016-03-09
statistics-initialization=
{
  "numerical Jacobians": "0", 
  "nonlinear": "1, 1, 1, 1, 1, 1, 1, 3, 1, 1, 1, 1, 1, 1, 1, 1, 1, 1, 1, 1, 1, 1"
}
statistics-simulation=
{
  "numerical Jacobians": "0", 
  "nonlinear": "1, 1, 1, 1, 1, 1, 1, 3, 1, 1, 1, 1, 1, 1, 1, 1, 0, 0, 0, 0, 0, 0", 
  "number of continuous time states": "114", 
  "linear": " "
}
roo.roo47.vavACH.y=[0., 0.00000000035479072458, -0.00000000000312978679, 0.00000000000968298965, 0.00000000004019859792, 0.0000000001255069243, 0.00000000003683164884, 0.00000000012577722197, 0.00000000010371813131, 0.00000000002263505008, -0.00000000000879683132, -0.00000000001529281389, -0.00000000001926132691, 0.0060914997011423111, 0.0060915001668035984, 0.00609149830415844917, 0.0060915001668035984, 0.00609150715172290802, 0.0060915057547390461, 0.00609153462573885918, 0.00611561210826039314, 0.0060969991609454155, 0.00615958916023373604, 0.00618224823847413063, 0.61716711521148681641, 0.71249693632125854492, 0.48720416426658630371, 0.49031695723533630371, 1.35380733013153098376, 1.36969971656799316406, 1.37029063701629638672, 1.37033474445343017578, 0.74064791202545166016, 0.73134702444076538086, 0.96120524406433105469, 0.96361881494522094727, 0.96372610330581665039, 0.96375864744186401367, -0.00000000128743815608, 0.00000001226442059021, 0.0000000015294217004, -0.00000000108800313203, -0.00000000002797725072, 0.00000000184766246747, -0.00000000134912381267, 0.00000000028249222406, 0.00000000136787248195, 0.00000000209576556109, 0.00000001142606986804, -0.00000000405310185414, -0.00000000162316415864, -0.00000000274069833495, -0.00000000039906386529, 0.00000000053554993773, 0.00000000186942195057, 0.00000000886974760306, -0.00000000070399597263, 0.00000000137962619107, -0.00000000095423657864, 0.00000000212801620769, 0.00000000495497642916, 0.00000000316278403467, 0.00000000358215057616, 0.15932823717594146729, 0.05833018198609352112, 0.03577959537506103516, 0.02572512440383434296, 0.14731337130069732666, 0.4847497045993806597, 0.65756952762603204654, 0.71314853429794311523, 0.70993119478225708008, 0.72273385524749755859, 0.72454303503036499023, 0.72190487384796142578, 0.72138726711273193359, 0.50261062383651733398, 0.50256699323654174805, 1.35490381717681884766, 1.37008380889892578125, 1.37046015262603759766, 1.37039577960968017578, 0.74079728126525878906, 0.73136299848556518555, 0.96115756034851074219, 0.96362727880477905273, 0.96372759342193603516, 0.96375906467437744141, 0.00000000081367257376, 0.00000000074460371202, 0.0000000000730517799, -0.00000000006081173065, 0.00000000062434019066, -0.00000000174265413211, 0.00000000306632896852, -0.00000000135310929128, 0.00000000002720012757, 0.00000000163395064146, -0.00000000137234368314, 0.00000000048425941035, -0.00000000133776056899]
roo.roo49.vavACH.y=[0.00000000003034995172, 0.0000000017245032069, -0.00000000001522389333, 0.00000000004709228493, 0.00000000019523051231, 0.00000000060986010686, 0.00000000017892284876, 0.0000000006114527773, 0.00000000050439857846, 0.00000000011003089412, -0.00000000004223367489, -0.0000000000744498907, -0.00000000009363902709, 0.0296175740659236908, 0.02961757592856884003, 0.02961756661534309387, 0.02961757592856884003, 0.02961753867566585541, 0.02961753122508525848, 0.02961754053831100464, 1.36382257938385009766, 1.40355062484741210938, 2.60559058189392089844, 3.1127071380615234375, 3.15907192230224609375, 3.22650408744812011719, 3.19403696060180664062, 3.22235131263732910156, 2.15505099296569868628, 2.18712592124938964844, 3.55348634719848632812, 3.55377936363220214844, 3.31764316558837890625, 3.31070542335510253906, 2.25542497634887695312, 2.251331329345703125, 2.25171422958374023438, 2.25181508064270019531, -0.00000000146993950345, 0.00000001401215676822, 0.00000000174586956003, -0.00000000124314636363, -0.00000000003238297477, 0.00000000210815409574, -0.0000000015405525744, 0.00000000032158095631, 0.00000000156270341112, 0.00000000239341679809, 0.00000001305078889402, -0.00000000462885374475, -0.00000000185403781217, -0.00000000313024184351, -0.00000000045695983109, 0.00000000061145355446, 0.00000000213637707525, 0.0000000101317114698, -0.00000000080440210048, 0.00000000157619639563, -0.00000000108955222622, 0.00000000242714914833, 0.00000000565701396837, 0.00000000361126462067, 0.00000000408497813353, 0.16125306487083435059, 0.05563120543956756592, 0.03403691202402114868, 0.02961555682122707367, 1.35429847240447998047, 1.41601943969726584704, 3.2483663558959610107, 3.22206401824951171875, 3.21886539459228515625, 3.27484369277954101562, 3.27862238883972167969, 3.26574277877807617188, 3.26372861862182617188, 3.29668402671813964844, 3.29593420028686523438, 2.15804553031921386719, 2.18805861473083496094, 3.55401206016540527344, 3.55396795272827148438, 3.31773281097412109375, 3.31075978279113769531, 2.25544714927673339844, 2.25132632255554199219, 2.25171613693237304688, 2.25181674957275390625, 0.00000000093573460092, 0.00000000084926743416, 0.000000000080507781, -0.00000000006847659939, 0.0000000007134386415, -0.00000000199110661292, 0.00000000350253936965, -0.00000000154651458306, 0.00000000003114617939, 0.00000000186652182599, -0.00000000156360557835, 0.00000000055309767877, -0.0000000015362824346]
roo.roo48.vavACH.y=[0., 0.00000000057010968169, -0.00000000000503818948, 0.00000000001558073115, 0.00000000006448664519, 0.00000000020155542513, 0.00000000005912274836, 0.00000000020217172381, 0.00000000016683660009, 0.00000000003638369467, -0.00000000001378993968, -0.00000000002465819042, -0.0000000000309628885, 0.00979435630142688751, 0.00979435723274946213, 0.00979435443878173828, 0.00979435630142688751, 0.00979431904852390289, 0.00979431718587875366, 0.00979431997984647751, 0.00981070660054683685, 0.00978537928313016891, 1.02576184272766113281, 1.15378391742706298828, 1.16725230216979980469, 1.19142711162567138672, 0.81245028972625732422, 0.81982094049453735352, 1.93422365188598655017, 1.95004343986511230469, 1.95073854923248291016, 1.95088529586791992188, 1.22436439990997314453, 1.221454620361328125, 2.26651310920715332031, 2.26491403579711914062, 2.26513695716857910156, 2.26519680023193359375, -0.00000000235005259697, 0.00000002241581675833, 0.00000000279073253395, -0.00000000198896676906, -0.00000000005197306474, 0.00000000336734151674, -0.00000000246308395901, 0.00000000051373311161, 0.00000000249979192901, 0.00000000382710130253, 0.00000002087260142503, -0.00000000740178673908, -0.00000000296518520848, -0.00000000500685048976, -0.00000000073270989276, 0.0000000009778551302, 0.0000000034204026278, 0.00000001620466072439, -0.00000000128587629433, 0.00000000252214205076, -0.00000000174182090973, 0.00000000387670873181, 0.00000000904401709079, 0.00000000577262948553, 0.00000000652151221914, 0.16771057248115539551, 0.05695957690477371216, 0.03477143123745918274, 0.02504869922995567322, 0.43519353866577148438, 0.8198300600051880993, 1.16122996807097345062, 1.19088673591613769531, 1.18748450279235839844, 1.20793402194976806641, 1.20990586280822753906, 1.20561063289642333984, 1.20487713813781738281, 0.83885312080383300781, 0.83957999944686889648, 1.93580842018127441406, 1.95057368278503417969, 1.95097148418426513672, 1.95097005367279052734, 1.22445046901702880859, 1.22147512435913085938, 2.26651287078857421875, 2.26491641998291015625, 2.26513910293579101562, 2.26519775390625, 0.00000000150722323511, 0.00000000135621003317, 0.00000000012375445113, -0.00000000010957990765, 0.00000000114104792281, -0.00000000318526627296, 0.00000000560238344605, -0.00000000247454168267, 0.00000000005015599047, 0.00000000298518743058, -0.00000000249344100922, 0.00000000088427098976, -0.00000000247181541901]
roo.roo45.vavACH.y=[0., 0.00000000065358118917, -0.00000000000574767013, 0.00000000001778302505, 0.00000000007433616916, 0.0000000002315047043, 0.00000000006801110369, 0.00000000023155179163, 0.00000000019061884016, 0.00000000004166818973, -0.00000000001712947145, -0.00000000002796018105, -0.00000000003544419966, 0.01120584644377231598, 0.01120584737509489059, 0.01120584364980459213, 0.01120584737509489059, 0.01120597682893276215, 0.0112059740349650383, 0.01120606064796447754, 0.0112638566642999649, 0.87626403570175170898, 1.43036091327667236328, 1.5993633270263671875, 1.62650275230407714844, 1.65731704235076904297, 0.09190701693296432495, 0.05777520686388015747, 1.71066308021545432361, 1.72245192527770996094, 1.72976219654083251953, 1.73004269599914550781, 2.20564603805541992188, 2.20212674140930175781, 1.17451047897338867188, 1.17162191867828369141, 1.17175567150115966797, 1.17178964614868164062, -0.00000000104386843613, 0.00000000991686288643, 0.00000000124118904044, -0.00000000087881568689, -0.00000000002189086586, 0.00000000150410650601, -0.00000000109363385015, 0.00000000023072509181, 0.00000000110643505469, 0.00000000169726077637, 0.0000000092502867588, -0.00000000328294613716, -0.00000000131428434802, -0.00000000221877782813, -0.00000000031934890843, 0.00000000043342368583, 0.00000000150796908294, 0.00000000717830506147, -0.0000000005699952732, 0.00000000111522124868, -0.00000000077352713124, 0.00000000173422454175, 0.00000000401882571666, 0.00000000256653098774, 0.00000000292269275448, 0.14233861863613128662, 0.05540690198540687561, 0.03449206799268722534, 0.02496739476919174194, 1.16674709320068359375, 1.41579318046569824219, 1.17473268508911843355, 1.15020787715911865234, 1.58439779281616210938, 1.68359482288360595703, 1.68228447437286376953, 1.67502844333648681641, 1.67418622970581054688, 0.09528326243162155151, 0.06044436246156692505, 1.71206927299499511719, 1.72293615341186523438, 1.72997140884399414062, 1.73012077808380126953, 2.2056674957275390625, 2.2021579742431640625, 1.17454993724822998047, 1.17161226272583007812, 1.17175590991973876953, 1.17179048061370849609, 0.00000000063748728518, 0.00000000060605231944, 0.00000000006930857971, -0.00000000005105352599, 0.00000000050546011821, -0.00000000140866807108, 0.00000000248124631952, -0.0000000010918937976, 0.00000000002196663684, 0.00000000132269506459, -0.00000000112529818797, 0.00000000039259692719, -0.0000000010537929418]
time=[0., 172800.]
roo.roo46.vavACH.y=[0., 0.00000000053757392982, -0.0000000000047344819, 0.00000000001463758108, 0.00000000006106854605, 0.00000000019033413734, 0.00000000005589993052, 0.00000000019049252453, 0.00000000015689992361, 0.00000000003427855916, -0.00000000001384679264, -0.00000000002305025962, -0.00000000002916007713, 0.00922083109617233276, 0.00922083202749490738, 0.00922082923352718353, 0.00922083202749490738, 0.00922088325023651123, 0.00922088045626878738, 0.00922097545117139816, 0.00926699955016374588, 0.8418254852294921875, 1.42257857322692871094, 1.40307664871215820312, 1.22850918769836425781, 1.25473761558532714844, 0.08552859723567962646, 0.04978766664862632751, 2.38390636444091796875, 2.40056276321411132812, 2.40211772918701171875, 2.40226268768310546875, 1.67285060882568359375, 1.66943180561065673828, 2.01895856857299804688, 2.01717114448547363281, 2.01737308502197265625, 2.01742506027221679688, -0.00000000210480388674, 0.00000002001596577372, 0.00000000250273268776, -0.00000000177454062555, -0.00000000004500763651, 0.00000000302916602912, -0.00000000220614770896, 0.00000000046373332951, 0.00000000223253149301, 0.00000000342383477125, 0.0000000186638633437, -0.00000000662263044404, -0.0000000026512558815, -0.00000000447778703005, -0.00000000064640170994, 0.00000000087454349318, 0.00000000304608072099, 0.00000001448405395621, -0.00000000115033094161, 0.00000000225115370789, -0.00000000155989976491, 0.00000000349118844944, 0.00000000810352940306, 0.00000000517478015993, 0.00000000588201887197, 0.16745203733444213867, 0.05915891751646995544, 0.03600506484508514404, 0.02579543180763721466, 1.39721012115478515625, 1.64248895645141601562, 0.96155780553819836243, 0.86258864402770996094, 1.44999587535858154297, 1.65230393409729003906, 1.49003577232360839844, 1.26890921592712402344, 1.26812458038330078125, 0.08841995149850845337, 0.05181984230875968933, 2.38551020622253417969, 2.40116071701049804688, 2.40238261222839355469, 2.40235829353332519531, 1.67294049263000488281, 1.66945719718933105469, 2.01898074150085449219, 2.01717042922973632812, 2.01737451553344726562, 2.01742601394653320312, 0.00000000129963773077, 0.00000000122064136576, 0.00000000013331602489, -0.00000000010181063631, 0.00000000101919261919, -0.00000000284293744102, 0.00000000500641306189, -0.00000000220491380709, 0.00000000004438699408, 0.0000000026691140409, -0.00000000226156116057, 0.00000000079244649731, -0.00000000214438555801]
roo.roo50.vavACH.y=[0., 0.00000000023360299806, -0.00000000000205925684, 0.00000000000637056293, 0.00000000002648685091, 0.00000000008265772788, 0.00000000002426156498, 0.00000000008280442998, 0.00000000006825928711, 0.00000000001490049577, -0.00000000000585562458, -0.00000000001005393165, -0.00000000001267867842, 0.00400969060137867928, 0.00400969060137867928, 0.00400968967005610466, 0.00400969060137867928, 0.00400970689952373505, 0.00400970596820116043, 0.00400971528142690659, 0.00401588156819343567, 0.0040090600959956646, 0.00404430553317070007, 0.09067709743976593018, 0.39173623919486999512, 0.40815371274948120117, 0.863025665283203125, 0.87479829788208007812, 0.31006529927253723145, 0.31085801124572753906, 0.43917581439018249512, 0.44106885790824890137, 0.42288795113563537598, 0.42118218541145324707, 0.25925374031066883429, 0.24998247623443603516, 0.24991592764854431152, 0.2499208599328994751, -0.00000000035062286408, 0.00000000333823169107, 0.00000000041661130101, -0.00000000029602711948, -0.00000000000763024886, 0.00000000050359605375, -0.00000000036738304066, 0.00000000007698652132, 0.00000000037238218065, 0.00000000057053167746, 0.00000000311082337667, -0.00000000110356979111, -0.00000000044197520643, -0.00000000074613243362, -0.00000000010829681596, 0.00000000014579024099, 0.00000000050848986133, 0.00000000241465580864, -0.00000000019178217348, 0.00000000037548680831, -0.00000000025977026086, 0.00000000058002985748, 0.0000000013494475537, 0.00000000086155937939, 0.00000000097677599342, 0.09206735342741012573, 0.04114159569144248962, 0.02664863504469394684, 0.01976753026247024536, 0.08959462493658065796, 0.3523823022842409447, 0.68918037414549648823, 0.84573966264724731445, 0.62391871213912963867, 0.41827112436294555664, 0.41707116365432739258, 0.4150485992431640625, 0.41459041833877563477, 0.88190364837646484375, 0.89193636178970336914, 0.3113346397876739502, 0.31100213527679443359, 0.43915766477584838867, 0.44109302759170532227, 0.42290607094764709473, 0.4211902618408203125, 0.25929281115531921387, 0.24995353817939758301, 0.2499141991138458252, 0.24992138147354125977, 0.00000000022017307422, 0.0000000002028865409, 0.00000000002052282823, -0.00000000001670768038, 0.00000000017005001574, -0.00000000047426140792, 0.0000000008347527114, -0.00000000036817418558, 0.00000000000739347212, 0.00000000044492429185, -0.00000000037459413349, 0.00000000013189860315, -0.00000000036220149102]
fan56.m_flow=[-0., 0.00000000451522197409, 0.00000000004607369347, -0.00000000006911053674, 0.00000000172776348784, 0.00000000281049516992, 0.00000000110576858781, 0.00000000099058439229, -0.0000000005298474437, 0.00000000023036846042, -0.00000000423877954958, 0.00000000064503169472, -0.00000000002303684674, 0.01376932207494974136, 0.01376939937472343445, 0.01376852672547101974, 0.01376931276172399521, 0.01462269667536020279, 0.01462235674262046814, 0.0144563671201467514, 0.0358646586537361145, 0.89694422483444213867, 1.61718297004699707031, 1.74160158634185791016, 1.83675181865692138672, 1.89169442653656005859, 0.3954384922981262207, 0.36299297213554382324, 2.59121203422546386719, 2.61115956306457519531, 2.64494562149047851562, 2.645305633544921875, 2.40577602386474609375, 2.39967179298400878906, 2.07550811767578125, 2.07279634475708007812, 2.07301354408264160156, 2.07307171821594238281, -0.00000000237279529358, 0.00000001997294596379, 0.00000000287960588707, -0.00000000168168978743, 0.00000000002303684674, 0.00000000382411657895, -0.00000000244190578869, 0.00000000064503169472, 0.00000000221153717561, 0.00000000363982177731, 0.00000001955828210498, -0.00000000704927494155, -0.00000000278745848625, -0.00000000467647964797, -0.00000000036858954777, 0.00000000089843699147, 0.00000000269531108543, 0.0000000150200243354, -0.00000000119791598863, 0.00000000223457408133, -0.00000000179687398294, 0.0000000046534429643, 0.00000000907651731552, 0.00000000596654325946, 0.00000000797074850567, 0.21717818081378936768, 0.08038734644651412964, 0.0495502278208732605, 0.03581029176712036133, 1.38417756557464599609, 1.77283143997192405017, 1.47977745532990412336, 1.44827485084533691406, 1.93532836437225341797, 2.07370138168334960938, 2.00851488113403320312, 1.91300332546234130859, 1.91191315650939941406, 0.40800186991691589355, 0.37267315387725830078, 2.59327101707458496094, 2.61186814308166503906, 2.64525365829467773438, 2.645420074462890625, 2.40587186813354492188, 2.39970827102661132812, 2.07553267478942871094, 2.07279062271118164062, 2.07301473617553710938, 2.07307291030883789062, -0.00000000041466324818, 0.00000000154346868619, 0.00000000089843699147, -0.00000000027644214695, 0.00000000108273179311, -0.00000000278745848625, 0.00000000513721687412, -0.00000000205027927969, 0.00000000006911053674, 0.00000000278745848625, -0.00000000352463747078, 0.00000000085236334657, 0.00000000013822107348]
fan32.m_flow=[0., -0.00000038318111705848, 0.00000015067865888341, -0.00000003294845285495, -0.00000009382440424588, 0.00000009190478778009, 0.00000000371908792651, -0.00000011514207187702, -0.00000022373873775905, 0.00000008237751103479, 0.00000002898403828056, 0.00000002539458776596, 0.00000014696162509154, 0.01376904081553220749, 0.0137690594419836998, 0.01376894395798444748, 0.01376903429627418518, 0.01376912370324134827, 0.01376909762620925903, 0.01376920565962791443, 0.03517772257328033447, 0.89637225866317749023, 1.61639189720153808594, 1.74009621143341064453, 1.83592724800109863281, 1.89079034328460693359, 0.39527785778045654297, 0.36284220218658447266, 2.59000420570373535156, 2.60989069938659667969, 2.64366054534912109375, 2.64402008056640625, 2.40459871292114257812, 2.39850735664367675781, 2.07450032234191894531, 2.07179784774780273438, 2.07201480865478515625, 2.0720729827880859375, 0.00000010962180851948, 0.00000001609758371046, 0.00000003008468496546, 0.00000006056575330149, 0.00000000016412506076, -0.00000001085457146388, 0.0000000473518007027, 0.00000002106221685949, -0.00000003291975048114, -0.00000002007744370758, -0.00000004966902267256, 0.00000007938108836925, 0.00000002045401892303, 0.00000004258656716161, 0.00000003413664373397, 0.00000010301608455165, -0.0000000325209583707, -0.00000007757320474866, 0.00000004949481891003, -0.00000002621791139745, 0.00000002442453350682, -0.0000000228516530143, -0.00000002674274135472, -0.0000000292706161531, -0.00000000638692387867, 0.21711187064647674561, 0.08037965744733810425, 0.04954741522669792175, 0.03580883890390396118, 1.38494336605072021484, 1.77199208736419699939, 1.47890913486481623274, 1.44758594036102294922, 1.93528032302856445312, 2.07270598411560058594, 2.00709605216979980469, 1.91208422183990478516, 1.91099512577056884766, 0.40782976150512695312, 0.37252190709114074707, 2.59206032752990722656, 2.61059856414794921875, 2.64396834373474121094, 2.64413428306579589844, 2.40469408035278320312, 2.39854383468627929688, 2.07452535629272460938, 2.07179212570190429688, 2.07201600074768066406, 2.07207417488098144531, 0.00000000886694007107, 0.00000006315774214727, 0.00000001936529159252, -0.00000000116170895126, -0.00000001344122768643, 0.00000023449416630683, 0.00000000647832010259, 0.00000007205067475979, -0.00000000933583343965, -0.00000005728422536322, -0.00000001004211025446, -0.00000000577621106501, 0.00000010007166650894]
fan56.dp=[0., -0.00000131082197185606, -0.00000036528217606246, 0.00000002168235369027, -0.00000002310844138265, -0.00000105802610050887, -0.00000025184999685735, -0.00000052934046834707, -0.00000009972427506, -0.0000003586319508031, -0.00000001145235728472, 0.0000000314466888085, -0.00000025115150492638, -39.42685699462890625, -39.42685699462890625, -39.426853179931640625, -39.42685699462890625, -39.42144012451171875, -39.421436309814453125, -39.42288970947265625, -39.5779266357421875, -38.52324676513671875, -41.1815643310546875, -41.854522705078125, -42.720184326171875, -43.094074249267578125, -40.231616973876953125, -40.30545806884765625, -49.28894805908203125, -49.4989013671875, -50.120670318603515625, -50.124858856201171875, -46.33745574951171875, -46.281585693359375, -45.731273651123046875, -45.7105255126953125, -45.712284088134765625, -45.7127685546875, -0.00000021628511603922, -0.00000064565392676741, -0.00000015400291886181, -0.00000010112125892192, 0.00000000085856299847, -0.00000006452319212258, -0.0000000545842340216, -0.00000006800109986216, 0.00000001628359314054, -0.00000005336187314242, -0.00000044333864934742, -0.00000000072759576142, 0.00000002878368832171, 0.000000026571797207, -0.0000000677682692185, -0.00000029103830456734, -0.00000000909494701773, -0.00000023809843696657, -0.00000009153154678642, -0.00000000125146470964, -0.00000001487205736339, -0.00000004909816198051, -0.00000017730053514242, -0.00000008454662747681, -0.00000016354897525162, -39.196636199951171875, -39.353054046630859375, -39.388179779052734375, -39.404064178466796875, -39.893436431884765625, -41.94304656982421875, -41.46125411987306108585, -41.456935882568359375, -43.484958648681640625, -44.261409759521484375, -43.82639312744140625, -43.231113433837890625, -43.22394561767578125, -40.2665863037109375, -40.33087921142578125, -49.31024169921875, -49.506198883056640625, -50.123905181884765625, -50.126068115234375, -46.3383941650390625, -46.28189849853515625, -45.731395721435546875, -45.710491180419921875, -45.7122955322265625, -45.712779998779296875, -0.00000006081245373935, -0.00000019976869225502, -0.00000005451147444546, 0.00000000618456397206, 0.00000000334694050252, -0.00000051375536713749, -0.00000016928242985159, -0.00000011744850780815, 0.00000002252636477351, 0.00000006530899554491, 0.00000009693030733615, -0.00000000931322574615, -0.00000019246363081038]
fan32.dp=[0., -0.00000260959495790303, -0.00000072196417022496, 0.00000004236062522978, -0.00000004781759344041, -0.00000209815334528685, -0.00000049982918426394, -0.00000105299113783985, -0.00000020246079657227, -0.0000007101334631443, -0.00000002203159965575, 0.00000006292248144746, -0.00000049550726544112, -78.38411712646484375, -78.384124755859375, -78.38410186767578125, -78.38411712646484375, -78.39263153076171875, -78.3926239013671875, -78.391754150390625, -78.90613555908203125, -87.8054962158203125, -105.96092987060546875, -109.8490753173828125, -113.64318084716796875, -115.583404541015625, -84.2533111572265625, -83.9968719482421875, -144.991119384765625, -145.947998046875, -148.1934661865234375, -148.2117767333984375, -133.9090728759765625, -133.6435394287109375, -125.3242950439453125, -125.2197418212890625, -125.22832489013671875, -125.23065185546875, -0.00000042699684854597, -0.00000128165993373841, -0.00000030511000659317, -0.00000019941944628954, 0.00000000170257408172, -0.00000012837699614465, -0.00000010732037480921, -0.00000013456156011671, 0.00000003159220796078, -0.00000010641815606505, -0.00000088140950538218, 0.00000000034924596548, 0.0000000576110323891, 0.0000000537111191079, -0.00000013381941244006, -0.00000057558645494282, -0.00000001877197064459, -0.00000047453795559711, -0.00000018064747564494, -0.00000000308500602842, -0.00000002897286321968, -0.00000009803625289351, -0.0000003526802174747, -0.00000016855483409017, -0.00000032494426704943, -80.03498077392578125, -78.89090728759765625, -78.6535797119140625, -78.550872802734375, -98.84002685546875, -110.6474456787109375, -104.00407409667990066282, -103.41265106201171875, -117.33358001708984375, -121.962127685546875, -119.62635040283203125, -116.32219696044921875, -116.2839813232421875, -84.48378753662109375, -84.1689300537109375, -145.088836669921875, -145.98162841796875, -148.2082977294921875, -148.2173004150390625, -133.91339111328125, -133.64508056640625, -125.32509613037109375, -125.21954345703125, -125.22837066650390625, -125.23070526123046875, -0.00000012050441000611, -0.00000039524456951767, -0.0000001078296918422, 0.00000001226726453751, 0.00000000634463503957, -0.00000101487967185676, -0.00000033597461879253, -0.00000023157917894423, 0.0000000445288605988, 0.00000012839154805988, 0.00000019227445591241, -0.00000001861189957708, -0.00000037996505852789]
roo.roo48.volFraCO2.V=[0., 0., 0., 0., 0., 0., 0., 0., 0., 0., 0., 0., 0., 0., 0., 0., 0., 0.00004025583984912398, 0.00016063066141214222, 0.00029551144689321518, 0.00047835157602094114, 0.0006603061337955296, 0.00075356074376031756, 0.00075595069210976362, 0.00075622729491442442, 0.00075669586658477783, 0.00074897217564284801, 0.00074912776472046971, 0.00077094684820622206, 0.00077123794471845031, 0.00077120924834161997, 0.00077121204230934381, 0.00075736414873972535, 0.00075731013203039765, 0.0007773904362693429, 0.00077735929517075419, 0.00077736383536830544, 0.00077736505772918463, 0.00075591757195070386, 0.00075591757195070386, 0.00075591757195070386, 0.00075591757195070386, 0.00075591757195070386, 0.00075591757195070386, 0.00075591757195070386, 0.00075591757195070386, 0.00075591757195070386, 0.00075591757195070386, 0.00075591757195070386, 0.00075591757195070386, 0.00075591757195070386, 0.00075591757195070386, 0.00075591757195070386, 0.00075591757195070386, 0.00075591757195070386, 0.00075591757195070386, 0.00075591757195070386, 0.00075591757195070386, 0.00075591757195070386, 0.00075591757195070386, 0.00075591757195070386, 0.00075591757195070386, 0.00075591757195070386, 0.00072749349055811763, 0.00071633874904364347, 0.0007115434855222702, 0.00070845196023583412, 0.00074080098420381546, 0.00074928707908838987, 0.000756193127017468, 0.00075662229210138321, 0.00075662811286747456, 0.00075703894253820181, 0.00075706071220338345, 0.00075696251587942243, 0.00075694895349442959, 0.00074953708099201322, 0.00074954365845769644, 0.00077097705798223615, 0.00077124813105911016, 0.00077121373033151031, 0.00077121361391618848, 0.00075736560393124819, 0.00075731048127636313, 0.00077739055268466473, 0.00077735935337841511, 0.00077736389357596636, 0.00077736505772918463, 0.00075591763015836477, 0.00075591763015836477, 0.00075591763015836477, 0.00075591763015836477, 0.00075591763015836477, 0.00075591763015836477, 0.00075591763015836477, 0.00075591763015836477, 0.00075591763015836477, 0.00075591763015836477, 0.00075591763015836477, 0.00075591763015836477, 0.00075591763015836477]
roo.roo46.volFraCO2.V=[0., 0., 0., 0., 0., 0., 0., 0., 0., 0., 0., 0., 0., 0., 0., 0., 0., 0.00008538214751752148, 0.00034058751771226525, 0.00056238804245367646, 0.00068617193028330803, 0.00075111619662493467, 0.00076218391768634319, 0.00076081708539277315, 0.00075807020766660571, 0.00075855618342757225, 0.00072067184373736382, 0.00071526452666148543, 0.00078103452688083053, 0.00078134716022759676, 0.00078117864904925227, 0.00078118109377101064, 0.00076673284638673067, 0.00076667108805850148, 0.00077329366467893124, 0.00077326293103396893, 0.00077326683094725013, 0.00077326782047748566, 0.00075434404425323009, 0.00075434404425323009, 0.00075434404425323009, 0.00075434404425323009, 0.00075434404425323009, 0.00075434404425323009, 0.00075434404425323009, 0.00075434404425323009, 0.00075434404425323009, 0.00075434404425323009, 0.00075434404425323009, 0.00075434404425323009, 0.00075434404425323009, 0.00075434404425323009, 0.00075434404425323009, 0.00075434404425323009, 0.00075434404425323009, 0.00075434404425323009, 0.00075434404425323009, 0.00075434404425323009, 0.00075434404425323009, 0.00075434404425323009, 0.00075434404425323009, 0.00075434404425323009, 0.00075434404425323009, 0.00072810699930414557, 0.00071730575291439891, 0.00071244931314140558, 0.0007092868909239769, 0.0007625448633916676, 0.00076647603418678045, 0.00075231399387121233, 0.00075048231519758701, 0.00076299149077385664, 0.00076635455479845405, 0.00076254567829892039, 0.00075882126111537218, 0.00075880659278482199, 0.00072100909892469645, 0.00071565213147550821, 0.00078106625005602837, 0.00078135891817510128, 0.00078118388773873448, 0.00078118295641615987, 0.00076673435978591442, 0.00076667155371978879, 0.00077329413034021854, 0.00077326293103396893, 0.00077326688915491104, 0.00077326787868514657, 0.00075434410246089101, 0.00075434410246089101, 0.00075434410246089101, 0.00075434410246089101, 0.00075434410246089101, 0.00075434410246089101, 0.00075434410246089101, 0.00075434410246089101, 0.00075434410246089101, 0.00075434410246089101, 0.00075434410246089101, 0.00075434410246089101, 0.00075434410246089101]
roo.roo47.volFraCO2.V=[0., 0., 0., 0., 0., 0., 0., 0., 0., 0., 0., 0., 0., 0., 0., 0., 0., 0.00002396653871983305, 0.00009577743912814185, 0.00017644227773416787, 0.00028557429322972894, 0.00039741198997944593, 0.0005291589186526835, 0.00066570885246619582, 0.00075271649984642863, 0.00075542862759903073, 0.00074802886229008436, 0.00074813596438616514, 0.00077501503983512521, 0.00077548535773530602, 0.00077536900062114, 0.00077537016477435827, 0.00075630546780303121, 0.0007560469675809145, 0.00076285586692392826, 0.0007629191386513412, 0.00076292228186503053, 0.00076292321318760514, 0.0007535656332038343, 0.0007535656332038343, 0.0007535656332038343, 0.0007535656332038343, 0.0007535656332038343, 0.0007535656332038343, 0.0007535656332038343, 0.0007535656332038343, 0.0007535656332038343, 0.0007535656332038343, 0.0007535656332038343, 0.0007535656332038343, 0.0007535656332038343, 0.0007535656332038343, 0.0007535656332038343, 0.0007535656332038343, 0.0007535656332038343, 0.0007535656332038343, 0.0007535656332038343, 0.0007535656332038343, 0.0007535656332038343, 0.0007535656332038343, 0.0007535656332038343, 0.0007535656332038343, 0.0007535656332038343, 0.00073239993071183562, 0.00072144309524446726, 0.00071647681761533022, 0.00071323668817058206, 0.00073279603384435177, 0.00074823357863351703, 0.00075384951196610917, 0.00075534719508141279, 0.0007553597679361701, 0.00075579015538096428, 0.00075581751298159361, 0.00075570779154077172, 0.00075569265754893422, 0.00074855593265965581, 0.00074854836566373706, 0.00077504874207079411, 0.00077549723209813237, 0.00077537423931062222, 0.00077537208562716842, 0.00075630960054695606, 0.00075604743324220181, 0.00076285464456304908, 0.00076291937148198485, 0.00076292228186503053, 0.00076292321318760514, 0.00075356569141149521, 0.00075356569141149521, 0.00075356569141149521, 0.00075356569141149521, 0.00075356569141149521, 0.00075356569141149521, 0.00075356569141149521, 0.00075356569141149521, 0.00075356569141149521, 0.00075356569141149521, 0.00075356569141149521, 0.00075356569141149521, 0.00075356569141149521]
roo.roo45.volFraCO2.V=[0., 0., 0., 0., 0., 0., 0., 0., 0., 0., 0., 0., 0., 0., 0., 0., 0., 0.00007094819011399567, 0.000282913853880018, 0.00048293272266164422, 0.00064867624314501882, 0.00074813002720475197, 0.00075704313348978758, 0.00075961812399327755, 0.00075984152499586344, 0.00076027709292247891, 0.00071937189204618335, 0.00071478157769888639, 0.00076027569593861699, 0.00076042633736506104, 0.00076039088889956474, 0.00076039455598220229, 0.00076888239709660411, 0.00076883303700014949, 0.00075174105586484075, 0.00075170048512518406, 0.00075170246418565512, 0.00075170292984694242, 0.00074165675323456526, 0.00074165675323456526, 0.00074165675323456526, 0.00074165675323456526, 0.00074165675323456526, 0.00074165675323456526, 0.00074165675323456526, 0.00074165675323456526, 0.00074165675323456526, 0.00074165675323456526, 0.00074165675323456526, 0.00074165675323456526, 0.00074165675323456526, 0.00074165675323456526, 0.00074165675323456526, 0.00074165675323456526, 0.00074165675323456526, 0.00074165675323456526, 0.00074165675323456526, 0.00074165675323456526, 0.00074165675323456526, 0.00074165675323456526, 0.00074165675323456526, 0.00074165675323456526, 0.00074165675323456526, 0.00072419701609760523, 0.00071470695547759533, 0.00071016908623278141, 0.00070716039044782519, 0.00075350742554292083, 0.0007566481945104897, 0.00075237778946757327, 0.00075199961429461837, 0.00075931911123916507, 0.00076057546539232135, 0.00076059391722083092, 0.00076053774682804942, 0.00076052569784224033, 0.00071973318699747324, 0.00071521743666380644, 0.00076029513729736209, 0.00076043303124606609, 0.00076039379928261042, 0.00076039560372009873, 0.00076888268813490868, 0.0007688335026614368, 0.00075174169614911079, 0.00075170031050220132, 0.00075170246418565512, 0.00075170292984694242, 0.00074165681144222617, 0.00074165681144222617, 0.00074165681144222617, 0.00074165681144222617, 0.00074165681144222617, 0.00074165681144222617, 0.00074165681144222617, 0.00074165681144222617, 0.00074165681144222617, 0.00074165681144222617, 0.00074165681144222617, 0.00074165681144222617, 0.00074165681144222617]
roo.roo50.volFraCO2.V=[0., 0., 0., 0., 0., 0., 0., 0., 0., 0., 0., 0., 0., 0., 0., 0., 0., 0.00002005849273700746, 0.00008075471851043403, 0.00016476506425533444, 0.00033857769449241459, 0.00050460710190236568, 0.00062529853312298656, 0.00073211162816733122, 0.00075183727312833071, 0.00075259699951857328, 0.00077358668204396963, 0.00077412213431671262, 0.00074738927651196718, 0.00074743968434631824, 0.0007538293139077723, 0.00075391039717942476, 0.00075331068364903331, 0.00075323315104469657, 0.00074448884697631001, 0.00074397429125383496, 0.00074397068237885833, 0.00074397103162482381, 0.00074131065048277378, 0.00074131065048277378, 0.00074131065048277378, 0.00074131065048277378, 0.00074131065048277378, 0.00074131065048277378, 0.00074131065048277378, 0.00074131065048277378, 0.00074131065048277378, 0.00074131065048277378, 0.00074131065048277378, 0.00074131065048277378, 0.00074131065048277378, 0.00074131065048277378, 0.00074131065048277378, 0.00074131065048277378, 0.00074131065048277378, 0.00074131065048277378, 0.00074131065048277378, 0.00074131065048277378, 0.00074131065048277378, 0.00074131065048277378, 0.00074131065048277378, 0.00074131065048277378, 0.00074131065048277378, 0.00073097541462630033, 0.00072218751301988959, 0.00071772985393181443, 0.00071475905133411288, 0.0007318362477235496, 0.00074991438305005431, 0.00076613127021118955, 0.00077269622124731541, 0.00076170684769749641, 0.00075304851634427905, 0.0007530046277679503, 0.00075292016845196486, 0.00075289903907105327, 0.00077448849333450198, 0.0007749290089122951, 0.00074745313031598926, 0.00074744719313457608, 0.00075382873183116317, 0.00075391156133264303, 0.0007533114985562861, 0.00075323355849832296, 0.00074449100065976381, 0.00074397266143932939, 0.00074397062417119741, 0.00074397103162482381, 0.00074131070869043469, 0.00074131070869043469, 0.00074131070869043469, 0.00074131070869043469, 0.00074131070869043469, 0.00074131070869043469, 0.00074131070869043469, 0.00074131070869043469, 0.00074131070869043469, 0.00074131070869043469, 0.00074131070869043469, 0.00074131070869043469, 0.00074131070869043469]
roo.roo49.volFraCO2.V=[0., 0., 0., 0., 0., 0., 0., 0., 0., 0., 0., 0., 0., 0., 0., 0., 0., 0.00006444300379371311, 0.00025555235333740711, 0.00051585730398073792, 0.0007400327012874186, 0.00074048980604857206, 0.00075034744804725051, 0.00075359945185482502, 0.00075390655547380447, 0.0007543470710515976, 0.00075405603274703026, 0.0007542381645180285, 0.00074699264951050282, 0.00074722204590216279, 0.00075650541111826897, 0.0007565072737634182, 0.0007549698930233717, 0.00075492559699341655, 0.0007476910250261426, 0.00074766232864931226, 0.0007476651226170361, 0.00074766587931662798, 0.00073455780511721969, 0.00073455780511721969, 0.00073455780511721969, 0.00073455780511721969, 0.00073455780511721969, 0.00073455780511721969, 0.00073455780511721969, 0.00073455780511721969, 0.00073455780511721969, 0.00073455780511721969, 0.00073455780511721969, 0.00073455780511721969, 0.00073455780511721969, 0.00073455780511721969, 0.00073455780511721969, 0.00073455780511721969, 0.00073455780511721969, 0.00073455780511721969, 0.00073455780511721969, 0.00073455780511721969, 0.00073455780511721969, 0.00073455780511721969, 0.00073455780511721969, 0.00073455780511721969, 0.00073455780511721969, 0.00071546086110174656, 0.00070553843397647142, 0.00070116424467414618, 0.00069819024065509439, 0.00074054452124983072, 0.00074063206557184458, 0.00075446319533511985, 0.00075428897980600595, 0.00075430568540468812, 0.00075467076385393739, 0.00075468671275302768, 0.00075459765503183007, 0.00075458502396941185, 0.00075472280150279403, 0.00075470964657142758, 0.00074701482662931085, 0.00074722897261381149, 0.00075650867074728012, 0.00075650849612429738, 0.00075497047509998083, 0.00075492594623938203, 0.00074769125785678625, 0.00074766227044165134, 0.0007476651226170361, 0.00074766587931662798, 0.00073455780511721969, 0.00073455780511721969, 0.00073455780511721969, 0.00073455780511721969, 0.00073455780511721969, 0.00073455780511721969, 0.00073455780511721969, 0.00073455780511721969, 0.00073455780511721969, 0.00073455780511721969, 0.00073455780511721969, 0.00073455780511721969, 0.00073455780511721969]
roo.roo45.con.CO2Set=[0.000699999975040555, 0.000699999975040555]
