last-generated=2024-09-19
statistics-simulation=
{
  "linear": "0",
  "nonlinear": " ",
  "number of continuous time states": "6",
  "numerical Jacobians": "0"
}
time=[0e+00, 8.64e+04]
zon.TAir=[2.931499938964844e+02, 2.905975036621094e+02, 2.898280029296875e+02, 2.896367492675781e+02, 2.891466064453125e+02, 2.8880029296875e+02, 2.890110168457031e+02, 2.890094299316406e+02, 2.892067565917969e+02, 2.8931591796875e+02, 2.892703857421875e+02, 2.891719055175781e+02, 2.888951416015625e+02, 2.892772521972656e+02, 2.89218017578125e+02, 2.891819152832031e+02, 2.891602478027344e+02, 2.89144287109375e+02, 2.891404418945312e+02, 2.891339111328125e+02, 2.891351013183594e+02, 2.891325988769531e+02, 2.89132568359375e+02, 2.891315002441406e+02, 2.891310424804688e+02, 2.891334533691406e+02, 2.919366455078125e+02, 2.920804138183594e+02, 2.920918579101562e+02, 2.923364562988281e+02, 2.924426879882812e+02, 2.925795593261719e+02, 2.928809814453125e+02, 2.932922668457031e+02, 2.937535400390625e+02, 2.942727661132812e+02, 2.947990417480469e+02, 2.953021850585938e+02, 2.953658142089844e+02, 2.953697204589844e+02, 2.953439025878906e+02, 2.953099365234375e+02, 2.952958984375e+02, 2.952641906738281e+02, 2.952568359375e+02, 2.952338256835938e+02, 2.952240295410156e+02, 2.952077026367188e+02, 2.951955871582031e+02, 2.95178466796875e+02, 2.951644592285156e+02, 2.951530456542969e+02, 2.951441040039062e+02, 2.951437072753906e+02, 2.951455383300781e+02, 2.951422729492188e+02, 2.951449279785156e+02, 2.951461181640625e+02, 2.951452941894531e+02, 2.951436462402344e+02, 2.951432189941406e+02, 2.951404724121094e+02, 2.951318359375e+02, 2.951294555664062e+02, 2.951183776855469e+02, 2.951163024902344e+02, 2.951177673339844e+02, 2.951121826171875e+02, 2.951154479980469e+02, 2.951085205078125e+02, 2.951159362792969e+02, 2.951164855957031e+02, 2.951202087402344e+02, 2.951212158203125e+02, 2.95122314453125e+02, 2.951264038085938e+02, 2.914990844726562e+02, 2.905388488769531e+02, 2.902023315429688e+02, 2.899461059570312e+02, 2.896879577636719e+02, 2.894812622070312e+02, 2.893064880371094e+02, 2.891438598632812e+02, 2.889838562011719e+02, 2.892094421386719e+02, 2.888689880371094e+02, 2.893288879394531e+02, 2.892592163085938e+02, 2.889873962402344e+02, 2.892769470214844e+02, 2.889026794433594e+02, 2.891459045410156e+02, 2.892787780761719e+02, 2.893522033691406e+02, 2.892684326171875e+02, 2.891878967285156e+02, 2.8904248046875e+02, 2.889410705566406e+02, 2.890793151855469e+02, 2.893289794921875e+02]
TSet.y=[2.891499938964844e+02, 2.891499938964844e+02, 2.891499938964844e+02, 2.891499938964844e+02, 2.891499938964844e+02, 2.891499938964844e+02, 2.891499938964844e+02, 2.891499938964844e+02, 2.891499938964844e+02, 2.891499938964844e+02, 2.891499938964844e+02, 2.891499938964844e+02, 2.891499938964844e+02, 2.891499938964844e+02, 2.891499938964844e+02, 2.891499938964844e+02, 2.891499938964844e+02, 2.891499938964844e+02, 2.891499938964844e+02, 2.891499938964844e+02, 2.891499938964844e+02, 2.891499938964844e+02, 2.891499938964844e+02, 2.891499938964844e+02, 2.891499938964844e+02, 2.891499938964844e+02, 2.951499938964844e+02, 2.951499938964844e+02, 2.951499938964844e+02, 2.951499938964844e+02, 2.951499938964844e+02, 2.951499938964844e+02, 2.951499938964844e+02, 2.951499938964844e+02, 2.951499938964844e+02, 2.951499938964844e+02, 2.951499938964844e+02, 2.951499938964844e+02, 2.951499938964844e+02, 2.951499938964844e+02, 2.951499938964844e+02, 2.951499938964844e+02, 2.951499938964844e+02, 2.951499938964844e+02, 2.951499938964844e+02, 2.951499938964844e+02, 2.951499938964844e+02, 2.951499938964844e+02, 2.951499938964844e+02, 2.951499938964844e+02, 2.951499938964844e+02, 2.951499938964844e+02, 2.951499938964844e+02, 2.951499938964844e+02, 2.951499938964844e+02, 2.951499938964844e+02, 2.951499938964844e+02, 2.951499938964844e+02, 2.951499938964844e+02, 2.951499938964844e+02, 2.951499938964844e+02, 2.951499938964844e+02, 2.951499938964844e+02, 2.951499938964844e+02, 2.951499938964844e+02, 2.951499938964844e+02, 2.951499938964844e+02, 2.951499938964844e+02, 2.951499938964844e+02, 2.951499938964844e+02, 2.951499938964844e+02, 2.951499938964844e+02, 2.951499938964844e+02, 2.951499938964844e+02, 2.951499938964844e+02, 2.951499938964844e+02, 2.891499938964844e+02, 2.891499938964844e+02, 2.891499938964844e+02, 2.891499938964844e+02, 2.891499938964844e+02, 2.891499938964844e+02, 2.891499938964844e+02, 2.891499938964844e+02, 2.891499938964844e+02, 2.891499938964844e+02, 2.891499938964844e+02, 2.891499938964844e+02, 2.891499938964844e+02, 2.891499938964844e+02, 2.891499938964844e+02, 2.891499938964844e+02, 2.891499938964844e+02, 2.891499938964844e+02, 2.891499938964844e+02, 2.891499938964844e+02, 2.891499938964844e+02, 2.891499938964844e+02, 2.891499938964844e+02, 2.891499938964844e+02, 2.891499938964844e+02]
conPID.y=[0e+00, 0e+00, 0e+00, 0e+00, 6.204374134540558e-02, 5.000817775726318e-01, 3.2059645652771e-01, 3.3679634332657e-01, 1.589339375495911e-01, 6.9330133497715e-02, 1.212797686457634e-01, 2.236435115337372e-01, 4.860166311264038e-01, 5.743772909045219e-02, 7.073374092578891e-02, 8.337414264678955e-02, 9.547342360019684e-02, 1.109780371189117e-01, 1.187978759407997e-01, 1.317433714866638e-01, 1.379892528057098e-01, 1.478805691003799e-01, 1.561809927225113e-01, 1.657418310642242e-01, 1.751679033041e-01, 1.815413534641266e-01, 1e+00, 1e+00, 1e+00, 1e+00, 1e+00, 1e+00, 1e+00, 1e+00, 1e+00, 1e+00, 1e+00, 7.412816286087036e-01, 5.537281632423401e-01, 4.467674791812897e-01, 3.73314380645752e-01, 3.222474753856659e-01, 2.620511054992676e-01, 2.311697006225586e-01, 1.852902472019196e-01, 1.628473550081253e-01, 1.351625770330429e-01, 1.2007125467062e-01, 1.06863833963871e-01, 1.062458083033562e-01, 1.105142459273338e-01, 1.180584505200386e-01, 1.279465854167938e-01, 1.313828080892563e-01, 1.320766806602478e-01, 1.385538727045059e-01, 1.389341205358505e-01, 1.398104578256606e-01, 1.426409035921097e-01, 1.47100031375885e-01, 1.502986252307892e-01, 1.569837480783463e-01, 1.720691621303558e-01, 1.836484670639038e-01, 2.070735394954681e-01, 2.248445004224777e-01, 2.392919212579727e-01, 2.61914849281311e-01, 2.763145565986633e-01, 3.024968802928922e-01, 3.131407797336578e-01, 3.284631073474884e-01, 3.397111296653748e-01, 3.52560818195343e-01, 3.649903237819672e-01, 3.734664022922516e-01, 0e+00, 0e+00, 0e+00, 0e+00, 0e+00, 0e+00, 0e+00, 4.936305433511734e-02, 2.504843473434448e-01, 1.341304332017899e-01, 4.779073596000671e-01, 4.238656908273697e-02, 1.152097806334496e-01, 3.96979957818985e-01, 1.135843843221664e-01, 5.016032457351685e-01, 2.481394559144974e-01, 1.18674710392952e-01, 4.823155328631401e-02, 1.373689919710159e-01, 2.16497540473938e-01, 3.59331488609314e-01, 4.477910101413727e-01, 3.034848570823669e-01, 5.271539837121964e-02]
hea.m_flow=[0e+00, 0e+00, 0e+00, 0e+00, 0e+00, 7.009655237197876e-03, 6.041839718818665e-01, -3.616750989329798e-26, 2.959123577276528e-15, 6.041839718818665e-01, 6.041839718818665e-01, 6.041839718818665e-01, 2.465651597824414e-12, 6.041839718818665e-01, 6.041839718818665e-01, 6.041839718818665e-01, 6.041839718818665e-01, 6.041839718818665e-01, 6.041839718818665e-01, 6.041839718818665e-01, 6.041839718818665e-01, 6.041839718818665e-01, 6.041839718818665e-01, 6.041839718818665e-01, 6.041839718818665e-01, 6.041839718818665e-01, 1.208367943763733e+00, 1.208367943763733e+00, 1.208367943763733e+00, 1.208367943763733e+00, 1.208367943763733e+00, 1.208367943763733e+00, 1.208367943763733e+00, 1.208367943763733e+00, 1.208367943763733e+00, 1.208367943763733e+00, 1.208367943763733e+00, 1.208367943763733e+00, 6.041839718818665e-01, 6.041839718818665e-01, 6.041839718818665e-01, 6.041839718818665e-01, 6.041839718818665e-01, 6.041839718818665e-01, 6.041839718818665e-01, 6.041839718818665e-01, 6.041839718818665e-01, 6.041839718818665e-01, 6.041839718818665e-01, 6.041839718818665e-01, 6.041839718818665e-01, 6.041839718818665e-01, 6.041839718818665e-01, 6.041839718818665e-01, 6.041839718818665e-01, 6.041839718818665e-01, 6.041839718818665e-01, 6.041839718818665e-01, 6.041839718818665e-01, 6.041839718818665e-01, 6.041839718818665e-01, 6.041839718818665e-01, 6.041839718818665e-01, 6.041839718818665e-01, 6.041839718818665e-01, 6.041839718818665e-01, 6.041839718818665e-01, 6.041839718818665e-01, 6.041839718818665e-01, 6.041839718818665e-01, 6.041839718818665e-01, 6.041839718818665e-01, 6.041839718818665e-01, 6.041839718818665e-01, 6.041839718818665e-01, 6.041839718818665e-01, -1.834718708436901e-21, -4.545845304877057e-33, -0e+00, 0e+00, -0e+00, -0e+00, 0e+00, 0e+00, 0e+00, 6.041839718818665e-01, -7.195289263722568e-40, 2.60178381950027e-07, -1.771408714157374e-11, 2.719432260986857e-19, 6.008958219894112e-09, 1.737421452999115e-01, -1.949413720725435e-12, 5.349134912790987e-09, 1.695781052112579e-01, 6.041839718818665e-01, 6.041839718818665e-01, 6.041839718818665e-01, 2.682196622315206e-18, -3.941802125592003e-13, 6.041839718818665e-01]
hea.TSet=[2.951499938964844e+02, 2.925975036621094e+02, 2.918280029296875e+02, 2.916367492675781e+02, 2.916429748535156e+02, 2.948009643554688e+02, 2.935757751464844e+02, 2.937038269042969e+02, 2.924782104492188e+02, 2.918705444335938e+02, 2.922406005859375e+02, 2.929610595703125e+02, 2.947832946777344e+02, 2.917367553710938e+02, 2.917839050292969e+02, 2.918489074707031e+02, 2.919240112304688e+02, 2.920321044921875e+02, 2.920908508300781e+02, 2.921878662109375e+02, 2.92239013671875e+02, 2.923156433105469e+02, 2.923820190429688e+02, 2.924574279785156e+02, 2.925323791503906e+02, 2.925857849121094e+02, 3.019366455078125e+02, 3.020804138183594e+02, 3.020918579101562e+02, 3.023364562988281e+02, 3.024426879882812e+02, 3.025795593261719e+02, 3.028809814453125e+02, 3.032922668457031e+02, 3.037535400390625e+02, 3.042727661132812e+02, 3.047990417480469e+02, 3.032324523925781e+02, 3.01795654296875e+02, 3.009438781738281e+02, 3.003304443359375e+02, 2.998879089355469e+02, 2.993923034667969e+02, 2.991135559082031e+02, 2.987391662597656e+02, 2.985365905761719e+02, 2.983053283691406e+02, 2.981682739257812e+02, 2.980505065917969e+02, 2.980284423828125e+02, 2.98048583984375e+02, 2.980975036621094e+02, 2.981676635742188e+02, 2.981947631835938e+02, 2.982021484375e+02, 2.982507019042969e+02, 2.982564086914062e+02, 2.982646179199219e+02, 2.982864379882812e+02, 2.983204345703125e+02, 2.983456115722656e+02, 2.983963623046875e+02, 2.985083923339844e+02, 2.985986328125e+02, 2.987749633789062e+02, 2.989150390625e+02, 2.990321044921875e+02, 2.9920751953125e+02, 2.993259887695312e+02, 2.995285034179688e+02, 2.996210632324219e+02, 2.997441711425781e+02, 2.998379211425781e+02, 2.999417114257812e+02, 3.00042236328125e+02, 3.001141357421875e+02, 2.934990844726562e+02, 2.925388488769531e+02, 2.922023315429688e+02, 2.919461059570312e+02, 2.916879577636719e+02, 2.914812622070312e+02, 2.913064880371094e+02, 2.915387573242188e+02, 2.929877319335938e+02, 2.92282470703125e+02, 2.946922302246094e+02, 2.916679992675781e+02, 2.921808776855469e+02, 2.941632385253906e+02, 2.921856384277344e+02, 2.949154968261719e+02, 2.931310119628906e+02, 2.922281799316406e+02, 2.91738037109375e+02, 2.923674011230469e+02, 2.929198608398438e+02, 2.939171142578125e+02, 2.945234069824219e+02, 2.935072021484375e+02, 2.917507019042969e+02]
