last-generated=2020-01-17
statistics-simulation=
{
  "linear": "0, 0, 0, 0, 0, 0, 0, 0, 0, 0, 0, 0",
  "nonlinear": "1",
  "number of continuous time states": "56",
  "numerical Jacobians": "0"
}
time=[0e+00, 6.048e+05]
bui.maxTSet[1].y=[2.4e+01, 2.4e+01]
bui.minTSet[1].y=[2e+01, 2e+01]
bui.znAttic.TAir=[2.931499938964844e+02, 2.931367492675781e+02, 2.928746948242188e+02, 2.926495666503906e+02, 2.925521545410156e+02, 2.931690979003906e+02, 2.931548767089844e+02, 2.931507263183594e+02, 2.931497497558594e+02, 2.931475219726562e+02, 2.931484375e+02, 2.931485595703125e+02, 2.931507263183594e+02, 2.931490783691406e+02, 2.931478271484375e+02, 2.931471557617188e+02, 2.931492004394531e+02, 2.931528930664062e+02, 2.931513366699219e+02, 2.9315283203125e+02, 2.931532287597656e+02, 2.931519470214844e+02, 2.931509094238281e+02, 2.93147705078125e+02, 2.9314599609375e+02, 2.931499633789062e+02, 2.931506042480469e+02, 2.931507568359375e+02, 2.93149658203125e+02, 2.931495361328125e+02, 2.931494140625e+02, 2.931493225097656e+02, 2.931470336914062e+02, 2.931494445800781e+02, 2.931535949707031e+02, 2.931519470214844e+02, 2.931507568359375e+02, 2.931480407714844e+02, 2.931471557617188e+02, 2.931484069824219e+02, 2.931497192382812e+02, 2.931500854492188e+02, 2.931488647460938e+02, 2.931500549316406e+02, 2.93149169921875e+02, 2.931493835449219e+02, 2.93150390625e+02, 2.931510314941406e+02, 2.9315478515625e+02, 2.931532592773438e+02, 2.931506652832031e+02, 2.931493835449219e+02, 2.931462097167969e+02, 2.931403503417969e+02, 2.931459045410156e+02, 2.931502380371094e+02, 2.931475830078125e+02, 2.927606811523438e+02, 2.925773315429688e+02, 2.928648376464844e+02, 2.915748901367188e+02, 2.895943298339844e+02, 2.901069641113281e+02, 2.931803894042969e+02, 2.931526184082031e+02, 2.931493530273438e+02, 2.931440124511719e+02, 2.931380004882812e+02, 2.93125244140625e+02, 2.926148681640625e+02, 2.918415832519531e+02, 2.914732971191406e+02, 2.909104614257812e+02, 2.906475524902344e+02, 2.899425048828125e+02, 2.896158142089844e+02, 2.894464111328125e+02, 2.925061645507812e+02, 2.93149169921875e+02, 2.931517028808594e+02, 2.931503601074219e+02, 2.931341857910156e+02, 2.902464599609375e+02, 2.88656982421875e+02, 2.882271118164062e+02, 2.878456420898438e+02, 2.874479675292969e+02, 2.873443603515625e+02, 2.870666809082031e+02, 2.868645324707031e+02, 2.865593872070312e+02, 2.893802490234375e+02, 2.931727905273438e+02, 2.931532897949219e+02, 2.931449279785156e+02, 2.93130859375e+02, 2.894100646972656e+02, 2.883440856933594e+02, 2.88042724609375e+02, 2.876177978515625e+02, 2.876686706542969e+02]
bui.znCore_ZN.TAir=[2.931499938964844e+02, 2.971499633789062e+02, 2.971499633789062e+02, 2.971499633789062e+02, 2.971499633789062e+02, 2.971501770019531e+02, 2.971499938964844e+02, 2.971499633789062e+02, 2.971499328613281e+02, 2.971499633789062e+02, 2.971499633789062e+02, 2.971499633789062e+02, 2.971499938964844e+02, 2.971499938964844e+02, 2.971499938964844e+02, 2.971499938964844e+02, 2.971499938964844e+02, 2.971499938964844e+02, 2.971500244140625e+02, 2.971500854492188e+02, 2.971502685546875e+02, 2.971501159667969e+02, 2.971500549316406e+02, 2.971500549316406e+02, 2.971500244140625e+02, 2.971498107910156e+02, 2.9714990234375e+02, 2.971499328613281e+02, 2.971493835449219e+02, 2.971499328613281e+02, 2.971499633789062e+02, 2.971499633789062e+02, 2.971499938964844e+02, 2.971501159667969e+02, 2.971503601074219e+02, 2.971501159667969e+02, 2.971500244140625e+02, 2.971500549316406e+02, 2.971500244140625e+02, 2.97149658203125e+02, 2.971498718261719e+02, 2.971498718261719e+02, 2.971498718261719e+02, 2.9714990234375e+02, 2.971499328613281e+02, 2.971499633789062e+02, 2.971499938964844e+02, 2.971499938964844e+02, 2.97150634765625e+02, 2.971501770019531e+02, 2.971500854492188e+02, 2.971500854492188e+02, 2.971500244140625e+02, 2.971237487792969e+02, 2.971497497558594e+02, 2.971498413085938e+02, 2.971495361328125e+02, 2.9714990234375e+02, 2.971499328613281e+02, 2.971499633789062e+02, 2.971499328613281e+02, 2.971499633789062e+02, 2.971517639160156e+02, 2.971502685546875e+02, 2.971501159667969e+02, 2.97150146484375e+02, 2.971500854492188e+02, 2.971498718261719e+02, 2.971495361328125e+02, 2.971498718261719e+02, 2.9714990234375e+02, 2.971498718261719e+02, 2.9714990234375e+02, 2.971499328613281e+02, 2.971499328613281e+02, 2.971499633789062e+02, 2.971501159667969e+02, 2.97150390625e+02, 2.971500549316406e+02, 2.971499938964844e+02, 2.971500549316406e+02, 2.971500244140625e+02, 2.97149658203125e+02, 2.971498107910156e+02, 2.971498718261719e+02, 2.9714990234375e+02, 2.9714990234375e+02, 2.971499328613281e+02, 2.971499328613281e+02, 2.971433410644531e+02, 2.971499633789062e+02, 2.971503295898438e+02, 2.971500549316406e+02, 2.971498413085938e+02, 2.971500244140625e+02, 2.971501159667969e+02, 2.971497497558594e+02, 2.971499328613281e+02, 2.971499633789062e+02, 2.971351013183594e+02, 2.970692138671875e+02]
bui.znPerimeter_ZN_1.TAir=[2.931499938964844e+02, 2.963655700683594e+02, 2.960552978515625e+02, 2.958331909179688e+02, 2.956328430175781e+02, 2.961021728515625e+02, 2.971510620117188e+02, 2.971492004394531e+02, 2.97149658203125e+02, 2.97142822265625e+02, 2.967568054199219e+02, 2.965532836914062e+02, 2.964364624023438e+02, 2.963488159179688e+02, 2.962081604003906e+02, 2.961434020996094e+02, 2.9606884765625e+02, 2.960331726074219e+02, 2.960791320800781e+02, 2.962854614257812e+02, 2.971503295898438e+02, 2.971503295898438e+02, 2.971501159667969e+02, 2.971498718261719e+02, 2.971498107910156e+02, 2.971499328613281e+02, 2.971384582519531e+02, 2.970052795410156e+02, 2.968517456054688e+02, 2.966447143554688e+02, 2.965072326660156e+02, 2.963948669433594e+02, 2.962690124511719e+02, 2.963001708984375e+02, 2.971505432128906e+02, 2.971502075195312e+02, 2.971500854492188e+02, 2.971499938964844e+02, 2.971499633789062e+02, 2.971497802734375e+02, 2.970982360839844e+02, 2.968993225097656e+02, 2.96684814453125e+02, 2.964678649902344e+02, 2.963056335449219e+02, 2.961614685058594e+02, 2.960641479492188e+02, 2.960547485351562e+02, 2.971506958007812e+02, 2.97150390625e+02, 2.97150146484375e+02, 2.971500244140625e+02, 2.971498413085938e+02, 2.971365051269531e+02, 2.969455261230469e+02, 2.9666162109375e+02, 2.964389343261719e+02, 2.9611865234375e+02, 2.958930358886719e+02, 2.957514953613281e+02, 2.954446716308594e+02, 2.951703491210938e+02, 2.961991882324219e+02, 2.9715185546875e+02, 2.971509399414062e+02, 2.971497497558594e+02, 2.971487121582031e+02, 2.971492004394531e+02, 2.971496887207031e+02, 2.971499328613281e+02, 2.968911437988281e+02, 2.965761413574219e+02, 2.962284240722656e+02, 2.959678039550781e+02, 2.9566357421875e+02, 2.954388427734375e+02, 2.955039672851562e+02, 2.971521911621094e+02, 2.971487426757812e+02, 2.971495361328125e+02, 2.971502990722656e+02, 2.971494750976562e+02, 2.969940795898438e+02, 2.962451782226562e+02, 2.958197937011719e+02, 2.954447937011719e+02, 2.949560852050781e+02, 2.945928039550781e+02, 2.942490539550781e+02, 2.939358825683594e+02, 2.938279418945312e+02, 2.956691589355469e+02, 2.971512451171875e+02, 2.971503601074219e+02, 2.971495056152344e+02, 2.971488952636719e+02, 2.962857055664062e+02, 2.956342468261719e+02, 2.953000793457031e+02, 2.949814147949219e+02, 2.947151489257812e+02]
bui.znPerimeter_ZN_2.TAir=[2.931499938964844e+02, 2.9714990234375e+02, 2.971499633789062e+02, 2.971499633789062e+02, 2.971499633789062e+02, 2.97150390625e+02, 2.971496887207031e+02, 2.971499938964844e+02, 2.971499938964844e+02, 2.971499633789062e+02, 2.971499938964844e+02, 2.971499633789062e+02, 2.971499938964844e+02, 2.971499938964844e+02, 2.971499938964844e+02, 2.971499938964844e+02, 2.971499938964844e+02, 2.971500244140625e+02, 2.971500244140625e+02, 2.971500549316406e+02, 2.971501770019531e+02, 2.971501159667969e+02, 2.971500244140625e+02, 2.971499633789062e+02, 2.971499328613281e+02, 2.971499328613281e+02, 2.971499633789062e+02, 2.971499938964844e+02, 2.971497802734375e+02, 2.971499633789062e+02, 2.971499938964844e+02, 2.971499633789062e+02, 2.971499633789062e+02, 2.971506958007812e+02, 2.971502990722656e+02, 2.971500549316406e+02, 2.971500244140625e+02, 2.971499938964844e+02, 2.971499633789062e+02, 2.971498107910156e+02, 2.971499633789062e+02, 2.971499633789062e+02, 2.971499328613281e+02, 2.971499633789062e+02, 2.971499633789062e+02, 2.971499938964844e+02, 2.971499938964844e+02, 2.971499938964844e+02, 2.971503601074219e+02, 2.971501770019531e+02, 2.971500549316406e+02, 2.971500244140625e+02, 2.971499328613281e+02, 2.971402282714844e+02, 2.971498718261719e+02, 2.971499633789062e+02, 2.971498413085938e+02, 2.971499328613281e+02, 2.971499938964844e+02, 2.971499328613281e+02, 2.970479125976562e+02, 2.968612060546875e+02, 2.971513061523438e+02, 2.971495666503906e+02, 2.971500244140625e+02, 2.971501159667969e+02, 2.971499633789062e+02, 2.971498413085938e+02, 2.971498107910156e+02, 2.971499328613281e+02, 2.971499633789062e+02, 2.971499328613281e+02, 2.970802001953125e+02, 2.969475402832031e+02, 2.967566223144531e+02, 2.96621826171875e+02, 2.968095092773438e+02, 2.971502075195312e+02, 2.971499938964844e+02, 2.971499633789062e+02, 2.971500244140625e+02, 2.9714990234375e+02, 2.971498718261719e+02, 2.9714990234375e+02, 2.969143981933594e+02, 2.966490783691406e+02, 2.962652893066406e+02, 2.959759521484375e+02, 2.957024841308594e+02, 2.954503784179688e+02, 2.953768310546875e+02, 2.971492614746094e+02, 2.970590209960938e+02, 2.968889770507812e+02, 2.968401184082031e+02, 2.967898559570312e+02, 2.96322265625e+02, 2.959363098144531e+02, 2.957189636230469e+02, 2.955101928710938e+02, 2.953455505371094e+02]
bui.znPerimeter_ZN_3.TAir=[2.931499938964844e+02, 2.965516967773438e+02, 2.9628271484375e+02, 2.960921020507812e+02, 2.959181823730469e+02, 2.958400573730469e+02, 2.959328308105469e+02, 2.960018615722656e+02, 2.960328979492188e+02, 2.959866638183594e+02, 2.958902587890625e+02, 2.958102722167969e+02, 2.957530822753906e+02, 2.957320556640625e+02, 2.956576232910156e+02, 2.956643371582031e+02, 2.956488952636719e+02, 2.956599731445312e+02, 2.957475280761719e+02, 2.959842834472656e+02, 2.971502990722656e+02, 2.971502380371094e+02, 2.971500854492188e+02, 2.971499938964844e+02, 2.971499633789062e+02, 2.971499328613281e+02, 2.970661926269531e+02, 2.969353637695312e+02, 2.968073120117188e+02, 2.966351623535156e+02, 2.965191345214844e+02, 2.964247131347656e+02, 2.963317260742188e+02, 2.963967895507812e+02, 2.97150390625e+02, 2.971501770019531e+02, 2.971500549316406e+02, 2.971500549316406e+02, 2.971499633789062e+02, 2.971498107910156e+02, 2.971006774902344e+02, 2.9691748046875e+02, 2.967284240722656e+02, 2.965336608886719e+02, 2.963945007324219e+02, 2.96275634765625e+02, 2.961941223144531e+02, 2.961953735351562e+02, 2.97150634765625e+02, 2.971502685546875e+02, 2.971501159667969e+02, 2.971500854492188e+02, 2.971499328613281e+02, 2.9713623046875e+02, 2.970166625976562e+02, 2.9677099609375e+02, 2.965689392089844e+02, 2.96294677734375e+02, 2.960963439941406e+02, 2.959810791015625e+02, 2.957211608886719e+02, 2.95497314453125e+02, 2.961491394042969e+02, 2.971504211425781e+02, 2.971501159667969e+02, 2.97150146484375e+02, 2.971500549316406e+02, 2.971498718261719e+02, 2.968272705078125e+02, 2.964454040527344e+02, 2.961166076660156e+02, 2.958507690429688e+02, 2.955742492675781e+02, 2.953887634277344e+02, 2.951710510253906e+02, 2.950206604003906e+02, 2.950750122070312e+02, 2.965850830078125e+02, 2.97129638671875e+02, 2.971500244140625e+02, 2.971500549316406e+02, 2.971499328613281e+02, 2.96574462890625e+02, 2.95821044921875e+02, 2.954380798339844e+02, 2.951098327636719e+02, 2.946781921386719e+02, 2.94373291015625e+02, 2.9409130859375e+02, 2.938393249511719e+02, 2.937931823730469e+02, 2.942055969238281e+02, 2.945149536132812e+02, 2.944374389648438e+02, 2.943015441894531e+02, 2.942918395996094e+02, 2.939417114257812e+02, 2.936441345214844e+02, 2.934915466308594e+02, 2.933364562988281e+02, 2.932220153808594e+02]
bui.znPerimeter_ZN_4.TAir=[2.931499938964844e+02, 2.9714990234375e+02, 2.971499633789062e+02, 2.971499633789062e+02, 2.971499633789062e+02, 2.971500244140625e+02, 2.971500549316406e+02, 2.971500244140625e+02, 2.971500549316406e+02, 2.971499633789062e+02, 2.971499633789062e+02, 2.971499633789062e+02, 2.971499938964844e+02, 2.971499938964844e+02, 2.971499938964844e+02, 2.971499938964844e+02, 2.971499938964844e+02, 2.971500244140625e+02, 2.971500244140625e+02, 2.971500549316406e+02, 2.971501770019531e+02, 2.971501159667969e+02, 2.971500854492188e+02, 2.971499633789062e+02, 2.971499328613281e+02, 2.971499328613281e+02, 2.971499633789062e+02, 2.971499938964844e+02, 2.971498107910156e+02, 2.971499633789062e+02, 2.971499938964844e+02, 2.971499633789062e+02, 2.971499633789062e+02, 2.971501770019531e+02, 2.971502685546875e+02, 2.971501159667969e+02, 2.971500549316406e+02, 2.971500549316406e+02, 2.971500244140625e+02, 2.971498107910156e+02, 2.971499633789062e+02, 2.971499633789062e+02, 2.971499328613281e+02, 2.971499633789062e+02, 2.971499633789062e+02, 2.971499938964844e+02, 2.971499938964844e+02, 2.971499938964844e+02, 2.971503601074219e+02, 2.971501770019531e+02, 2.971500549316406e+02, 2.971500549316406e+02, 2.971499328613281e+02, 2.971401672363281e+02, 2.971498718261719e+02, 2.971499633789062e+02, 2.971498413085938e+02, 2.971499328613281e+02, 2.971499938964844e+02, 2.971499328613281e+02, 2.970519714355469e+02, 2.968650512695312e+02, 2.971504211425781e+02, 2.971502990722656e+02, 2.971501159667969e+02, 2.971501770019531e+02, 2.971499633789062e+02, 2.971493530273438e+02, 2.971498107910156e+02, 2.971499328613281e+02, 2.971499633789062e+02, 2.971499328613281e+02, 2.970845031738281e+02, 2.969589233398438e+02, 2.967742919921875e+02, 2.966422729492188e+02, 2.966880798339844e+02, 2.971502685546875e+02, 2.971500854492188e+02, 2.971499938964844e+02, 2.971502075195312e+02, 2.971498107910156e+02, 2.971498413085938e+02, 2.970900268554688e+02, 2.968385314941406e+02, 2.965709228515625e+02, 2.961881103515625e+02, 2.959065246582031e+02, 2.956384582519531e+02, 2.9539404296875e+02, 2.953287048339844e+02, 2.95782470703125e+02, 2.962862243652344e+02, 2.96397216796875e+02, 2.966041259765625e+02, 2.971499633789062e+02, 2.964515380859375e+02, 2.959327697753906e+02, 2.9573681640625e+02, 2.955544128417969e+02, 2.954065246582031e+02]
bui.terUni[1].QActHea_flow=[0e+00, 4.802056640625e+04, 4.98500390625e+04, 5.04129140625e+04, 5.065630859375e+04, 4.626604296875e+04, 3.024280859375e+04, 1.822933984375e+04, 2.20990859375e+04, 2.5764919921875e+04, 3.15672734375e+04, 3.371781640625e+04, 3.55726640625e+04, 3.44040234375e+04, 3.883664453125001e+04, 4.272014453125e+04, 4.312637109375e+04, 4.101008203124999e+04, 3.823653515625e+04, 3.42311953125e+04, 2.5149908203125e+04, 1.7716625e+04, 9.6958564453125e+03, 1.6858443359375e+04, 2.769171484375e+04, 3.389780859375e+04, 3.2344830078125e+04, 3.0977705078125e+04, 3.0056244140625e+04, 3.24496640625e+04, 3.40545859375e+04, 3.50031875e+04, 3.806322265625e+04, 4.09892265625e+04, 3.369183203124997e+04, 2.4515060546875e+04, 1.9860166015625e+04, 2.1272474609375e+04, 2.6472119140625e+04, 3.6584859375e+04, 3.77247578125e+04, 3.751751953125e+04, 3.901759375e+04, 3.97021953125e+04, 4.015403125e+04, 4.10190390625e+04, 4.1171484375e+04, 4.023463671875e+04, 3.413276953125e+04, 2.527761328125e+04, 1.8162484375e+04, 1.5917529296875e+04, 2.361894140625e+04, 3.803676953125e+04, 4.414351171875e+04, 4.577667578125e+04, 4.653567578125001e+04, 5.013476562499998e+04, 5.05936640625e+04, 4.987475390625e+04, 5.30987890625e+04, 5.80506015625e+04, 5.67705703125e+04, 4.4996328125e+04, 2.5712373046875e+04, 2.402829296875e+04, 3.02228359375e+04, 4.34625078125e+04, 4.922358984375001e+04, 5.049940234374999e+04, 5.24326796875e+04, 5.33535234375e+04, 5.47603046875e+04, 5.5417734375e+04, 5.71803359375e+04, 5.79971953125e+04, 5.84214375e+04, 5.07729375e+04, 3.380608984375e+04, 3.490957421875e+04, 4.034216015625e+04, 4.775171875000008e+04, 5.642003124999996e+04, 6.03939375e+04, 6.14689609375e+04, 6.242271875e+04, 6.341680078125e+04, 6.367587109375e+04, 6.4369859375e+04, 6.487540234375e+04, 6.5638359375e+04, 5.858778125e+04, 4.45984140625e+04, 3.0224427734375e+04, 3.2352181640625e+04, 4.77284765625e+04, 5.85107890625e+04, 6.11761953125e+04, 6.192987890625e+04, 6.299232421875e+04, 6.286506640625e+04]
bui.terUni[2].QActHea_flow=[0e+00, 0e+00, 0e+00, 0e+00, 0e+00, 0e+00, 0e+00, 0e+00, 0e+00, 0e+00, 0e+00, 0e+00, 0e+00, 0e+00, 0e+00, 0e+00, 0e+00, 0e+00, 0e+00, 0e+00, 0e+00, 0e+00, 0e+00, 0e+00, 0e+00, 0e+00, 0e+00, 0e+00, 0e+00, 0e+00, 0e+00, 0e+00, 0e+00, 0e+00, 0e+00, 0e+00, 0e+00, 0e+00, 0e+00, 0e+00, 0e+00, 0e+00, 0e+00, 0e+00, 0e+00, 0e+00, 0e+00, 0e+00, 0e+00, 0e+00, 0e+00, 0e+00, 0e+00, 0e+00, 0e+00, 0e+00, 0e+00, 0e+00, 0e+00, 0e+00, 0e+00, 0e+00, 0e+00, 0e+00, 0e+00, 0e+00, 0e+00, 0e+00, 0e+00, 0e+00, 0e+00, 0e+00, 0e+00, 0e+00, 0e+00, 0e+00, 0e+00, 0e+00, 0e+00, 0e+00, 0e+00, 0e+00, 0e+00, 0e+00, 0e+00, 0e+00, 0e+00, 0e+00, 0e+00, 0e+00, 0e+00, 0e+00, 0e+00, 0e+00, 0e+00, 0e+00, 0e+00, 0e+00, 0e+00, 0e+00, 0e+00]
bui.terUni[3].QActHea_flow=[0e+00, 0e+00, 0e+00, 0e+00, 0e+00, 0e+00, 0e+00, 0e+00, 0e+00, 0e+00, 0e+00, 0e+00, 0e+00, 0e+00, 0e+00, 0e+00, 0e+00, 0e+00, 0e+00, 0e+00, 0e+00, 0e+00, 0e+00, 0e+00, 0e+00, 0e+00, 0e+00, 0e+00, 0e+00, 0e+00, 0e+00, 0e+00, 0e+00, 0e+00, 0e+00, 0e+00, 0e+00, 0e+00, 0e+00, 0e+00, 0e+00, 0e+00, 0e+00, 0e+00, 0e+00, 0e+00, 0e+00, 0e+00, 0e+00, 0e+00, 0e+00, 0e+00, 0e+00, 0e+00, 0e+00, 0e+00, 0e+00, 0e+00, 0e+00, 0e+00, 0e+00, 0e+00, 0e+00, 0e+00, 0e+00, 0e+00, 0e+00, 0e+00, 0e+00, 0e+00, 0e+00, 0e+00, 0e+00, 0e+00, 0e+00, 0e+00, 0e+00, 0e+00, 0e+00, 0e+00, 0e+00, 0e+00, 0e+00, 0e+00, 0e+00, 0e+00, 0e+00, 0e+00, 0e+00, 0e+00, 0e+00, 0e+00, 0e+00, 0e+00, 0e+00, 0e+00, 0e+00, 0e+00, 0e+00, 0e+00, 0e+00]
bui.terUni[4].QActHea_flow=[0e+00, 0e+00, 0e+00, 0e+00, 0e+00, 0e+00, 0e+00, 0e+00, 0e+00, 0e+00, 0e+00, 0e+00, 0e+00, 0e+00, 0e+00, 0e+00, 0e+00, 0e+00, 0e+00, 0e+00, 0e+00, 0e+00, 0e+00, 0e+00, 0e+00, 0e+00, 0e+00, 0e+00, 0e+00, 0e+00, 0e+00, 0e+00, 0e+00, 0e+00, 0e+00, 0e+00, 0e+00, 0e+00, 0e+00, 0e+00, 0e+00, 0e+00, 0e+00, 0e+00, 0e+00, 0e+00, 0e+00, 0e+00, 0e+00, 0e+00, 0e+00, 0e+00, 0e+00, 0e+00, 0e+00, 0e+00, 0e+00, 0e+00, 0e+00, 0e+00, 0e+00, 0e+00, 0e+00, 0e+00, 0e+00, 0e+00, 0e+00, 0e+00, 0e+00, 0e+00, 0e+00, 0e+00, 0e+00, 0e+00, 0e+00, 0e+00, 0e+00, 0e+00, 0e+00, 0e+00, 0e+00, 0e+00, 0e+00, 0e+00, 0e+00, 0e+00, 0e+00, 0e+00, 0e+00, 0e+00, 0e+00, 0e+00, 0e+00, 0e+00, 0e+00, 0e+00, 0e+00, 0e+00, 0e+00, 0e+00, 0e+00]
bui.terUni[5].QActHea_flow=[0e+00, 0e+00, 0e+00, 0e+00, 0e+00, 0e+00, 0e+00, 0e+00, 0e+00, 0e+00, 0e+00, 0e+00, 0e+00, 0e+00, 0e+00, 0e+00, 0e+00, 0e+00, 0e+00, 0e+00, 0e+00, 0e+00, 0e+00, 0e+00, 0e+00, 0e+00, 0e+00, 0e+00, 0e+00, 0e+00, 0e+00, 0e+00, 0e+00, 0e+00, 0e+00, 0e+00, 0e+00, 0e+00, 0e+00, 0e+00, 0e+00, 0e+00, 0e+00, 0e+00, 0e+00, 0e+00, 0e+00, 0e+00, 0e+00, 0e+00, 0e+00, 0e+00, 0e+00, 0e+00, 0e+00, 0e+00, 0e+00, 0e+00, 0e+00, 0e+00, 0e+00, 0e+00, 0e+00, 0e+00, 0e+00, 0e+00, 0e+00, 0e+00, 0e+00, 0e+00, 0e+00, 0e+00, 0e+00, 0e+00, 0e+00, 0e+00, 0e+00, 0e+00, 0e+00, 0e+00, 0e+00, 0e+00, 0e+00, 0e+00, 0e+00, 0e+00, 0e+00, 0e+00, 0e+00, 0e+00, 0e+00, 0e+00, 0e+00, 0e+00, 0e+00, 0e+00, 0e+00, 0e+00, 0e+00, 0e+00, 0e+00]
bui.terUni[6].QActHea_flow=[0e+00, 0e+00, 0e+00, 0e+00, 0e+00, 0e+00, 0e+00, 0e+00, 0e+00, 0e+00, 0e+00, 0e+00, 0e+00, 0e+00, 0e+00, 0e+00, 0e+00, 0e+00, 0e+00, 0e+00, 0e+00, 0e+00, 0e+00, 0e+00, 0e+00, 0e+00, 0e+00, 0e+00, 0e+00, 0e+00, 0e+00, 0e+00, 0e+00, 0e+00, 0e+00, 0e+00, 0e+00, 0e+00, 0e+00, 0e+00, 0e+00, 0e+00, 0e+00, 0e+00, 0e+00, 0e+00, 0e+00, 0e+00, 0e+00, 0e+00, 0e+00, 0e+00, 0e+00, 0e+00, 0e+00, 0e+00, 0e+00, 0e+00, 0e+00, 0e+00, 0e+00, 0e+00, 0e+00, 0e+00, 0e+00, 0e+00, 0e+00, 0e+00, 0e+00, 0e+00, 0e+00, 0e+00, 0e+00, 0e+00, 0e+00, 0e+00, 0e+00, 0e+00, 0e+00, 0e+00, 0e+00, 0e+00, 0e+00, 0e+00, 0e+00, 0e+00, 0e+00, 0e+00, 0e+00, 0e+00, 0e+00, 0e+00, 0e+00, 0e+00, 0e+00, 0e+00, 0e+00, 0e+00, 0e+00, 0e+00, 0e+00]
bui.terUni[1].QActCoo_flow=[-0e+00, -0e+00, -0e+00, -0e+00, -0e+00, -0e+00, -0e+00, 0e+00, -0e+00, -0e+00, -0e+00, -0e+00, -0e+00, -0e+00, 0e+00, -0e+00, -0e+00, 0e+00, -0e+00, -0e+00, -0e+00, -0e+00, -0e+00, -0e+00, -0e+00, -0e+00, -0e+00, -0e+00, 0e+00, -0e+00, -0e+00, -0e+00, -0e+00, -0e+00, 0e+00, -0e+00, -0e+00, -0e+00, -0e+00, -0e+00, -0e+00, 0e+00, -0e+00, -0e+00, -0e+00, -0e+00, -0e+00, -0e+00, -0e+00, -0e+00, -0e+00, -0e+00, -0e+00, -0e+00, -0e+00, -0e+00, 0e+00, 0e+00, -0e+00, -0e+00, -0e+00, -0e+00, -0e+00, -0e+00, -0e+00, -0e+00, -0e+00, -0e+00, 0e+00, 0e+00, -0e+00, -0e+00, -0e+00, -0e+00, -0e+00, -0e+00, -0e+00, -0e+00, -0e+00, -0e+00, -0e+00, 0e+00, 0e+00, -0e+00, -0e+00, -0e+00, -0e+00, -0e+00, -0e+00, -0e+00, -0e+00, -0e+00, -0e+00, -0e+00, -0e+00, -0e+00, -0e+00, -0e+00, -0e+00, -0e+00, -0e+00]
bui.terUni[2].QActCoo_flow=[-0e+00, -7.699674072265625e+02, -7.21755859375e+02, -6.764304809570312e+02, -6.258842163085938e+02, -6.749345092773438e+02, -8.02421142578125e+02, -7.87873291015625e+02, -7.095084838867188e+02, -6.670652465820312e+02, -5.9754833984375e+02, -5.479171752929688e+02, -5.16646240234375e+02, -4.958046875e+02, -4.704790039062499e+02, -5.6019287109375e+02, -5.484523315429688e+02, -5.364947509765625e+02, -6.12544921875e+02, -8.171945190429688e+02, -2.319374755859375e+03, -2.48355615234375e+03, -2.27798046875e+03, -2.628672607421875e+03, -2.6625869140625e+03, -1.74902490234375e+03, -1.305829467773438e+03, -1.139977783203125e+03, -9.903873901367174e+02, -8.706395263671875e+02, -8.075205078125e+02, -7.578590087890625e+02, -7.46697265625e+02, -9.231358642578125e+02, -2.337099609375001e+03, -2.530605712890625e+03, -2.32743505859375e+03, -2.66153759765625e+03, -2.695323486328125e+03, -1.849904418945312e+03, -1.361380859375e+03, -1.172661743164063e+03, -1.025182250976562e+03, -8.715267333984375e+02, -7.937405395507812e+02, -7.326755981445312e+02, -7.067604370117188e+02, -7.329846801757812e+02, -2.187971923828125e+03, -2.46352734375e+03, -2.571643798828125e+03, -2.619955810546875e+03, -2.667154541015625e+03, -1.907056396484375e+03, -1.383823852539062e+03, -1.169152099609375e+03, -1.019599060058594e+03, -8.611348266601578e+02, -7.416864624023438e+02, -6.727267456054688e+02, -6.014443359375e+02, -5.986868896484375e+02, -1.879984130859375e+03, -2.4814873046875e+03, -2.62126611328125e+03, -2.68410009765625e+03, -2.77957373046875e+03, -2.747095458984375e+03, -1.473364135742185e+03, -1.255729003906252e+03, -1.0540166015625e+03, -8.607789306640625e+02, -7.194376220703125e+02, -6.246751098632812e+02, -5.358654174804688e+02, -4.918107604980469e+02, -6.679943237304688e+02, -2.3279462890625e+03, -2.4963935546875e+03, -2.227671875e+03, -2.5452451171875e+03, -2.607681396484375e+03, -1.659963256835941e+03, -1.117725708007812e+03, -8.80339111328125e+02, -6.83801513671875e+02, -3.760286865234375e+02, -2.224000244140625e+02, -9.829946136474609e+01, -0e+00, -9.311325836181641e+01, -7.483526611328125e+02, -9.02147705078125e+02, -6.488213500976562e+02, -6.099022216796875e+02, -7.337179565429688e+02, -3.580480651855469e+02, -1.372475738525391e+02, -4.742502593994141e+01, -0e+00, -0e+00]
bui.terUni[3].QActCoo_flow=[-0e+00, -0e+00, -0e+00, -0e+00, -0e+00, -0e+00, -8.083109130859375e+02, -1.222043701171875e+03, -2.266851043701172e+02, -0e+00, -0e+00, -0e+00, -0e+00, -0e+00, 0e+00, -0e+00, -0e+00, 0e+00, -0e+00, -0e+00, -7.435786743164062e+02, -1.091998291015625e+03, -1.08555126953125e+03, -1.275427368164062e+03, -1.17168310546875e+03, -3.212740478515625e+02, -0e+00, -0e+00, 0e+00, -0e+00, -0e+00, -0e+00, -0e+00, -0e+00, -6.611446533203145e+02, -1.11515771484375e+03, -1.057234130859375e+03, -1.343498413085938e+03, -1.27735888671875e+03, -3.834797058105469e+02, -0e+00, 0e+00, -0e+00, -0e+00, -0e+00, -0e+00, -0e+00, -0e+00, -3.024039001464844e+02, -9.001580810546875e+02, -1.152458862304688e+03, -1.226543212890625e+03, -1.17552880859375e+03, -3.438347473144531e+02, -0e+00, -0e+00, 0e+00, 0e+00, -0e+00, -0e+00, -0e+00, -0e+00, -0e+00, -1.938822998046875e+03, -3.09244873046875e+03, -3.299906982421875e+03, -2.62684130859375e+03, -1.633204956054688e+03, -3.313873901367174e+02, -3.707351684571157e+01, -0e+00, -0e+00, -0e+00, -0e+00, -0e+00, -0e+00, -0e+00, -1.41409814453125e+03, -1.850744506835938e+03, -1.049751342773438e+03, -1.123296020507812e+03, -1.035888305664062e+03, 0e+00, -0e+00, -0e+00, -0e+00, -0e+00, -0e+00, -0e+00, -0e+00, -0e+00, -0e+00, -8.8787451171875e+02, -1.608188232421875e+03, -1.519709594726562e+03, -7.125924072265625e+02, -0e+00, -0e+00, -0e+00, -0e+00, -0e+00]
bui.terUni[4].QActCoo_flow=[-0e+00, -2.347591094970703e+02, -1.323644104003906e+02, -6.557372283935547e+01, -3.957920670509338e-01, -4.580702514648438e+02, -5.141781616210938e+02, -3.762445068359375e+02, -3.425679321289062e+02, -2.975961303710938e+02, -2.335477600097656e+02, -1.911877746582031e+02, -1.7432177734375e+02, -1.622584838867188e+02, -1.161539459228515e+02, -1.238886795043945e+02, -1.092945709228516e+02, -1.267258987426758e+02, -1.718341827392578e+02, -2.993752746582031e+02, -1.125777099609375e+03, -1.260192260742188e+03, -1.205411865234375e+03, -1.3194091796875e+03, -1.284218872070312e+03, -7.95154296875e+02, -5.893929443359375e+02, -5.207549438476562e+02, -4.391248779296874e+02, -3.62425537109375e+02, -3.195385131835938e+02, -2.863355407714844e+02, -2.478343048095703e+02, -3.347039794921875e+02, -1.115002441406251e+03, -1.267439575195312e+03, -1.179071655273438e+03, -1.326529296875e+03, -1.303888671875e+03, -8.259378662109375e+02, -5.610303344726562e+02, -4.661731262207035e+02, -3.715846862792969e+02, -2.882738647460938e+02, -2.380684051513672e+02, -1.952920684814453e+02, -1.810275573730469e+02, -1.997073516845703e+02, -9.961842651367188e+02, -1.207401000976562e+03, -1.286583251953125e+03, -1.317930419921875e+03, -1.2946591796875e+03, -8.4058349609375e+02, -4.991785583496094e+02, -3.776240539550781e+02, -2.830608520507814e+02, -1.584317779541032e+02, -9.241378021240234e+01, -5.407078170776367e+01, -0e+00, -0e+00, -7.907899780273438e+02, -1.311503051757812e+03, -1.164173461914062e+03, -1.223455078125e+03, -1.284682739257812e+03, -1.176733032226562e+03, -4.768153686523434e+02, -3.270183105468785e+02, -1.839661254882812e+02, -6.444066619873047e+01, -0e+00, -0e+00, -0e+00, -0e+00, -0e+00, -1.216654174804688e+03, -9.9850390625e+02, -8.380143432617188e+02, -9.659110107421875e+02, -9.319671630859375e+02, -3.449660949707066e+02, -4.570921137928963e-02, -0e+00, -0e+00, -0e+00, -0e+00, -0e+00, -0e+00, -0e+00, -6.255118560791016e+01, -0e+00, -0e+00, -0e+00, -0e+00, -0e+00, -0e+00, -0e+00, -0e+00, -0e+00]
bui.terUni[5].QActCoo_flow=[-0e+00, -0e+00, -0e+00, -0e+00, -0e+00, -0e+00, -0e+00, 0e+00, -0e+00, -0e+00, -0e+00, -0e+00, -0e+00, -0e+00, 0e+00, -0e+00, -0e+00, 0e+00, -0e+00, -0e+00, -4.479067077636719e+02, -8.183369140625e+02, -7.934771118164062e+02, -1.0347802734375e+03, -1.028791015625e+03, -2.423274383544922e+02, -0e+00, -0e+00, 0e+00, -0e+00, -0e+00, -0e+00, -0e+00, -0e+00, -6.011418457031265e+02, -9.442164916992188e+02, -8.74638916015625e+02, -1.147323120117188e+03, -1.141602294921875e+03, -3.627104797363281e+02, -0e+00, 0e+00, -0e+00, -0e+00, -0e+00, -0e+00, -0e+00, -0e+00, -3.464645080566406e+02, -8.40065673828125e+02, -1.042513305664062e+03, -1.134179931640625e+03, -1.125510864257812e+03, -3.761007690429688e+02, -0e+00, -0e+00, 0e+00, 0e+00, -0e+00, -0e+00, -0e+00, -0e+00, -0e+00, -1.428271636962891e+02, -4.712277221679688e+02, -5.976655883789062e+02, -7.721919555664062e+02, -7.231091918945312e+02, 0e+00, 0e+00, -0e+00, -0e+00, -0e+00, -0e+00, -0e+00, -0e+00, -0e+00, -0e+00, -0e+00, -1.807541084289551e+01, -3.246077270507812e+02, -3.313897094726562e+02, 0e+00, -0e+00, -0e+00, -0e+00, -0e+00, -0e+00, -0e+00, -0e+00, -0e+00, -0e+00, -0e+00, -0e+00, -0e+00, -0e+00, -0e+00, -0e+00, -0e+00, -0e+00, -0e+00]
bui.terUni[6].QActCoo_flow=[-0e+00, -2.424568481445312e+02, -1.406604766845703e+02, -7.414512634277344e+01, -8.996932029724121e+00, -3.423409271240234e+01, -1.911675720214844e+02, -2.88614501953125e+02, -2.869234619140625e+02, -3.224378662109375e+02, -1.711364440917969e+02, -1.18157341003418e+02, -1.058268280029297e+02, -9.978997039794922e+01, -6.746763610839842e+01, -7.043022918701172e+01, -6.967734527587891e+01, -8.042442321777344e+01, -1.380867767333984e+02, -2.657994079589844e+02, -1.0647294921875e+03, -1.216598876953125e+03, -1.181865356445312e+03, -1.322029663085938e+03, -1.2884833984375e+03, -7.750484619140625e+02, -5.697686767578125e+02, -5.029593200683594e+02, -4.250017395019531e+02, -3.54932373046875e+02, -3.088096008300781e+02, -2.744116821289062e+02, -2.369437103271484e+02, -3.060686950683594e+02, -1.038540893554688e+03, -1.209426513671875e+03, -1.159678955078125e+03, -1.360456298828125e+03, -1.375388549804688e+03, -8.379774169921875e+02, -5.68660888671875e+02, -4.664765625000004e+02, -3.72468994140625e+02, -2.890956420898438e+02, -2.403615112304688e+02, -1.986248016357422e+02, -1.815755157470703e+02, -1.987342376708984e+02, -9.473141479492188e+02, -1.16484619140625e+03, -1.268845947265625e+03, -1.332456420898438e+03, -1.329110229492188e+03, -8.45241943359375e+02, -4.956400451660156e+02, -3.747945556640625e+02, -2.766893005371095e+02, -1.588942413330093e+02, -9.251484680175781e+01, -5.92277946472168e+01, -0e+00, -0e+00, -3.911610107421875e+02, -8.672667846679688e+02, -1.056744384765625e+03, -1.09933544921875e+03, -1.585318725585938e+03, -1.239782348632812e+03, -4.600977783203122e+02, -3.170693664550813e+02, -1.824422912597656e+02, -6.743950653076172e+01, -0e+00, -0e+00, -0e+00, -0e+00, -0e+00, -6.454519653320312e+02, -8.681980590820312e+02, -7.629216918945312e+02, -9.6519287109375e+02, -1.059980834960938e+03, -3.023560180664101e+02, -0e+00, -0e+00, -0e+00, -0e+00, -0e+00, -0e+00, -0e+00, -0e+00, -0e+00, -0e+00, -0e+00, -0e+00, -3.482157287597656e+02, -0e+00, -0e+00, -0e+00, -0e+00, -0e+00]
supHea.T_in=[3.131499938964844e+02, 3.131499938964844e+02]
bui.terUni[1].T_a1Hea_nominal=[3.131499938964844e+02, 3.131499938964844e+02]
bui.terUni[2].T_a1Hea_nominal=[3.131499938964844e+02, 3.131499938964844e+02]
bui.terUni[3].T_a1Hea_nominal=[3.131499938964844e+02, 3.131499938964844e+02]
bui.terUni[4].T_a1Hea_nominal=[3.131499938964844e+02, 3.131499938964844e+02]
bui.terUni[5].T_a1Hea_nominal=[3.131499938964844e+02, 3.131499938964844e+02]
bui.terUni[6].T_a1Hea_nominal=[3.131499938964844e+02, 3.131499938964844e+02]
bui.disFloHea.m1Act_flow[1].y=[0e+00, 2.218897342681885e+00, 2.390057325363159e+00, 2.390057325363159e+00, 2.390057325363159e+00, 2.001395463943481e+00, 8.016325831413269e-01, 3.714011907577515e-01, 4.87317830324173e-01, 6.149072647094727e-01, 8.64117443561554e-01, 9.755626916885376e-01, 1.082431077957153e+00, 1.013842701911926e+00, 1.29857873916626e+00, 1.618642687797546e+00, 1.657531142234802e+00, 1.468804001808166e+00, 1.256126880645752e+00, 1.004448771476746e+00, 5.923657417297363e-01, 3.573115766048431e-01, 1.655595600605011e-01, 3.341698050498962e-01, 6.903527975082397e-01, 9.855896234512329e-01, 9.032023549079895e-01, 8.3577561378479e-01, 7.927115559577943e-01, 9.084755182266235e-01, 9.942319393157959e-01, 1.048402190208435e+00, 1.243800520896912e+00, 1.466462373733521e+00, 9.746096134185777e-01, 5.693686604499817e-01, 4.181678593158722e-01, 4.610072374343872e-01, 6.418699622154236e-01, 1.145057201385498e+00, 1.211273550987244e+00, 1.2013019323349e+00, 1.311977386474609e+00, 1.36363959312439e+00, 1.398688197135925e+00, 1.468937039375305e+00, 1.481898665428162e+00, 1.405370831489563e+00, 9.991174936294556e-01, 5.970547199249268e-01, 3.695427179336548e-01, 3.097652792930603e-01, 5.377743244171143e-01, 1.241122126579285e+00, 1.758002161979675e+00, 1.937959671020508e+00, 2.028144836425783e+00, 2.390057325363159e+00, 2.390057325363159e+00, 2.390057325363159e+00, 2.390057325363159e+00, 2.390057325363159e+00, 2.390057325363159e+00, 1.857357025146484e+00, 6.131827831268311e-01, 5.520804524421692e-01, 7.999409437179565e-01, 1.68775200843811e+00, 2.390057325363159e+00, 2.390057325363159e+00, 2.390057325363159e+00, 2.390057325363159e+00, 2.390057325363159e+00, 2.390057325363159e+00, 2.390057325363159e+00, 2.390057325363159e+00, 2.390057325363159e+00, 2.390057325363159e+00, 9.804597496986389e-01, 1.043179392814636e+00, 1.413827896118164e+00, 2.181189537048351e+00, 2.390057325363159e+00, 2.390057325363159e+00, 2.390057325363159e+00, 2.390057325363159e+00, 2.390057325363159e+00, 2.390057325363159e+00, 2.390057325363159e+00, 2.390057325363159e+00, 2.390057325363159e+00, 2.390057325363159e+00, 1.812187314033508e+00, 8.006737232208252e-01, 9.03103768825531e-01, 2.176939964294434e+00, 2.390057325363159e+00, 2.390057325363159e+00, 2.390057325363159e+00, 2.390057325363159e+00, 2.390057325363159e+00]
bui.disFloHea.m1Act_flow[2].y=[0e+00, 0e+00, 0e+00, 0e+00, 0e+00, 0e+00, 0e+00, 0e+00, 0e+00, 0e+00, 0e+00, 0e+00, 0e+00, 0e+00, 0e+00, 0e+00, 0e+00, 0e+00, 0e+00, 0e+00, 0e+00, 0e+00, 0e+00, 0e+00, 0e+00, 0e+00, 0e+00, 0e+00, 0e+00, 0e+00, 0e+00, 0e+00, 0e+00, 0e+00, 0e+00, 0e+00, 0e+00, 0e+00, 0e+00, 0e+00, 0e+00, 0e+00, 0e+00, 0e+00, 0e+00, 0e+00, 0e+00, 0e+00, 0e+00, 0e+00, 0e+00, 0e+00, 0e+00, 0e+00, 0e+00, 0e+00, 0e+00, 0e+00, 0e+00, 0e+00, 0e+00, 0e+00, 0e+00, 0e+00, 0e+00, 0e+00, 0e+00, 0e+00, 0e+00, 0e+00, 0e+00, 0e+00, 0e+00, 0e+00, 0e+00, 0e+00, 0e+00, 0e+00, 0e+00, 0e+00, 0e+00, 0e+00, 0e+00, 0e+00, 0e+00, 0e+00, 0e+00, 0e+00, 0e+00, 0e+00, 0e+00, 0e+00, 0e+00, 0e+00, 0e+00, 0e+00, 0e+00, 0e+00, 0e+00, 0e+00, 0e+00]
bui.disFloHea.m1Act_flow[3].y=[0e+00, 0e+00, 0e+00, 0e+00, 0e+00, 0e+00, 0e+00, 0e+00, 0e+00, 0e+00, 0e+00, 0e+00, 0e+00, 0e+00, 0e+00, 0e+00, 0e+00, 0e+00, 0e+00, 0e+00, 0e+00, 0e+00, 0e+00, 0e+00, 0e+00, 0e+00, 0e+00, 0e+00, 0e+00, 0e+00, 0e+00, 0e+00, 0e+00, 0e+00, 0e+00, 0e+00, 0e+00, 0e+00, 0e+00, 0e+00, 0e+00, 0e+00, 0e+00, 0e+00, 0e+00, 0e+00, 0e+00, 0e+00, 0e+00, 0e+00, 0e+00, 0e+00, 0e+00, 0e+00, 0e+00, 0e+00, 0e+00, 0e+00, 0e+00, 0e+00, 0e+00, 0e+00, 0e+00, 0e+00, 0e+00, 0e+00, 0e+00, 0e+00, 0e+00, 0e+00, 0e+00, 0e+00, 0e+00, 0e+00, 0e+00, 0e+00, 0e+00, 0e+00, 0e+00, 0e+00, 0e+00, 0e+00, 0e+00, 0e+00, 0e+00, 0e+00, 0e+00, 0e+00, 0e+00, 0e+00, 0e+00, 0e+00, 0e+00, 0e+00, 0e+00, 0e+00, 0e+00, 0e+00, 0e+00, 0e+00, 0e+00]
bui.disFloHea.m1Act_flow[4].y=[0e+00, 0e+00, 0e+00, 0e+00, 0e+00, 0e+00, 0e+00, 0e+00, 0e+00, 0e+00, 0e+00, 0e+00, 0e+00, 0e+00, 0e+00, 0e+00, 0e+00, 0e+00, 0e+00, 0e+00, 0e+00, 0e+00, 0e+00, 0e+00, 0e+00, 0e+00, 0e+00, 0e+00, 0e+00, 0e+00, 0e+00, 0e+00, 0e+00, 0e+00, 0e+00, 0e+00, 0e+00, 0e+00, 0e+00, 0e+00, 0e+00, 0e+00, 0e+00, 0e+00, 0e+00, 0e+00, 0e+00, 0e+00, 0e+00, 0e+00, 0e+00, 0e+00, 0e+00, 0e+00, 0e+00, 0e+00, 0e+00, 0e+00, 0e+00, 0e+00, 0e+00, 0e+00, 0e+00, 0e+00, 0e+00, 0e+00, 0e+00, 0e+00, 0e+00, 0e+00, 0e+00, 0e+00, 0e+00, 0e+00, 0e+00, 0e+00, 0e+00, 0e+00, 0e+00, 0e+00, 0e+00, 0e+00, 0e+00, 0e+00, 0e+00, 0e+00, 0e+00, 0e+00, 0e+00, 0e+00, 0e+00, 0e+00, 0e+00, 0e+00, 0e+00, 0e+00, 0e+00, 0e+00, 0e+00, 0e+00, 0e+00]
bui.disFloHea.m1Act_flow[5].y=[0e+00, 0e+00, 0e+00, 0e+00, 0e+00, 0e+00, 0e+00, 0e+00, 0e+00, 0e+00, 0e+00, 0e+00, 0e+00, 0e+00, 0e+00, 0e+00, 0e+00, 0e+00, 0e+00, 0e+00, 0e+00, 0e+00, 0e+00, 0e+00, 0e+00, 0e+00, 0e+00, 0e+00, 0e+00, 0e+00, 0e+00, 0e+00, 0e+00, 0e+00, 0e+00, 0e+00, 0e+00, 0e+00, 0e+00, 0e+00, 0e+00, 0e+00, 0e+00, 0e+00, 0e+00, 0e+00, 0e+00, 0e+00, 0e+00, 0e+00, 0e+00, 0e+00, 0e+00, 0e+00, 0e+00, 0e+00, 0e+00, 0e+00, 0e+00, 0e+00, 0e+00, 0e+00, 0e+00, 0e+00, 0e+00, 0e+00, 0e+00, 0e+00, 0e+00, 0e+00, 0e+00, 0e+00, 0e+00, 0e+00, 0e+00, 0e+00, 0e+00, 0e+00, 0e+00, 0e+00, 0e+00, 0e+00, 0e+00, 0e+00, 0e+00, 0e+00, 0e+00, 0e+00, 0e+00, 0e+00, 0e+00, 0e+00, 0e+00, 0e+00, 0e+00, 0e+00, 0e+00, 0e+00, 0e+00, 0e+00, 0e+00]
bui.disFloHea.m1Act_flow[6].y=[1.544538376463902e-24, 0e+00, 0e+00, 0e+00, 0e+00, 0e+00, 0e+00, 0e+00, 0e+00, 0e+00, 0e+00, 0e+00, 0e+00, 0e+00, 0e+00, 0e+00, 0e+00, 0e+00, 0e+00, 0e+00, 0e+00, 0e+00, 0e+00, 0e+00, 0e+00, 0e+00, 0e+00, 0e+00, 0e+00, 0e+00, 0e+00, 0e+00, 0e+00, 0e+00, 0e+00, 0e+00, 0e+00, 0e+00, 0e+00, 0e+00, 0e+00, 0e+00, 0e+00, 0e+00, 0e+00, 0e+00, 0e+00, 0e+00, 0e+00, 0e+00, 0e+00, 0e+00, 0e+00, 0e+00, 0e+00, 0e+00, 0e+00, 0e+00, 0e+00, 0e+00, 0e+00, 0e+00, 0e+00, 0e+00, 0e+00, 0e+00, 0e+00, 0e+00, 0e+00, 0e+00, 0e+00, 0e+00, 0e+00, 0e+00, 0e+00, 0e+00, 0e+00, 0e+00, 0e+00, 0e+00, 0e+00, 0e+00, 0e+00, 0e+00, 0e+00, 0e+00, 0e+00, 0e+00, 0e+00, 0e+00, 0e+00, 0e+00, 0e+00, 0e+00, 0e+00, 0e+00, 0e+00, 0e+00, 0e+00, 0e+00, 0e+00]
supCoo.T_in=[2.801499938964844e+02, 2.801499938964844e+02]
bui.terUni[1].T_a1Coo_nominal=[2.801499938964844e+02, 2.801499938964844e+02]
bui.terUni[2].T_a1Coo_nominal=[2.801499938964844e+02, 2.801499938964844e+02]
bui.terUni[3].T_a1Coo_nominal=[2.801499938964844e+02, 2.801499938964844e+02]
bui.terUni[4].T_a1Coo_nominal=[2.801499938964844e+02, 2.801499938964844e+02]
bui.terUni[5].T_a1Coo_nominal=[2.801499938964844e+02, 2.801499938964844e+02]
bui.terUni[6].T_a1Coo_nominal=[2.801499938964844e+02, 2.801499938964844e+02]
bui.disFloCoo.m1Act_flow[1].y=[0e+00, 0e+00, 0e+00, 0e+00, 0e+00, 0e+00, 0e+00, 0e+00, 0e+00, 0e+00, 0e+00, 0e+00, 0e+00, 0e+00, 0e+00, 0e+00, 0e+00, 0e+00, 0e+00, 0e+00, 0e+00, 0e+00, 0e+00, 0e+00, 0e+00, 0e+00, 0e+00, 0e+00, 0e+00, 0e+00, 0e+00, 0e+00, 0e+00, 0e+00, 0e+00, 0e+00, 0e+00, 0e+00, 0e+00, 0e+00, 0e+00, 0e+00, 0e+00, 0e+00, 0e+00, 0e+00, 0e+00, 0e+00, 0e+00, 0e+00, 0e+00, 0e+00, 0e+00, 0e+00, 0e+00, 0e+00, 0e+00, 0e+00, 0e+00, 0e+00, 0e+00, 0e+00, 0e+00, 0e+00, 0e+00, 0e+00, 0e+00, 0e+00, 0e+00, 0e+00, 0e+00, 0e+00, 0e+00, 0e+00, 0e+00, 0e+00, 0e+00, 0e+00, 0e+00, 0e+00, 0e+00, 0e+00, 0e+00, 0e+00, 0e+00, 0e+00, 0e+00, 0e+00, 0e+00, 0e+00, 0e+00, 0e+00, 0e+00, 0e+00, 0e+00, 0e+00, 0e+00, 0e+00, 0e+00, 0e+00, 0e+00]
bui.disFloCoo.m1Act_flow[2].y=[0e+00, 1.170387770980597e-02, 1.079541724175215e-02, 9.974347427487373e-03, 9.095236659049988e-03, 9.947627782821655e-03, 1.2335947714746e-02, 1.205058488994837e-02, 1.057044882327318e-02, 9.808599017560482e-03, 8.618518710136414e-03, 7.80959241092205e-03, 7.315781433135271e-03, 6.992940325289965e-03, 6.606912706047296e-03, 8.006691932678223e-03, 7.818139158189297e-03, 7.627852726727724e-03, 8.869383484125137e-03, 1.262907404452562e-02, 4.897920414805412e-02, 5.324309319257736e-02, 4.792197421193123e-02, 5.710273236036301e-02, 5.80173023045063e-02, 3.475406020879745e-02, 2.379490248858929e-02, 1.977168768644333e-02, 1.630697213113305e-02, 1.371798571199179e-02, 1.243681367486715e-02, 1.147228106856346e-02, 1.126081962138414e-02, 1.482840999960899e-02, 4.943393915891651e-02, 5.448493734002113e-02, 4.9186822026968e-02, 5.798881128430367e-02, 5.890456587076187e-02, 3.72445322573185e-02, 2.516361512243748e-02, 2.05536298453808e-02, 1.709256693720818e-02, 1.373644452542067e-02, 1.216531079262495e-02, 1.099798921495676e-02, 1.052024401724339e-02, 1.100373081862926e-02, 4.564184695482254e-02, 5.271703377366066e-02, 5.557564273476601e-02, 5.686838179826736e-02, 5.81408254802227e-02, 3.872670978307724e-02, 2.571822889149189e-02, 2.046940848231316e-02, 1.696595922112465e-02, 1.352123450487855e-02, 1.116657350212336e-02, 9.908652864396572e-03, 8.683404885232449e-03, 8.637452498078346e-03, 3.79815399646759e-02, 5.318811908364296e-02, 5.690345540642738e-02, 5.859935283660889e-02, 6.120843067765236e-02, 6.03175014257431e-02, 2.793500944972033e-02, 2.256725169718271e-02, 1.775404065847397e-02, 1.351391617208719e-02, 1.075269002467394e-02, 9.0746795758605e-03, 7.61791318655014e-03, 6.931625306606293e-03, 9.824884124100208e-03, 4.919866845011711e-02, 5.358126387000084e-02, 4.664528369903564e-02, 5.487339943647385e-02, 5.653921142220497e-02, 3.255422040820131e-02, 1.92437544465065e-02, 1.392026618123055e-02, 1.010578218847513e-02, 5.218646954745054e-03, 3.066939301788807e-03, 1.355285756289959e-03, 0e+00, 1.283778226934373e-03, 1.129178050905466e-02, 1.437972113490105e-02, 9.489575400948524e-03, 8.824935182929039e-03, 1.101730298250914e-02, 4.961828235536814e-03, 1.892277970910072e-03, 6.585236988030374e-04, 0e+00, 0e+00]
bui.disFloCoo.m1Act_flow[3].y=[0e+00, 0e+00, 0e+00, 0e+00, 0e+00, 0e+00, 1.245143730193377e-02, 2.174793928861617e-02, 3.12619237229228e-03, 0e+00, 0e+00, 0e+00, 0e+00, 0e+00, 0e+00, 0e+00, 0e+00, 0e+00, 0e+00, 0e+00, 1.120181195437908e-02, 1.863718219101429e-02, 1.848657988011837e-02, 2.304902113974094e-02, 2.053021639585495e-02, 4.441878292709589e-03, 0e+00, 0e+00, 0e+00, 0e+00, 0e+00, 0e+00, 0e+00, 0e+00, 9.704115800559557e-03, 1.918243616819382e-02, 1.782810874283314e-02, 2.472212910652161e-02, 2.309617586433887e-02, 5.325712729245424e-03, 0e+00, 0e+00, 0e+00, 0e+00, 0e+00, 0e+00, 0e+00, 0e+00, 4.177223425358534e-03, 1.433712802827358e-02, 2.00690645724535e-02, 2.185582369565964e-02, 2.06226110458374e-02, 4.763836972415447e-03, 0e+00, 0e+00, 0e+00, 0e+00, 0e+00, 0e+00, 0e+00, 0e+00, 0e+00, 3.943488746881485e-02, 7.002682238817215e-02, 7.612223923206329e-02, 5.705904215574265e-02, 3.189363703131676e-02, 4.584276583045703e-03, 5.915641086176496e-04, 0e+00, 0e+00, 0e+00, 0e+00, 0e+00, 0e+00, 0e+00, 2.646205201745033e-02, 3.726768493652344e-02, 1.765617355704308e-02, 1.937483623623848e-02, 1.733773387968538e-02, 0e+00, 0e+00, 0e+00, 0e+00, 0e+00, 0e+00, 0e+00, 0e+00, 0e+00, 0e+00, 1.407681312412024e-02, 3.127211332321167e-02, 2.908322773873806e-02, 1.062766741961241e-02, 0e+00, 0e+00, 0e+00, 0e+00, 0e+00]
bui.disFloCoo.m1Act_flow[4].y=[0e+00, 3.23775177821517e-03, 1.824949053116143e-03, 9.040837758220732e-04, 3.140231128782034e-04, 6.419960409402847e-03, 7.277430966496468e-03, 5.221711937338114e-03, 4.74209152162075e-03, 4.110230598598719e-03, 3.220988903194666e-03, 2.636098070070148e-03, 2.403468592092395e-03, 2.2371222730726e-03, 1.601446303538978e-03, 1.70808588154614e-03, 1.506873639300466e-03, 1.747202011756599e-03, 2.369160763919353e-03, 4.135054536163807e-03, 1.943386159837246e-02, 2.267587557435036e-02, 2.134326286613941e-02, 2.412875182926655e-02, 2.326435968279839e-02, 1.219303719699383e-02, 8.483352139592171e-03, 7.380001712590456e-03, 6.137819029390811e-03, 5.024119280278683e-03, 4.417481366544962e-03, 3.953182604163885e-03, 3.418649546802044e-03, 4.630773793905973e-03, 1.91786400973797e-02, 2.285319566726685e-02, 2.070753090083599e-02, 2.430395223200321e-02, 2.374712191522121e-02, 1.280445791780949e-02, 8.020229637622833e-03, 6.541934795677667e-03, 5.154963582754135e-03, 3.980189561843872e-03, 3.28350649215281e-03, 2.692719921469688e-03, 2.495949622243643e-03, 2.753637032583356e-03, 1.643571630120277e-02, 2.139120362699032e-02, 2.332209423184395e-02, 2.409225888550282e-02, 2.352045848965645e-02, 1.310998480767012e-02, 7.044923957437277e-03, 5.241513717919588e-03, 3.90761159360409e-03, 2.184362616390012e-03, 1.274134032428265e-03, 7.454903679899871e-04, 0e+00, 0e+00, 1.21063431724906e-02, 2.393502369523048e-02, 2.034968137741089e-02, 2.178063802421093e-02, 2.327565662562847e-02, 2.06515658646822e-02, 6.702947430312628e-03, 4.522664006799509e-03, 2.536485670134425e-03, 8.884633425623178e-04, 0e+00, 0e+00, 0e+00, 0e+00, 0e+00, 2.161541767418385e-02, 1.648836024105549e-02, 1.304813288152218e-02, 1.576166041195393e-02, 1.501933578401804e-02, 4.776074551045945e-03, 2.964685263577849e-04, 0e+00, 0e+00, 0e+00, 0e+00, 0e+00, 0e+00, 0e+00, 8.624473121017218e-04, 0e+00, 0e+00, 0e+00, 0e+00, 0e+00, 0e+00, 0e+00, 0e+00, 0e+00]
bui.disFloCoo.m1Act_flow[5].y=[0e+00, 0e+00, 0e+00, 0e+00, 0e+00, 0e+00, 0e+00, 0e+00, 0e+00, 0e+00, 0e+00, 0e+00, 0e+00, 0e+00, 0e+00, 0e+00, 0e+00, 0e+00, 0e+00, 0e+00, 6.268111988902092e-03, 1.265175733715296e-02, 1.216001715511084e-02, 1.731162518262863e-02, 1.717477105557919e-02, 3.34243499673903e-03, 0e+00, 0e+00, 0e+00, 0e+00, 0e+00, 0e+00, 0e+00, 0e+00, 8.67809914052489e-03, 1.528518553823233e-02, 1.380106061697006e-02, 1.994659006595612e-02, 1.981033384799957e-02, 5.028232932090759e-03, 0e+00, 0e+00, 0e+00, 0e+00, 0e+00, 0e+00, 0e+00, 0e+00, 4.797081928700209e-03, 1.30894873291254e-02, 1.748879067599773e-02, 1.963349804282188e-02, 1.942789740860462e-02, 5.223969463258982e-03, 0e+00, 0e+00, 0e+00, 0e+00, 0e+00, 0e+00, 0e+00, 0e+00, 0e+00, 1.969152363017201e-03, 6.618176586925983e-03, 8.620349690318108e-03, 1.174659002572298e-02, 1.082048751413822e-02, 0e+00, 0e+00, 0e+00, 0e+00, 0e+00, 0e+00, 0e+00, 0e+00, 0e+00, 0e+00, 0e+00, 4.8290123231709e-04, 4.488713573664427e-03, 4.58424398675561e-03, 0e+00, 0e+00, 0e+00, 0e+00, 0e+00, 0e+00, 0e+00, 0e+00, 0e+00, 0e+00, 0e+00, 0e+00, 0e+00, 0e+00, 0e+00, 0e+00, 0e+00, 0e+00, 0e+00]
bui.disFloCoo.m1Act_flow[6].y=[0e+00, 3.344229888170958e-03, 1.939331064932048e-03, 1.022260170429945e-03, 4.163933335803449e-04, 5.763626541011035e-04, 2.635805169120431e-03, 3.984924405813217e-03, 3.961355891078711e-03, 4.458228126168251e-03, 2.359547186642885e-03, 1.629068749025464e-03, 1.459061517380178e-03, 1.375831314362586e-03, 9.301944519393144e-04, 9.710398153401911e-04, 9.606601088307798e-04, 1.108831260353327e-03, 1.903837779536843e-03, 3.667650977149606e-03, 1.800157129764557e-02, 2.16142013669014e-02, 2.077468112111092e-02, 2.419325523078442e-02, 2.336895279586315e-02, 1.180178113281727e-02, 8.161785081028938e-03, 7.103222887963057e-03, 5.929372739046811e-03, 4.9174465239048e-03, 4.267025273293257e-03, 3.787278663367033e-03, 3.26795014552772e-03, 4.228611011058092e-03, 1.739744469523431e-02, 2.144036628305912e-02, 2.024195715785027e-02, 2.514039352536201e-02, 2.550921216607094e-02, 1.304755546152592e-02, 8.143797516822815e-03, 6.546513177454478e-03, 5.167621653527021e-03, 3.991642501205206e-03, 3.315226640552282e-03, 2.738703042268753e-03, 2.503507304936647e-03, 2.740209689363837e-03, 1.535258442163467e-02, 2.036559022963047e-02, 2.288756333291531e-02, 2.444986067712307e-02, 2.436766400933266e-02, 1.320495828986168e-02, 6.990456487983465e-03, 5.200935062021017e-03, 3.818968543782832e-03, 2.190738916397115e-03, 1.275527174584568e-03, 8.165917242877185e-04, 0e+00, 0e+00, 5.436223465949297e-03, 1.364762242883444e-02, 1.781676895916462e-02, 1.880962215363979e-02, 3.07069718837738e-02, 2.217917889356613e-02, 6.450616288930172e-03, 4.38282592222099e-03, 2.515467349439859e-03, 9.298091754317284e-04, 0e+00, 0e+00, 0e+00, 0e+00, 0e+00, 9.430903010070324e-03, 1.366716343909502e-02, 1.156880706548691e-02, 1.574556715786457e-02, 1.789206452667713e-02, 4.176762886345441e-03, 0e+00, 0e+00, 0e+00, 0e+00, 0e+00, 0e+00, 0e+00, 0e+00, 0e+00, 0e+00, 0e+00, 0e+00, 4.822096787393093e-03, 0e+00, 0e+00, 0e+00, 0e+00, 0e+00]
