last-generated=2016-12-22
statistics-simulation=
{
  "numerical Jacobians": "0", 
  "nonlinear": " ", 
  "number of continuous time states": "8", 
  "linear": "0, 0, 0"
}
con.T[2]=[293.149993896484375, 293.149993896484375, 293.149993896484375, 293.149993896484375, 293.149993896484375, 293.16815185546875, 293.218902587890625, 293.28662109375, 293.361236572265625, 293.4361572265625, 293.51171875, 293.585296630859375, 293.65765380859375, 293.726043701171875, 293.791595458984375, 293.853729248046875, 293.91265869140625, 293.96893310546875, 294.022552490234375, 294.073394775390625, 294.121490478515625, 294.16729736328125, 294.211151123046875, 294.252655029296875, 294.291778564453125, 294.328704833984375, 294.365142822265625, 294.399932861328125, 294.433074951171875, 294.464599609375, 294.494476318359375, 294.522705078125, 294.54931640625, 294.57427978515625, 294.59820556640625, 294.621856689453125, 294.644256591796875, 294.665374755859375, 294.68524169921875, 294.703857421875, 294.721221923828125, 294.7373046875, 294.75213623046875, 294.76690673828125, 294.781585693359375, 294.795440673828125, 294.808441162109375, 294.82061767578125, 294.83197021484375, 294.842498779296875, 294.852203369140625, 294.861083984375, 294.870361328125, 294.879302978515625, 294.887725830078125, 294.895599365234375, 294.9029541015625, 294.9097900390625, 294.91607666015625, 294.921844482421875, 294.927154541015625, 294.9324951171875, 294.937469482421875, 294.942138671875, 294.946533203125, 294.95062255859375, 294.9544677734375, 294.95806884765625, 294.961456298828125, 294.964630126953125, 294.967559814453125, 294.9703369140625, 294.97296142578125, 294.975433349609375, 294.977783203125, 294.98004150390625, 294.982208251953125, 294.98431396484375, 294.98614501953125, 294.98779296875, 294.98931884765625, 294.990753173828125, 294.9920654296875, 294.9932861328125, 294.994415283203125, 294.995452880859375, 294.996429443359375, 294.997344970703125, 294.998199462890625, 294.998992919921875, 294.999786376953125, 295.000518798828125, 295.001220703125, 295.00189208984375, 295.002593994140625, 295.0032958984375, 295.00408935546875, 295.004852294921875, 295.005584716796875, 295.00628662109375, 295.0069580078125]
con.T[1]=[293.149993896484375, 293.149993896484375, 293.149993896484375, 293.149993896484375, 293.149993896484375, 293.3460693359375, 293.53887939453125, 293.6983642578125, 293.835205078125, 293.9571533203125, 294.064605712890625, 294.162322998046875, 294.2490234375, 294.3309326171875, 294.40545654296875, 294.476409912109375, 294.542388916015625, 294.60546875, 294.665618896484375, 294.72247314453125, 294.77606201171875, 294.826934814453125, 294.875579833984375, 294.921478271484375, 294.964599609375, 295.005157470703125, 295.045379638671875, 295.083831787109375, 295.120452880859375, 295.1552734375, 295.18829345703125, 295.219512939453125, 295.2489013671875, 295.2764892578125, 295.30291748046875, 295.32904052734375, 295.353759765625, 295.377105712890625, 295.3990478515625, 295.41961669921875, 295.438751220703125, 295.456512451171875, 295.472869873046875, 295.48919677734375, 295.50543212890625, 295.520721435546875, 295.53509521484375, 295.548583984375, 295.5611572265625, 295.572784423828125, 295.583526611328125, 295.593353271484375, 295.6036376953125, 295.613525390625, 295.622833251953125, 295.631561279296875, 295.63970947265625, 295.64727783203125, 295.654266357421875, 295.660675048828125, 295.66656494140625, 295.672454833984375, 295.677978515625, 295.68316650390625, 295.688018798828125, 295.69256591796875, 295.69683837890625, 295.700836181640625, 295.70458984375, 295.708099365234375, 295.71136474609375, 295.714447021484375, 295.71734619140625, 295.7200927734375, 295.722686767578125, 295.725189208984375, 295.72760009765625, 295.72991943359375, 295.731964111328125, 295.733795166015625, 295.7354736328125, 295.737060546875, 295.738525390625, 295.7398681640625, 295.741119384765625, 295.742279052734375, 295.74334716796875, 295.744354248046875, 295.74530029296875, 295.7462158203125, 295.7470703125, 295.74786376953125, 295.7486572265625, 295.749420166015625, 295.75018310546875, 295.750946044921875, 295.7518310546875, 295.752685546875, 295.75347900390625, 295.7542724609375, 295.755035400390625]
time=[0., 86400.]
cheEqu.y=[0., 0., 0., 0., 0., 0., 0., 0., 0., 0., 0., 0., 0., 0., 0., 0., 0., 0., 0., 0., 0., 0., 0., 0., 0., 0., 0., 0., 0., 0., 0., 0., 0., 0., 0., 0., 0., 0., 0., 0., 0., 0., 0., 0., 0., 0., 0., 0., 0., 0., 0., 0., 0., 0., 0., 0., 0., 0., 0., 0., 0., 0., 0., 0., 0., 0., 0., 0., 0., 0., 0., 0., 0., 0., 0., 0., 0., 0., 0., 0., 0., 0., 0., 0., 0., 0., 0., 0., 0., 0., 0., 0., 0., 0., 0., 0., 0., 0., 0., 0., 0.]
