last-generated=2017-05-26
statistics-initialization=
{
  "numerical Jacobians": "0", 
  "nonlinear": "1"
}
statistics-simulation=
{
  "numerical Jacobians": "0", 
  "nonlinear": "1", 
  "linear": " "
}
sin.ports[1].m_flow=[2.223958224058151e-01, 2.223958224058151e-01, 2.223958224058151e-01, 2.223958224058151e-01, 2.223958224058151e-01, 2.223958224058151e-01, 2.223958224058151e-01, 2.223958224058151e-01, 2.223958224058151e-01, 2.223958224058151e-01, 2.223958224058151e-01, 2.223958224058151e-01, 2.223958224058151e-01, 2.223958224058151e-01, 2.223958224058151e-01, 2.223958224058151e-01, 2.223958224058151e-01, 2.223958224058151e-01, 2.223958224058151e-01, 2.223958224058151e-01, 2.223958224058151e-01, 2.223958224058151e-01, 2.223958224058151e-01, 2.223958224058151e-01, 2.223958224058151e-01, 2.223958224058151e-01, 2.223958224058151e-01, 2.223958224058151e-01, 2.223958224058151e-01, 2.223958224058151e-01, 2.223958224058151e-01, 2.223958224058151e-01, 2.223958224058151e-01, 2.223958224058151e-01, 2.223958224058151e-01, 2.223958224058151e-01, 2.223958224058151e-01, 2.223958224058151e-01, 2.223958224058151e-01, 2.223958224058151e-01, 2.223958224058151e-01, 2.223958224058151e-01, 2.223958224058151e-01, 2.223958224058151e-01, 2.223958224058151e-01, 2.223958224058151e-01, 2.223958224058151e-01, 2.223958224058151e-01, 2.223958224058151e-01, 2.223958224058151e-01, 2.223958224058151e-01, -9.464458296942757e-13, -9.464458296942757e-13, -9.464458296942757e-13, -9.464458296942757e-13, -9.464458296942757e-13, -9.464458296942757e-13, -9.464458296942757e-13, -9.464458296942757e-13, -9.464458296942757e-13, -9.464458296942757e-13, -9.464458296942757e-13, -9.464458296942757e-13, -9.464458296942757e-13, -9.464458296942757e-13, -9.464458296942757e-13, -9.464458296942757e-13, -9.464458296942757e-13, -9.464458296942757e-13, -9.464458296942757e-13, -9.464458296942757e-13, -9.464458296942757e-13, -9.464458296942757e-13, -9.464458296942757e-13, -9.464458296942757e-13, -9.464458296942757e-13, -9.464458296942757e-13, -9.464458296942757e-13, -9.464458296942757e-13, -9.464458296942757e-13, -9.464458296942757e-13, -9.464458296942757e-13, -9.464458296942757e-13, -9.464458296942757e-13, -9.464458296942757e-13, -9.464458296942757e-13, -9.464458296942757e-13, -9.464458296942757e-13, -9.464458296942757e-13, -9.464458296942757e-13, -9.464458296942757e-13, -9.464458296942757e-13, -9.464458296942757e-13, -9.464458296942757e-13, -9.464458296942757e-13, -9.464458296942757e-13, -9.464458296942757e-13, -9.464458296942757e-13, -9.464458296942757e-13, -9.464458296942757e-13, -9.464458296942757e-13]
time=[0e+00, 1e+00]
