last-generated=2026-01-14
statistics-simulation=
{
  "linear": "0, 0, 0, 0, 0, 0, 0, 0, 0, 0, 0, 0, 0, 0, 0, 0, 0, 0, 0, 0",
  "nonlinear": " ",
  "number of continuous time states": "62",
  "numerical Jacobians": "0"
}
time=[0e+00, 7.2e+04]
sou.T_in=[2.831499938964844e+02, 2.851836853027344e+02, 2.8686572265625e+02, 2.879052734375e+02, 2.881226196289062e+02, 2.874801330566406e+02, 2.860889282226562e+02, 2.841895446777344e+02, 2.821104431152344e+02, 2.802110595703125e+02, 2.788198852539062e+02, 2.781773986816406e+02, 2.783947143554688e+02, 2.794342651367188e+02, 2.811163024902344e+02, 2.831499938964844e+02, 2.851836853027344e+02, 2.8686572265625e+02, 2.879052734375e+02, 2.881226196289062e+02, 2.874801330566406e+02, 2.860889282226562e+02, 2.841895446777344e+02, 2.821104431152344e+02, 2.802110595703125e+02, 2.788198852539062e+02, 2.781773986816406e+02, 2.783947143554688e+02, 2.794342651367188e+02, 2.811163024902344e+02, 2.831499938964844e+02, 2.851836853027344e+02, 2.8686572265625e+02, 2.879052734375e+02, 2.881226196289062e+02, 2.874801330566406e+02, 2.860889282226562e+02, 2.841895446777344e+02, 2.821104431152344e+02, 2.802110595703125e+02, 2.788198852539062e+02, 2.781773986816406e+02, 2.783947143554688e+02, 2.794342651367188e+02, 2.811163024902344e+02, 2.831499938964844e+02, 2.851836853027344e+02, 2.8686572265625e+02, 2.879052734375e+02, 2.881226196289062e+02, 2.874801330566406e+02, 2.860889282226562e+02, 2.841895446777344e+02, 2.821104431152344e+02, 2.802110595703125e+02, 2.788198852539062e+02, 2.781773986816406e+02, 2.783947143554688e+02, 2.794342651367188e+02, 2.811163024902344e+02, 2.831499938964844e+02, 2.851836853027344e+02, 2.8686572265625e+02, 2.879052734375e+02, 2.881226196289062e+02, 2.874801330566406e+02, 2.860889282226562e+02, 2.841895446777344e+02, 2.821104431152344e+02, 2.802110595703125e+02, 2.788198852539062e+02, 2.781773986816406e+02, 2.783947143554688e+02, 2.794342651367188e+02, 2.811163024902344e+02, 2.831499938964844e+02, 2.851836853027344e+02, 2.8686572265625e+02, 2.879052734375e+02, 2.881226196289062e+02, 2.874801330566406e+02, 2.860889282226562e+02, 2.841895446777344e+02, 2.821104431152344e+02, 2.802110595703125e+02, 2.788198852539062e+02, 2.781773986816406e+02, 2.783947143554688e+02, 2.794342651367188e+02, 2.811163024902344e+02, 2.831499938964844e+02, 2.851836853027344e+02, 2.8686572265625e+02, 2.879052734375e+02, 2.881226196289062e+02, 2.874801330566406e+02, 2.860889282226562e+02, 2.841895446777344e+02, 2.821104431152344e+02, 2.802110595703125e+02, 2.788198852539062e+02]
TOut.T=[2.831499938964844e+02, 2.829112548828125e+02, 2.826162414550781e+02, 2.828773803710938e+02, 2.833451232910156e+02, 2.836812438964844e+02, 2.836884460449219e+02, 2.833265380859375e+02, 2.826788330078125e+02, 2.819014892578125e+02, 2.811676025390625e+02, 2.806193542480469e+02, 2.80334716796875e+02, 2.803142700195312e+02, 2.804908752441406e+02, 2.807581787109375e+02, 2.810081176757812e+02, 2.81166259765625e+02, 2.812093505859375e+02, 2.811605224609375e+02, 2.810674133300781e+02, 2.810525207519531e+02, 2.811428527832031e+02, 2.811690979003906e+02, 2.81228271484375e+02, 2.811259460449219e+02, 2.811863403320312e+02, 2.812405395507812e+02, 2.812115173339844e+02, 2.810873413085938e+02, 2.810246276855469e+02, 2.812342529296875e+02, 2.817757873535156e+02, 2.825110168457031e+02, 2.832021789550781e+02, 2.8363037109375e+02, 2.836717834472656e+02, 2.83321533203125e+02, 2.826775207519531e+02, 2.819012145996094e+02, 2.811675720214844e+02, 2.80619384765625e+02, 2.803347473144531e+02, 2.803142700195312e+02, 2.804908752441406e+02, 2.807581787109375e+02, 2.810081176757812e+02, 2.81166259765625e+02, 2.812093505859375e+02, 2.811605224609375e+02, 2.810674133300781e+02, 2.810525207519531e+02, 2.811428527832031e+02, 2.811690979003906e+02, 2.81228271484375e+02, 2.811259460449219e+02, 2.811863403320312e+02, 2.812405395507812e+02, 2.812115173339844e+02, 2.810873413085938e+02, 2.810246276855469e+02, 2.812342529296875e+02, 2.817757873535156e+02, 2.825110168457031e+02, 2.832021789550781e+02, 2.8363037109375e+02, 2.836717834472656e+02, 2.83321533203125e+02, 2.826775207519531e+02, 2.819012145996094e+02, 2.811675720214844e+02, 2.80619384765625e+02, 2.803347473144531e+02, 2.803142700195312e+02, 2.804908752441406e+02, 2.807581787109375e+02, 2.810081176757812e+02, 2.81166259765625e+02, 2.812093505859375e+02, 2.811605224609375e+02, 2.810674133300781e+02, 2.810525207519531e+02, 2.811428527832031e+02, 2.811690979003906e+02, 2.81228271484375e+02, 2.811259460449219e+02, 2.811863403320312e+02, 2.812405395507812e+02, 2.812115173339844e+02, 2.810873413085938e+02, 2.810246276855469e+02, 2.812342529296875e+02, 2.817757873535156e+02, 2.825110168457031e+02, 2.832021789550781e+02, 2.8363037109375e+02, 2.836717834472656e+02, 2.83321533203125e+02, 2.826775207519531e+02, 2.819012145996094e+02, 2.811675720214844e+02]
