last-generated=2016-08-08
statistics-initialization=
{
  "numerical Jacobians": "0", 
  "nonlinear": "1"
}
statistics-simulation=
{
  "numerical Jacobians": "0", 
  "nonlinear": "1", 
  "linear": " "
}
heaPum.TSet=[308.149993896484375, 308.149993896484375, 308.149993896484375, 308.149993896484375, 308.149993896484375, 308.149993896484375, 308.149993896484375, 308.149993896484375, 308.149993896484375, 308.149993896484375, 308.149993896484375, 308.149993896484375, 308.149993896484375, 308.149993896484375, 308.149993896484375, 308.149993896484375, 308.149993896484375, 308.149993896484375, 308.149993896484375, 308.149993896484375, 308.149993896484375, 308.149993896484375, 308.149993896484375, 308.149993896484375, 308.149993896484375, 308.149993896484375, 308.149993896484375, 308.149993896484375, 308.149993896484375, 308.149993896484375, 308.149993896484375, 308.149993896484375, 308.149993896484375, 308.149993896484375, 308.149993896484375, 308.149993896484375, 308.149993896484375, 308.149993896484375, 308.149993896484375, 308.149993896484375, 308.149993896484375, 308.149993896484375, 308.149993896484375, 308.149993896484375, 308.149993896484375, 308.149993896484375, 308.149993896484375, 308.149993896484375, 308.149993896484375, 308.149993896484375, 308.149993896484375, 317.149993896484375, 323.149993896484375, 323.149993896484375, 323.149993896484375, 323.149993896484375, 323.149993896484375, 323.149993896484375, 323.149993896484375, 323.149993896484375, 323.149993896484375, 323.149993896484375, 323.149993896484375, 323.149993896484375, 323.149993896484375, 323.149993896484375, 323.149993896484375, 323.149993896484375, 323.149993896484375, 323.149993896484375, 323.149993896484375, 323.149993896484375, 323.149993896484375, 323.149993896484375, 323.149993896484375, 323.149993896484375, 323.149993896484375, 323.149993896484375, 323.149993896484375, 323.149993896484375, 323.149993896484375, 323.149993896484375, 323.149993896484375, 323.149993896484375, 323.149993896484375, 323.149993896484375, 323.149993896484375, 323.149993896484375, 323.149993896484375, 323.149993896484375, 323.149993896484375, 323.149993896484375, 323.149993896484375, 323.149993896484375, 323.149993896484375, 323.149993896484375, 323.149993896484375, 323.149993896484375, 323.149993896484375, 323.149993896484375, 323.149993896484375]
heaPum.sta_b1.T=[308.149993896484375, 308.149993896484375, 308.149993896484375, 308.149993896484375, 308.149993896484375, 308.149993896484375, 308.149993896484375, 308.149993896484375, 308.149993896484375, 308.149993896484375, 308.149993896484375, 308.149993896484375, 308.149993896484375, 308.149993896484375, 308.149993896484375, 308.149993896484375, 308.149993896484375, 308.149993896484375, 308.149993896484375, 308.149993896484375, 308.149993896484375, 308.149993896484375, 308.149993896484375, 308.149993896484375, 308.149993896484375, 308.149993896484375, 308.149993896484375, 308.149993896484375, 308.149993896484375, 308.149993896484375, 308.149993896484375, 308.149993896484375, 308.149993896484375, 308.149993896484375, 308.149993896484375, 308.149993896484375, 308.149993896484375, 308.149993896484375, 308.149993896484375, 308.149993896484375, 308.149993896484375, 308.149993896484375, 308.149993896484375, 308.149993896484375, 308.149993896484375, 308.149993896484375, 308.149993896484375, 308.149993896484375, 308.149993896484375, 308.149993896484375, 308.149993896484375, 317.149993896484375, 323.149993896484375, 323.149993896484375, 323.149993896484375, 323.149993896484375, 323.149993896484375, 323.149993896484375, 323.149993896484375, 323.149993896484375, 323.149993896484375, 323.149993896484375, 323.149993896484375, 323.149993896484375, 323.149993896484375, 323.149993896484375, 323.149993896484375, 323.149993896484375, 323.149993896484375, 323.149993896484375, 323.149993896484375, 323.149993896484375, 323.149993896484375, 323.149993896484375, 323.149993896484375, 323.149993896484375, 323.149993896484375, 323.149993896484375, 323.149993896484375, 323.149993896484375, 323.149993896484375, 323.149993896484375, 323.149993896484375, 323.149993896484375, 323.149993896484375, 323.149993896484375, 323.149993896484375, 323.149993896484375, 323.149993896484375, 323.149993896484375, 323.149993896484375, 323.149993896484375, 323.149993896484375, 323.149993896484375, 323.149993896484375, 323.149993896484375, 323.149993896484375, 323.149993896484375, 323.149993896484375, 323.149993896484375, 323.149993896484375]
heaPum.sta_a2.T=[288.149993896484375, 288.149993896484375]
heaPum.sta_b2.T=[283.149993896484375, 283.149993896484375, 283.149993896484375, 283.149993896484375, 283.149993896484375, 283.149993896484375, 283.149993896484375, 283.149993896484375, 283.149993896484375, 283.149993896484375, 283.149993896484375, 283.149993896484375, 283.149993896484375, 283.149993896484375, 283.149993896484375, 283.149993896484375, 283.149993896484375, 283.149993896484375, 283.149993896484375, 283.149993896484375, 283.149993896484375, 283.149993896484375, 283.149993896484375, 283.149993896484375, 283.149993896484375, 283.149993896484375, 283.149993896484375, 283.149993896484375, 283.149993896484375, 283.149993896484375, 283.149993896484375, 283.149993896484375, 283.149993896484375, 283.149993896484375, 283.149993896484375, 283.149993896484375, 283.149993896484375, 283.149993896484375, 283.149993896484375, 283.149993896484375, 283.149993896484375, 283.149993896484375, 283.149993896484375, 283.149993896484375, 283.149993896484375, 283.149993896484375, 283.149993896484375, 283.149993896484375, 283.149993896484375, 283.149993896484375, 283.149993896484375, 283.149993896484375, 283.149993896484375, 283.149993896484375, 283.149993896484375, 283.149993896484375, 283.149993896484375, 283.149993896484375, 283.149993896484375, 283.149993896484375, 283.149993896484375, 283.149993896484375, 283.149993896484375, 283.149993896484375, 283.149993896484375, 283.149993896484375, 283.149993896484375, 283.149993896484375, 283.149993896484375, 283.149993896484375, 283.149993896484375, 283.149993896484375, 283.149993896484375, 283.149993896484375, 283.149993896484375, 283.149993896484375, 283.149993896484375, 283.149993896484375, 283.149993896484375, 283.149993896484375, 283.149993896484375, 283.149993896484375, 283.149993896484375, 283.149993896484375, 283.149993896484375, 283.149993896484375, 283.149993896484375, 283.149993896484375, 283.149993896484375, 283.149993896484375, 283.149993896484375, 283.149993896484375, 283.149993896484375, 283.149993896484375, 283.149993896484375, 283.149993896484375, 283.149993896484375, 283.149993896484375, 283.149993896484375, 283.149993896484375, 283.149993896484375]
time=[0., 3600.]
heaPum.sta_a1.T=[293.149993896484375, 293.149993896484375]
heaPum.QEva_flow=[-109018.4453125, -109018.4453125, -109018.4453125, -109018.4453125, -109018.4453125, -109018.4453125, -109018.4453125, -109018.4453125, -109018.4453125, -109018.4453125, -109018.4453125, -109018.4453125, -109018.4453125, -109018.4453125, -109018.4453125, -109018.4453125, -109018.4453125, -109018.4453125, -109018.4453125, -109018.4453125, -109018.4453125, -109018.4453125, -109018.4453125, -109018.4453125, -109018.4453125, -109018.4453125, -109018.4453125, -109018.4453125, -109018.4453125, -109018.4453125, -109018.4453125, -109018.4453125, -109018.4453125, -109018.4453125, -109018.4453125, -109018.4453125, -109018.4453125, -109018.4453125, -109018.4453125, -109018.4453125, -109018.4453125, -109018.4453125, -109018.4453125, -109018.4453125, -109018.4453125, -109018.4453125, -109018.4453125, -109018.4453125, -109018.4453125, -109018.4453125, -109018.4453125, -153648.59375, -175547.171875, -175547.171875, -175547.171875, -175547.171875, -175547.171875, -175547.171875, -175547.171875, -175547.171875, -175547.171875, -175547.171875, -175547.171875, -175547.171875, -175547.171875, -175547.171875, -175547.171875, -175547.171875, -175547.171875, -175547.171875, -175547.171875, -175547.171875, -175547.171875, -175547.171875, -175547.171875, -175547.171875, -175547.171875, -175547.171875, -175547.171875, -175547.171875, -175547.171875, -175547.171875, -175547.171875, -175547.171875, -175547.171875, -175547.171875, -175547.171875, -175547.171875, -175547.171875, -175547.171875, -175547.171875, -175547.171875, -175547.171875, -175547.171875, -175547.171875, -175547.171875, -175547.171875, -175547.171875, -175547.171875, -175547.171875, -175547.171875]
heaPum.QCon_flow=[149428.578125, 149428.578125, 149428.578125, 149428.578125, 149428.578125, 149428.578125, 149428.578125, 149428.578125, 149428.578125, 149428.578125, 149428.578125, 149428.578125, 149428.578125, 149428.578125, 149428.578125, 149428.578125, 149428.578125, 149428.578125, 149428.578125, 149428.578125, 149428.578125, 149428.578125, 149428.578125, 149428.578125, 149428.578125, 149428.578125, 149428.578125, 149428.578125, 149428.578125, 149428.578125, 149428.578125, 149428.578125, 149428.578125, 149428.578125, 149428.578125, 149428.578125, 149428.578125, 149428.578125, 149428.578125, 149428.578125, 149428.578125, 149428.578125, 149428.578125, 149428.578125, 149428.578125, 149428.578125, 149428.578125, 149428.578125, 149428.578125, 149428.578125, 149428.578125, 239085.71875, 298857.15625, 298857.15625, 298857.15625, 298857.15625, 298857.15625, 298857.15625, 298857.15625, 298857.15625, 298857.15625, 298857.15625, 298857.15625, 298857.15625, 298857.15625, 298857.15625, 298857.15625, 298857.15625, 298857.15625, 298857.15625, 298857.15625, 298857.15625, 298857.15625, 298857.15625, 298857.15625, 298857.15625, 298857.15625, 298857.15625, 298857.15625, 298857.15625, 298857.15625, 298857.15625, 298857.15625, 298857.15625, 298857.15625, 298857.15625, 298857.15625, 298857.15625, 298857.15625, 298857.15625, 298857.15625, 298857.15625, 298857.15625, 298857.15625, 298857.15625, 298857.15625, 298857.15625, 298857.15625, 298857.15625, 298857.15625, 298857.15625]
heaPum.P=[40410.12890625, 40410.12890625, 40410.12890625, 40410.12890625, 40410.12890625, 40410.12890625, 40410.12890625, 40410.12890625, 40410.12890625, 40410.12890625, 40410.12890625, 40410.12890625, 40410.12890625, 40410.12890625, 40410.12890625, 40410.12890625, 40410.12890625, 40410.12890625, 40410.12890625, 40410.12890625, 40410.12890625, 40410.12890625, 40410.12890625, 40410.12890625, 40410.12890625, 40410.12890625, 40410.12890625, 40410.12890625, 40410.12890625, 40410.12890625, 40410.12890625, 40410.12890625, 40410.12890625, 40410.12890625, 40410.12890625, 40410.12890625, 40410.12890625, 40410.12890625, 40410.12890625, 40410.12890625, 40410.12890625, 40410.12890625, 40410.12890625, 40410.12890625, 40410.12890625, 40410.12890625, 40410.12890625, 40410.12890625, 40410.12890625, 40410.12890625, 40410.12890625, 85437.1171875, 123309.9765625, 123309.9765625, 123309.9765625, 123309.9765625, 123309.9765625, 123309.9765625, 123309.9765625, 123309.9765625, 123309.9765625, 123309.9765625, 123309.9765625, 123309.9765625, 123309.9765625, 123309.9765625, 123309.9765625, 123309.9765625, 123309.9765625, 123309.9765625, 123309.9765625, 123309.9765625, 123309.9765625, 123309.9765625, 123309.9765625, 123309.9765625, 123309.9765625, 123309.9765625, 123309.9765625, 123309.9765625, 123309.9765625, 123309.9765625, 123309.9765625, 123309.9765625, 123309.9765625, 123309.9765625, 123309.9765625, 123309.9765625, 123309.9765625, 123309.9765625, 123309.9765625, 123309.9765625, 123309.9765625, 123309.9765625, 123309.9765625, 123309.9765625, 123309.9765625, 123309.9765625, 123309.9765625, 123309.9765625, 123309.9765625]
heaPum.dp1=[6000., 6000.]
heaPum.dp2=[13562.6669921875, 13562.6669921875, 13562.6669921875, 13562.6669921875, 13562.6669921875, 13562.6669921875, 13562.6669921875, 13562.6669921875, 13562.6669921875, 13562.6669921875, 13562.6669921875, 13562.6669921875, 13562.6669921875, 13562.6669921875, 13562.6669921875, 13562.6669921875, 13562.6669921875, 13562.6669921875, 13562.6669921875, 13562.6669921875, 13562.6669921875, 13562.6669921875, 13562.6669921875, 13562.6669921875, 13562.6669921875, 13562.6669921875, 13562.6669921875, 13562.6669921875, 13562.6669921875, 13562.6669921875, 13562.6669921875, 13562.6669921875, 13562.6669921875, 13562.6669921875, 13562.6669921875, 13562.6669921875, 13562.6669921875, 13562.6669921875, 13562.6669921875, 13562.6669921875, 13562.6669921875, 13562.6669921875, 13562.6669921875, 13562.6669921875, 13562.6669921875, 13562.6669921875, 13562.6669921875, 13562.6669921875, 13562.6669921875, 13562.6669921875, 13562.6669921875, 26940.296875, 35166.796875, 35166.796875, 35166.796875, 35166.796875, 35166.796875, 35166.796875, 35166.796875, 35166.796875, 35166.796875, 35166.796875, 35166.796875, 35166.796875, 35166.796875, 35166.796875, 35166.796875, 35166.796875, 35166.796875, 35166.796875, 35166.796875, 35166.796875, 35166.796875, 35166.796875, 35166.796875, 35166.796875, 35166.796875, 35166.796875, 35166.796875, 35166.796875, 35166.796875, 35166.796875, 35166.796875, 35166.796875, 35166.796875, 35166.796875, 35166.796875, 35166.796875, 35166.796875, 35166.796875, 35166.796875, 35166.796875, 35166.796875, 35166.796875, 35166.796875, 35166.796875, 35166.796875, 35166.796875, 35166.796875, 35166.796875, 35166.796875]
heaPum.COP=[3.69779992103576660156, 3.69779992103576660156, 3.69779992103576660156, 3.69779992103576660156, 3.69779992103576660156, 3.69779992103576660156, 3.69779992103576660156, 3.69779992103576660156, 3.69779992103576660156, 3.69779992103576660156, 3.69779992103576660156, 3.69779992103576660156, 3.69779992103576660156, 3.69779992103576660156, 3.69779992103576660156, 3.69779992103576660156, 3.69779992103576660156, 3.69779992103576660156, 3.69779992103576660156, 3.69779992103576660156, 3.69779992103576660156, 3.69779992103576660156, 3.69779992103576660156, 3.69779992103576660156, 3.69779992103576660156, 3.69779992103576660156, 3.69779992103576660156, 3.69779992103576660156, 3.69779992103576660156, 3.69779992103576660156, 3.69779992103576660156, 3.69779992103576660156, 3.69779992103576660156, 3.69779992103576660156, 3.69779992103576660156, 3.69779992103576660156, 3.69779992103576660156, 3.69779992103576660156, 3.69779992103576660156, 3.69779992103576660156, 3.69779992103576660156, 3.69779992103576660156, 3.69779992103576660156, 3.69779992103576660156, 3.69779992103576660156, 3.69779992103576660156, 3.69779992103576660156, 3.69779992103576660156, 3.69779992103576660156, 3.69779992103576660156, 3.69779992103576660156, 2.79838228225708007812, 2.42362499237060546875, 2.42362499237060546875, 2.42362499237060546875, 2.42362499237060546875, 2.42362499237060546875, 2.42362499237060546875, 2.42362499237060546875, 2.42362499237060546875, 2.42362499237060546875, 2.42362499237060546875, 2.42362499237060546875, 2.42362499237060546875, 2.42362499237060546875, 2.42362499237060546875, 2.42362499237060546875, 2.42362499237060546875, 2.42362499237060546875, 2.42362499237060546875, 2.42362499237060546875, 2.42362499237060546875, 2.42362499237060546875, 2.42362499237060546875, 2.42362499237060546875, 2.42362499237060546875, 2.42362499237060546875, 2.42362499237060546875, 2.42362499237060546875, 2.42362499237060546875, 2.42362499237060546875, 2.42362499237060546875, 2.42362499237060546875, 2.42362499237060546875, 2.42362499237060546875, 2.42362499237060546875, 2.42362499237060546875, 2.42362499237060546875, 2.42362499237060546875, 2.42362499237060546875, 2.42362499237060546875, 2.42362499237060546875, 2.42362499237060546875, 2.42362499237060546875, 2.42362499237060546875, 2.42362499237060546875, 2.42362499237060546875, 2.42362499237060546875, 2.42362499237060546875, 2.42362499237060546875, 2.42362499237060546875]
heaPum.COP_nominal=[3.63779997825622558594, 3.63779997825622558594]
