last-generated=2015-08-19
statistics-simulation=
{
  "numerical Jacobians": "0", 
  "nonlinear": " ", 
  "number of continuous time states": "1", 
  "linear": " "
}
y=[644.747802734375, 779.22291827045432910381, 934.63684773558713914099, 1112.75888876787439585314, 1315.2341904956945199956, 1543.53304035015253248275, 1798.90057123951328321709, 2082.30221691096176073188, 2394.37750529834193002898, 2735.40295007076201727614, 3105.2514513352334688534, 3503.37002007432602113113, 3928.76932335011861141538, 4380.01145265625473257387, 4855.22530835795168968616, 5352.121281054598512128, 5868.02997327284447237616, 6399.93430194138636579737, 6944.52646291358723829035, 7498.26868763178208610043, 8057.45086380575867224252, 8618.2622275607573101297, 9176.86627717011469940189, 9729.46347787042213894892, 10272.35983833495265571401, 10802.037109375, 11315.20187709751007787418, 11808.84199744364195794333, 12280.26752305600894032978, 12727.14522158039835630916, 13147.52551095599847030826, 13539.85440139770253153984, 13902.98657506933705008123, 14236.17974383500768453814, 14539.09169288373232120648, 14811.75894085613072093111, 15054.5830212363234750228, 15268.30068478380235319491, 15453.95796094596880720928, 15612.87596770651362021454, 15746.62306466904556145892, 15856.9795269374026247533, 15945.90232929386547766626, 16015.50097832008395926096, 16068.00292348947732534725, 16105.72851785326201934367, 16131.06640437542228028178, 16146.45507732020632829517, 16154.36230444106331560761, 16157.27734371605765772983, 16157.693359375, 16158.10937503394234227017, 16161.02441430915496312082, 16168.93945393110334407538, 16184.36425969362608157098, 16209.82616963327745907009, 16247.88379533386614639312, 16301.14745914993909536861, 16372.29688985863867856096, 16464.10933896487404126674, 16579.49412191854935372248, 16721.52149387796453083865, 16893.47466072452880325727, 17098.89268644691037479788, 17341.63279708315167226829, 17625.93146061235165689141, 17956.49036332333344034851, 18338.56047462663627811708, 18778.05435561922058695927, 19281.67395814667906961404, 19857.04864749535045120865, 20512.93015201889284071513, 21259.39462730641389498487, 22108.09923691016956581734, 23072.5943082702906394843, 24168.685546875, 25414.90558009521191706881, 26833.03550782705497113056, 28448.82206275658245431259, 30292.77315016429201932624, 32401.19656746627879329026, 34817.51111048118764301762, 37593.7873154518092633225, 40792.76899844375293469056, 44490.40875509897159645334, 48778.98717083633528091013, 53771.15256782109645428136, 59605.10641436878358945251, 66451.10515872032556217164, 74519.97368729884328786284, 84074.04859500963357277215, 95441.53576624413835816085, 109035.04330025598756037652, 125376.16710788148338906467, 145128.11465648224111646414, 169138.62596028464031405747, 198497.77033046039287000895, 234616.02050500852055847645, 279328.86707462847698479891, 335040.28576001350302249193, 404919.65625]
y_comp=[644.747802734375, 779.22291827045432910381, 934.63684773558713914099, 1112.75888876787439585314, 1315.2341904956945199956, 1543.53304035015253248275, 1798.90057123951328321709, 2082.30221691096176073188, 2394.37750529834193002898, 2735.40295007076201727614, 3105.2514513352334688534, 3503.37002007432602113113, 3928.76932335011861141538, 4380.01145265625473257387, 4855.22530835795168968616, 5352.121281054598512128, 5868.02997327371758728987, 6399.93430194138636579737, 6944.52646291358723829035, 7498.26868763178208610043, 8057.45086380575867224252, 8618.2622275607573101297, 9176.86627717011469940189, 9729.46347787042213894892, 10272.35983833495265571401, 10802.037109375, 11315.20187709751007787418, 11808.84199744364195794333, 12280.26752305600894032978, 12727.14522158039835630916, 13147.52551095599847030826, 13539.85440139770253153984, 13902.98657506933705008123, 14236.17974383500768453814, 14539.09169288373232120648, 14811.75894085613072093111, 15054.5830212363234750228, 15268.30068478380235319491, 15453.95796094596880720928, 15612.87596770622258190997, 15746.62306466904556145892, 15856.97855037664885458071, 15945.90232929299236275256, 16015.50097832008395926096, 16068.00292348947732534725, 16105.72851785289822146297, 16131.06640437542228028178, 16146.45507732020632829517, 16154.36230444106331560761, 16157.27734371605765772983, 16157.693359375, 16158.10937503394234227017, 16161.02441430915496312082, 16168.93945393110334407538, 16184.36425969362608157098, 16209.82616963327745907009, 16247.88379533386614639312, 16301.14843571229357621633, 16372.29688985863867856096, 16464.11129208638158161193, 16579.49412191854935372248, 16721.52149387854660744779, 16893.47466072452880325727, 17098.89268644691037479788, 17341.63279708315167226829, 17625.93146061235165689141, 17956.49036332333344034851, 18338.56047462663627811708, 18778.05435561922058695927, 19281.67395814667906961404, 19857.04864749535045120865, 20512.93015201889284071513, 21259.39462730757804820314, 22108.09923691016956581734, 23072.59430827552932896651, 24168.6875, 25414.90558009521191706881, 26833.03746094157759216614, 28448.82206275774660753086, 30292.77315017244109185413, 32401.19656746627879329026, 34817.51111048118764301762, 37593.7873154518092633225, 40792.76899846936430549249, 44490.41266134198667714372, 48778.98717083633528091013, 53771.15256782109645428136, 59605.10641436878358945251, 66451.10515872032556217164, 74519.97368729884328786284, 84074.04859500963357277215, 95441.53576625810819678009, 109035.05111270476481877267, 125376.16710788148338906467, 145128.11465648224111646414, 169138.62596028464031405747, 198497.77033046039287000895, 234616.02050500852055847645, 279328.86707462847698479891, 335040.28576016251463443041, 404919.65625]
time=[-1., 1.]
