last-generated=2017-04-04
statistics-initialization=
{
  "numerical Jacobians": "0", 
  "nonlinear": "1, 1, 1, 1, 7, 1, 1"
}
statistics-simulation=
{
  "numerical Jacobians": "0", 
  "nonlinear": "0, 0, 1, 1, 7, 1, 1", 
  "number of continuous time states": "74", 
  "linear": "24"
}
pmpSouth.m_flow=[0e+00, 3.545560359954834e+00, 5.229369640350342e+00, 5.277186870574951e+00, 5.183066368103027e+00, 5.114432811737061e+00, 5.076565742492676e+00, 5.06385326385498e+00, 5.071053981781006e+00, 5.092556476593018e+00, 5.122944831848145e+00, 5.154654026031494e+00, 5.185640811920166e+00, 5.221701622009277e+00, 5.257465362548828e+00, 5.290459156036377e+00, 5.32008171081543e+00, 5.346378326416016e+00, 5.36956787109375e+00, 5.389890670776367e+00, 5.407563209533691e+00, 5.422772884368896e+00, 5.435678482055664e+00, 5.446410655975342e+00, 5.455075263977051e+00, 5.461758613586426e+00, 5.466524600982666e+00, 5.778989791870117e+00, 6.106730937957764e+00, 6.244175910949707e+00, 6.263287544250488e+00, 6.233736038208008e+00, 6.19443941116333e+00, 6.158915519714355e+00, 6.128513336181641e+00, 6.101109981536865e+00, 6.074442386627197e+00, 6.042434215545654e+00, 6.012158393859863e+00, 5.980632781982422e+00, 5.945387363433838e+00, 5.905544757843018e+00, 5.860678672790527e+00, 5.810426712036133e+00, 5.754376411437988e+00, 5.692053318023682e+00, 5.622917652130127e+00, 5.546349048614502e+00, 5.46168851852417e+00, 5.368213176727295e+00, 5.265148162841797e+00, 4.081645965576172e+00, 1.59474790096283e+00, 4.650698900222778e-01, 7.273934781551361e-02, 6.595094222575426e-03, 5.673062987625599e-04, 4.715550676337443e-05, 3.776141738853767e-06, 3.147576137507713e-07, 2.404541277201133e-08, 1.694725360046334e-09, 1.187916570666303e-10, 8.875095970639624e-12, 6.463078227984809e-13, 6.758216355247024e-14, -1.765275276757912e-14, -8.127552179448133e-15, 9.152355107716246e-16, -5.456977998950308e-16, 2.945621594164609e-17, 1.344525572725497e-16, 4.257194210345014e-17, 2.144097849466291e-18, -5.444467223057688e-18, 2.246750136303509e-18, 2.701941785428364e-19, 9.355401418864806e-21, 4.854661622762632e-22, 5.398853594805874e-23, 7.208577030890681e-24, 1.377889439476087e-24, 2.635073003869204e-25, 3.447506736941692e-26, -1.919091930119689e-27, 1.591708997033757e-28, -3.506450516224443e-27, -6.330796542568197e-28, -1.116373597836946e-28, -7.71787536264019e-28, -6.632019689590139e-28, 4.517761301328849e-29, -7.619542796357746e-29, 2.330604388279282e-29, -2.356056756200575e-29, -1.183814142487125e-29, 8.652757116515827e-30, -1.043842180874826e-30, -7.198823700932908e-30, -1.401255940219745e-30, 9.834019288979181e-31]
pmpNorth.m_flow=[0e+00, 3.940218687057495e+00, 5.780961513519287e+00, 5.808623313903809e+00, 5.689352989196777e+00, 5.604521751403809e+00, 5.557573795318604e+00, 5.541097640991211e+00, 5.548549652099609e+00, 5.573101997375488e+00, 5.608231067657471e+00, 5.645925045013428e+00, 5.680958271026611e+00, 5.722306251525879e+00, 5.763566493988037e+00, 5.801590442657471e+00, 5.83560848236084e+00, 5.865678310394287e+00, 5.892082214355469e+00, 5.915127754211426e+00, 5.935093402862549e+00, 5.95221996307373e+00, 5.966708660125732e+00, 5.978726863861084e+00, 5.988409996032715e+00, 5.995865821838379e+00, 6.001176357269287e+00, 6.39191198348999e+00, 6.808483600616455e+00, 6.981559276580811e+00, 7.000467777252197e+00, 6.957562923431396e+00, 6.904169082641602e+00, 6.857473373413086e+00, 6.818716526031494e+00, 6.784786224365234e+00, 6.752520561218262e+00, 6.714903831481934e+00, 6.678117752075195e+00, 6.640793800354004e+00, 6.599258422851562e+00, 6.552175045013428e+00, 6.498929500579834e+00, 6.439030647277832e+00, 6.371933937072754e+00, 6.297018527984619e+00, 6.213583469390869e+00, 6.120833396911621e+00, 6.017938137054443e+00, 5.904009342193604e+00, 5.778127193450928e+00, 4.468040943145752e+00, 1.742597460746765e+00, 5.08343517780304e-01, 8.280604332685471e-02, 7.49502144753933e-03, 6.435292889364064e-04, 5.335065725375898e-05, 4.256915872247191e-06, 3.531711740833998e-07, 2.682103961149096e-08, 1.876790500787706e-09, 1.304405333746317e-10, 9.651449778269594e-12, 6.954072192220939e-13, 7.190592115876096e-14, -1.857134644634925e-14, -8.458419342271661e-15, 9.43151281493403e-16, -5.575854308537121e-16, 2.989068097786099e-17, 1.357156686853631e-16, 4.280963079810603e-17, 2.150680759576141e-18, -5.452748128169957e-18, 2.248281040822192e-18, 2.70269865568885e-19, 9.356529098684263e-21, 4.855043810093993e-22, 5.399442400585531e-23, 7.210347234761997e-24, 1.378717447603729e-24, 2.638660841873762e-25, 3.457080303583647e-26, -1.928953846992918e-27, 1.605635516832243e-28, -3.555091417713898e-27, -6.461705371265601e-28, -1.148965026950218e-28, -8.020913698634716e-28, -6.967274500211889e-28, 4.800433048532102e-29, -8.189184725658881e-29, 2.532384519942563e-29, -2.585920557571668e-29, -1.310943348714996e-29, 9.655465458671198e-30, -1.172237667233221e-30, -8.126110820906752e-30, -1.58823242265024e-30, 1.118162952264887e-30]
time=[0e+00, 1e+03]
