last-generated=2018-09-10
statistics-initialization=
{
  "nonlinear": "1",
  "numerical Jacobians": "0"
}
statistics-simulation=
{
  "linear": "0, 0, 0, 0, 0, 0, 0, 0, 0, 0, 0, 0, 0, 0, 0, 0, 0, 0, 0, 0",
  "nonlinear": " ",
  "number of continuous time states": "43",
  "numerical Jacobians": "0"
}
hea.sta_a.T=[2.806499938964844e+02, 2.922476806640625e+02, 2.92377197265625e+02, 2.924191589355469e+02, 2.924417724609375e+02, 2.92457275390625e+02, 2.924689636230469e+02, 2.924783325195312e+02, 2.924859924316406e+02, 2.924927673339844e+02, 2.924985961914062e+02, 2.925037536621094e+02, 2.925084838867188e+02, 2.925127563476562e+02, 2.925167236328125e+02, 2.925203857421875e+02, 2.925238037109375e+02, 2.925272216796875e+02, 2.925303955078125e+02, 2.925334167480469e+02, 2.925364379882812e+02, 2.925392456054688e+02, 2.925420227050781e+02, 2.925447692871094e+02, 2.9254736328125e+02, 2.925499572753906e+02, 2.925525207519531e+02, 2.925549926757812e+02, 2.925574645996094e+02, 2.925598754882812e+02, 2.925622253417969e+02, 2.925645141601562e+02, 2.925668334960938e+02, 2.925691223144531e+02, 2.925714416503906e+02, 2.925736694335938e+02, 2.925758666992188e+02, 2.925780334472656e+02, 2.925802001953125e+02, 2.925823669433594e+02, 2.925845031738281e+02, 2.925866088867188e+02, 2.925886535644531e+02, 2.925907287597656e+02, 2.925927734375e+02, 2.925947875976562e+02, 2.925968322753906e+02, 2.925987854003906e+02, 2.926007385253906e+02, 2.926026916503906e+02, 2.926046142578125e+02, 2.926065673828125e+02, 2.926084899902344e+02, 2.926103515625e+02, 2.926122131347656e+02, 2.926140441894531e+02, 2.926159057617188e+02, 2.926177673339844e+02, 2.926195678710938e+02, 2.926213073730469e+02, 2.92623046875e+02, 2.926247863769531e+02, 2.926264953613281e+02, 2.926282348632812e+02, 2.926299743652344e+02, 2.926316833496094e+02, 2.926333923339844e+02, 2.926351013183594e+02, 2.926368103027344e+02, 2.926384887695312e+02, 2.926401062011719e+02, 2.926416931152344e+02, 2.926432800292969e+02, 2.926448669433594e+02, 2.926464538574219e+02, 2.926480407714844e+02, 2.926495971679688e+02, 2.926511840820312e+02, 2.926527404785156e+02, 2.926543273925781e+02, 2.926558837890625e+02, 2.926573791503906e+02, 2.926588439941406e+02, 2.926602783203125e+02, 2.926617431640625e+02, 2.926631774902344e+02, 2.926646423339844e+02, 2.926660766601562e+02, 2.926675109863281e+02, 2.926689453125e+02, 2.926703796386719e+02, 2.926718139648438e+02, 2.926732177734375e+02, 2.92674560546875e+02, 2.926759033203125e+02, 2.9267724609375e+02, 2.926785888671875e+02, 2.92679931640625e+02, 2.926812438964844e+02, 2.926825866699219e+02, 2.926838989257812e+02]
time=[0e+00, 2.6784e+06]
borFie.groTemRes.delTBor=[0e+00, 2.106475830078125e+00, 2.881853818893433e+00, 3.253670215606689e+00, 3.486484050750732e+00, 3.656731843948364e+00, 3.787218809127808e+00, 3.894532203674316e+00, 3.982794523239136e+00, 4.061149120330811e+00, 4.130805015563965e+00, 4.191262722015381e+00, 4.246803283691406e+00, 4.298320293426514e+00, 4.345823764801025e+00, 4.389078140258789e+00, 4.430755615234375e+00, 4.472343444824219e+00, 4.509911060333252e+00, 4.546831607818604e+00, 4.583708763122559e+00, 4.617456912994385e+00, 4.651177406311035e+00, 4.684595584869385e+00, 4.716145515441895e+00, 4.747669696807861e+00, 4.778834819793701e+00, 4.809065818786621e+00, 4.839248180389404e+00, 4.868685245513916e+00, 4.897037506103516e+00, 4.925347328186035e+00, 4.953607559204102e+00, 4.98180627822876e+00, 5.009932041168213e+00, 5.037110805511475e+00, 5.063786029815674e+00, 5.090404510498047e+00, 5.11696195602417e+00, 5.143450260162354e+00, 5.169863224029541e+00, 5.195161819458008e+00, 5.220321178436279e+00, 5.245424270629883e+00, 5.270464420318604e+00, 5.295436859130859e+00, 5.320163249969482e+00, 5.344095706939697e+00, 5.367971420288086e+00, 5.391790866851807e+00, 5.415548324584961e+00, 5.439239025115967e+00, 5.462527275085449e+00, 5.485363006591797e+00, 5.508143424987793e+00, 5.53086519241333e+00, 5.553526878356934e+00, 5.576123714447021e+00, 5.597840785980225e+00, 5.619200706481934e+00, 5.640519618988037e+00, 5.661794185638428e+00, 5.683018207550049e+00, 5.704188823699951e+00, 5.725302696228027e+00, 5.746357917785645e+00, 5.76735258102417e+00, 5.788286209106445e+00, 5.809158325195312e+00, 5.829657077789307e+00, 5.849201679229736e+00, 5.868711471557617e+00, 5.888188362121582e+00, 5.907625198364258e+00, 5.927019119262695e+00, 5.946365833282471e+00, 5.965663909912109e+00, 5.984910488128662e+00, 6.004105091094971e+00, 6.023247241973877e+00, 6.04233455657959e+00, 6.060446739196777e+00, 6.078274726867676e+00, 6.096077442169189e+00, 6.113851070404053e+00, 6.131591796875e+00, 6.149294853210449e+00, 6.166956424713135e+00, 6.184576988220215e+00, 6.20215368270874e+00, 6.219685554504395e+00, 6.237171649932861e+00, 6.254313945770264e+00, 6.27077579498291e+00, 6.287212371826172e+00, 6.303625583648682e+00, 6.320010185241699e+00, 6.336362838745117e+00, 6.352680206298828e+00, 6.368961811065674e+00, 6.385205745697021e+00]
