last-generated=2026-04-24
statistics-initialization=
{
  "nonlinear": "1",
  "numerical Jacobians": "0"
}
statistics-simulation=
{
  "linear": " ",
  "nonlinear": "1",
  "number of continuous time states": "6",
  "numerical Jacobians": "0"
}
time=[1.5552e+07, 1.57248e+07]
TEnt.T=[2.931499938964844e+02, 2.952308654785156e+02, 2.941593017578125e+02, 2.942523193359375e+02, 2.949452209472656e+02, 2.941593017578125e+02, 2.941593017578125e+02, 2.946669311523438e+02, 2.957924499511719e+02, 2.941593322753906e+02, 2.944580078125e+02, 2.954035949707031e+02, 2.941593322753906e+02, 2.945288391113281e+02, 2.959498901367188e+02, 2.951561889648438e+02, 2.95028076171875e+02, 2.951126708984375e+02, 2.952820739746094e+02, 2.954930419921875e+02, 2.957034606933594e+02, 2.959161376953125e+02, 2.961324768066406e+02, 2.963326416015625e+02, 2.964461364746094e+02, 2.964411926269531e+02, 2.966271362304688e+02, 2.972650756835938e+02, 2.979336547851562e+02, 2.982459411621094e+02, 2.981733093261719e+02, 2.977692565917969e+02, 2.973511352539062e+02, 2.970342407226562e+02, 2.96726806640625e+02, 2.963944702148438e+02, 2.961378479003906e+02, 2.959822998046875e+02, 2.9585888671875e+02, 2.957015686035156e+02, 2.955120544433594e+02, 2.950856323242188e+02, 2.944374084472656e+02, 2.941619262695312e+02, 2.946165161132812e+02, 2.961548461914062e+02, 2.945226135253906e+02, 2.957788696289062e+02, 2.941592712402344e+02, 2.94685791015625e+02, 2.958431091308594e+02, 2.941593017578125e+02, 2.944841613769531e+02, 2.954026489257812e+02, 2.941593322753906e+02, 2.942996520996094e+02, 2.950102844238281e+02, 2.941593933105469e+02, 2.941561279296875e+02, 2.947063293457031e+02, 2.958635864257812e+02, 2.94159423828125e+02, 2.944744567871094e+02, 2.953816528320312e+02, 2.941593627929688e+02, 2.942945556640625e+02, 2.950025634765625e+02, 2.941593627929688e+02, 2.941558837890625e+02, 2.947102966308594e+02, 2.958830871582031e+02, 2.941593322753906e+02, 2.945209350585938e+02, 2.955203247070312e+02, 2.941593017578125e+02, 2.943667907714844e+02, 2.951982116699219e+02, 2.941593017578125e+02, 2.942408447265625e+02, 2.949221801757812e+02, 2.941593017578125e+02, 2.941593017578125e+02, 2.946961364746094e+02, 2.958640747070312e+02, 2.941593017578125e+02, 2.945042724609375e+02, 2.954566345214844e+02, 2.941593017578125e+02, 2.943206481933594e+02, 2.950581665039062e+02, 2.941593322753906e+02, 2.941740112304688e+02, 2.9474658203125e+02, 2.959448547363281e+02, 2.941593627929688e+02, 2.945050354003906e+02, 2.954457397460938e+02, 2.941593627929688e+02, 2.943172302246094e+02, 2.950487976074219e+02, 2.941593627929688e+02]
tow.TLvg=[2.931499938964844e+02, 2.911403198242188e+02, 2.907362060546875e+02, 2.911430969238281e+02, 2.911361999511719e+02, 2.907402648925781e+02, 2.907814331054688e+02, 2.911395263671875e+02, 2.912460327148438e+02, 2.907574157714844e+02, 2.911413269042969e+02, 2.912386474609375e+02, 2.906769409179688e+02, 2.912662048339844e+02, 2.925495910644531e+02, 2.924495239257812e+02, 2.9252587890625e+02, 2.926766967773438e+02, 2.928850402832031e+02, 2.931028137207031e+02, 2.933125305175781e+02, 2.935282592773438e+02, 2.937431335449219e+02, 2.939241333007812e+02, 2.939538879394531e+02, 2.939294128417969e+02, 2.943660583496094e+02, 2.951890258789062e+02, 2.957177124023438e+02, 2.958003845214844e+02, 2.955045471191406e+02, 2.949835815429688e+02, 2.946336364746094e+02, 2.943512878417969e+02, 2.940256652832031e+02, 2.936977844238281e+02, 2.935143432617188e+02, 2.933948364257812e+02, 2.932705993652344e+02, 2.93085205078125e+02, 2.928640747070312e+02, 2.922062683105469e+02, 2.916171569824219e+02, 2.908101501464844e+02, 2.914560546875e+02, 2.920388793945312e+02, 2.91369873046875e+02, 2.918199157714844e+02, 2.906705322265625e+02, 2.911368713378906e+02, 2.914415283203125e+02, 2.907509765625e+02, 2.911399536132812e+02, 2.911359252929688e+02, 2.908273010253906e+02, 2.911427612304688e+02, 2.911368408203125e+02, 2.908911437988281e+02, 2.911452331542969e+02, 2.911412658691406e+02, 2.912189331054688e+02, 2.90900634765625e+02, 2.9114306640625e+02, 2.911380310058594e+02, 2.908735961914062e+02, 2.911446228027344e+02, 2.911382141113281e+02, 2.908265991210938e+02, 2.911455688476562e+02, 2.911395568847656e+02, 2.913548889160156e+02, 2.907327575683594e+02, 2.911395263671875e+02, 2.912389526367188e+02, 2.907338256835938e+02, 2.911418151855469e+02, 2.911397705078125e+02, 2.907349853515625e+02, 2.911431884765625e+02, 2.911363220214844e+02, 2.907347412109375e+02, 2.907347412109375e+02, 2.911385498046875e+02, 2.914422302246094e+02, 2.907426452636719e+02, 2.9114013671875e+02, 2.911414794921875e+02, 2.907766418457031e+02, 2.911426086425781e+02, 2.911353454589844e+02, 2.908174438476562e+02, 2.91144775390625e+02, 2.911390686035156e+02, 2.912948913574219e+02, 2.908445739746094e+02, 2.911414184570312e+02, 2.91138916015625e+02, 2.908599243164062e+02, 2.911435852050781e+02, 2.9113720703125e+02, 2.908674621582031e+02]
tow.TAir=[2.853654479980469e+02, 2.853654479980469e+02, 2.853654479980469e+02, 2.853654479980469e+02, 2.853654479980469e+02, 2.851503295898438e+02, 2.848058471679688e+02, 2.848691711425781e+02, 2.850024719238281e+02, 2.851405334472656e+02, 2.852371826171875e+02, 2.855429382324219e+02, 2.862892761230469e+02, 2.8682373046875e+02, 2.882476806640625e+02, 2.889720153808594e+02, 2.89306884765625e+02, 2.895625915527344e+02, 2.898523254394531e+02, 2.901139221191406e+02, 2.903575744628906e+02, 2.906117858886719e+02, 2.908591613769531e+02, 2.910467834472656e+02, 2.909876098632812e+02, 2.909403686523438e+02, 2.917225036621094e+02, 2.928408813476562e+02, 2.932917785644531e+02, 2.93159423828125e+02, 2.925950927734375e+02, 2.918716430664062e+02, 2.915364685058594e+02, 2.912424926757812e+02, 2.908397521972656e+02, 2.904599914550781e+02, 2.903280029296875e+02, 2.902281494140625e+02, 2.900801086425781e+02, 2.898287658691406e+02, 2.895267333984375e+02, 2.88453857421875e+02, 2.878220520019531e+02, 2.87405029296875e+02, 2.871863098144531e+02, 2.872527465820312e+02, 2.87086181640625e+02, 2.86577880859375e+02, 2.861277770996094e+02, 2.858000793457031e+02, 2.854686279296875e+02, 2.851398620605469e+02, 2.84796630859375e+02, 2.844144592285156e+02, 2.840144653320312e+02, 2.835951232910156e+02, 2.831419067382812e+02, 2.826533508300781e+02, 2.822403869628906e+02, 2.822434387207031e+02, 2.824570922851562e+02, 2.827122497558594e+02, 2.829748840332031e+02, 2.831925964355469e+02, 2.833137817382812e+02, 2.835616455078125e+02, 2.839435424804688e+02, 2.843048706054688e+02, 2.846378479003906e+02, 2.849430236816406e+02, 2.8517578125e+02, 2.85452880859375e+02, 2.854590454101562e+02, 2.853726196289062e+02, 2.853988647460938e+02, 2.854185180664062e+02, 2.853961791992188e+02, 2.853795471191406e+02, 2.853905639648438e+02, 2.85382080078125e+02, 2.853817138671875e+02, 2.853817138671875e+02, 2.854264831542969e+02, 2.854426574707031e+02, 2.852759094238281e+02, 2.852056884765625e+02, 2.850306091308594e+02, 2.848132934570312e+02, 2.846246948242188e+02, 2.844964904785156e+02, 2.841245727539062e+02, 2.840369262695312e+02, 2.839937438964844e+02, 2.839130249023438e+02, 2.838196105957031e+02, 2.836558837890625e+02, 2.835785827636719e+02, 2.835351867675781e+02, 2.834769592285156e+02, 2.834293518066406e+02, 2.833817138671875e+02]
tow.TApp_nominal=[3.890000104904175e+00, 3.890000104904175e+00]
tow.TAppAct=[-6.76198422908783e-01, 5.772347450256348e+00, 4.647876262664795e+00, 5.77781343460083e+00, 5.770931243896484e+00, 4.840729236602783e+00, 5.164226055145264e+00, 6.270651340484619e+00, 6.212649822235107e+00, 4.856382846832275e+00, 5.904386043548584e+00, 5.674142837524414e+00, 3.794174909591675e+00, 4.438344955444336e+00, 4.297670841217041e+00, 3.477426052093506e+00, 3.221240282058716e+00, 3.117251873016357e+00, 3.03666353225708e+00, 2.99250316619873e+00, 2.958665609359741e+00, 2.920281410217285e+00, 2.887535333633423e+00, 2.879733324050903e+00, 2.965419054031372e+00, 2.990143537521362e+00, 2.656412363052368e+00, 2.361510515213013e+00, 2.4309401512146e+00, 2.639336347579956e+00, 2.90100622177124e+00, 3.103835105895996e+00, 3.092066287994385e+00, 3.103708267211914e+00, 3.179837465286255e+00, 3.233003616333008e+00, 3.183984756469727e+00, 3.164759874343872e+00, 3.187751770019531e+00, 3.253006935119629e+00, 3.330631256103516e+00, 3.737955093383789e+00, 3.788140535354614e+00, 2.948909759521484e+00, 4.259702682495117e+00, 5.221311569213867e+00, 4.27105712890625e+00, 5.216144561767578e+00, 3.92125678062439e+00, 5.336977958679199e+00, 5.941358089447021e+00, 4.850705146789551e+00, 6.343510627746582e+00, 6.720149993896484e+00, 5.896167755126953e+00, 7.547835350036621e+00, 7.995248317718506e+00, 7.132024765014648e+00, 8.905002593994141e+00, 8.89812183380127e+00, 8.725768089294434e+00, 7.088179588317871e+00, 8.168304443359375e+00, 7.944596767425537e+00, 6.543879508972168e+00, 7.582561492919922e+00, 7.194979190826416e+00, 5.646668910980225e+00, 6.507524490356445e+00, 6.196860313415527e+00, 6.148651599884033e+00, 4.563141822814941e+00, 5.680782794952393e+00, 5.838832378387451e+00, 4.614045143127441e+00, 5.723505020141602e+00, 5.741402149200439e+00, 4.634975910186768e+00, 5.752856254577637e+00, 5.754443168640137e+00, 4.636070728302002e+00, 4.623370170593262e+00, 5.712371826171875e+00, 5.969114303588867e+00, 4.725273132324219e+00, 5.934682369232178e+00, 6.106970310211182e+00, 5.159390926361084e+00, 6.518132209777832e+00, 6.639118671417236e+00, 5.794351100921631e+00, 7.107990264892578e+00, 7.145625591278076e+00, 7.31415843963623e+00, 6.077673435211182e+00, 7.486177444458008e+00, 7.558590412139893e+00, 6.339807987213135e+00, 7.666644096374512e+00, 7.708132743835449e+00, 6.480908870697021e+00]
tow.FRAir=[1e+00, 9.78939950466156e-01, 0e+00, 8.092321157455444e-01, 9.316443800926208e-01, 0e+00, 2.22306877374649e-01, 8.338278532028198e-01, 1e+00, 0e+00, 8.331286907196045e-01, 1e+00, 0e+00, 1e+00, 1e+00, 1e+00, 1e+00, 1e+00, 1e+00, 1e+00, 1e+00, 1e+00, 1e+00, 1e+00, 1e+00, 1e+00, 1e+00, 1e+00, 1e+00, 1e+00, 1e+00, 1e+00, 1e+00, 1e+00, 1e+00, 1e+00, 1e+00, 1e+00, 1e+00, 1e+00, 1e+00, 1e+00, 1e+00, 0e+00, 1e+00, 1e+00, 1e+00, 1e+00, 0e+00, 9.363739490509033e-01, 1e+00, 0e+00, 7.971408367156982e-01, 9.090889096260071e-01, 0e+00, 6.788543462753296e-01, 7.537527084350586e-01, 0e+00, 5.862894654273987e-01, 6.605742573738098e-01, 8.086446523666382e-01, 0e+00, 6.674790978431702e-01, 8.081539869308472e-01, 0e+00, 6.756341457366943e-01, 8.086515665054321e-01, 0e+00, 7.283621430397034e-01, 8.478503823280334e-01, 1e+00, 0e+00, 8.673005104064941e-01, 1e+00, 0e+00, 8.351773619651794e-01, 9.771584868431091e-01, 0e+00, 8.096272945404053e-01, 9.295273423194885e-01, 0e+00, 2.284677773714066e-01, 8.947634100914001e-01, 1e+00, 0e+00, 8.383532166481018e-01, 9.780092835426331e-01, 0e+00, 7.551316022872925e-01, 8.636999726295471e-01, 0e+00, 6.878185868263245e-01, 7.739612460136414e-01, 9.095743894577026e-01, 0e+00, 7.135511040687561e-01, 8.44805121421814e-01, 0e+00, 6.740219593048096e-01, 7.781748175621033e-01, 0e+00]
tow.FRWat=[0e+00, 1.005547642707825e+00, 9.82038910872045e-33, 1.005547642707825e+00, 1.005547642707825e+00, -5.193630854256449e-32, -2.019301175923416e-12, 1.005547642707825e+00, 1.005547642707825e+00, -2.660480981770477e-34, 1.005547642707825e+00, 1.005547642707825e+00, 4.515641565279853e-32, 1.005547642707825e+00, 1.005547642707825e+00, 1.005547642707825e+00, 1.005547642707825e+00, 1.005547642707825e+00, 1.005547642707825e+00, 1.005547642707825e+00, 1.005547642707825e+00, 1.005547642707825e+00, 1.005547642707825e+00, 1.005547642707825e+00, 1.005547642707825e+00, 1.005547642707825e+00, 1.005547642707825e+00, 1.005547642707825e+00, 1.005547642707825e+00, 1.005547642707825e+00, 1.005547642707825e+00, 1.005547642707825e+00, 1.005547642707825e+00, 1.005547642707825e+00, 1.005547642707825e+00, 1.005547642707825e+00, 1.005547642707825e+00, 1.005547642707825e+00, 1.005547642707825e+00, 1.005547642707825e+00, 1.005547642707825e+00, 1.005547642707825e+00, 1.005547642707825e+00, -1.627560796086379e-31, 1.005547642707825e+00, 1.005547642707825e+00, 1.005547642707825e+00, 1.005547642707825e+00, -7.372435163773491e-34, 1.005547642707825e+00, 1.005547642707825e+00, -1.805985669153947e-34, 1.005547642707825e+00, 1.005547642707825e+00, 1.420957789776815e-31, 1.005547642707825e+00, 1.005547642707825e+00, 2.894468640594713e-31, 1.005547642707825e+00, 1.005547642707825e+00, 1.005547642707825e+00, 3.804945720181176e-40, 1.005547642707825e+00, 1.005547642707825e+00, -1.266039154183076e-31, 1.005547642707825e+00, 1.005547642707825e+00, -3.358961295416064e-32, 1.005547642707825e+00, 1.005547642707825e+00, 1.005547642707825e+00, -3.21961510939692e-33, 1.005547642707825e+00, 1.005547642707825e+00, -3.048972091583742e-31, 1.005547642707825e+00, 1.005547642707825e+00, 4.245240175303104e-33, 1.005547642707825e+00, 1.005547642707825e+00, 4.483949943708097e-32, -6.44492758247457e-16, 1.005547642707825e+00, 1.005547642707825e+00, 5.465643587911631e-38, 1.005547642707825e+00, 1.005547642707825e+00, 2.63568131112824e-33, 1.005547642707825e+00, 1.005547642707825e+00, -9.074622385862426e-35, 1.005547642707825e+00, 1.005547642707825e+00, 1.005547642707825e+00, 8.337725862732662e-43, 1.005547642707825e+00, 1.005547642707825e+00, -2.185555210308013e-32, 1.005547642707825e+00, 1.005547642707825e+00, 6.533133700375162e-41]
tow.PFan=[5.837999877929688e+02, 5.592943115234375e+02, 0e+00, 3.470383911132812e+02, 5.0182421875e+02, 0e+00, 0e+00, 3.779911499023438e+02, 5.837999877929688e+02, 0e+00, 3.77106201171875e+02, 5.837999877929688e+02, 0e+00, 5.837999877929688e+02, 5.837999877929688e+02, 5.837999877929688e+02, 5.837999877929688e+02, 5.837999877929688e+02, 5.837999877929688e+02, 5.837999877929688e+02, 5.837999877929688e+02, 5.837999877929688e+02, 5.837999877929688e+02, 5.837999877929688e+02, 5.837999877929688e+02, 5.837999877929688e+02, 5.837999877929688e+02, 5.837999877929688e+02, 5.837999877929688e+02, 5.837999877929688e+02, 5.837999877929688e+02, 5.837999877929688e+02, 5.837999877929688e+02, 5.837999877929688e+02, 5.837999877929688e+02, 5.837999877929688e+02, 5.837999877929688e+02, 5.837999877929688e+02, 5.837999877929688e+02, 5.837999877929688e+02, 5.837999877929688e+02, 5.837999877929688e+02, 5.837999877929688e+02, 0e+00, 5.837999877929688e+02, 5.837999877929688e+02, 5.837999877929688e+02, 5.837999877929688e+02, 0e+00, 5.076918640136719e+02, 5.837999877929688e+02, 0e+00, 3.319939880371094e+02, 4.735767211914062e+02, 0e+00, 1.965966033935547e+02, 2.794100341796875e+02, 0e+00, 1.161234817504883e+02, 1.784794158935547e+02, 3.463043823242188e+02, 0e+00, 1.852096862792969e+02, 3.456915893554688e+02, 0e+00, 1.933362731933594e+02, 3.463130187988281e+02, 0e+00, 2.499971618652344e+02, 3.957812805175781e+02, 5.837999877929688e+02, 0e+00, 4.205379028320312e+02, 5.837999877929688e+02, 0e+00, 3.796997985839844e+02, 5.571861572265625e+02, 0e+00, 3.475322875976562e+02, 4.991907958984375e+02, 0e+00, 0e+00, 4.554623718261719e+02, 5.837999877929688e+02, 0e+00, 3.837239990234375e+02, 5.58193603515625e+02, 0e+00, 2.810398559570312e+02, 4.159521179199219e+02, 0e+00, 2.058203887939453e+02, 3.035888671875e+02, 4.741885986328125e+02, 0e+00, 2.334239501953125e+02, 3.919118347167969e+02, 0e+00, 1.917148284912109e+02, 3.087037353515625e+02, 0e+00]
conFan.u_s=[2.911499938964844e+02, 2.911499938964844e+02]
conFan.u_m=[2.931499938964844e+02, 2.911403198242188e+02, 2.907362060546875e+02, 2.911430969238281e+02, 2.911361999511719e+02, 2.907402648925781e+02, 2.907814331054688e+02, 2.911395263671875e+02, 2.912460327148438e+02, 2.907574157714844e+02, 2.911413269042969e+02, 2.912386474609375e+02, 2.906769409179688e+02, 2.912662048339844e+02, 2.925495910644531e+02, 2.924495239257812e+02, 2.9252587890625e+02, 2.926766967773438e+02, 2.928850402832031e+02, 2.931028137207031e+02, 2.933125305175781e+02, 2.935282592773438e+02, 2.937431335449219e+02, 2.939241333007812e+02, 2.939538879394531e+02, 2.939294128417969e+02, 2.943660583496094e+02, 2.951890258789062e+02, 2.957177124023438e+02, 2.958003845214844e+02, 2.955045471191406e+02, 2.949835815429688e+02, 2.946336364746094e+02, 2.943512878417969e+02, 2.940256652832031e+02, 2.936977844238281e+02, 2.935143432617188e+02, 2.933948364257812e+02, 2.932705993652344e+02, 2.93085205078125e+02, 2.928640747070312e+02, 2.922062683105469e+02, 2.916171569824219e+02, 2.908101501464844e+02, 2.914560546875e+02, 2.920388793945312e+02, 2.91369873046875e+02, 2.918199157714844e+02, 2.906705322265625e+02, 2.911368713378906e+02, 2.914415283203125e+02, 2.907509765625e+02, 2.911399536132812e+02, 2.911359252929688e+02, 2.908273010253906e+02, 2.911427612304688e+02, 2.911368408203125e+02, 2.908911437988281e+02, 2.911452331542969e+02, 2.911412658691406e+02, 2.912189331054688e+02, 2.90900634765625e+02, 2.9114306640625e+02, 2.911380310058594e+02, 2.908735961914062e+02, 2.911446228027344e+02, 2.911382141113281e+02, 2.908265991210938e+02, 2.911455688476562e+02, 2.911395568847656e+02, 2.913548889160156e+02, 2.907327575683594e+02, 2.911395263671875e+02, 2.912389526367188e+02, 2.907338256835938e+02, 2.911418151855469e+02, 2.911397705078125e+02, 2.907349853515625e+02, 2.911431884765625e+02, 2.911363220214844e+02, 2.907347412109375e+02, 2.907347412109375e+02, 2.911385498046875e+02, 2.914422302246094e+02, 2.907426452636719e+02, 2.9114013671875e+02, 2.911414794921875e+02, 2.907766418457031e+02, 2.911426086425781e+02, 2.911353454589844e+02, 2.908174438476562e+02, 2.91144775390625e+02, 2.911390686035156e+02, 2.912948913574219e+02, 2.908445739746094e+02, 2.911414184570312e+02, 2.91138916015625e+02, 2.908599243164062e+02, 2.911435852050781e+02, 2.9113720703125e+02, 2.908674621582031e+02]
onOffCon.u=[2.951499938964844e+02, 2.951499938964844e+02]
onOffCon.reference=[2.931499938964844e+02, 2.952247924804688e+02, 2.955774230957031e+02, 2.942481994628906e+02, 2.94939697265625e+02, 2.960789184570312e+02, 2.9419677734375e+02, 2.946619873046875e+02, 2.957854309082031e+02, 2.948049621582031e+02, 2.944534606933594e+02, 2.953973693847656e+02, 2.952956848144531e+02, 2.945244140625e+02, 2.959451904296875e+02, 2.951528625488281e+02, 2.950251770019531e+02, 2.951099243164062e+02, 2.952793884277344e+02, 2.954903564453125e+02, 2.957007751464844e+02, 2.959134826660156e+02, 2.961298217773438e+02, 2.963299255371094e+02, 2.964432678222656e+02, 2.964382629394531e+02, 2.966247253417969e+02, 2.972630310058594e+02, 2.979313049316406e+02, 2.982431640625e+02, 2.981701049804688e+02, 2.977657775878906e+02, 2.973478088378906e+02, 2.970309753417969e+02, 2.967235107421875e+02, 2.963912048339844e+02, 2.961347045898438e+02, 2.959792175292969e+02, 2.958558044433594e+02, 2.956984252929688e+02, 2.955088500976562e+02, 2.950819702148438e+02, 2.944338684082031e+02, 2.959210815429688e+02, 2.946122741699219e+02, 2.96148681640625e+02, 2.945184020996094e+02, 2.957730407714844e+02, 2.943838500976562e+02, 2.946808166503906e+02, 2.958363952636719e+02, 2.947005310058594e+02, 2.944795837402344e+02, 2.953962097167969e+02, 2.9532080078125e+02, 2.942954406738281e+02, 2.95004638671875e+02, 2.959527282714844e+02, 2.941522216796875e+02, 2.947012939453125e+02, 2.958563842773438e+02, 2.947188415527344e+02, 2.944699096679688e+02, 2.95375244140625e+02, 2.953436279296875e+02, 2.942903442382812e+02, 2.949969177246094e+02, 2.959629821777344e+02, 2.941519775390625e+02, 2.947052612304688e+02, 2.958761291503906e+02, 2.946766052246094e+02, 2.945162658691406e+02, 2.955138549804688e+02, 2.95146484375e+02, 2.943624572753906e+02, 2.951921997070312e+02, 2.956304931640625e+02, 2.942367553710938e+02, 2.949167175292969e+02, 2.961229553222656e+02, 2.941920166015625e+02, 2.946911315917969e+02, 2.958573303222656e+02, 2.946729431152344e+02, 2.944996337890625e+02, 2.954501037597656e+02, 2.952442932128906e+02, 2.9431640625e+02, 2.950524291992188e+02, 2.958691101074219e+02, 2.941700439453125e+02, 2.94741455078125e+02, 2.959376525878906e+02, 2.946279907226562e+02, 2.945003967285156e+02, 2.954392395019531e+02, 2.9525439453125e+02, 2.9431298828125e+02, 2.950430603027344e+02, 2.958807678222656e+02]
