last-generated=2026-07-06
statistics-initialization=
{
  "nonlinear": "5, 6, 0, 0, 0, 0, 0, 0",
  "numerical Jacobians": "0"
}
statistics-simulation=
{
  "linear": "0, 0, 0, 0, 0, 0, 0",
  "nonlinear": "1, 9, 0",
  "number of continuous time states": "27",
  "numerical Jacobians": "0"
}
time=[1.296e+06, 1.3824e+06]
senTOut.T=[2.681499938964844e+02, 2.680006103515625e+02, 2.678824462890625e+02, 2.677569885253906e+02, 2.675857238769531e+02, 2.673489074707031e+02, 2.670778503417969e+02, 2.667972106933594e+02, 2.665312194824219e+02, 2.6629833984375e+02, 2.661046142578125e+02, 2.659736938476562e+02, 2.659306640625e+02, 2.660298767089844e+02, 2.6639697265625e+02, 2.6689599609375e+02, 2.673535766601562e+02, 2.676152648925781e+02, 2.678009948730469e+02, 2.679618225097656e+02, 2.680851135253906e+02, 2.681575012207031e+02, 2.681536254882812e+02, 2.681101989746094e+02, 2.680885620117188e+02, 2.681499938964844e+02, 2.682830200195312e+02, 2.684293518066406e+02, 2.685801696777344e+02, 2.687266235351562e+02, 2.688496398925781e+02, 2.689453125e+02, 2.690469055175781e+02, 2.69188232421875e+02, 2.694860229492188e+02, 2.701334228515625e+02, 2.709511413574219e+02, 2.717348327636719e+02, 2.723293762207031e+02, 2.728933410644531e+02, 2.734419860839844e+02, 2.739486999511719e+02, 2.743910217285156e+02, 2.748066101074219e+02, 2.752138061523438e+02, 2.756160583496094e+02, 2.760163269042969e+02, 2.763985595703125e+02, 2.767682189941406e+02, 2.771453247070312e+02, 2.775499877929688e+02, 2.780906677246094e+02, 2.787913208007812e+02, 2.795452575683594e+02, 2.802459106445312e+02, 2.808594970703125e+02, 2.814520263671875e+02, 2.819882507324219e+02, 2.8243017578125e+02, 2.827425842285156e+02, 2.829331359863281e+02, 2.830432434082031e+02, 2.831151733398438e+02, 2.831843566894531e+02, 2.832323608398438e+02, 2.832435302734375e+02, 2.832067260742188e+02, 2.830890808105469e+02, 2.826735534667969e+02, 2.820996398925781e+02, 2.816126098632812e+02, 2.814500122070312e+02, 2.814500122070312e+02, 2.814500122070312e+02, 2.814500122070312e+02, 2.814500122070312e+02, 2.814500122070312e+02, 2.814500122070312e+02, 2.814500122070312e+02, 2.814500122070312e+02, 2.815123901367188e+02, 2.816962585449219e+02, 2.819049987792969e+02, 2.820390930175781e+02, 2.820126342773438e+02, 2.818557434082031e+02, 2.816533203125e+02, 2.81490234375e+02, 2.814390258789062e+02, 2.814595336914062e+02, 2.814947814941406e+02, 2.814945983886719e+02, 2.814153137207031e+02, 2.813063659667969e+02, 2.811892395019531e+02, 2.810629577636719e+02, 2.809265441894531e+02, 2.807815856933594e+02, 2.806335144042969e+02, 2.8048779296875e+02, 2.803500061035156e+02]
boi.T=[2.931499938964844e+02, 3.434832763671875e+02, 3.432331848144531e+02, 3.432239074707031e+02, 3.43217041015625e+02, 3.528959350585938e+02, 3.576948852539062e+02, 3.526023559570312e+02, 3.602720642089844e+02, 3.509500427246094e+02, 3.608729248046875e+02, 3.475173034667969e+02, 3.57298095703125e+02, 3.452769775390625e+02, 3.555400390625e+02, 3.449412231445312e+02, 3.578617553710938e+02, 3.474913024902344e+02, 3.617940979003906e+02, 3.517612609863281e+02, 3.456127014160156e+02, 3.582396545410156e+02, 3.485050048828125e+02, 3.604272766113281e+02, 3.540888671875e+02, 3.455367736816406e+02, 3.605582885742188e+02, 3.511314697265625e+02, 3.440382995605469e+02, 3.601494140625e+02, 3.515760498046875e+02, 3.449142150878906e+02, 3.620193176269531e+02, 3.54233642578125e+02, 3.535471496582031e+02, 3.526871948242188e+02, 3.51271484375e+02, 3.514775085449219e+02, 3.523865051269531e+02, 3.536009216308594e+02, 3.549515991210938e+02, 3.563986206054688e+02, 3.579609069824219e+02, 3.596736145019531e+02, 3.617485046386719e+02, 3.604731750488281e+02, 3.559559326171875e+02, 3.508244018554688e+02, 3.446589965820312e+02, 3.469306335449219e+02, 3.512875671386719e+02, 3.554234313964844e+02, 3.594925231933594e+02, 3.558988647460938e+02, 3.466297912597656e+02, 3.546259460449219e+02, 3.616375427246094e+02, 3.472894897460938e+02, 3.57127197265625e+02, 3.440135498046875e+02, 3.547851867675781e+02, 3.506773376464844e+02, 3.528212585449219e+02, 3.604205017089844e+02, 3.512073364257812e+02, 3.614115295410156e+02, 3.494862670898438e+02, 3.595227355957031e+02, 3.456062622070312e+02, 3.542815246582031e+02, 3.612522888183594e+02, 3.444548950195312e+02, 3.52993896484375e+02, 3.599277038574219e+02, 3.433174743652344e+02, 3.517886657714844e+02, 3.618193359375e+02, 3.601316833496094e+02, 3.60320068359375e+02, 3.617405700683594e+02, 3.611890258789062e+02, 3.574203186035156e+02, 3.532542419433594e+02, 3.489392700195312e+02, 3.447221069335938e+02, 3.452015991210938e+02, 3.477521667480469e+02, 3.501194458007812e+02, 3.523724060058594e+02, 3.544886474609375e+02, 3.565142211914062e+02, 3.585357666015625e+02, 3.606406555175781e+02, 3.623908996582031e+02, 3.589559326171875e+02, 3.558505554199219e+02, 3.530520324707031e+02, 3.505137939453125e+02, 3.481664123535156e+02, 3.459512939453125e+02, 3.432775268554688e+02]
temSup.T=[2.931499938964844e+02, 3.036293029785156e+02, 3.110102233886719e+02, 3.156802062988281e+02, 3.190068054199219e+02, 3.181846923828125e+02, 3.185992736816406e+02, 3.186600952148438e+02, 3.189479675292969e+02, 3.18963623046875e+02, 3.192711486816406e+02, 3.194979858398438e+02, 3.193890380859375e+02, 3.194163818359375e+02, 3.191211242675781e+02, 3.185465087890625e+02, 3.18375244140625e+02, 3.185407409667969e+02, 3.180387268066406e+02, 3.177138366699219e+02, 3.173305969238281e+02, 3.176728820800781e+02, 3.180802307128906e+02, 3.177731018066406e+02, 3.175444030761719e+02, 3.176849060058594e+02, 3.176913146972656e+02, 3.175338439941406e+02, 3.169799194335938e+02, 3.172466125488281e+02, 3.172246398925781e+02, 3.168633728027344e+02, 3.170608215332031e+02, 3.167636413574219e+02, 3.124076538085938e+02, 3.115543518066406e+02, 3.104703979492188e+02, 3.096229858398438e+02, 3.090402221679688e+02, 3.084966735839844e+02, 3.080014953613281e+02, 3.075907592773438e+02, 3.073066101074219e+02, 3.07129638671875e+02, 3.070758666992188e+02, 3.069620971679688e+02, 3.068349304199219e+02, 3.065879516601562e+02, 3.060329895019531e+02, 3.055465087890625e+02, 3.048491821289062e+02, 3.040870971679688e+02, 3.036484069824219e+02, 3.0349169921875e+02, 3.028553771972656e+02, 3.018726501464844e+02, 3.015409240722656e+02, 3.011158142089844e+02, 3.004388122558594e+02, 3.002836608886719e+02, 2.999996337890625e+02, 3.000439453125e+02, 2.999259033203125e+02, 3.000050354003906e+02, 2.998820495605469e+02, 2.999303588867188e+02, 2.999615173339844e+02, 2.999476623535156e+02, 3.005302429199219e+02, 3.008474426269531e+02, 3.015170593261719e+02, 3.016996459960938e+02, 3.014818725585938e+02, 3.014515686035156e+02, 3.016183471679688e+02, 3.015409240722656e+02, 3.041487426757812e+02, 3.0551513671875e+02, 3.062828979492188e+02, 3.067781372070312e+02, 3.069932861328125e+02, 3.070586242675781e+02, 3.070314025878906e+02, 3.069044494628906e+02, 3.067095336914062e+02, 3.067267456054688e+02, 3.067088317871094e+02, 3.066343078613281e+02, 3.064885559082031e+02, 3.063645935058594e+02, 3.063399353027344e+02, 3.064743041992188e+02, 3.068066101074219e+02, 3.071500244140625e+02, 3.074420471191406e+02, 3.077144165039062e+02, 3.079352722167969e+02, 3.080782165527344e+02, 3.081260681152344e+02, 3.080650024414062e+02, 3.080350952148438e+02]
temRet.T=[2.931499938964844e+02, 3.333218383789062e+02, 3.331938171386719e+02, 3.331850891113281e+02, 3.331782531738281e+02, 3.439314880371094e+02, 3.521681213378906e+02, 3.435753173828125e+02, 3.540369567871094e+02, 3.419057006835938e+02, 3.516355285644531e+02, 3.381702880859375e+02, 3.480580749511719e+02, 3.359356384277344e+02, 3.463269348144531e+02, 3.358790893554688e+02, 3.488469848632812e+02, 3.382142028808594e+02, 3.528670654296875e+02, 3.430763549804688e+02, 3.40673828125e+02, 3.494379577636719e+02, 3.393660583496094e+02, 3.544680480957031e+02, 3.454686279296875e+02, 3.366716613769531e+02, 3.516854248046875e+02, 3.423768920898438e+02, 3.39174560546875e+02, 3.514571228027344e+02, 3.4288818359375e+02, 3.364236450195312e+02, 3.533344421386719e+02, 3.457963562011719e+02, 3.485340881347656e+02, 3.486251525878906e+02, 3.479053649902344e+02, 3.484869689941406e+02, 3.496072387695312e+02, 3.510226745605469e+02, 3.525443420410156e+02, 3.541161804199219e+02, 3.557318725585938e+02, 3.574411315917969e+02, 3.583843078613281e+02, 3.544344177246094e+02, 3.49776611328125e+02, 3.445736389160156e+02, 3.400460510253906e+02, 3.445517272949219e+02, 3.4928125e+02, 3.538769836425781e+02, 3.580755920410156e+02, 3.506900634765625e+02, 3.449367980957031e+02, 3.533515930175781e+02, 3.604161682128906e+02, 3.460714416503906e+02, 3.561859741210938e+02, 3.430311584472656e+02, 3.538411560058594e+02, 3.461496276855469e+02, 3.518065185546875e+02, 3.558521728515625e+02, 3.501628112792969e+02, 3.604311828613281e+02, 3.483978576660156e+02, 3.585503845214844e+02, 3.443519592285156e+02, 3.530409851074219e+02, 3.59941162109375e+02, 3.430152893066406e+02, 3.516355895996094e+02, 3.58725341796875e+02, 3.419610900878906e+02, 3.503877563476562e+02, 3.612637023925781e+02, 3.587872619628906e+02, 3.584434509277344e+02, 3.585376281738281e+02, 3.551563415527344e+02, 3.51215087890625e+02, 3.469070434570312e+02, 3.425328369140625e+02, 3.397151184082031e+02, 3.424570922851562e+02, 3.451182861328125e+02, 3.476545715332031e+02, 3.501030578613281e+02, 3.523698120117188e+02, 3.544571228027344e+02, 3.564168395996094e+02, 3.583610229492188e+02, 3.563123474121094e+02, 3.526722412109375e+02, 3.493677062988281e+02, 3.464081115722656e+02, 3.437723083496094e+02, 3.413979797363281e+02, 3.393282165527344e+02, 3.402215576171875e+02]
temRoo.T=[2.931499938964844e+02, 2.834371948242188e+02, 2.862301330566406e+02, 2.892975158691406e+02, 2.915568542480469e+02, 2.924832458496094e+02, 2.924544982910156e+02, 2.924683837890625e+02, 2.924432373046875e+02, 2.924492492675781e+02, 2.924227905273438e+02, 2.924105834960938e+02, 2.924169616699219e+02, 2.92383544921875e+02, 2.924335021972656e+02, 2.924362487792969e+02, 2.924851379394531e+02, 2.92466064453125e+02, 2.925110168457031e+02, 2.925418090820312e+02, 2.925221252441406e+02, 2.925343322753906e+02, 2.925024719238281e+02, 2.925280151367188e+02, 2.925511169433594e+02, 2.925020446777344e+02, 2.925323486328125e+02, 2.9255224609375e+02, 2.925443115234375e+02, 2.925641784667969e+02, 2.925733337402344e+02, 2.92552734375e+02, 2.925766296386719e+02, 2.926077270507812e+02, 2.926939697265625e+02, 2.928887023925781e+02, 2.929941711425781e+02, 2.930628356933594e+02, 2.931092224121094e+02, 2.931528930664062e+02, 2.931947021484375e+02, 2.932320861816406e+02, 2.932615966796875e+02, 2.932836608886719e+02, 2.932965698242188e+02, 2.933004760742188e+02, 2.9329833984375e+02, 2.932964172363281e+02, 2.933058471679688e+02, 2.933335876464844e+02, 2.93385986328125e+02, 2.934620056152344e+02, 2.935239562988281e+02, 2.935338745117188e+02, 2.935364685058594e+02, 2.936015625e+02, 2.936659240722656e+02, 2.936662292480469e+02, 2.937183837890625e+02, 2.93729248046875e+02, 2.937367553710938e+02, 2.93751220703125e+02, 2.937371215820312e+02, 2.937605590820312e+02, 2.9374072265625e+02, 2.9376611328125e+02, 2.937378234863281e+02, 2.937599487304688e+02, 2.937034912109375e+02, 2.936749267578125e+02, 2.9366552734375e+02, 2.936250915527344e+02, 2.936240234375e+02, 2.936634216308594e+02, 2.936337890625e+02, 2.936203002929688e+02, 2.934090576171875e+02, 2.933838195800781e+02, 2.933442993164062e+02, 2.933168029785156e+02, 2.932991027832031e+02, 2.932864379882812e+02, 2.932745361328125e+02, 2.932637939453125e+02, 2.932545471191406e+02, 2.932496948242188e+02, 2.932519226074219e+02, 2.932626037597656e+02, 2.932821655273438e+02, 2.933033447265625e+02, 2.933187866210938e+02, 2.933219299316406e+02, 2.933094482421875e+02, 2.932885437011719e+02, 2.932629089355469e+02, 2.932357482910156e+02, 2.932101440429688e+02, 2.931886596679688e+02, 2.931727905273438e+02, 2.931629638671875e+02, 2.931585083007812e+02]
conBoiRet.yVal=[0e+00, 4.212529063224792e-01, 4.565452933311462e-01, 4.838093519210815e-01, 5.058929920196533e-01, 1e+00, 1e+00, 1e+00, 1e+00, 1e+00, 1e+00, 1e+00, 1e+00, 1e+00, 1e+00, 1e+00, 1e+00, 1e+00, 1e+00, 1e+00, 1e+00, 1e+00, 1e+00, 1e+00, 1e+00, 1e+00, 1e+00, 1e+00, 1e+00, 1e+00, 1e+00, 1e+00, 1e+00, 1e+00, 1e+00, 1e+00, 1e+00, 1e+00, 1e+00, 1e+00, 1e+00, 1e+00, 1e+00, 1e+00, 1e+00, 1e+00, 1e+00, 1e+00, 1e+00, 1e+00, 1e+00, 1e+00, 1e+00, 1e+00, 1e+00, 1e+00, 1e+00, 1e+00, 1e+00, 1e+00, 1e+00, 1e+00, 1e+00, 1e+00, 1e+00, 1e+00, 1e+00, 1e+00, 1e+00, 1e+00, 1e+00, 1e+00, 1e+00, 1e+00, 1e+00, 1e+00, 1e+00, 1e+00, 1e+00, 1e+00, 1e+00, 1e+00, 1e+00, 1e+00, 1e+00, 1e+00, 1e+00, 1e+00, 1e+00, 1e+00, 1e+00, 1e+00, 1e+00, 1e+00, 1e+00, 1e+00, 1e+00, 1e+00, 1e+00, 1e+00, 1e+00]
conRadSup.yVal=[1e+00, 1e+00, 1e+00, 1e+00, 1e+00, 8.280724883079529e-01, 7.873333692550659e-01, 8.308292627334595e-01, 7.73787796497345e-01, 8.458768725395203e-01, 7.899109125137329e-01, 8.887009024620056e-01, 8.119576573371887e-01, 9.11949098110199e-01, 8.208793997764587e-01, 8.946085572242737e-01, 7.933836579322815e-01, 8.78703236579895e-01, 7.640708684921265e-01, 8.136744499206543e-01, 8.347098827362061e-01, 7.783277630805969e-01, 8.606089353561401e-01, 7.529889345169067e-01, 7.947609424591064e-01, 8.739756941795349e-01, 7.675074934959412e-01, 8.194594383239746e-01, 8.411697149276733e-01, 7.598388195037842e-01, 8.112199902534485e-01, 8.601516485214233e-01, 7.479332089424133e-01, 7.793640494346619e-01, 7.707588076591492e-01, 7.101326584815979e-01, 6.651661396026611e-01, 6.312668919563293e-01, 6.05816662311554e-01, 5.787231922149658e-01, 5.525801181793213e-01, 5.297877192497253e-01, 5.137720704078674e-01, 5.051758885383606e-01, 5.071656703948975e-01, 5.341545939445496e-01, 5.682199001312256e-01, 6.018826365470886e-01, 6.211772561073303e-01, 5.796868205070496e-01, 5.149006843566895e-01, 4.289418458938599e-01, 3.8278529047966e-01, 4.463284909725189e-01, 4.837436378002167e-01, 3.771728277206421e-01, 3.230796456336975e-01, 3.935914635658264e-01, 2.861623167991638e-01, 3.561049103736877e-01, 2.964151203632355e-01, 3.349518775939941e-01, 3.215725421905518e-01, 3.019963204860687e-01, 3.348562717437744e-01, 2.826568484306335e-01, 3.522046804428101e-01, 2.805060744285583e-01, 4.067913889884949e-01, 3.672103583812714e-01, 3.562525510787964e-01, 4.506494402885437e-01, 3.975857198238373e-01, 3.344022333621979e-01, 4.426195025444031e-01, 4.101525843143463e-01, 1.923742741346359e-01, 3.859663605690002e-01, 4.617641270160675e-01, 4.973573684692383e-01, 5.308435559272766e-01, 5.642598867416382e-01, 5.983262658119202e-01, 6.28391444683075e-01, 6.472182869911194e-01, 6.299579739570618e-01, 6.066209077835083e-01, 5.783023834228516e-01, 5.46261727809906e-01, 5.17822802066803e-01, 4.990422129631042e-01, 4.948318302631378e-01, 5.048567056655884e-01, 5.305631756782532e-01, 5.653954148292542e-01, 5.985859036445618e-01, 6.276643872261047e-01, 6.511159539222717e-01, 6.683481335639954e-01, 6.802211999893188e-01, 6.748306751251221e-01]
conEquSta.onBoi=[0e+00, 1e+00, 1e+00, 1e+00, 1e+00, 1e+00, 0e+00, 1e+00, 0e+00, 1e+00, 1e+00, 1e+00, 1e+00, 1e+00, 1e+00, 1e+00, 1e+00, 1e+00, 1e+00, 1e+00, 0e+00, 1e+00, 1e+00, 0e+00, 1e+00, 1e+00, 1e+00, 1e+00, 0e+00, 1e+00, 1e+00, 1e+00, 1e+00, 1e+00, 0e+00, 0e+00, 0e+00, 0e+00, 0e+00, 0e+00, 0e+00, 0e+00, 0e+00, 0e+00, 0e+00, 1e+00, 1e+00, 1e+00, 1e+00, 0e+00, 0e+00, 0e+00, 0e+00, 1e+00, 0e+00, 0e+00, 0e+00, 0e+00, 0e+00, 0e+00, 0e+00, 1e+00, 0e+00, 1e+00, 0e+00, 0e+00, 0e+00, 0e+00, 0e+00, 0e+00, 0e+00, 0e+00, 0e+00, 0e+00, 0e+00, 0e+00, 0e+00, 0e+00, 0e+00, 0e+00, 1e+00, 1e+00, 1e+00, 1e+00, 1e+00, 0e+00, 0e+00, 0e+00, 0e+00, 0e+00, 0e+00, 0e+00, 0e+00, 1e+00, 1e+00, 1e+00, 1e+00, 1e+00, 1e+00, 1e+00, 0e+00]
conSysSta.onSys=[0e+00, 1e+00, 1e+00, 1e+00, 1e+00, 1e+00, 1e+00, 1e+00, 1e+00, 1e+00, 1e+00, 1e+00, 1e+00, 1e+00, 1e+00, 1e+00, 1e+00, 1e+00, 1e+00, 1e+00, 1e+00, 1e+00, 1e+00, 1e+00, 1e+00, 1e+00, 1e+00, 1e+00, 1e+00, 1e+00, 1e+00, 1e+00, 1e+00, 1e+00, 1e+00, 1e+00, 1e+00, 1e+00, 1e+00, 1e+00, 1e+00, 1e+00, 1e+00, 1e+00, 1e+00, 1e+00, 1e+00, 1e+00, 1e+00, 1e+00, 1e+00, 1e+00, 1e+00, 1e+00, 1e+00, 1e+00, 1e+00, 1e+00, 1e+00, 1e+00, 1e+00, 1e+00, 1e+00, 1e+00, 1e+00, 1e+00, 1e+00, 1e+00, 1e+00, 1e+00, 1e+00, 1e+00, 1e+00, 1e+00, 1e+00, 1e+00, 1e+00, 1e+00, 1e+00, 1e+00, 1e+00, 1e+00, 1e+00, 1e+00, 1e+00, 1e+00, 1e+00, 1e+00, 1e+00, 1e+00, 1e+00, 1e+00, 1e+00, 1e+00, 1e+00, 1e+00, 1e+00, 1e+00, 1e+00, 1e+00, 1e+00]
