last-generated=2020-11-11
statistics-initialization=
{
  "linear": "2",
  "nonlinear": "1",
  "numerical Jacobians": "0"
}
statistics-simulation=
{
  "linear": " ",
  "nonlinear": "1",
  "number of continuous time states": "17",
  "numerical Jacobians": "0"
}
time=[0e+00, 8.64e+04]
TDisSup.T=[2.781499938964844e+02, 2.781502990722656e+02, 2.781504211425781e+02, 2.781505432128906e+02, 2.781506652832031e+02, 2.781499938964844e+02, 2.781499938964844e+02, 2.781499938964844e+02, 2.781499938964844e+02, 2.781499938964844e+02, 2.781499938964844e+02, 2.781499938964844e+02, 2.781499938964844e+02, 2.781499938964844e+02, 2.781499938964844e+02, 2.781499938964844e+02, 2.781499938964844e+02, 2.781499938964844e+02, 2.781499938964844e+02, 2.781499938964844e+02, 2.781499938964844e+02, 2.781499938964844e+02, 2.781499938964844e+02, 2.781499938964844e+02, 2.781499938964844e+02, 2.781499938964844e+02, 2.781499938964844e+02, 2.781499938964844e+02, 2.781499938964844e+02, 2.781499938964844e+02, 2.781499938964844e+02, 2.781499938964844e+02, 2.781499938964844e+02, 2.781499938964844e+02, 2.781499938964844e+02, 2.781499938964844e+02, 2.781499938964844e+02, 2.781499938964844e+02, 2.781499938964844e+02, 2.781499938964844e+02, 2.781499938964844e+02, 2.781499938964844e+02, 2.781499938964844e+02, 2.781499938964844e+02, 2.781499938964844e+02, 2.781499938964844e+02, 2.781499938964844e+02, 2.781499938964844e+02, 2.781499938964844e+02, 2.781499938964844e+02, 2.781499938964844e+02, 2.781499938964844e+02, 2.781499938964844e+02, 2.781499938964844e+02, 2.781499938964844e+02, 2.781499938964844e+02, 2.781499938964844e+02, 2.781499938964844e+02, 2.781499938964844e+02, 2.781499938964844e+02, 2.781499938964844e+02, 2.781499938964844e+02, 2.781499938964844e+02, 2.781499938964844e+02, 2.781499938964844e+02, 2.781499938964844e+02, 2.781499938964844e+02, 2.781499938964844e+02, 2.781499938964844e+02, 2.781499938964844e+02, 2.781499938964844e+02, 2.781499938964844e+02, 2.781499938964844e+02, 2.781499938964844e+02, 2.781499938964844e+02, 2.781499938964844e+02, 2.781499938964844e+02, 2.781499938964844e+02, 2.781499938964844e+02, 2.781499938964844e+02, 2.781499938964844e+02, 2.781499938964844e+02, 2.781499938964844e+02, 2.781499938964844e+02, 2.781499938964844e+02, 2.781499938964844e+02, 2.781499938964844e+02, 2.781499938964844e+02, 2.781499938964844e+02, 2.781499938964844e+02, 2.781499938964844e+02, 2.781499938964844e+02, 2.781499938964844e+02, 2.781499938964844e+02, 2.781499938964844e+02, 2.781499938964844e+02, 2.781499938964844e+02, 2.781499938964844e+02, 2.781499938964844e+02, 2.781499938964844e+02, 2.781499938964844e+02]
TDisRet.T=[2.871499938964844e+02, 2.792986450195312e+02, 2.792987365722656e+02, 2.79298828125e+02, 2.792989196777344e+02, 2.808373413085938e+02, 2.809630432128906e+02, 2.813529052734375e+02, 2.817478942871094e+02, 2.821337890625e+02, 2.825088195800781e+02, 2.828732299804688e+02, 2.832278442382812e+02, 2.835735473632812e+02, 2.839112548828125e+02, 2.8424169921875e+02, 2.845655822753906e+02, 2.848835754394531e+02, 2.851961364746094e+02, 2.855037841796875e+02, 2.858069458007812e+02, 2.861059875488281e+02, 2.864012451171875e+02, 2.866929931640625e+02, 2.869815673828125e+02, 2.872761840820312e+02, 2.875834350585938e+02, 2.875977783203125e+02, 2.87612060546875e+02, 2.876265869140625e+02, 2.876413879394531e+02, 2.87656494140625e+02, 2.876719055175781e+02, 2.876876525878906e+02, 2.877037048339844e+02, 2.877201538085938e+02, 2.877369384765625e+02, 2.87754150390625e+02, 2.877717590332031e+02, 2.87789794921875e+02, 2.878083190917969e+02, 2.878273315429688e+02, 2.878468322753906e+02, 2.87866943359375e+02, 2.878876037597656e+02, 2.87908935546875e+02, 2.879309387207031e+02, 2.879536743164062e+02, 2.879772338867188e+02, 2.880016479492188e+02, 2.880270080566406e+02, 2.879901428222656e+02, 2.878901672363281e+02, 2.878022766113281e+02, 2.877244567871094e+02, 2.876542663574219e+02, 2.875902099609375e+02, 2.875311584472656e+02, 2.874762878417969e+02, 2.874244689941406e+02, 2.873704223632812e+02, 2.873334350585938e+02, 2.873067932128906e+02, 2.872847290039062e+02, 2.872647399902344e+02, 2.872450561523438e+02, 2.872252502441406e+02, 2.872063293457031e+02, 2.871881408691406e+02, 2.871706848144531e+02, 2.871538391113281e+02, 2.869772644042969e+02, 2.869378662109375e+02, 2.869125366210938e+02, 2.86888671875e+02, 2.868623657226562e+02, 2.868585815429688e+02, 2.8686865234375e+02, 2.868787841796875e+02, 2.868885803222656e+02, 2.868977355957031e+02, 2.869067077636719e+02, 2.869158325195312e+02, 2.869253845214844e+02, 2.869356994628906e+02, 2.869473571777344e+02, 2.869615173339844e+02, 2.869818725585938e+02, 2.870566711425781e+02, 2.871453857421875e+02, 2.871556701660156e+02, 2.871620483398438e+02, 2.871685485839844e+02, 2.871751098632812e+02, 2.871817932128906e+02, 2.871885681152344e+02, 2.871954345703125e+02, 2.87202392578125e+02, 2.8720947265625e+02, 2.872166748046875e+02, 2.872239990234375e+02]
TBuiSup.T=[2.801499938964844e+02, 2.792660827636719e+02, 2.792674865722656e+02, 2.792688598632812e+02, 2.792702026367188e+02, 2.806341247558594e+02, 2.802055969238281e+02, 2.801775512695312e+02, 2.801678466796875e+02, 2.801627502441406e+02, 2.801596374511719e+02, 2.801576232910156e+02, 2.801561889648438e+02, 2.801551208496094e+02, 2.801543273925781e+02, 2.801536865234375e+02, 2.801531677246094e+02, 2.801527404785156e+02, 2.801523742675781e+02, 2.801520690917969e+02, 2.801518249511719e+02, 2.801515808105469e+02, 2.801513977050781e+02, 2.801512145996094e+02, 2.801510620117188e+02, 2.80150146484375e+02, 2.8014697265625e+02, 2.801468505859375e+02, 2.801467895507812e+02, 2.801466979980469e+02, 2.801466064453125e+02, 2.801465148925781e+02, 2.801464233398438e+02, 2.801463012695312e+02, 2.801461791992188e+02, 2.801460876464844e+02, 2.801459350585938e+02, 2.801458129882812e+02, 2.801456604003906e+02, 2.801455078125e+02, 2.801453552246094e+02, 2.801451721191406e+02, 2.801449890136719e+02, 2.80144775390625e+02, 2.8014453125e+02, 2.80144287109375e+02, 2.801440124511719e+02, 2.801437072753906e+02, 2.801434020996094e+02, 2.801430053710938e+02, 2.801426086425781e+02, 2.801759643554688e+02, 2.801715087890625e+02, 2.801684265136719e+02, 2.801661071777344e+02, 2.80164306640625e+02, 2.801629028320312e+02, 2.801617431640625e+02, 2.801607971191406e+02, 2.801600036621094e+02, 2.801592712402344e+02, 2.801585083007812e+02, 2.801579284667969e+02, 2.80157470703125e+02, 2.801570739746094e+02, 2.8015673828125e+02, 2.801564025878906e+02, 2.801561279296875e+02, 2.801558837890625e+02, 2.801556396484375e+02, 2.801554260253906e+02, 2.801566162109375e+02, 2.801552734375e+02, 2.801550598144531e+02, 2.801549072265625e+02, 2.801548156738281e+02, 2.801484069824219e+02, 2.801483764648438e+02, 2.801483459472656e+02, 2.801483154296875e+02, 2.801483154296875e+02, 2.801482849121094e+02, 2.801482543945312e+02, 2.801482238769531e+02, 2.801481628417969e+02, 2.801481018066406e+02, 2.801480407714844e+02, 2.801478576660156e+02, 2.801457214355469e+02, 2.801471862792969e+02, 2.801480407714844e+02, 2.801480102539062e+02, 2.8014794921875e+02, 2.801479187011719e+02, 2.801478881835938e+02, 2.801478271484375e+02, 2.801477966308594e+02, 2.801477355957031e+02, 2.80147705078125e+02, 2.801476440429688e+02, 2.801476135253906e+02]
TBuiRet.T=[2.891499938964844e+02, 2.792659912109375e+02, 2.792673950195312e+02, 2.792687683105469e+02, 2.792701110839844e+02, 2.808853759765625e+02, 2.809691162109375e+02, 2.8137158203125e+02, 2.817930603027344e+02, 2.822194519042969e+02, 2.8264794921875e+02, 2.830775451660156e+02, 2.835077514648438e+02, 2.839383544921875e+02, 2.843692016601562e+02, 2.848002014160156e+02, 2.852313537597656e+02, 2.856625671386719e+02, 2.860938415527344e+02, 2.865251770019531e+02, 2.8695654296875e+02, 2.87387939453125e+02, 2.878193664550781e+02, 2.882507934570312e+02, 2.886822204589844e+02, 2.891130065917969e+02, 2.891444091796875e+02, 2.891448669433594e+02, 2.891447143554688e+02, 2.891445922851562e+02, 2.891444396972656e+02, 2.89144287109375e+02, 2.891441345214844e+02, 2.891439514160156e+02, 2.891437683105469e+02, 2.891435852050781e+02, 2.891433715820312e+02, 2.891431579589844e+02, 2.891429138183594e+02, 2.891426696777344e+02, 2.891423950195312e+02, 2.891421203613281e+02, 2.891417846679688e+02, 2.891414489746094e+02, 2.891410827636719e+02, 2.891406860351562e+02, 2.891402587890625e+02, 2.891397705078125e+02, 2.891392517089844e+02, 2.89138671875e+02, 2.891380310058594e+02, 2.891928405761719e+02, 2.891867370605469e+02, 2.891810302734375e+02, 2.891769104003906e+02, 2.891737976074219e+02, 2.891713256835938e+02, 2.891693725585938e+02, 2.89167724609375e+02, 2.891663818359375e+02, 2.891651916503906e+02, 2.891640014648438e+02, 2.891630554199219e+02, 2.891622924804688e+02, 2.8916162109375e+02, 2.891610412597656e+02, 2.891604919433594e+02, 2.891600036621094e+02, 2.891595764160156e+02, 2.891591796875e+02, 2.891588134765625e+02, 2.891606140136719e+02, 2.891583862304688e+02, 2.891580505371094e+02, 2.891578063964844e+02, 2.891575927734375e+02, 2.891473083496094e+02, 2.891472778320312e+02, 2.89147216796875e+02, 2.891471862792969e+02, 2.891471557617188e+02, 2.891471252441406e+02, 2.891470642089844e+02, 2.891470031738281e+02, 2.891469421386719e+02, 2.891468811035156e+02, 2.891467895507812e+02, 2.891466064453125e+02, 2.8914453125e+02, 2.891458435058594e+02, 2.891466979980469e+02, 2.891466369628906e+02, 2.891465759277344e+02, 2.891465148925781e+02, 2.891464538574219e+02, 2.891463928222656e+02, 2.891463012695312e+02, 2.89146240234375e+02, 2.891461486816406e+02, 2.891460876464844e+02, 2.8914599609375e+02]
coo.hex.m1_flow=[7.407407451864856e-07, 7.407456337205076e-07, 7.407407451864856e-07, 7.407407451864856e-07, 7.407407451864856e-07, 2.36535333096981e-02, 6.864390522241592e-02, 9.347651898860934e-02, 1.123007237911224e-01, 1.272518932819366e-01, 1.39495387673378e-01, 1.497493088245392e-01, 1.584796458482742e-01, 1.660046726465225e-01, 1.725499778985977e-01, 1.782812625169754e-01, 1.833238452672958e-01, 1.877747774124146e-01, 1.917106509208679e-01, 1.951931565999985e-01, 1.982727646827698e-01, 2.009912729263306e-01, 2.033837586641312e-01, 2.054799348115921e-01, 2.073052674531937e-01, 2.086733877658844e-01, 1.236316189169884e-01, 1.20416060090065e-01, 1.172032579779625e-01, 1.139970421791077e-01, 1.107975393533707e-01, 1.076044142246246e-01, 1.044182777404785e-01, 1.012388095259666e-01, 9.80665162205696e-02, 9.490118175745012e-02, 9.174313396215439e-02, 8.859261870384216e-02, 8.54496955871582e-02, 8.231446892023087e-02, 7.918716967105865e-02, 7.606802135705948e-02, 7.295703887939453e-02, 6.985453516244888e-02, 6.676080822944641e-02, 6.367605924606323e-02, 6.060049682855606e-02, 5.753443017601967e-02, 5.447816476225853e-02, 5.143196135759354e-02, 4.839614033699036e-02, 6.121620908379555e-02, 7.46135488152504e-02, 8.816464990377426e-02, 1.018596738576889e-01, 1.15686483681202e-01, 1.296354085206987e-01, 1.436988115310668e-01, 1.578697264194489e-01, 1.721519529819489e-01, 1.866405010223389e-01, 2.009236961603165e-01, 2.150810062885284e-01, 2.292056977748871e-01, 2.433441877365112e-01, 2.575359344482422e-01, 2.717929482460022e-01, 2.860845625400543e-01, 3.004108369350434e-01, 3.147706687450408e-01, 3.291629850864409e-01, 3.498607575893402e-01, 3.655405044555664e-01, 3.807807564735413e-01, 3.960435092449188e-01, 4.115046560764313e-01, 4.061914682388306e-01, 4.002398252487183e-01, 3.942980170249939e-01, 3.883861303329468e-01, 3.82515013217926e-01, 3.766635656356812e-01, 3.708185255527496e-01, 3.64967942237854e-01, 3.590981066226959e-01, 3.531883060932159e-01, 3.471954762935638e-01, 3.409814834594727e-01, 3.327440619468689e-01, 3.241516947746277e-01, 3.18477988243103e-01, 3.129477202892303e-01, 3.074222505092621e-01, 3.019016683101654e-01, 2.963860630989075e-01, 2.908753752708435e-01, 2.853697240352631e-01, 2.798690795898438e-01, 2.743736803531647e-01, 2.688834667205811e-01, 2.633987367153168e-01]
coo.hex.m2_flow=[0e+00, 2.634563744068146e-01, 2.613318860530853e-01, 2.592073976993561e-01, 2.570829093456268e-01, 2.549583911895752e-01, 2.528339028358459e-01, 2.507094144821167e-01, 2.485849112272263e-01, 2.46460422873497e-01, 2.443359196186066e-01, 2.422114312648773e-01, 2.400869429111481e-01, 2.379624396562576e-01, 2.358379513025284e-01, 2.337134480476379e-01, 2.315889596939087e-01, 2.294644564390182e-01, 2.27339968085289e-01, 2.252154648303986e-01, 2.230909764766693e-01, 2.209664732217789e-01, 2.188419848680496e-01, 2.167174816131592e-01, 2.145929932594299e-01, 2.124684900045395e-01, 1.296226531267166e-01, 1.264359056949615e-01, 1.232491657137871e-01, 1.20062418282032e-01, 1.168756783008575e-01, 1.136889308691025e-01, 1.10502190887928e-01, 1.073154509067535e-01, 1.041287034749985e-01, 1.00941963493824e-01, 9.775521606206894e-02, 9.456847608089447e-02, 9.13817286491394e-02, 8.819498866796494e-02, 8.500824868679047e-02, 8.18215012550354e-02, 7.863476127386093e-02, 7.544801384210587e-02, 7.22612738609314e-02, 6.907452642917633e-02, 6.588778644800186e-02, 6.270104646682739e-02, 5.951429903507233e-02, 5.632755532860756e-02, 5.314081534743309e-02, 6.679841876029968e-02, 8.060763776302338e-02, 9.441685676574707e-02, 1.082260757684708e-01, 1.220353022217752e-01, 1.358445137739183e-01, 1.496537327766417e-01, 1.634629666805267e-01, 1.772721856832504e-01, 1.910814046859741e-01, 2.048906236886978e-01, 2.186998426914215e-01, 2.325090616941452e-01, 2.463182806968689e-01, 2.601275146007538e-01, 2.739367187023163e-01, 2.877459526062012e-01, 3.015551567077638e-01, 3.153643906116484e-01, 3.291735947132109e-01, 3.429828286170959e-01, 3.567920327186584e-01, 3.706012666225433e-01, 3.844104707241058e-01, 3.982197046279907e-01, 3.930790424346924e-01, 3.877677917480469e-01, 3.824565708637238e-01, 3.771453201770782e-01, 3.718340694904327e-01, 3.665228486061096e-01, 3.612115979194641e-01, 3.55900377035141e-01, 3.505891263484955e-01, 3.4527787566185e-01, 3.399666547775269e-01, 3.346554040908813e-01, 3.293441832065582e-01, 3.240329325199127e-01, 3.187216818332672e-01, 3.134104609489441e-01, 3.080992102622986e-01, 3.027879893779755e-01, 2.9747673869133e-01, 2.921654880046844e-01, 2.868542671203613e-01, 2.815430164337158e-01, 2.762317955493927e-01, 2.709205448627472e-01, 2.656092941761017e-01]
loa.m_flow=[0e+00, 2.634563744068146e-01, 2.613318860530853e-01, 2.592073976993561e-01, 2.570829093456268e-01, 2.549583911895752e-01, 2.528339028358459e-01, 2.507094144821167e-01, 2.485849112272263e-01, 2.46460422873497e-01, 2.443359196186066e-01, 2.422114312648773e-01, 2.400869429111481e-01, 2.379624396562576e-01, 2.358379513025284e-01, 2.337134480476379e-01, 2.315889596939087e-01, 2.294644564390182e-01, 2.27339968085289e-01, 2.252154648303986e-01, 2.230909764766693e-01, 2.209664732217789e-01, 2.188419848680496e-01, 2.167174816131592e-01, 2.145929932594299e-01, 2.124684900045395e-01, 1.296226531267166e-01, 1.264359056949615e-01, 1.232491657137871e-01, 1.20062418282032e-01, 1.168756783008575e-01, 1.136889308691025e-01, 1.10502190887928e-01, 1.073154509067535e-01, 1.041287034749985e-01, 1.00941963493824e-01, 9.775521606206894e-02, 9.456847608089447e-02, 9.13817286491394e-02, 8.819498866796494e-02, 8.500824868679047e-02, 8.18215012550354e-02, 7.863476127386093e-02, 7.544801384210587e-02, 7.22612738609314e-02, 6.907452642917633e-02, 6.588778644800186e-02, 6.270104646682739e-02, 5.951429903507233e-02, 5.632755532860756e-02, 5.314081534743309e-02, 6.679841876029968e-02, 8.060763776302338e-02, 9.441685676574707e-02, 1.082260757684708e-01, 1.220353022217752e-01, 1.358445137739183e-01, 1.496537327766417e-01, 1.634629666805267e-01, 1.772721856832504e-01, 1.910814046859741e-01, 2.048906236886978e-01, 2.186998426914215e-01, 2.325090616941452e-01, 2.463182806968689e-01, 2.601275146007538e-01, 2.739367187023163e-01, 2.877459526062012e-01, 3.015551567077638e-01, 3.153643906116484e-01, 3.291735947132109e-01, 3.429828286170959e-01, 3.567920327186584e-01, 3.706012666225433e-01, 3.844104707241058e-01, 3.982197046279907e-01, 3.930790424346924e-01, 3.877677917480469e-01, 3.824565708637238e-01, 3.771453201770782e-01, 3.718340694904327e-01, 3.665228486061096e-01, 3.612115979194641e-01, 3.55900377035141e-01, 3.505891263484955e-01, 3.4527787566185e-01, 3.399666547775269e-01, 3.346554040908813e-01, 3.293441832065582e-01, 3.240329325199127e-01, 3.187216818332672e-01, 3.134104609489441e-01, 3.080992102622986e-01, 3.027879893779755e-01, 2.9747673869133e-01, 2.921654880046844e-01, 2.868542671203613e-01, 2.815430164337158e-01, 2.762317955493927e-01, 2.709205448627472e-01, 2.656092941761017e-01]
coo.val.y=[0e+00, 0e+00, 0e+00, 0e+00, 0e+00, 2.26012796163559e-01, 4.811365306377411e-01, 5.591450929641725e-01, 6.057795882225037e-01, 6.376277208328247e-01, 6.610764861106873e-01, 6.792067289352417e-01, 6.937056183815002e-01, 7.055863738059998e-01, 7.154976725578308e-01, 7.238776087760925e-01, 7.310346364974976e-01, 7.371930480003357e-01, 7.425205111503601e-01, 7.471454739570618e-01, 7.511681914329529e-01, 7.546684741973877e-01, 7.577105164527893e-01, 7.603468894958496e-01, 7.626208662986755e-01, 7.642810344696045e-01, 6.296254396438599e-01, 6.228649020195007e-01, 6.159294247627258e-01, 6.088169813156128e-01, 6.015180349349976e-01, 5.940214395523071e-01, 5.863170623779297e-01, 5.783917903900146e-01, 5.702332854270935e-01, 5.618261098861694e-01, 5.531550049781799e-01, 5.442028045654297e-01, 5.349500179290771e-01, 5.253751873970032e-01, 5.154550075531006e-01, 5.051631927490234e-01, 4.944697916507721e-01, 4.83342170715332e-01, 4.717431962490082e-01, 4.596304893493652e-01, 4.469555020332336e-01, 4.336628913879395e-01, 4.196885824203491e-01, 4.049575626850128e-01, 3.893818259239197e-01, 4.50765460729599e-01, 5.012335181236267e-01, 5.438307523727417e-01, 5.807183980941772e-01, 6.132646203041079e-01, 6.423984169960024e-01, 6.687800884246824e-01, 6.928942203521729e-01, 7.151247262954712e-01, 7.358847856521606e-01, 7.54848301410675e-01, 7.72382915019989e-01, 7.887853980064392e-01, 8.042433857917786e-01, 8.189036846160889e-01, 8.328599333763123e-01, 8.461558818817139e-01, 8.588548898696901e-01, 8.71011734008789e-01, 8.826733231544494e-01, 8.986585736274719e-01, 9.101232886314392e-01, 9.208550453186035e-01, 9.312085509300232e-01, 9.413231015205383e-01, 9.376392364501953e-01, 9.337384104728699e-01, 9.297896027565002e-01, 9.258055090904236e-01, 9.217919707298279e-01, 9.177335500717163e-01, 9.136197566986084e-01, 9.094401597976685e-01, 9.051824808120728e-01, 9.008282423019409e-01, 8.963407278060913e-01, 8.916055560112e-01, 8.851308822631836e-01, 8.783490061759949e-01, 8.737726807594299e-01, 8.692024946212769e-01, 8.645581603050232e-01, 8.598371148109436e-01, 8.550364375114441e-01, 8.501532673835754e-01, 8.451845049858093e-01, 8.401267528533936e-01, 8.349767923355103e-01, 8.297308087348938e-01, 8.243851065635681e-01]
coo.hex.port_a1.p=[3e+05, 3e+05, 3e+05, 3e+05, 3e+05, 3.0000128125e+05, 3.000094375e+05, 3.0001746875e+05, 3.0002521875e+05, 3.00032375e+05, 3.0003890625e+05, 3.0004484375e+05, 3.0005021875e+05, 3.00055125e+05, 3.000595625e+05, 3.000635625e+05, 3.0006721875e+05, 3.0007053125e+05, 3.000735e+05, 3.000761875e+05, 3.00078625e+05, 3.0008078125e+05, 3.0008271875e+05, 3.000844375e+05, 3.000859375e+05, 3.0008709375e+05, 3.000305625e+05, 3.00029e+05, 3.0002746875e+05, 3.00026e+05, 3.000245625e+05, 3.0002315625e+05, 3.000218125e+05, 3.000205e+05, 3.0001921875e+05, 3.00018e+05, 3.0001684375e+05, 3.000156875e+05, 3.0001459375e+05, 3.000135625e+05, 3.0001253125e+05, 3.000115625e+05, 3.0001065625e+05, 3.0000975e+05, 3.0000890625e+05, 3.0000809375e+05, 3.0000734375e+05, 3.00006625e+05, 3.000059375e+05, 3.0000528125e+05, 3.000046875e+05, 3.000075e+05, 3.00011125e+05, 3.0001553125e+05, 3.0002075e+05, 3.0002678125e+05, 3.00033625e+05, 3.000413125e+05, 3.0004984375e+05, 3.0005928125e+05, 3.0006965625e+05, 3.0008075e+05, 3.0009253125e+05, 3.001050625e+05, 3.001184375e+05, 3.0013265625e+05, 3.0014775e+05, 3.001636875e+05, 3.001805e+05, 3.0019815625e+05, 3.002166875e+05, 3.002448125e+05, 3.0026725e+05, 3.0029e+05, 3.003136875e+05, 3.003386875e+05, 3.0032996875e+05, 3.00320375e+05, 3.003109375e+05, 3.003016875e+05, 3.00292625e+05, 3.0028375e+05, 3.00275e+05, 3.0026640625e+05, 3.0025790625e+05, 3.0024946875e+05, 3.0024109375e+05, 3.0023253125e+05, 3.002214375e+05, 3.0021015625e+05, 3.0020284375e+05, 3.00195875e+05, 3.0018903125e+05, 3.0018228125e+05, 3.001756875e+05, 3.0016921875e+05, 3.00162875e+05, 3.0015665625e+05, 3.001505625e+05, 3.0014459375e+05, 3.0013875e+05]
coo.hex.port_b1.p=[3e+05, 3e+05]
coo.hex.port_a2.p=[3e+05, 3.001388125e+05, 3.0013659375e+05, 3.00134375e+05, 3.001321875e+05, 3.0013e+05, 3.0012784375e+05, 3.0012571875e+05, 3.0012359375e+05, 3.001215e+05, 3.0011940625e+05, 3.0011734375e+05, 3.0011528125e+05, 3.0011325e+05, 3.0011125e+05, 3.0010925e+05, 3.0010728125e+05, 3.001053125e+05, 3.00103375e+05, 3.001014375e+05, 3.0009953125e+05, 3.0009765625e+05, 3.0009578125e+05, 3.000939375e+05, 3.0009209375e+05, 3.0009028125e+05, 3.0003359375e+05, 3.0003196875e+05, 3.00030375e+05, 3.0002884375e+05, 3.000273125e+05, 3.0002584375e+05, 3.0002440625e+05, 3.0002303125e+05, 3.000216875e+05, 3.00020375e+05, 3.00019125e+05, 3.00017875e+05, 3.000166875e+05, 3.000155625e+05, 3.000144375e+05, 3.00013375e+05, 3.00012375e+05, 3.00011375e+05, 3.000104375e+05, 3.0000953125e+05, 3.000086875e+05, 3.00007875e+05, 3.0000709375e+05, 3.0000634375e+05, 3.0000565625e+05, 3.000089375e+05, 3.00013e+05, 3.0001784375e+05, 3.000234375e+05, 3.0002978125e+05, 3.0003690625e+05, 3.0004478125e+05, 3.000534375e+05, 3.0006284375e+05, 3.0007303125e+05, 3.0008396875e+05, 3.0009565625e+05, 3.00108125e+05, 3.0012134375e+05, 3.0013534375e+05, 3.0015009375e+05, 3.0016559375e+05, 3.00181875e+05, 3.0019890625e+05, 3.0021671875e+05, 3.0023528125e+05, 3.0025459375e+05, 3.002746875e+05, 3.0029553125e+05, 3.0031715625e+05, 3.0030903125e+05, 3.0030071875e+05, 3.0029253125e+05, 3.0028446875e+05, 3.0027653125e+05, 3.002686875e+05, 3.002609375e+05, 3.0025334375e+05, 3.002458125e+05, 3.002384375e+05, 3.0023115625e+05, 3.00224e+05, 3.002169375e+05, 3.0021e+05, 3.0020315625e+05, 3.001964375e+05, 3.0018984375e+05, 3.00183375e+05, 3.00177e+05, 3.0017071875e+05, 3.001645625e+05, 3.0015853125e+05, 3.0015259375e+05, 3.0014678125e+05, 3.0014109375e+05]
coo.hex.port_b2.p=[3e+05, 3e+05]
dTDis.y=[9e+00, 1.14835524559021e+00, 1.148322701454163e+00, 1.148290038108826e+00, 1.148257374763489e+00, 2.687331676483154e+00, 2.813049554824829e+00, 3.202895641326905e+00, 3.597907781600952e+00, 3.98379111289978e+00, 4.358809471130371e+00, 4.723227024078369e+00, 5.077837467193604e+00, 5.42355489730835e+00, 5.761243820190431e+00, 6.091691970825195e+00, 6.415594100952148e+00, 6.733562469482423e+00, 7.04613733291626e+00, 7.353791236877441e+00, 7.6569504737854e+00, 7.955986499786377e+00, 8.251236915588379e+00, 8.543003082275391e+00, 8.831555366516113e+00, 9.126181602478027e+00, 9.433424949645996e+00, 9.447782516479492e+00, 9.462047576904297e+00, 9.476577758789062e+00, 9.491389274597168e+00, 9.506495475769043e+00, 9.521908760070801e+00, 9.537644386291504e+00, 9.553717613220215e+00, 9.570144653320312e+00, 9.586944580078125e+00, 9.604140281677246e+00, 9.621750831604004e+00, 9.639799118041992e+00, 9.658310890197754e+00, 9.67731761932373e+00, 9.696845054626465e+00, 9.716928482055664e+00, 9.737610816955566e+00, 9.758934020996094e+00, 9.780940055847168e+00, 9.803684234619141e+00, 9.827228546142578e+00, 9.851637840270996e+00, 9.87700366973877e+00, 9.840150833129883e+00, 9.740178108215332e+00, 9.652291297912598e+00, 9.574448585510254e+00, 9.504277229309082e+00, 9.440213203430176e+00, 9.381163597106934e+00, 9.326288223266602e+00, 9.274458885192871e+00, 9.22041130065918e+00, 9.183448791503906e+00, 9.15678596496582e+00, 9.134731292724609e+00, 9.114727973937988e+00, 9.09504508972168e+00, 9.07524299621582e+00, 9.056315422058105e+00, 9.038150787353516e+00, 9.020697593688965e+00, 9.003841400146484e+00, 8.827278137207031e+00, 8.787856101989746e+00, 8.762527465820312e+00, 8.738663673400879e+00, 8.712372779846191e+00, 8.708588600158691e+00, 8.718647956848145e+00, 8.728795051574707e+00, 8.738578796386719e+00, 8.747734069824219e+00, 8.756716728210449e+00, 8.765830993652344e+00, 8.775370597839355e+00, 8.785690307617188e+00, 8.797348976135254e+00, 8.811508178710938e+00, 8.831886291503906e+00, 8.906671524047852e+00, 8.995387077331543e+00, 9.005670547485352e+00, 9.01206111907959e+00, 9.018542289733887e+00, 9.025116920471191e+00, 9.03178596496582e+00, 9.038554191589355e+00, 9.045425415039062e+00, 9.052401542663574e+00, 9.059486389160156e+00, 9.066685676574707e+00, 9.074000358581543e+00]
dTBui.y=[9e+00, -9.38307712203823e-05, -9.252887684851885e-05, -9.123747440753505e-05, -8.995385724119842e-05, 2.512534856796265e-01, 7.635024785995483e-01, 1.194030523300171e+00, 1.625211715698242e+00, 2.056698560714722e+00, 2.488288640975952e+00, 2.919918298721313e+00, 3.351566314697266e+00, 3.783220291137695e+00, 4.214874744415284e+00, 4.646528720855713e+00, 5.078178405761719e+00, 5.50982427597046e+00, 5.941464900970459e+00, 6.373099327087402e+00, 6.804728031158447e+00, 7.236350059509277e+00, 7.667964935302734e+00, 8.099573135375977e+00, 8.531173706054688e+00, 8.96286678314209e+00, 8.997445106506348e+00, 8.997993469238281e+00, 8.997945785522461e+00, 8.997890472412109e+00, 8.997833251953125e+00, 8.997774124145508e+00, 8.997711181640625e+00, 8.997644424438477e+00, 8.997574806213379e+00, 8.997500419616699e+00, 8.997421264648438e+00, 8.997336387634277e+00, 8.997246742248535e+00, 8.997150421142578e+00, 8.997047424316406e+00, 8.99693775177002e+00, 8.996819496154785e+00, 8.99669075012207e+00, 8.996552467346191e+00, 8.996401786804199e+00, 8.996238708496094e+00, 8.996060371398926e+00, 8.995864868164062e+00, 8.995650291442871e+00, 8.995413780212402e+00, 9.016883850097656e+00, 9.015219688415527e+00, 9.012613296508789e+00, 9.010822296142578e+00, 9.009483337402344e+00, 9.008435249328613e+00, 9.007619857788086e+00, 9.006941795349121e+00, 9.006364822387695e+00, 9.005931854248047e+00, 9.005499839782715e+00, 9.005138397216797e+00, 9.004823684692383e+00, 9.004546165466309e+00, 9.004298210144043e+00, 9.004082679748535e+00, 9.003881454467773e+00, 9.003700256347656e+00, 9.003537178039551e+00, 9.003390312194824e+00, 9.003996849060059e+00, 9.003127098083496e+00, 9.003005027770996e+00, 9.00289249420166e+00, 9.002793312072754e+00, 8.998916625976562e+00, 8.998902320861816e+00, 8.998887062072754e+00, 8.998870849609375e+00, 8.998855590820312e+00, 8.998838424682617e+00, 8.998822212219238e+00, 8.998805046081543e+00, 8.998786926269531e+00, 8.99876880645752e+00, 8.998751640319824e+00, 8.99874210357666e+00, 8.998793601989746e+00, 8.998677253723145e+00, 8.998665809631348e+00, 8.998642921447754e+00, 8.998619079589844e+00, 8.998595237731934e+00, 8.998570442199707e+00, 8.998544692993164e+00, 8.998517990112305e+00, 8.998490333557129e+00, 8.99846076965332e+00, 8.998431205749512e+00, 8.99839973449707e+00]
TApp.y=[2e+00, 1.115805864334106e+00, 1.117082238197327e+00, 1.118322014808655e+00, 1.119528532028198e+00, 2.484113454818726e+00, 2.055605173110962e+00, 2.027536869049072e+00, 2.017861127853394e+00, 2.012742519378662e+00, 2.009652614593506e+00, 2.007614374160767e+00, 2.006181478500366e+00, 2.005124807357788e+00, 2.004316091537476e+00, 2.003679037094116e+00, 2.003164052963257e+00, 2.002739429473877e+00, 2.002383232116699e+00, 2.002079725265503e+00, 2.001817941665649e+00, 2.00158953666687e+00, 2.001388072967529e+00, 2.001208782196045e+00, 2.001047849655151e+00, 2.000147342681885e+00, 1.996972799301147e+00, 1.99686074256897e+00, 1.996780157089233e+00, 1.996695756912231e+00, 1.9966059923172e+00, 1.996511459350586e+00, 1.996411561965942e+00, 1.996305823326111e+00, 1.996193885803223e+00, 1.996074080467224e+00, 1.995946884155273e+00, 1.995812296867371e+00, 1.995667815208435e+00, 1.995513081550598e+00, 1.995347142219543e+00, 1.995168447494507e+00, 1.994974613189697e+00, 1.994765281677246e+00, 1.994538187980652e+00, 1.994289636611938e+00, 1.994017481803894e+00, 1.993718266487122e+00, 1.99338710308075e+00, 1.993018507957458e+00, 1.992605090141296e+00, 2.02595043182373e+00, 2.021514415740967e+00, 2.018412351608276e+00, 2.016103029251099e+00, 2.014318466186523e+00, 2.012898206710815e+00, 2.011743068695068e+00, 2.010782480239868e+00, 2.010010004043579e+00, 2.009266376495361e+00, 2.008511066436768e+00, 2.007931709289551e+00, 2.007457971572876e+00, 2.00706148147583e+00, 2.006729602813721e+00, 2.006412506103516e+00, 2.0061354637146e+00, 2.005879878997803e+00, 2.005650520324707e+00, 2.005434989929199e+00, 2.006612062454224e+00, 2.005261421203613e+00, 2.005045175552368e+00, 2.004922389984131e+00, 2.004812240600586e+00, 1.998396039009094e+00, 1.998369455337524e+00, 1.998342752456665e+00, 1.998326420783997e+00, 1.998306155204773e+00, 1.998278260231018e+00, 1.998246073722839e+00, 1.99820876121521e+00, 1.998165845870972e+00, 1.998112320899963e+00, 1.998032689094543e+00, 1.997860908508301e+00, 1.995729684829712e+00, 1.99717915058136e+00, 1.998033404350281e+00, 1.997995853424072e+00, 1.997957468032837e+00, 1.997917652130127e+00, 1.997876524925232e+00, 1.997834086418152e+00, 1.997790098190308e+00, 1.997744679450989e+00, 1.997697830200195e+00, 1.997649312019348e+00, 1.997598767280579e+00]
coo.Q_flow=[0e+00, 3.559074131771922e-03, 3.558949567377567e-03, 3.558848518878222e-03, 3.558747237548232e-03, 2.659555053710938e+02, 8.079249877929688e+02, 1.2526708984375e+03, 1.690535278320312e+03, 2.1210576171875e+03, 2.544013427734375e+03, 2.95934326171875e+03, 3.367006591796875e+03, 3.767003662109375e+03, 4.159325195312501e+03, 4.54396875e+03, 4.92093359375e+03, 5.290221191406251e+03, 5.65182861328125e+03, 6.00575390625e+03, 6.35200146484375e+03, 6.69056689453125e+03, 7.021453125e+03, 7.3446591796875e+03, 7.66018408203125e+03, 7.96797265625e+03, 4.879671875e+03, 4.7599892578125e+03, 4.639983886718749e+03, 4.5199833984375e+03, 4.39998876953125e+03, 4.27998486328125e+03, 4.1599892578125e+03, 4.03998583984375e+03, 3.919989013671875e+03, 3.799984130859375e+03, 3.67997998046875e+03, 3.559981201171875e+03, 3.439983154296875e+03, 3.31998291015625e+03, 3.199983154296875e+03, 3.079986328125e+03, 2.959983642578125e+03, 2.839980224609375e+03, 2.7199794921875e+03, 2.599981201171875e+03, 2.4799814453125e+03, 2.359982666015625e+03, 2.239985595703125e+03, 2.119987060546875e+03, 1.999989135742188e+03, 2.52034423828125e+03, 3.040718994140625e+03, 3.560545654296875e+03, 4.08044677734375e+03, 4.600376464843755e+03, 5.120320312500005e+03, 5.640291503906245e+03, 6.1602646484375e+03, 6.6802421875e+03, 7.20025439453125e+03, 7.720201171875e+03, 8.240181640625e+03, 8.7601767578125e+03, 9.2801787109375e+03, 9.8001875e+03, 1.03202001953125e+04, 1.08402099609375e+04, 1.136022265625e+04, 1.1880263671875e+04, 1.2400251953125e+04, 1.29215224609375e+04, 1.34403359375e+04, 1.39603427734375e+04, 1.44803671875e+04, 1.500040234375e+04, 1.48002900390625e+04, 1.46002783203125e+04, 1.44002666015625e+04, 1.42002568359375e+04, 1.4000248046875e+04, 1.380023828125e+04, 1.3600228515625e+04, 1.3400216796875e+04, 1.32002060546875e+04, 1.30001923828125e+04, 1.28001767578125e+04, 1.26001572265625e+04, 1.23998779296875e+04, 1.21999990234375e+04, 1.20001640625e+04, 1.180015234375e+04, 1.1600142578125e+04, 1.14001357421875e+04, 1.1200130859375e+04, 1.1000125e+04, 1.0800119140625e+04, 1.06001103515625e+04, 1.040010546875e+04, 1.020009765625e+04, 1.0000095703125e+04]
coo.Q=[0e+00, 8.690483125e+05, 8.69051375e+05, 8.690544375e+05, 8.690575e+05, 9.028835e+05, 1.425967e+06, 2.317053250000001e+06, 3.58902825e+06, 5.236176e+06, 7.2520355e+06, 9.630036e+06, 1.2363569e+07, 1.5446013e+07, 1.887073800000001e+07, 2.2631114e+07, 2.6720506e+07, 3.113227800000001e+07, 3.5859796e+07, 4.0896424e+07, 4.6235528e+07, 5.1870472e+07, 5.7794616e+07, 6.4001328e+07, 7.0483976e+07, 7.7236096e+07, 8.1501728e+07, 8.5666168e+07, 8.972696000000001e+07, 9.3684072e+07, 9.7537496e+07, 1.01287248e+08, 1.04933312e+08, 1.08475704e+08, 1.11914408e+08, 1.15249432e+08, 1.18480776e+08, 1.2160844e+08, 1.24632424e+08, 1.27552728e+08, 1.30369352e+08, 1.33082296e+08, 1.35691552e+08, 1.38197136e+08, 1.4059904e+08, 1.42897264e+08, 1.45091808e+08, 1.47182672e+08, 1.49169856e+08, 1.51053376e+08, 1.528332e+08, 1.5478248e+08, 1.57184992e+08, 1.60036736e+08, 1.63337648e+08, 1.6708776e+08, 1.71287104e+08, 1.7593568e+08, 1.8103352e+08, 1.86580704e+08, 1.92577408e+08, 1.99023056e+08, 2.05917936e+08, 2.1326208e+08, 2.2105552e+08, 2.2929824e+08, 2.3799024e+08, 2.47131536e+08, 2.567221280000001e+08, 2.667619999999999e+08, 2.772511679999999e+08, 2.88189856e+08, 2.99577792e+08, 3.1141488e+08, 3.2370128e+08, 3.3643696e+08, 3.49311488e+08, 3.62012544e+08, 3.74540768e+08, 3.86896192e+08, 3.99078816e+08, 4.1108864e+08, 4.22925632e+08, 4.34589824e+08, 4.46081216e+08, 4.57399776e+08, 4.68545536e+08, 4.79518496e+08, 4.90318624e+08, 5.00945728e+08, 5.11398976e+08, 5.21680704e+08, 5.31789632e+08, 5.4172576e+08, 5.51489088e+08, 5.61079552e+08, 5.7049728e+08, 5.79742208e+08, 5.88814272e+08, 5.977136e+08, 6.06440064e+08]
