last-generated=2021-04-07
statistics-initialization=
{
  "linear": "0, 0, 0, 0",
  "nonlinear": "0, 0, 0, 0",
  "numerical Jacobians": "0"
}
statistics-simulation=
{
  "linear": "0, 0, 0, 0, 0, 0, 0, 0, 0, 0",
  "nonlinear": "0, 0, 0, 0",
  "number of continuous time states": "30",
  "numerical Jacobians": "0"
}
time=[4.32e+05, 8.64e+05]
flo.TAirCor=[2.751499938964844e+02, 2.934529418945312e+02, 2.93500244140625e+02, 2.9348974609375e+02, 2.934699096679688e+02, 2.934561767578125e+02, 2.934912109375e+02, 2.937789306640625e+02, 2.940010681152344e+02, 2.940133666992188e+02, 2.939434814453125e+02, 2.938853454589844e+02, 2.938855590820312e+02, 2.938795471191406e+02, 2.938303833007812e+02, 2.936166687011719e+02, 2.934887084960938e+02, 2.934271850585938e+02, 2.933882141113281e+02, 2.933341369628906e+02, 2.932776184082031e+02, 2.931492309570312e+02, 2.931495666503906e+02, 2.931499633789062e+02, 2.931501159667969e+02, 2.931500244140625e+02, 2.931497497558594e+02, 2.932804870605469e+02, 2.933612670898438e+02, 2.933630065917969e+02, 2.933903503417969e+02, 2.931575317382812e+02, 2.931500854492188e+02, 2.931711730957031e+02, 2.931500244140625e+02, 2.931499938964844e+02, 2.931497192382812e+02, 2.931499328613281e+02, 2.931499938964844e+02, 2.931499938964844e+02, 2.931499938964844e+02, 2.931497802734375e+02, 2.931499328613281e+02, 2.931499938964844e+02, 2.931500244140625e+02, 2.931499938964844e+02, 2.931498107910156e+02, 2.93150634765625e+02, 2.931499938964844e+02, 2.931499938964844e+02, 2.931499938964844e+02, 2.931501159667969e+02, 2.931501770019531e+02, 2.931500549316406e+02, 2.931500244140625e+02, 2.931500244140625e+02, 2.931500244140625e+02, 2.931500549316406e+02, 2.931499938964844e+02, 2.931499938964844e+02, 2.931499938964844e+02, 2.931500854492188e+02, 2.931500244140625e+02, 2.931499938964844e+02, 2.931499938964844e+02, 2.931499938964844e+02, 2.931514587402344e+02, 2.935813598632812e+02, 2.9367236328125e+02, 2.937039794921875e+02, 2.938132934570312e+02, 2.938487854003906e+02, 2.938746948242188e+02, 2.938911437988281e+02, 2.937741394042969e+02, 2.935512084960938e+02, 2.934206237792969e+02, 2.933723754882812e+02, 2.933488464355469e+02, 2.93308349609375e+02, 2.932666015625e+02, 2.932172241210938e+02, 2.931861572265625e+02, 2.931550903320312e+02, 2.931500244140625e+02, 2.931499938964844e+02, 2.932548522949219e+02, 2.937161254882812e+02, 2.940254211425781e+02, 2.944723205566406e+02, 2.949378967285156e+02, 2.951251831054688e+02, 2.953720092773438e+02, 2.9537646484375e+02, 2.949936218261719e+02, 2.937978515625e+02, 2.935729064941406e+02, 2.935220947265625e+02, 2.934935302734375e+02, 2.934567260742188e+02, 2.934208984375e+02]
flo.TAirSou=[2.751499938964844e+02, 2.931537170410156e+02, 2.931495361328125e+02, 2.931492309570312e+02, 2.931499633789062e+02, 2.931499328613281e+02, 2.93150390625e+02, 2.931566467285156e+02, 2.938831481933594e+02, 2.94198974609375e+02, 2.935674133300781e+02, 2.933329162597656e+02, 2.933515930175781e+02, 2.93302001953125e+02, 2.931495971679688e+02, 2.931498107910156e+02, 2.931477661132812e+02, 2.931486206054688e+02, 2.931500549316406e+02, 2.931499938964844e+02, 2.9314990234375e+02, 2.931485900878906e+02, 2.931491088867188e+02, 2.931497802734375e+02, 2.931501159667969e+02, 2.931498718261719e+02, 2.931495666503906e+02, 2.931574401855469e+02, 2.931513061523438e+02, 2.931502685546875e+02, 2.934610900878906e+02, 2.933056335449219e+02, 2.931479797363281e+02, 2.93149169921875e+02, 2.931497192382812e+02, 2.931498718261719e+02, 2.931491088867188e+02, 2.931493530273438e+02, 2.931498413085938e+02, 2.931500854492188e+02, 2.931498718261719e+02, 2.931491088867188e+02, 2.93149658203125e+02, 2.931499328613281e+02, 2.931499328613281e+02, 2.931499938964844e+02, 2.931495056152344e+02, 2.931569213867188e+02, 2.931509704589844e+02, 2.93150146484375e+02, 2.931501159667969e+02, 2.931441955566406e+02, 2.931472778320312e+02, 2.93156494140625e+02, 2.931511840820312e+02, 2.931494140625e+02, 2.9314794921875e+02, 2.931505737304688e+02, 2.931470642089844e+02, 2.931494750976562e+02, 2.931534118652344e+02, 2.931476440429688e+02, 2.931517944335938e+02, 2.931520385742188e+02, 2.931476440429688e+02, 2.931505126953125e+02, 2.931517028808594e+02, 2.931508483886719e+02, 2.931565856933594e+02, 2.931480407714844e+02, 2.935263671875e+02, 2.936205444335938e+02, 2.936125793457031e+02, 2.934805603027344e+02, 2.931514282226562e+02, 2.931503601074219e+02, 2.931488647460938e+02, 2.931502075195312e+02, 2.931498107910156e+02, 2.931498718261719e+02, 2.931499938964844e+02, 2.931496276855469e+02, 2.9314990234375e+02, 2.931500549316406e+02, 2.931499633789062e+02, 2.931498107910156e+02, 2.931513977050781e+02, 2.932935791015625e+02, 2.944031982421875e+02, 2.951871337890625e+02, 2.957770385742188e+02, 2.959894104003906e+02, 2.961209411621094e+02, 2.959007873535156e+02, 2.95064697265625e+02, 2.9352978515625e+02, 2.931463623046875e+02, 2.931488342285156e+02, 2.931502685546875e+02, 2.931500854492188e+02, 2.9314990234375e+02]
flo.TAirNor=[2.751499938964844e+02, 2.931542663574219e+02, 2.93149658203125e+02, 2.931493225097656e+02, 2.931499633789062e+02, 2.931499328613281e+02, 2.93154052734375e+02, 2.931430358886719e+02, 2.931539306640625e+02, 2.931514892578125e+02, 2.93150146484375e+02, 2.931502380371094e+02, 2.931503295898438e+02, 2.93149658203125e+02, 2.931495971679688e+02, 2.931498107910156e+02, 2.931484375e+02, 2.931488952636719e+02, 2.931500244140625e+02, 2.931485595703125e+02, 2.931510009765625e+02, 2.931506958007812e+02, 2.931494750976562e+02, 2.931498107910156e+02, 2.931500549316406e+02, 2.931498718261719e+02, 2.931497497558594e+02, 2.931405334472656e+02, 2.931492004394531e+02, 2.931500854492188e+02, 2.931549682617188e+02, 2.931463012695312e+02, 2.931531066894531e+02, 2.931484680175781e+02, 2.931471557617188e+02, 2.931506958007812e+02, 2.931567077636719e+02, 2.93149658203125e+02, 2.9314990234375e+02, 2.931500854492188e+02, 2.931498718261719e+02, 2.93149658203125e+02, 2.9314990234375e+02, 2.931499938964844e+02, 2.931499328613281e+02, 2.931499938964844e+02, 2.931497802734375e+02, 2.931517639160156e+02, 2.931505126953125e+02, 2.931501770019531e+02, 2.93150146484375e+02, 2.931499938964844e+02, 2.931501770019531e+02, 2.931499633789062e+02, 2.931499328613281e+02, 2.931499938964844e+02, 2.931503295898438e+02, 2.93150390625e+02, 2.931499633789062e+02, 2.931500549316406e+02, 2.931499938964844e+02, 2.931500549316406e+02, 2.931502380371094e+02, 2.931499938964844e+02, 2.931499938964844e+02, 2.931499938964844e+02, 2.931518249511719e+02, 2.931529846191406e+02, 2.931508483886719e+02, 2.931501770019531e+02, 2.931509704589844e+02, 2.931521911621094e+02, 2.931756896972656e+02, 2.932056579589844e+02, 2.931497497558594e+02, 2.931499938964844e+02, 2.931498413085938e+02, 2.931496276855469e+02, 2.931498413085938e+02, 2.931498718261719e+02, 2.931499633789062e+02, 2.931499328613281e+02, 2.931500549316406e+02, 2.931492919921875e+02, 2.931487121582031e+02, 2.931506958007812e+02, 2.931539916992188e+02, 2.931540222167969e+02, 2.931898498535156e+02, 2.935349731445312e+02, 2.940794677734375e+02, 2.942503967285156e+02, 2.944945373535156e+02, 2.9453955078125e+02, 2.942384643554688e+02, 2.931493225097656e+02, 2.931478576660156e+02, 2.931490173339844e+02, 2.931502990722656e+02, 2.931500244140625e+02, 2.9314990234375e+02]
flo.TAirEas=[2.751499938964844e+02, 2.931545104980469e+02, 2.931495971679688e+02, 2.931492919921875e+02, 2.931499938964844e+02, 2.931499633789062e+02, 2.931505737304688e+02, 2.931559143066406e+02, 2.933402404785156e+02, 2.932127990722656e+02, 2.931501159667969e+02, 2.931496887207031e+02, 2.931501159667969e+02, 2.931497497558594e+02, 2.93149658203125e+02, 2.931498107910156e+02, 2.931480712890625e+02, 2.931487426757812e+02, 2.931500854492188e+02, 2.931500244140625e+02, 2.9314990234375e+02, 2.931488037109375e+02, 2.931492004394531e+02, 2.931498107910156e+02, 2.931500854492188e+02, 2.931498718261719e+02, 2.93149658203125e+02, 2.931560668945312e+02, 2.931502990722656e+02, 2.931501770019531e+02, 2.931501770019531e+02, 2.931498413085938e+02, 2.931497497558594e+02, 2.931497802734375e+02, 2.93149658203125e+02, 2.931498718261719e+02, 2.93149658203125e+02, 2.931495361328125e+02, 2.931498718261719e+02, 2.931500854492188e+02, 2.931498718261719e+02, 2.931494750976562e+02, 2.931498107910156e+02, 2.931499633789062e+02, 2.931499328613281e+02, 2.931499938964844e+02, 2.931496887207031e+02, 2.931558837890625e+02, 2.931503295898438e+02, 2.931502075195312e+02, 2.93150146484375e+02, 2.931500854492188e+02, 2.931500244140625e+02, 2.9314990234375e+02, 2.931499328613281e+02, 2.931499938964844e+02, 2.931500549316406e+02, 2.931502380371094e+02, 2.931499633789062e+02, 2.931500854492188e+02, 2.931499938964844e+02, 2.931498718261719e+02, 2.931502075195312e+02, 2.931499938964844e+02, 2.931499938964844e+02, 2.931499938964844e+02, 2.931517333984375e+02, 2.931542053222656e+02, 2.931506652832031e+02, 2.93150146484375e+02, 2.931507568359375e+02, 2.931519165039062e+02, 2.931614990234375e+02, 2.931737060546875e+02, 2.931497192382812e+02, 2.931499938964844e+02, 2.931497497558594e+02, 2.931495971679688e+02, 2.931498413085938e+02, 2.931498718261719e+02, 2.931499938964844e+02, 2.931498413085938e+02, 2.931500244140625e+02, 2.931500854492188e+02, 2.931499633789062e+02, 2.931497802734375e+02, 2.931516418457031e+02, 2.931782836914062e+02, 2.937514038085938e+02, 2.939731140136719e+02, 2.941769714355469e+02, 2.943250122070312e+02, 2.945552978515625e+02, 2.945708923339844e+02, 2.942440490722656e+02, 2.931494445800781e+02, 2.931475524902344e+02, 2.9314892578125e+02, 2.931502990722656e+02, 2.931500854492188e+02, 2.9314990234375e+02]
flo.TAirWes=[2.751499938964844e+02, 2.931556701660156e+02, 2.931505432128906e+02, 2.931514587402344e+02, 2.931529541015625e+02, 2.931499633789062e+02, 2.93150634765625e+02, 2.931527404785156e+02, 2.9315087890625e+02, 2.931495361328125e+02, 2.931483764648438e+02, 2.93149169921875e+02, 2.931515502929688e+02, 2.931498107910156e+02, 2.931495971679688e+02, 2.931498107910156e+02, 2.931481323242188e+02, 2.931488342285156e+02, 2.931473388671875e+02, 2.931500244140625e+02, 2.9314990234375e+02, 2.931488952636719e+02, 2.931492614746094e+02, 2.931486511230469e+02, 2.931519775390625e+02, 2.931498718261719e+02, 2.931496887207031e+02, 2.9315234375e+02, 2.931506042480469e+02, 2.931502380371094e+02, 2.93147216796875e+02, 2.931605834960938e+02, 2.931544494628906e+02, 2.931496887207031e+02, 2.931496887207031e+02, 2.931498718261719e+02, 2.9314990234375e+02, 2.931495971679688e+02, 2.931498718261719e+02, 2.931500854492188e+02, 2.931498718261719e+02, 2.931494750976562e+02, 2.931498107910156e+02, 2.931499633789062e+02, 2.931499328613281e+02, 2.931499938964844e+02, 2.931496887207031e+02, 2.931520080566406e+02, 2.931505432128906e+02, 2.93148193359375e+02, 2.931508483886719e+02, 2.931569213867188e+02, 2.931561279296875e+02, 2.931430053710938e+02, 2.931499633789062e+02, 2.931496887207031e+02, 2.93150146484375e+02, 2.931503601074219e+02, 2.931499633789062e+02, 2.931433410644531e+02, 2.931492919921875e+02, 2.931473388671875e+02, 2.931521301269531e+02, 2.931474304199219e+02, 2.931504211425781e+02, 2.931486206054688e+02, 2.931480102539062e+02, 2.93153564453125e+02, 2.931520080566406e+02, 2.931531066894531e+02, 2.931506652832031e+02, 2.931537780761719e+02, 2.931557006835938e+02, 2.931492004394531e+02, 2.931485900878906e+02, 2.931497497558594e+02, 2.931493530273438e+02, 2.931518249511719e+02, 2.931480712890625e+02, 2.931523132324219e+02, 2.931478881835938e+02, 2.931526184082031e+02, 2.931508483886719e+02, 2.931501159667969e+02, 2.931488037109375e+02, 2.931497802734375e+02, 2.93151611328125e+02, 2.931538391113281e+02, 2.931554870605469e+02, 2.936319274902344e+02, 2.940501708984375e+02, 2.943126525878906e+02, 2.947223510742188e+02, 2.947521362304688e+02, 2.941972045898438e+02, 2.931494750976562e+02, 2.931476745605469e+02, 2.931489868164062e+02, 2.931451110839844e+02, 2.931506042480469e+02, 2.931492309570312e+02]
hea[1].conPID.y=[1e+00, 2.16315433382988e-01, 2.073034793138504e-01, 2.336820065975189e-01, 2.552097737789154e-01, 2.732316851615906e-01, 2.691628932952881e-01, 3.396988613530993e-03, 0e+00, 0e+00, 0e+00, 0e+00, 0e+00, 0e+00, 3.350431472063065e-02, 1.929580867290497e-01, 2.848825752735138e-01, 3.210937082767487e-01, 3.468509018421173e-01, 3.68185430765152e-01, 3.991215527057648e-01, 4.326707422733307e-01, 4.510113298892975e-01, 4.699702262878418e-01, 4.851721227169037e-01, 5.0545334815979e-01, 4.989942610263824e-01, 2.828738689422607e-01, 1.133805960416794e-01, 1.07829263433814e-02, 0e+00, 0e+00, 2.656260505318642e-02, 1.303094029426575e-01, 2.922649681568146e-01, 3.565405905246735e-01, 3.890107572078705e-01, 4.015587270259857e-01, 4.203846156597137e-01, 4.276061058044434e-01, 4.420437216758728e-01, 4.611621201038361e-01, 4.734525978565216e-01, 4.829824268817902e-01, 4.945162534713745e-01, 5.046907663345337e-01, 5.12721061706543e-01, 3.312611877918243e-01, 2.003236562013626e-01, 1.11311174929142e-01, 6.925214827060699e-02, 9.828044474124908e-02, 2.550651133060455e-01, 2.565803527832031e-01, 2.824026644229889e-01, 3.443125486373901e-01, 3.300420939922333e-01, 3.787031471729279e-01, 4.467847347259521e-01, 5.094245672225952e-01, 4.226264655590057e-01, 4.786011576652527e-01, 5.136733651161194e-01, 4.669614136219025e-01, 5.243502855300903e-01, 4.969507157802582e-01, 4.548081457614899e-01, 2.588757872581482e-01, 1.182553246617317e-01, 8.654684573411942e-02, 0e+00, 0e+00, 0e+00, 0e+00, 1.502180378884077e-02, 1.370086222887039e-01, 1.418824642896652e-01, 1.533259004354477e-01, 1.679173856973648e-01, 1.873245239257812e-01, 2.083011120557785e-01, 2.213182747364044e-01, 2.256858497858047e-01, 2.260349690914154e-01, 2.291743904352188e-01, 2.44873508810997e-01, 2.367294281721115e-01, 0e+00, 0e+00, 0e+00, 0e+00, 0e+00, 0e+00, 0e+00, 0e+00, 0e+00, 4.656278714537621e-02, 8.962799608707428e-02, 1.047630533576012e-01, 1.240743398666382e-01, 1.485857218503952e-01]
hea[2].conPID.y=[1e+00, 2.720831334590912e-01, 2.598918676376343e-01, 2.844862341880798e-01, 3.040015697479248e-01, 3.198343813419342e-01, 3.140085637569427e-01, 4.493321850895882e-02, 0e+00, 0e+00, 2.52082459628582e-02, 5.111470073461533e-02, 5.395600572228432e-02, 6.769748032093048e-02, 1.07749916613102e-01, 2.575744688510895e-01, 3.434960544109344e-01, 3.75724732875824e-01, 3.978500068187714e-01, 4.157255589962006e-01, 4.433887302875519e-01, 4.739373326301575e-01, 4.900809228420258e-01, 5.06977915763855e-01, 5.205029249191284e-01, 5.389659404754639e-01, 5.307279825210571e-01, 3.036486208438873e-01, 2.411118000745773e-01, 2.811256051063538e-01, 3.315883278846741e-01, 3.691428899765015e-01, 3.719207048416138e-01, 3.907211124897003e-01, 4.352364540100098e-01, 4.766777157783508e-01, 4.994313418865204e-01, 5.05964994430542e-01, 5.188127756118774e-01, 5.203830599784851e-01, 5.291686654090881e-01, 5.441278219223022e-01, 5.500208139419556e-01, 5.553506016731262e-01, 5.648443698883057e-01, 5.716879367828369e-01, 5.762183666229248e-01, 3.755310475826263e-01, 3.285868167877197e-01, 3.628910481929779e-01, 4.083945751190186e-01, 4.011863768100739e-01, 3.98084968328476e-01, 4.017332792282104e-01, 4.258278906345367e-01, 4.420790374279022e-01, 4.426203668117523e-01, 4.375837743282318e-01, 4.363527894020081e-01, 4.352326989173889e-01, 4.391390085220337e-01, 4.293287396430969e-01, 4.283615052700043e-01, 4.254707396030426e-01, 4.259944260120392e-01, 4.229195117950439e-01, 3.974855244159698e-01, 1.70139342546463e-01, 7.785143703222275e-02, 6.185375154018402e-02, 3.521596640348434e-02, 1.114462036639452e-02, 0e+00, 0e+00, 3.620107099413872e-02, 1.667019128799438e-01, 2.219121009111404e-01, 2.311303466558456e-01, 2.413533180952072e-01, 2.568082809448242e-01, 2.722904086112976e-01, 2.804407477378845e-01, 2.812743484973907e-01, 2.782670557498932e-01, 2.783170938491821e-01, 2.905376553535461e-01, 2.792029082775116e-01, 0e+00, 0e+00, 0e+00, 0e+00, 0e+00, 0e+00, 0e+00, 0e+00, 4.561879113316536e-02, 1.491963118314743e-01, 1.84091791510582e-01, 1.961977779865265e-01, 2.134273052215576e-01, 2.364702969789505e-01]
hea[3].conPID.y=[1e+00, 2.529741823673248e-01, 2.394286543130875e-01, 2.618369162082672e-01, 2.800142168998718e-01, 2.942064106464386e-01, 3.83675754070282e-01, 1.545948833227158e-01, 1.646688431501389e-01, 9.010723233222961e-02, 1.902323216199875e-02, 3.990650177001953e-02, 4.103066399693489e-02, 5.187768861651421e-02, 9.074853360652924e-02, 2.447724938392639e-01, 4.867895841598511e-01, 3.598180711269379e-01, 3.796947002410889e-01, 5.045779347419739e-01, 5.837445259094238e-01, 5.132514834403992e-01, 4.639853239059448e-01, 4.791496694087982e-01, 4.906945526599884e-01, 5.07020890712738e-01, 4.970710873603821e-01, 5.093854069709778e-01, 6.136930584907532e-01, 6.230422854423523e-01, 3.972102105617523e-01, 4.538490176200867e-01, 5.047147870063782e-01, 4.933376312255859e-01, 6.070202589035034e-01, 4.768832623958588e-01, 5.816096663475037e-01, 4.972472190856934e-01, 5.067470669746399e-01, 5.057229995727539e-01, 5.118640065193176e-01, 5.251922607421875e-01, 5.273983478546143e-01, 5.307181477546692e-01, 5.396702885627747e-01, 5.44841468334198e-01, 5.477941632270813e-01, 5.144966840744019e-01, 4.715001285076141e-01, 4.50882613658905e-01, 4.418168962001801e-01, 4.351702034473419e-01, 4.303877055644989e-01, 4.250923693180084e-01, 4.391404390335083e-01, 4.479188024997711e-01, 4.443528056144714e-01, 4.365858733654022e-01, 4.328770041465759e-01, 4.29312527179718e-01, 4.309645593166351e-01, 4.188527762889862e-01, 4.160794019699097e-01, 4.117258191108704e-01, 4.106884598731995e-01, 4.06224399805069e-01, 3.795301616191864e-01, 1.997251808643341e-01, 1.216901168227196e-01, 8.249702304601669e-02, 3.19555439054966e-02, 7.505329325795174e-03, 0e+00, 0e+00, 2.291020005941391e-02, 1.590012758970261e-01, 2.143496423959732e-01, 2.230667769908905e-01, 2.320355921983719e-01, 2.465112805366516e-01, 2.610251009464264e-01, 2.678044736385345e-01, 2.676397860050201e-01, 2.936736047267914e-01, 3.335976302623749e-01, 2.911501228809357e-01, 2.694770097732544e-01, 6.696268171072006e-02, 0e+00, 0e+00, 0e+00, 0e+00, 0e+00, 0e+00, 0e+00, 4.530803859233856e-02, 1.53951495885849e-01, 1.875286102294922e-01, 1.976113617420197e-01, 2.131605446338654e-01, 2.340984493494034e-01]
hea[4].conPID.y=[1e+00, 4.675813615322113e-01, 3.994912803173065e-01, 3.693075180053711e-01, 3.142892718315125e-01, 3.190987706184387e-01, 3.135319650173187e-01, 1.494089066982269e-01, 6.667068600654602e-02, 3.886318951845169e-02, 1.201283857226372e-01, 6.755281984806061e-02, 4.967975243926048e-02, 4.547989368438721e-02, 1.131688505411148e-01, 2.692872583866119e-01, 3.554936349391937e-01, 3.861374855041504e-01, 4.135517776012421e-01, 4.240092635154724e-01, 4.511182904243469e-01, 4.804226756095886e-01, 4.955961406230927e-01, 5.1411372423172e-01, 5.301243662834167e-01, 5.42726457118988e-01, 5.337620973587036e-01, 4.634277820587158e-01, 4.072217047214508e-01, 3.769165277481079e-01, 4.628144204616547e-01, 4.166076481342316e-01, 2.730701565742493e-01, 2.5019571185112e-01, 4.105396866798401e-01, 4.736230969429016e-01, 4.963778555393219e-01, 5.002744197845459e-01, 5.116430521011353e-01, 5.12540340423584e-01, 5.211621522903442e-01, 5.36110520362854e-01, 5.421668291091919e-01, 5.476881265640259e-01, 5.573719143867493e-01, 5.644176006317139e-01, 5.692721009254456e-01, 5.305293202400208e-01, 4.787150323390961e-01, 5.47896683216095e-01, 4.578548967838287e-01, 4.585597217082977e-01, 3.629498183727264e-01, 3.250190317630768e-01, 3.942684531211853e-01, 5.197151303291321e-01, 4.366579353809357e-01, 4.300872385501862e-01, 4.282152950763702e-01, 5.11821985244751e-01, 5.542986989021301e-01, 4.830441176891327e-01, 5.266202688217163e-01, 5.374945998191833e-01, 4.199969172477722e-01, 4.911975562572479e-01, 4.566168487071991e-01, 3.769387006759644e-01, 2.704370617866516e-01, 9.781429171562195e-02, 1.494387090206146e-01, 1.108008325099945e-01, 6.52872622013092e-02, 1.606701873242855e-02, 1.200315728783607e-01, 1.623960137367249e-01, 3.313063979148865e-01, 3.270688951015472e-01, 3.217217326164246e-01, 3.031522333621979e-01, 4.343626499176025e-01, 4.419699609279633e-01, 3.460456132888794e-01, 2.715227901935577e-01, 2.860856652259827e-01, 2.84582644701004e-01, 2.737914323806763e-01, 8.806230872869492e-02, 0e+00, 0e+00, 0e+00, 0e+00, 0e+00, 0e+00, 0e+00, 4.065696150064468e-02, 1.438671052455902e-01, 1.768926233053207e-01, 2.539474368095398e-01, 2.984126210212708e-01, 3.471727967262268e-01]
hea[5].conPID.y=[1e+00, 0e+00, 0e+00, 0e+00, 0e+00, 0e+00, 0e+00, 0e+00, 0e+00, 0e+00, 0e+00, 0e+00, 0e+00, 0e+00, 0e+00, 0e+00, 0e+00, 0e+00, 0e+00, 0e+00, 0e+00, 7.553615607321262e-03, 1.589418761432171e-02, 2.281824313104153e-02, 2.924715913832188e-02, 3.529645502567291e-02, 2.252102084457874e-02, 0e+00, 0e+00, 0e+00, 0e+00, 0e+00, 3.068989841267467e-03, 0e+00, 9.684765711426735e-03, 3.834043443202972e-02, 4.455801099538803e-02, 4.665887728333473e-02, 4.830266907811165e-02, 4.997991025447845e-02, 5.179492756724358e-02, 5.436008423566818e-02, 5.673833191394806e-02, 5.911890417337418e-02, 6.15542009472847e-02, 6.412530690431595e-02, 6.690326333045959e-02, 5.145419389009476e-02, 4.640167206525803e-02, 4.911837354302406e-02, 5.076952651143074e-02, 5.061613395810127e-02, 4.716529697179794e-02, 3.892131149768829e-02, 4.579005017876625e-02, 5.63698373734951e-02, 5.774262920022011e-02, 5.695874616503716e-02, 5.605703592300415e-02, 5.551157519221306e-02, 5.522125959396362e-02, 4.463281109929085e-02, 4.417861998081207e-02, 4.395843669772148e-02, 4.393404349684715e-02, 4.085317626595497e-02, 2.100201696157455e-02, 0e+00, 0e+00, 0e+00, 0e+00, 0e+00, 0e+00, 0e+00, 0e+00, 0e+00, 0e+00, 0e+00, 0e+00, 0e+00, 0e+00, 0e+00, 0e+00, 0e+00, 2.380274934694171e-03, 1.844970975071192e-03, 0e+00, 0e+00, 0e+00, 0e+00, 0e+00, 0e+00, 0e+00, 0e+00, 0e+00, 0e+00, 0e+00, 0e+00, 0e+00, 0e+00, 0e+00]
flo.sou.heaPorAir.Q_flow=[7.9415e+03, 1.717869018554688e+03, 1.646300537109375e+03, 1.85578564453125e+03, 2.026748413085938e+03, 2.169869384765625e+03, 2.13755712890625e+03, 2.69771842956543e+01, 0e+00, 0e+00, 0e+00, 0e+00, 0e+00, 0e+00, 2.660744934082031e+02, 1.532376586914062e+03, 2.26239501953125e+03, 2.549965576171875e+03, 2.754516357421875e+03, 2.923944580078125e+03, 3.169623779296875e+03, 3.4360546875e+03, 3.581706298828125e+03, 3.7322685546875e+03, 3.852994384765625e+03, 4.014057861328125e+03, 3.962762939453125e+03, 2.24644287109375e+03, 9.004119873046875e+02, 8.563261413574219e+01, 0e+00, 0e+00, 2.109469299316406e+02, 1.034852172851562e+03, 2.3210224609375e+03, 2.83146728515625e+03, 3.089328857421875e+03, 3.188978759765625e+03, 3.338484375e+03, 3.395833984375e+03, 3.510490234375e+03, 3.66231884765625e+03, 3.759923828125e+03, 3.835604736328125e+03, 3.927200927734375e+03, 4.008001708984375e+03, 4.0717744140625e+03, 2.630710693359375e+03, 1.590870361328125e+03, 8.839776611328125e+02, 5.499659423828125e+02, 7.80494140625e+02, 2.025599731445312e+03, 2.0376328125e+03, 2.24270068359375e+03, 2.734358154296875e+03, 2.621029296875e+03, 3.007470947265625e+03, 3.54814111328125e+03, 4.045595458984375e+03, 3.3562880859375e+03, 3.80081103515625e+03, 4.079337158203125e+03, 3.708374267578125e+03, 4.1641279296875e+03, 3.9465341796875e+03, 3.61185888671875e+03, 2.055862060546875e+03, 9.391246337890625e+02, 6.87311767578125e+02, 0e+00, 0e+00, 0e+00, 0e+00, 1.19295654296875e+02, 1.088053955078125e+03, 1.126759521484375e+03, 1.217637573242188e+03, 1.333515869140625e+03, 1.4876376953125e+03, 1.654223266601562e+03, 1.75759912109375e+03, 1.7922841796875e+03, 1.795056762695312e+03, 1.819988403320312e+03, 1.944662963867188e+03, 1.879986694335938e+03, 0e+00, 0e+00, 0e+00, 0e+00, 0e+00, 0e+00, 0e+00, 0e+00, 0e+00, 3.697783508300781e+02, 7.1178076171875e+02, 8.319757690429688e+02, 9.853363647460938e+02, 1.179993408203125e+03]
flo.eas.heaPorAir.Q_flow=[4.711e+03, 1.28178369140625e+03, 1.2243505859375e+03, 1.340214721679688e+03, 1.432151489257812e+03, 1.506739868164062e+03, 1.47929443359375e+03, 2.116803894042969e+02, 0e+00, 0e+00, 1.187560424804688e+02, 2.408013458251953e+02, 2.541867370605469e+02, 3.189228210449219e+02, 5.076098327636719e+02, 1.213433349609375e+03, 1.6182099609375e+03, 1.770039184570312e+03, 1.874271362304688e+03, 1.958483154296875e+03, 2.08880419921875e+03, 2.23271875e+03, 2.308771240234375e+03, 2.388373046875e+03, 2.45208935546875e+03, 2.539068359375e+03, 2.500259521484375e+03, 1.430488647460938e+03, 1.135877685546875e+03, 1.324382690429688e+03, 1.562112548828125e+03, 1.739032104492188e+03, 1.752118408203125e+03, 1.840687133789062e+03, 2.05039892578125e+03, 2.245628662109375e+03, 2.352821044921875e+03, 2.38360107421875e+03, 2.444126953125e+03, 2.451524658203125e+03, 2.49291357421875e+03, 2.56338623046875e+03, 2.59114794921875e+03, 2.616256591796875e+03, 2.66098193359375e+03, 2.6932216796875e+03, 2.714564697265625e+03, 1.769126708984375e+03, 1.547972534179688e+03, 1.709579711914062e+03, 1.923946899414062e+03, 1.889989013671875e+03, 1.875378173828125e+03, 1.8925654296875e+03, 2.0060751953125e+03, 2.08263427734375e+03, 2.0851845703125e+03, 2.061457275390625e+03, 2.055657958984375e+03, 2.05038134765625e+03, 2.068783935546875e+03, 2.022567749023438e+03, 2.018011108398438e+03, 2.004392700195312e+03, 2.00685986328125e+03, 1.992373779296875e+03, 1.872554321289062e+03, 8.015264892578125e+02, 3.667581176757812e+02, 2.913930053710938e+02, 1.659024200439453e+02, 5.250230407714844e+01, 0e+00, 0e+00, 1.705432434082031e+02, 7.853327026367188e+02, 1.045427978515625e+03, 1.088855102539062e+03, 1.137015502929688e+03, 1.209823852539062e+03, 1.282760131835938e+03, 1.321156372070312e+03, 1.325083374023438e+03, 1.310916015625e+03, 1.31115185546875e+03, 1.368722900390625e+03, 1.315324951171875e+03, 0e+00, 0e+00, 0e+00, 0e+00, 0e+00, 0e+00, 0e+00, 0e+00, 2.149101257324219e+02, 7.028638305664062e+02, 8.672564086914062e+02, 9.242877197265625e+02, 1.005455993652344e+03, 1.114011596679688e+03]
flo.nor.heaPorAir.Q_flow=[7.9415e+03, 2.008994506835938e+03, 1.901422729492188e+03, 2.079377685546875e+03, 2.22373291015625e+03, 2.336440185546875e+03, 3.0469609375e+03, 1.22771533203125e+03, 1.307717651367188e+03, 7.155865478515625e+02, 1.51072998046875e+02, 3.1691748046875e+02, 3.258450317382812e+02, 4.119866638183594e+02, 7.20679443359375e+02, 1.943860717773438e+03, 3.86583935546875e+03, 2.8574951171875e+03, 3.015345458984375e+03, 4.00710546875e+03, 4.63580712890625e+03, 4.07598681640625e+03, 3.684739501953125e+03, 3.8051669921875e+03, 3.896850830078125e+03, 4.026506591796875e+03, 3.947489990234375e+03, 4.0452841796875e+03, 4.8736435546875e+03, 4.947890625e+03, 3.154445068359375e+03, 3.604241943359375e+03, 4.0081923828125e+03, 3.9178408203125e+03, 4.8206513671875e+03, 3.78716845703125e+03, 4.618853515625e+03, 3.948888916015625e+03, 4.024331787109375e+03, 4.01619921875e+03, 4.064968017578125e+03, 4.17081396484375e+03, 4.188333984375e+03, 4.2146982421875e+03, 4.28579150390625e+03, 4.3268583984375e+03, 4.3503076171875e+03, 4.085875732421875e+03, 3.74441845703125e+03, 3.580684326171875e+03, 3.50868896484375e+03, 3.455904296875e+03, 3.417923828125e+03, 3.37587109375e+03, 3.487433837890625e+03, 3.557147216796875e+03, 3.528827880859375e+03, 3.467146728515625e+03, 3.437692626953125e+03, 3.40938525390625e+03, 3.422505126953125e+03, 3.3263193359375e+03, 3.30429443359375e+03, 3.269720458984375e+03, 3.261482421875e+03, 3.22603125e+03, 3.01403857421875e+03, 1.586117431640625e+03, 9.664020385742188e+02, 6.551500854492188e+02, 2.537749481201172e+02, 5.960357284545898e+01, 0e+00, 0e+00, 1.819413604736328e+02, 1.262708618164062e+03, 1.702257690429688e+03, 1.771484741210938e+03, 1.842710571289062e+03, 1.957669311523438e+03, 2.0729306640625e+03, 2.126769287109375e+03, 2.12546142578125e+03, 2.332208984375e+03, 2.649265625e+03, 2.312168701171875e+03, 2.140051513671875e+03, 5.317841186523438e+02, 0e+00, 0e+00, 0e+00, 0e+00, 0e+00, 0e+00, 0e+00, 3.598137817382812e+02, 1.222605834960938e+03, 1.489258422851562e+03, 1.569330688476562e+03, 1.692814453125e+03, 1.8590927734375e+03]
flo.wes.heaPorAir.Q_flow=[4.711e+03, 2.20277587890625e+03, 1.88200341796875e+03, 1.739807739257812e+03, 1.480616821289062e+03, 1.503274291992188e+03, 1.477049072265625e+03, 7.038653564453125e+02, 3.140855712890625e+02, 1.830844879150391e+02, 5.659248046875e+02, 3.182413330078125e+02, 2.340413208007812e+02, 2.142557830810547e+02, 5.33138427734375e+02, 1.268612182617188e+03, 1.674730590820312e+03, 1.81909375e+03, 1.948242431640625e+03, 1.997507568359375e+03, 2.12521826171875e+03, 2.263271240234375e+03, 2.33475341796875e+03, 2.42198974609375e+03, 2.497415771484375e+03, 2.556784423828125e+03, 2.51455322265625e+03, 2.183208251953125e+03, 1.918421508789062e+03, 1.77565380859375e+03, 2.18031884765625e+03, 1.962638671875e+03, 1.286433471679688e+03, 1.178671997070312e+03, 1.934052368164062e+03, 2.231238525390625e+03, 2.33843603515625e+03, 2.356792724609375e+03, 2.4103505859375e+03, 2.414577392578125e+03, 2.455195068359375e+03, 2.525616455078125e+03, 2.55414794921875e+03, 2.58015869140625e+03, 2.625779052734375e+03, 2.65897119140625e+03, 2.6818408203125e+03, 2.499323486328125e+03, 2.2552265625e+03, 2.581141357421875e+03, 2.156954345703125e+03, 2.16027490234375e+03, 1.709856567382812e+03, 1.531164672851562e+03, 1.857398681640625e+03, 2.448378173828125e+03, 2.057095458984375e+03, 2.026140991210938e+03, 2.017322265625e+03, 2.411193359375e+03, 2.61130126953125e+03, 2.275620849609375e+03, 2.480907958984375e+03, 2.53213720703125e+03, 1.97860546875e+03, 2.31403173828125e+03, 2.151121826171875e+03, 1.775758178710938e+03, 1.274029052734375e+03, 4.608031311035156e+02, 7.040057373046875e+02, 5.219827270507812e+02, 3.075682983398438e+02, 7.569172668457031e+01, 5.6546875e+02, 7.65047607421875e+02, 1.560784423828125e+03, 1.540821533203125e+03, 1.515631103515625e+03, 1.428150268554688e+03, 2.046282470703125e+03, 2.08212060546875e+03, 1.630220947265625e+03, 1.279143920898438e+03, 1.34774951171875e+03, 1.340668823242188e+03, 1.289831420898438e+03, 4.148615417480469e+02, 0e+00, 0e+00, 0e+00, 0e+00, 0e+00, 0e+00, 0e+00, 1.915349578857422e+02, 6.777579345703125e+02, 8.333411254882812e+02, 1.196346435546875e+03, 1.405821899414062e+03, 1.635531005859375e+03]
flo.cor.heaPorAir.Q_flow=[1.0476017578125e+04, 0e+00, 0e+00, 0e+00, 0e+00, 0e+00, 0e+00, 0e+00, 0e+00, 0e+00, 0e+00, 0e+00, 0e+00, 0e+00, 0e+00, 0e+00, 0e+00, 0e+00, 0e+00, 0e+00, 0e+00, 7.913181304931641e+01, 1.665077819824219e+02, 2.390443420410156e+02, 3.063937683105469e+02, 3.697663269042969e+02, 2.359306182861328e+02, 0e+00, 0e+00, 0e+00, 0e+00, 0e+00, 3.215079498291016e+01, 0e+00, 1.014577789306641e+02, 4.016550903320312e+02, 4.6679052734375e+02, 4.887992248535156e+02, 5.060196228027344e+02, 5.235904541015625e+02, 5.426046142578125e+02, 5.694772338867188e+02, 5.943917846679688e+02, 6.193306884765625e+02, 6.448429565429688e+02, 6.717778930664062e+02, 7.008798217773438e+02, 5.390350341796875e+02, 4.861047668457031e+02, 5.145650024414062e+02, 5.318624877929688e+02, 5.302554931640625e+02, 4.941045227050781e+02, 4.077403564453125e+02, 4.796973876953125e+02, 5.905314331054688e+02, 6.04912841796875e+02, 5.967008666992188e+02, 5.872545166015625e+02, 5.81540283203125e+02, 5.784989013671875e+02, 4.675741271972656e+02, 4.628160095214844e+02, 4.605093994140625e+02, 4.602538146972656e+02, 4.279786071777344e+02, 2.200175170898438e+02, 0e+00, 0e+00, 0e+00, 0e+00, 0e+00, 0e+00, 0e+00, 0e+00, 0e+00, 0e+00, 0e+00, 0e+00, 0e+00, 0e+00, 0e+00, 0e+00, 0e+00, 2.493580436706543e+01, 1.932794952392578e+01, 0e+00, 0e+00, 0e+00, 0e+00, 0e+00, 0e+00, 0e+00, 0e+00, 0e+00, 0e+00, 0e+00, 0e+00, 0e+00, 0e+00, 0e+00]
EHea.y=[0e+00, 6.803436e+07, 9.7316456e+07, 1.26752872e+08, 1.57678e+08, 1.89288784e+08, 2.23470496e+08, 2.48111728e+08, 2.57673488e+08, 2.62776784e+08, 2.65872112e+08, 2.72195584e+08, 2.76291936e+08, 2.79975264e+08, 2.8591568e+08, 3.0702656e+08, 3.4253504e+08, 3.82378944e+08, 4.22674016e+08, 4.66972928e+08, 5.16741408e+08, 5.69543232e+08, 6.21873536e+08, 6.75047296e+08, 7.30826944e+08, 7.88066368e+08, 8.44522688e+08, 8.94706752e+08, 9.35843648e+08, 9.72182208e+08, 1.005345792e+09, 1.037232192e+09, 1.06922784e+09, 1.101093376e+09, 1.14211072e+09, 1.1935232e+09, 1.247509632e+09, 1.300731776e+09, 1.3549696e+09, 1.41026752e+09, 1.466085376e+09, 1.52357184e+09, 1.58224064e+09, 1.641757184e+09, 1.702186752e+09, 1.763832064e+09, 1.826218112e+09, 1.883260544e+09, 1.928432384e+09, 1.968754176e+09, 2.007893504e+09, 2.04506752e+09, 2.085412096e+09, 2.125779712e+09, 2.166643968e+09, 2.21291648e+09, 2.260692992e+09, 2.308692992e+09, 2.357275904e+09, 2.40910208e+09, 2.4630528e+09, 2.51372416e+09, 2.567065856e+09, 2.619055104e+09, 2.670642688e+09, 2.721830656e+09, 2.771180544e+09, 2.811950336e+09, 2.833870592e+09, 2.845330432e+09, 2.85195136e+09, 2.858577408e+09, 2.860960256e+09, 2.86129664e+09, 2.863362816e+09, 2.877920512e+09, 2.90023936e+09, 2.92409088e+09, 2.948434432e+09, 2.974578944e+09, 3.002880512e+09, 3.034322688e+09, 3.064610816e+09, 3.09377664e+09, 3.123379968e+09, 3.154099712e+09, 3.184054528e+09, 3.203694336e+09, 3.205184e+09, 3.205184e+09, 3.205184e+09, 3.205184e+09, 3.205184e+09, 3.205184e+09, 3.205184e+09, 3.206084864e+09, 3.2157312e+09, 3.230316544e+09, 3.248499712e+09, 3.269302016e+09, 3.292912128e+09]
ECoo.y=[0e+00, 0e+00, 0e+00, 0e+00, 0e+00, 0e+00, 0e+00, 0e+00, 0e+00, 0e+00, 0e+00, 0e+00, 0e+00, 0e+00, 0e+00, 0e+00, 0e+00, 0e+00, 0e+00, 0e+00, 0e+00, 0e+00, 0e+00, 0e+00, 0e+00, 0e+00, 0e+00, 0e+00, 0e+00, 0e+00, 0e+00, 0e+00, 0e+00, 0e+00, 0e+00, 0e+00, 0e+00, 0e+00, 0e+00, 0e+00, 0e+00, 0e+00, 0e+00, 0e+00, 0e+00, 0e+00, 0e+00, 0e+00, 0e+00, 0e+00, 0e+00, 0e+00, 0e+00, 0e+00, 0e+00, 0e+00, 0e+00, 0e+00, 0e+00, 0e+00, 0e+00, 0e+00, 0e+00, 0e+00, 0e+00, 0e+00, 0e+00, 0e+00, 0e+00, 0e+00, 0e+00, 0e+00, 0e+00, 0e+00, 0e+00, 0e+00, 0e+00, 0e+00, 0e+00, 0e+00, 0e+00, 0e+00, 0e+00, 0e+00, 0e+00, 0e+00, 0e+00, 0e+00, 0e+00, 0e+00, 0e+00, 0e+00, 0e+00, 0e+00, 0e+00, 0e+00, 0e+00, 0e+00, 0e+00, 0e+00, 0e+00]
coo[1].conPID.y=[0e+00, 0e+00, 0e+00, 0e+00, 0e+00, 0e+00, 0e+00, 0e+00, 0e+00, 0e+00, 0e+00, 0e+00, 0e+00, 0e+00, 0e+00, 0e+00, 0e+00, 0e+00, 0e+00, 0e+00, 0e+00, 0e+00, 0e+00, 0e+00, 0e+00, 0e+00, 0e+00, 0e+00, 0e+00, 0e+00, 0e+00, 0e+00, 0e+00, 0e+00, 0e+00, 0e+00, 0e+00, 0e+00, 0e+00, 0e+00, 0e+00, 0e+00, 0e+00, 0e+00, 0e+00, 0e+00, 0e+00, 0e+00, 0e+00, 0e+00, 0e+00, 0e+00, 0e+00, 0e+00, 0e+00, 0e+00, 0e+00, 0e+00, 0e+00, 0e+00, 0e+00, 0e+00, 0e+00, 0e+00, 0e+00, 0e+00, 0e+00, 0e+00, 0e+00, 0e+00, 0e+00, 0e+00, 0e+00, 0e+00, 0e+00, 0e+00, 0e+00, 0e+00, 0e+00, 0e+00, 0e+00, 0e+00, 0e+00, 0e+00, 0e+00, 0e+00, 0e+00, 0e+00, 0e+00, 0e+00, 0e+00, 0e+00, 0e+00, 0e+00, 0e+00, 0e+00, 0e+00, 0e+00, 0e+00, 0e+00, 0e+00]
coo[2].conPID.y=[0e+00, 0e+00, 0e+00, 0e+00, 0e+00, 0e+00, 0e+00, 0e+00, 0e+00, 0e+00, 0e+00, 0e+00, 0e+00, 0e+00, 0e+00, 0e+00, 0e+00, 0e+00, 0e+00, 0e+00, 0e+00, 0e+00, 0e+00, 0e+00, 0e+00, 0e+00, 0e+00, 0e+00, 0e+00, 0e+00, 0e+00, 0e+00, 0e+00, 0e+00, 0e+00, 0e+00, 0e+00, 0e+00, 0e+00, 0e+00, 0e+00, 0e+00, 0e+00, 0e+00, 0e+00, 0e+00, 0e+00, 0e+00, 0e+00, 0e+00, 0e+00, 0e+00, 0e+00, 0e+00, 0e+00, 0e+00, 0e+00, 0e+00, 0e+00, 0e+00, 0e+00, 0e+00, 0e+00, 0e+00, 0e+00, 0e+00, 0e+00, 0e+00, 0e+00, 0e+00, 0e+00, 0e+00, 0e+00, 0e+00, 0e+00, 0e+00, 0e+00, 0e+00, 0e+00, 0e+00, 0e+00, 0e+00, 0e+00, 0e+00, 0e+00, 0e+00, 0e+00, 0e+00, 0e+00, 0e+00, 0e+00, 0e+00, 0e+00, 0e+00, 0e+00, 0e+00, 0e+00, 0e+00, 0e+00, 0e+00, 0e+00]
coo[3].conPID.y=[0e+00, 0e+00, 0e+00, 0e+00, 0e+00, 0e+00, 0e+00, 0e+00, 0e+00, 0e+00, 0e+00, 0e+00, 0e+00, 0e+00, 0e+00, 0e+00, 0e+00, 0e+00, 0e+00, 0e+00, 0e+00, 0e+00, 0e+00, 0e+00, 0e+00, 0e+00, 0e+00, 0e+00, 0e+00, 0e+00, 0e+00, 0e+00, 0e+00, 0e+00, 0e+00, 0e+00, 0e+00, 0e+00, 0e+00, 0e+00, 0e+00, 0e+00, 0e+00, 0e+00, 0e+00, 0e+00, 0e+00, 0e+00, 0e+00, 0e+00, 0e+00, 0e+00, 0e+00, 0e+00, 0e+00, 0e+00, 0e+00, 0e+00, 0e+00, 0e+00, 0e+00, 0e+00, 0e+00, 0e+00, 0e+00, 0e+00, 0e+00, 0e+00, 0e+00, 0e+00, 0e+00, 0e+00, 0e+00, 0e+00, 0e+00, 0e+00, 0e+00, 0e+00, 0e+00, 0e+00, 0e+00, 0e+00, 0e+00, 0e+00, 0e+00, 0e+00, 0e+00, 0e+00, 0e+00, 0e+00, 0e+00, 0e+00, 0e+00, 0e+00, 0e+00, 0e+00, 0e+00, 0e+00, 0e+00, 0e+00, 0e+00]
coo[4].conPID.y=[0e+00, 0e+00, 0e+00, 0e+00, 0e+00, 0e+00, 0e+00, 0e+00, 0e+00, 0e+00, 0e+00, 0e+00, 0e+00, 0e+00, 0e+00, 0e+00, 0e+00, 0e+00, 0e+00, 0e+00, 0e+00, 0e+00, 0e+00, 0e+00, 0e+00, 0e+00, 0e+00, 0e+00, 0e+00, 0e+00, 0e+00, 0e+00, 0e+00, 0e+00, 0e+00, 0e+00, 0e+00, 0e+00, 0e+00, 0e+00, 0e+00, 0e+00, 0e+00, 0e+00, 0e+00, 0e+00, 0e+00, 0e+00, 0e+00, 0e+00, 0e+00, 0e+00, 0e+00, 0e+00, 0e+00, 0e+00, 0e+00, 0e+00, 0e+00, 0e+00, 0e+00, 0e+00, 0e+00, 0e+00, 0e+00, 0e+00, 0e+00, 0e+00, 0e+00, 0e+00, 0e+00, 0e+00, 0e+00, 0e+00, 0e+00, 0e+00, 0e+00, 0e+00, 0e+00, 0e+00, 0e+00, 0e+00, 0e+00, 0e+00, 0e+00, 0e+00, 0e+00, 0e+00, 0e+00, 0e+00, 0e+00, 0e+00, 0e+00, 0e+00, 0e+00, 0e+00, 0e+00, 0e+00, 0e+00, 0e+00, 0e+00]
coo[5].conPID.y=[0e+00, 0e+00, 0e+00, 0e+00, 0e+00, 0e+00, 0e+00, 0e+00, 0e+00, 0e+00, 0e+00, 0e+00, 0e+00, 0e+00, 0e+00, 0e+00, 0e+00, 0e+00, 0e+00, 0e+00, 0e+00, 0e+00, 0e+00, 0e+00, 0e+00, 0e+00, 0e+00, 0e+00, 0e+00, 0e+00, 0e+00, 0e+00, 0e+00, 0e+00, 0e+00, 0e+00, 0e+00, 0e+00, 0e+00, 0e+00, 0e+00, 0e+00, 0e+00, 0e+00, 0e+00, 0e+00, 0e+00, 0e+00, 0e+00, 0e+00, 0e+00, 0e+00, 0e+00, 0e+00, 0e+00, 0e+00, 0e+00, 0e+00, 0e+00, 0e+00, 0e+00, 0e+00, 0e+00, 0e+00, 0e+00, 0e+00, 0e+00, 0e+00, 0e+00, 0e+00, 0e+00, 0e+00, 0e+00, 0e+00, 0e+00, 0e+00, 0e+00, 0e+00, 0e+00, 0e+00, 0e+00, 0e+00, 0e+00, 0e+00, 0e+00, 0e+00, 0e+00, 0e+00, 0e+00, 0e+00, 0e+00, 0e+00, 0e+00, 0e+00, 0e+00, 0e+00, 0e+00, 0e+00, 0e+00, 0e+00, 0e+00]
