last-generated=2026-07-06
statistics-initialization=
{
  "nonlinear": "5, 6, 0, 0, 0, 0, 0, 0",
  "numerical Jacobians": "0"
}
statistics-simulation=
{
  "linear": "0, 0, 0, 0, 0, 0, 0",
  "nonlinear": "6, 0",
  "number of continuous time states": "25",
  "numerical Jacobians": "0"
}
time=[0e+00, 1.728e+05]
vol.T_start=[2.931499938964844e+02, 2.931499938964844e+02]
vol.T=[2.931499938964844e+02, 2.797312927246094e+02, 2.790374145507812e+02, 2.786878051757812e+02, 2.784817504882812e+02, 2.783599548339844e+02, 2.782879638671875e+02, 2.782453918457031e+02, 2.782201843261719e+02, 2.78205322265625e+02, 2.781965026855469e+02, 2.781913146972656e+02, 2.78188232421875e+02, 2.781864318847656e+02, 2.781853637695312e+02, 2.781847229003906e+02, 2.78184326171875e+02, 2.802196350097656e+02, 2.820247497558594e+02, 2.829050903320312e+02, 2.834263000488281e+02, 2.837353515625e+02, 2.839183959960938e+02, 2.840267639160156e+02, 2.840908508300781e+02, 2.841287841796875e+02, 2.841512145996094e+02, 2.841644897460938e+02, 2.8417236328125e+02, 2.84177001953125e+02, 2.841797790527344e+02, 2.84181396484375e+02, 2.841823425292969e+02, 2.84182861328125e+02, 2.841832275390625e+02, 2.841834411621094e+02, 2.8418359375e+02, 2.841836853027344e+02, 2.8167578125e+02, 2.801651306152344e+02, 2.793528442382812e+02, 2.788744506835938e+02, 2.785920104980469e+02, 2.784251708984375e+02, 2.783265380859375e+02, 2.782682495117188e+02, 2.782337646484375e+02, 2.782133483886719e+02, 2.782012634277344e+02, 2.781941223144531e+02, 2.781898803710938e+02, 2.781874084472656e+02, 2.781859436035156e+02, 2.7818505859375e+02, 2.781845397949219e+02, 2.781842041015625e+02, 2.781840515136719e+02, 2.781839294433594e+02, 2.781838684082031e+02, 2.78183837890625e+02, 2.781838073730469e+02, 2.781838073730469e+02, 2.781837768554688e+02, 2.781837768554688e+02, 2.781837768554688e+02, 2.781837768554688e+02, 2.781837768554688e+02, 2.802192993164062e+02, 2.820245361328125e+02, 2.829049682617188e+02, 2.834262390136719e+02, 2.837352905273438e+02, 2.839183654785156e+02, 2.840267333984375e+02, 2.840908508300781e+02, 2.841287841796875e+02, 2.841512145996094e+02, 2.841644897460938e+02, 2.8417236328125e+02, 2.84177001953125e+02, 2.841797790527344e+02, 2.84181396484375e+02, 2.841823425292969e+02, 2.84182861328125e+02, 2.841832275390625e+02, 2.841834411621094e+02, 2.8418359375e+02, 2.841836853027344e+02, 2.8167578125e+02, 2.801651306152344e+02, 2.793528442382812e+02, 2.788744506835938e+02, 2.785920104980469e+02, 2.784251708984375e+02, 2.783265380859375e+02, 2.782682495117188e+02, 2.782337646484375e+02, 2.782133483886719e+02, 2.782012634277344e+02, 2.781941223144531e+02, 2.781898803710938e+02]
TOut.T=[2.631499938964844e+02, 2.631499938964844e+02]
boi.vol.T=[2.931499938964844e+02, 3.0717919921875e+02, 3.063057250976562e+02, 3.057337951660156e+02, 3.053952331542969e+02, 3.051949768066406e+02, 3.050765380859375e+02, 3.050065002441406e+02, 3.049650268554688e+02, 3.049405517578125e+02, 3.049260864257812e+02, 3.049175109863281e+02, 3.049124450683594e+02, 3.049094848632812e+02, 3.049077453613281e+02, 3.049066772460938e+02, 3.049060363769531e+02, 3.051787109375e+02, 3.073445129394531e+02, 3.087958068847656e+02, 3.096568298339844e+02, 3.101665344238281e+02, 3.104681701660156e+02, 3.106466369628906e+02, 3.10752197265625e+02, 3.108146362304688e+02, 3.108515319824219e+02, 3.108733825683594e+02, 3.108863525390625e+02, 3.108939819335938e+02, 3.108985290527344e+02, 3.109012145996094e+02, 3.109027404785156e+02, 3.109036254882812e+02, 3.109042053222656e+02, 3.109045715332031e+02, 3.109048461914062e+02, 3.109049987792969e+02, 3.102775268554688e+02, 3.081517944335938e+02, 3.068249206542969e+02, 3.060403137207031e+02, 3.055764465332031e+02, 3.053021850585938e+02, 3.051399841308594e+02, 3.050440979003906e+02, 3.049873962402344e+02, 3.049537963867188e+02, 3.049338989257812e+02, 3.049221496582031e+02, 3.049151916503906e+02, 3.049110717773438e+02, 3.049086608886719e+02, 3.049072265625e+02, 3.049063720703125e+02, 3.049058532714844e+02, 3.049055480957031e+02, 3.049053955078125e+02, 3.049053039550781e+02, 3.049052429199219e+02, 3.049051818847656e+02, 3.049051513671875e+02, 3.049051208496094e+02, 3.049051208496094e+02, 3.049051208496094e+02, 3.049051208496094e+02, 3.049051208496094e+02, 3.051781616210938e+02, 3.073441772460938e+02, 3.087956237792969e+02, 3.096567077636719e+02, 3.101664733886719e+02, 3.104681396484375e+02, 3.106466064453125e+02, 3.107521667480469e+02, 3.108146362304688e+02, 3.108515319824219e+02, 3.108733825683594e+02, 3.108863525390625e+02, 3.108939819335938e+02, 3.108985290527344e+02, 3.109012145996094e+02, 3.109027404785156e+02, 3.109036254882812e+02, 3.109042053222656e+02, 3.109045715332031e+02, 3.109048461914062e+02, 3.109049987792969e+02, 3.102775268554688e+02, 3.081517944335938e+02, 3.068249206542969e+02, 3.060403137207031e+02, 3.055764465332031e+02, 3.053021850585938e+02, 3.051399841308594e+02, 3.050440979003906e+02, 3.049873962402344e+02, 3.049537963867188e+02, 3.049338989257812e+02, 3.049221496582031e+02, 3.049151916503906e+02]
