last-generated=2016-11-02
statistics-initialization=
{
  "numerical Jacobians": "0", 
  "nonlinear": "4", 
  "linear": "2"
}
statistics-simulation=
{
  "numerical Jacobians": "0", 
  "nonlinear": "3, 1", 
  "number of continuous time states": "7", 
  "linear": "0, 0"
}
conExt[1].opa.T[4]=[293.149993896484375, 292.86456298828125, 292.50238037109375, 292.246124267578125, 292.24853515625, 292.126007080078125, 291.95367431640625, 291.7935791015625, 291.628204345703125, 291.478973388671875, 291.377105712890625, 291.343109130859375, 291.313873291015625, 291.244354248046875, 291.190338134765625, 291.128662109375, 291.067840576171875, 290.988311767578125, 290.95452880859375, 290.940673828125, 290.87982177734375, 290.8099365234375, 290.746856689453125, 290.686920166015625, 290.635955810546875, 290.6417236328125, 290.6705322265625, 290.645782470703125, 290.576751708984375, 290.489227294921875, 290.393341064453125, 290.240997314453125, 290.305877685546875, 290.5936279296875, 290.6358642578125, 290.540191650390625, 290.415557861328125, 290.27239990234375, 290.11260986328125, 290.1064453125, 290.13128662109375, 290.064178466796875, 289.90057373046875, 289.722686767578125, 289.5499267578125, 289.372528076171875, 289.36474609375, 289.68231201171875, 289.858795166015625, 289.7225341796875, 289.550201416015625, 289.37890625, 289.215301513671875, 289.17364501953125, 289.44873046875, 289.69891357421875, 289.67431640625, 289.629608154296875, 289.59246826171875, 289.563812255859375, 289.566375732421875, 289.761993408203125, 290.007171630859375, 290.0723876953125, 290.115142822265625, 290.141876220703125, 290.166473388671875, 290.187744140625, 290.465728759765625, 290.794342041015625, 290.81341552734375, 290.714996337890625, 290.6324462890625, 290.580169677734375, 290.531646728515625, 290.57464599609375, 290.83465576171875, 290.933013916015625, 290.913665771484375, 290.88165283203125, 290.859161376953125, 290.8441162109375, 290.86669921875, 290.910675048828125, 290.90740966796875, 290.828704833984375, 290.696136474609375, 290.552276611328125, 290.40618896484375, 290.412994384765625, 290.6248779296875, 290.604461669921875, 290.495758056640625, 290.410186767578125, 290.33453369140625, 290.28155517578125, 290.260467529296875, 290.30841064453125, 290.471588134765625, 290.399505615234375, 290.28045654296875]
bouConExt.weaBus.TDryBul=[260.95001220703125, 262.101104736328125, 262.54998779296875, 266.58599853515625, 271.553253173828125, 272.04998779296875, 272.0211181640625, 271.447418212890625, 269.861602783203125, 272.1641845703125, 273.510009765625, 274.850006103515625, 273.848876953125, 274.079010009765625, 273.149993896484375, 273.366424560546875, 271.2139892578125, 268.712249755859375, 270.16070556640625, 270.350006103515625, 270.350006103515625, 270.350006103515625, 270.350006103515625, 269.850006103515625, 270.733734130859375, 272.04998779296875, 272.05712890625, 268.4580078125, 268.06201171875, 266.169036865234375, 261.5640869140625, 259.27667236328125, 264.716796875, 269.0650634765625, 268.006011962890625, 264.69000244140625, 262.093994140625, 259.162567138671875, 258.237091064453125, 260.993988037109375, 261.819305419921875, 257.850982666015625, 254.3108673095703125, 254.2709197998046875, 252.64599609375, 250.348114013671875, 258.107086181640625, 260.369720458984375, 256.820892333984375, 254.1324615478515625, 253.149993896484375, 252.0500030517578125, 251.4499969482421875, 258.919891357421875, 262.813995361328125, 263.202789306640625, 263.836669921875, 264.532012939453125, 264.826141357421875, 264.904754638671875, 268.6072998046875, 273.703887939453125, 274.439178466796875, 274.038421630859375, 272.525543212890625, 272.17364501953125, 271.844696044921875, 272.1820068359375, 275.118621826171875, 274.00665283203130684342, 268.527557373046875, 268.41400146484375, 269.7689208984375, 269.8258056640625, 269.53765869140625, 273.149993896484375, 277.15399169921875, 275.817535400390625, 275.307891845703125, 274.421600341796875, 276.625457763671875, 274.31332397460943184342, 275.95001220703125, 275.4525146484375, 272.05975341796875, 266.67987060546875, 263.75, 262.82672119140625, 262.04998779296875, 265.993988037109375, 267.102813720703125, 264.828765869140625, 266.005767822265625, 266.276214599609375, 268.91680908203125, 267.787841796875, 268.73150634765625, 269.803253173828125, 267.17999267578125, 264.532073974609375, 258.75]
conExt[1].opa.T[5]=[293.149993896484375, 293.018157958984375, 292.71575927734375, 292.44281005859375, 292.371673583984375, 292.301025390625, 292.166473388671875, 292.0233154296875, 291.8814697265625, 291.742156982421875, 291.63616943359375, 291.5811767578125, 291.557952880859375, 291.508087158203125, 291.45556640625, 291.404510498046875, 291.351715087890625, 291.287200927734375, 291.24127197265625, 291.224090576171875, 291.186370849609375, 291.1280517578125, 291.07135009765625, 291.01776123046875, 290.96826171875, 290.952972412109375, 290.971649169921875, 290.969940185546875, 290.922698974609375, 290.85565185546875, 290.774932861328125, 290.66241455078125, 290.6202392578125, 290.815460205078125, 290.941986083984375, 290.898193359375, 290.803466796875, 290.686492919921875, 290.551666259765625, 290.47479248046875, 290.50897216796875, 290.478546142578125, 290.36724853515625, 290.216796875, 290.065399169921875, 289.912139892578125, 289.820037841796875, 290.00189208984375, 290.2225341796875, 290.197174072265625, 290.062957763671875, 289.914794921875, 289.76904296875, 289.6693115234375, 289.809600830078125, 290.050323486328125, 290.115386962890625, 290.084442138671875, 290.051116943359375, 290.023193359375, 290.007843017578125, 290.10772705078125, 290.316864013671875, 290.430267333984375, 290.477294921875, 290.5074462890625, 290.52978515625, 290.544952392578125, 290.6900634765625, 290.977783203125, 291.1038818359375, 291.05242919921875, 290.977569580078125, 290.9217529296875, 290.87738037109375, 290.870361328125, 291.030364990234375, 291.185150146484375, 291.1968994140625, 291.176849365234375, 291.152618408203125, 291.138336181640625, 291.14385986328125, 291.174835205078125, 291.19049072265625, 291.14984130859375, 291.052459716796875, 290.930328369140625, 290.80413818359375, 290.73736572265625, 290.8746337890625, 290.9344482421875, 290.86456298828125, 290.784881591796875, 290.71368408203125, 290.661773681640625, 290.62774658203125, 290.63775634765625, 290.76556396484375, 290.768341064453125, 290.6844482421875]
conExt[1].win.glaUns.glass_a.T=[266.86285400390625, 268.296722412109375, 267.91143798828125, 269.336669921875, 274.28680419921875, 278.553558349609375, 276.058502197265625, 275.015289306640625, 273.613922119140625, 275.587738037109375, 276.564361572265625, 280.81927490234375, 276.44580078125, 277.11224365234375, 280.01354980468744315658, 275.746063232421875, 273.7147216796875, 271.8284912109375, 273.65411376953125, 275.62542724609375, 274.637908935546875, 273.630828857421875, 273.288604736328125, 273.129425048828125, 273.82373046875, 275.395416259765625, 275.48382568359375, 270.897064208984375, 270.295684814453125, 269.213531494140625, 265.093719482421875, 262.904571533203125, 267.336395263671875, 271.054412841796875, 270.254486083984375, 267.7215576171875, 265.467987060546875, 264.13116455078125, 263.47515869140625, 265.351531982421875, 266.920928955078125, 263.493133544921875, 261.767608642578125, 259.470458984375, 258.3931884765625, 258.79400634765625, 261.597869873046875, 263.9085693359375, 261.00555419921875, 261.02679443359375, 260.96490478515625, 260.180511474609375, 260.566680908203125, 263.5167236328125, 265.924346923828125, 267.26727294921875, 267.39624023437505684342, 267.110321044921875, 267.491912841796875, 267.596405029296875, 270.752410888671875, 275.352020263671875, 275.988494873046875, 275.898651123046875, 275.7320556640625, 275.0350341796875, 274.435333251953125, 274.656463623046875, 277.47161865234375, 276.35964965820318184342, 272.5328369140625, 272.07177734375, 272.467926025390625, 273.02435302734375, 272.579376220703125, 275.246917724609375, 278.692840576171875, 277.3299560546875, 276.814849853515625, 275.9571533203125, 277.703033447265625, 275.82275390625005684342, 277.6485595703125, 277.151123046875, 273.835479736328125, 268.899383544921875, 266.552734375, 265.479217529296875, 265.3955078125, 269.460052490234375, 270.26470947265625, 269.596771240234375, 270.627410888671875, 270.18182373046875, 273.35833740234375, 272.111297607421875, 271.56524658203125, 272.29083251953125, 270.294525146484375, 269.01226806640625, 265.31494140625]
conExt[1].opa.T[2]=[293.149993896484375, 282.068511962890625, 282.00360107421875, 289.817169189453125, 287.273590087890625, 285.123199462890625, 284.7427978515625, 284.35455322265625, 283.65863037109375, 284.373626708984375, 285.691192626953125, 286.945465087890625, 285.28668212890625, 284.98382568359375, 284.975799560546875, 284.716461181640625, 284.127777099609375, 284.282928466796875, 285.465301513671875, 284.586029052734375, 283.536712646484375, 283.48663330078125, 283.421722412109375, 283.2513427734375, 284.104156494140625, 285.568084716796875, 284.936553955078125, 282.91046142578125, 282.633026123046875, 281.614349365234375, 280.434783935546875, 280.532196044921875, 291.7476806640625, 288.995819091796875, 282.376190185546875, 281.190155029296875, 280.24578857421875, 279.12066650390625, 279.09796142578125, 286.099822998046875, 281.86053466796875, 278.73809814453125, 277.21392822265625, 276.97247314453125, 276.359130859375, 275.740966796875, 288.145233154296875, 289.77069091796875, 278.872406005859375, 277.043975830078125, 276.520416259765625, 275.963592529296875, 275.68658447265625, 285.7021484375, 289.423431396484375, 281.6640625, 280.001190185546875, 280.310638427734375, 280.289031982421875, 280.365020751953125, 284.658905029296875, 289.55548095703125, 285.41424560546875, 283.818634033203125, 283.79876708984375, 283.5382080078125, 283.500091552734375, 287.761322021484375, 294.486114501953125, 288.64416503906261368684, 282.74493408203125, 282.72393798828125, 282.99920654296875, 283.205413818359375, 283.36334228515625, 290.8599853515625, 291.62542724609375, 284.975799560546875, 284.97894287109375, 284.501220703125, 285.241119384765625, 285.53546142578130684342, 286.4737548828125, 286.39849853515625, 284.361572265625, 282.0089111328125, 280.843658447265625, 280.6494140625, 280.42266845703125, 290.212249755859375, 286.4346923828125, 281.502777099609375, 281.7320556640625, 281.811279296875, 282.57305908203125, 282.095916748046875, 283.73193359375, 291.533050537109375, 282.682098388671875, 281.132904052734375, 279.196624755859375]
conExt[1].opa.T[3]=[293.149993896484375, 292.5208740234375, 292.119110107421875, 292.006683349609375, 292.092437744140625, 291.871307373046875, 291.6568603515625, 291.486114501953125, 291.292877197265625, 291.15411376953125, 291.0823974609375, 291.100799560546875, 291.04193115234375, 290.946197509765625, 290.8995361328125, 290.822174072265625, 290.749847412109375, 290.655670166015625, 290.660247802734375, 290.642059326171875, 290.53753662109375, 290.45849609375, 290.391815185546875, 290.3265380859375, 290.287689208984375, 290.343994140625, 290.377197265625, 290.2933349609375, 290.19708251953125, 290.07440185546875, 289.956024169921875, 289.74871826171875, 290.1202392578125, 290.48016357421875, 290.29559326171875, 290.12701416015625, 289.961700439453125, 289.78125, 289.5980224609375, 289.802337646484375, 289.732513427734375, 289.58697509765625, 289.344482421875, 289.143035888671875, 288.9486083984375, 288.7437744140625, 289.019683837890625, 289.525848388671875, 289.473724365234375, 289.165557861328125, 288.95367431640625, 288.759124755859375, 288.58258056640625, 288.754852294921875, 289.2496337890625, 289.38995361328125, 289.206390380859375, 289.156097412109375, 289.116790771484375, 289.091339111328125, 289.16729736328125, 289.5545654296875, 289.775054931640625, 289.73358154296875, 289.77154541015625, 289.78704833984375, 289.814178466796875, 289.8824462890625, 290.42919921875, 290.7095947265625, 290.482940673828125, 290.332427978515625, 290.252593994140625, 290.215057373046875, 290.16455078125, 290.3685302734375, 290.7696533203125, 290.672210693359375, 290.620513916015625, 290.568206787109375, 290.5614013671875, 290.546234130859375, 290.606109619140625, 290.666168212890625, 290.60736083984375, 290.45111083984375, 290.266815185546875, 290.104736328125, 289.938690185546875, 290.17962646484375, 290.42529296875, 290.22344970703125, 290.078826904296875, 289.996063232421875, 289.929779052734375, 289.873260498046875, 289.895965576171875, 290.08062744140625, 290.1793212890625, 289.982208251953125, 289.804351806640625]
conExt[1].opa.T[1]=[293.149993896484375, 261.78302001953125, 262.291534423828125, 289.415863037109375, 276.65179443359375, 271.58428955078125, 271.505035400390625, 270.25579833984375, 268.586273193359375, 271.28466796875, 276.051666259765625, 278.851226806640625, 273.849884033203125, 273.601043701171875, 272.78631591796875, 272.921722412109375, 270.81622314453125, 272.439178466796875, 275.5533447265625, 272.1876220703125, 269.885650634765625, 269.914154052734375, 269.8472900390625, 269.42425537109375, 272.704010009765625, 276.5325927734375, 273.653900146484375, 268.088653564453125, 267.64059448242181815658, 265.34381103515625, 260.6453857421875, 265.97650146484375, 296.6671142578125, 282.565673828125, 266.624725341796875, 263.35943603515625, 260.910308837890625, 257.9896240234375, 259.60186767578125, 274.980010986328125, 267.77520751953125, 256.831817626953125, 253.2110443115234375, 253.1314697265625, 251.6295623779296875, 251.2611083984375, 289.29168701171875, 288.97821044921875, 255.8555145263671875, 253.092010498046875, 252.1108856201171875, 251.034637451171875, 250.65655517578125, 283.07135009765625, 289.477447509765625, 263.287811279296875, 262.30718994140625, 263.028472900390625, 263.282958984375, 263.41497802734375, 278.56463623046875, 289.45745849609375, 274.38201904296875, 272.80572509765625, 271.98822021484375, 271.36920166015625, 270.584991455078125, 287.7210693359375, 302.63906860351556815658, 280.56384277343784106051, 267.156646728515625, 268.03717041015625, 269.2938232421875, 269.450439453125, 270.813232421875, 293.838104248046875, 290.54437255859375, 274.0899658203125, 273.687652587890625, 272.747528076171875, 274.806427001953125, 276.94564819335948868684, 278.780914306640625, 277.30426025390625, 271.590362548828125, 265.16839599609375, 262.386688232421875, 261.9984130859375, 262.958740234375, 292.399078369140625, 279.450103759765625, 264.335845947265625, 265.549530029296875, 265.81488037109375, 268.421051025390625, 267.43011474609375, 271.976043701171875, 295.43377685546875, 265.951934814453125, 263.338043212890625, 257.677001953125]
conExt[1].win.glaUns.glass_b.T=[289.69384765625, 289.957244873046875, 289.892425537109375, 290.1143798828125, 290.974029541015625, 291.71734619140625, 291.29296875, 291.115966796875, 290.872467041015625, 291.2109375, 291.382598876953125, 292.08935546875, 291.376220703125, 291.47943115234375, 291.974456787109375, 291.249481201171875, 290.910308837890625, 290.565673828125, 290.86956787109375, 291.213531494140625, 291.060821533203125, 290.890777587890625, 290.842041015625, 290.785186767578125, 290.9022216796875, 291.18035888671875, 291.202056884765625, 290.4105224609375, 290.30096435546875, 290.099365234375, 289.43902587890625, 288.992156982421875, 289.769561767578125, 290.41510009765625, 290.290374755859375, 289.844329833984375, 289.470123291015625, 289.214996337890625, 289.0867919921875, 289.41986083984375, 289.701416015625, 289.096343994140625, 288.783843994140625, 288.366424560546875, 288.222686767578125, 288.24658203125, 288.746856689453125, 289.172607421875, 288.64715576171875, 288.663360595703125, 288.647125244140625, 288.492767333984375, 288.559661865234375, 289.094757080078125, 289.533905029296875, 289.761932373046875, 289.785125732421875, 289.739288330078125, 289.7911376953125, 289.821807861328125, 290.353607177734375, 291.167144775390625, 291.294464111328125, 291.256134033203125, 291.215484619140625, 291.11798095703125, 291.024658203125, 291.04852294921875, 291.542755126953125, 291.359649658203125, 290.6947021484375, 290.605804443359375, 290.669189453125, 290.773681640625, 290.692718505859375, 291.148529052734375, 291.7698974609375, 291.52105712890625, 291.437286376953125, 291.280242919921875, 291.592041015625, 291.257720947265625, 291.576080322265625, 291.49755859375, 290.923736572265625, 290.0584716796875, 289.64776611328125, 289.455780029296875, 289.444580078125, 290.13873291015625, 290.2808837890625, 290.172607421875, 290.35357666015625, 290.2889404296875, 290.833770751953125, 290.608673095703125, 290.513275146484375, 290.642333984375, 290.30010986328125, 290.081573486328125, 289.428924560546875]
time=[0., 1209600.]
