last-generated=2017-02-28
statistics-initialization=
{
  "numerical Jacobians": "0", 
  "nonlinear": "1, 1, 1, 1, 1, 1, 1, 1, 1, 1"
}
statistics-simulation=
{
  "numerical Jacobians": "0", 
  "nonlinear": "1, 1, 1", 
  "number of continuous time states": "5", 
  "linear": " "
}
mulSpeDX.sta_a2.T=[298.149993896484375, 298.149993896484375, 298.149993896484375, 298.149993896484375, 298.149993896484375, 298.149993896484375, 298.149993896484375, 298.149993896484375, 298.149993896484375, 298.149993896484375, 298.149993896484375, 298.149993896484375, 298.149993896484375, 298.149993896484375, 298.149993896484375, 298.149993896484375, 298.149993896484375, 298.149993896484375, 298.149993896484375, 298.149993896484375, 298.149993896484375, 298.149993896484375, 298.149993896484375, 298.149993896484375, 298.149993896484375, 298.149993896484375, 298.149993896484375, 298.149993896484375, 298.149993896484375, 298.149993896484375, 298.149993896484375, 298.149993896484375, 298.149993896484375, 298.149993896484375, 298.149993896484375, 298.149993896484375, 298.149993896484375, 298.149993896484375, 298.149993896484375, 298.149993896484375, 298.149993896484375, 298.149993896484375, 298.149993896484375, 298.149993896484375, 298.149993896484375, 298.149993896484375, 298.149993896484375, 298.149993896484375, 298.149993896484375, 298.149993896484375, 298.149993896484375, 298.149993896484375, 298.149993896484375, 298.149993896484375, 298.149993896484375, 298.149993896484375, 298.149993896484375, 298.149993896484375, 298.149993896484375, 298.149993896484375, 298.149993896484375, 298.149993896484375, 298.149993896484375, 298.149993896484375, 298.149993896484375, 298.149993896484375, 298.149993896484375, 298.149993896484375, 298.149993896484375, 298.149993896484375, 298.149993896484375, 298.149993896484375, 298.149993896484375, 298.149993896484375, 298.149993896484375, 298.149993896484375, 298.149993896484375, 298.149993896484375, 298.149993896484375, 298.149993896484375, 298.149993896484375, 298.149993896484375, 298.149993896484375, 298.149993896484375, 298.149993896484375, 298.149993896484375, 298.149993896484375, 298.149993896484375, 298.149993896484375, 298.149993896484375, 298.149993896484375, 298.149993896484375, 298.149993896484375, 298.149993896484375, 298.149993896484375, 298.149993896484375, 298.149993896484375, 298.149993896484375, 298.149993896484375, 298.149993896484375, 298.149993896484375]
mulSpeDX.sta_b2.T=[293.149993896484375, 295.991424560546875, 297.218536376953125, 297.746795654296875, 297.976776123046875, 298.07421875, 298.118621826171875, 298.135833740234375, 298.143310546875, 298.1474609375, 298.14935302734375, 298.14984130859375, 298.14971923828125, 298.14971923828125, 298.14984130859375, 298.149932861328125, 298.149993896484375, 298.1500244140625, 298.1500244140625, 298.1500244140625, 298.1500244140625, 298.149993896484375, 298.149993896484375, 298.149993896484375, 298.149993896484375, 298.149993896484375, 300.259307861328125, 301.17010498046875, 301.56378173828125, 301.73211669921875, 301.806182861328125, 301.838592529296875, 301.850830078125, 301.856597900390625, 301.85986328125, 301.861328125, 301.861602783203125, 301.86138916015625, 301.861358642578125, 301.861480712890625, 301.861572265625, 301.86163330078125, 301.861663818359375, 301.8616943359375, 301.8616943359375, 301.861663818359375, 301.861663818359375, 301.86163330078125, 301.86163330078125, 301.86163330078125, 301.86163330078125, 305.025360107421875, 306.391082763671875, 306.980316162109375, 307.237030029296875, 307.3453369140625, 307.392303466796875, 307.414886474609375, 307.422882080078125, 307.425689697265625, 307.42742919921875, 307.42852783203125, 307.4290771484375, 307.42926025390625, 307.429229736328125, 307.4290771484375, 307.428985595703125, 307.427520751953125, 307.420196533203125, 307.409393310546875, 307.3961181640625, 307.381378173828125, 307.36614990234375, 307.3514404296875, 307.3375244140625, 307.323760986328125, 305.750274658203125, 305.06573486328125, 304.764068603515625, 304.630645751953125, 304.567474365234375, 304.53411865234375, 304.517059326171875, 304.504638671875, 304.4967041015625, 304.492218017578125, 304.48980712890625, 304.488922119140625, 304.48895263671875, 304.48931884765625, 304.489410400390625, 304.489227294921875, 304.4891357421875, 304.48907470703125, 304.48907470703125, 304.48907470703125, 304.48907470703125, 304.48907470703125, 304.48907470703125, 304.48907470703125, 304.48907470703125]
mulSpeDX.sta_a1.T=[296.149993896484375, 296.149993896484375, 296.149993896484375, 296.149993896484375, 296.149993896484375, 296.149993896484375, 296.149993896484375, 296.149993896484375, 296.149993896484375, 296.149993896484375, 296.149993896484375, 296.149993896484375, 296.149993896484375, 296.149993896484375, 296.149993896484375, 296.149993896484375, 296.149993896484375, 296.149993896484375, 296.149993896484375, 296.149993896484375, 296.149993896484375, 296.149993896484375, 296.149993896484375, 296.149993896484375, 296.149993896484375, 296.149993896484375, 296.149993896484375, 296.149993896484375, 296.149993896484375, 296.149993896484375, 296.149993896484375, 296.149993896484375, 296.149993896484375, 296.149993896484375, 296.149993896484375, 296.149993896484375, 296.149993896484375, 296.149993896484375, 296.149993896484375, 296.149993896484375, 296.149993896484375, 296.149993896484375, 296.149993896484375, 296.149993896484375, 296.149993896484375, 296.149993896484375, 296.149993896484375, 296.149993896484375, 296.149993896484375, 296.149993896484375, 296.149993896484375, 296.149993896484375, 296.149993896484375, 296.149993896484375, 296.149993896484375, 296.149993896484375, 296.149993896484375, 296.149993896484375, 296.149993896484375, 296.149993896484375, 296.149993896484375, 296.149993896484375, 296.149993896484375, 296.149993896484375, 296.149993896484375, 296.149993896484375, 296.149993896484375, 296.04998779296875, 295.75, 295.45001220703125, 295.149993896484375, 294.850006103515625, 294.54998779296875, 294.25, 293.95001220703125, 293.649993896484375, 293.350006103515625, 293.04998779296875, 292.75, 292.45001220703125, 292.149993896484375, 291.850006103515625, 291.54998779296875, 291.25, 291.149993896484375, 291.149993896484375, 291.149993896484375, 291.149993896484375, 291.149993896484375, 291.149993896484375, 291.149993896484375, 291.149993896484375, 291.149993896484375, 291.149993896484375, 291.149993896484375, 291.149993896484375, 291.149993896484375, 291.149993896484375, 291.149993896484375, 291.149993896484375, 291.149993896484375]
mulSpeDX.mulSpeDX.vol.T=[318.180755615234375, 304.211517333984375, 299.10723876953125, 297.242523193359375, 296.548065185546875, 296.300018310546875, 296.20074462890625, 296.17083740234375, 296.1588134765625, 296.152587890625, 296.1500244140625, 296.1497802734375, 296.150390625, 296.15045166015625, 296.150238037109375, 296.15008544921875, 296.149993896484375, 296.149932861328125, 296.149932861328125, 296.149932861328125, 296.14996337890625, 296.149993896484375, 296.1500244140625, 296.1500244140625, 296.1500244140625, 296.1500244140625, 292.154266357421875, 290.683258056640625, 290.141021728515625, 289.9447021484375, 289.870086669921875, 289.842132568359375, 289.834197998046875, 289.8304443359375, 289.82843017578125, 289.827667236328125, 289.827667236328125, 289.827911376953125, 289.827972412109375, 289.827880859375, 289.82781982421875, 289.827789306640625, 289.8277587890625, 289.8277587890625, 289.8277587890625, 289.8277587890625, 289.8277587890625, 289.827789306640625, 289.827789306640625, 289.827789306640625, 289.827789306640625, 285.492431640625, 283.895172119140625, 283.307830810546875, 283.08856201171875, 283.011199951171875, 282.9820556640625, 282.96954345703125, 282.96636962890625, 282.965667724609375, 282.9649658203125, 282.96453857421875, 282.964324951171875, 282.964263916015625, 282.964324951171875, 282.964385986328125, 282.964447021484375, 282.95098876953125, 282.8885498046875, 282.79864501953125, 282.68878173828125, 282.566497802734375, 282.439300537109375, 282.314666748046875, 282.1939697265625, 282.07086181640625, 283.886932373046875, 284.458984375, 284.574859619140625, 284.51861572265625, 284.40216064453125, 284.263214111328125, 284.11273193359375, 283.959869384765625, 283.84625244140625, 283.785308837890625, 283.755157470703125, 283.74664306640625, 283.750640869140625, 283.758026123046875, 283.7596435546875, 283.75640869140625, 283.754730224609375, 283.754119873046875, 283.754119873046875, 283.7542724609375, 283.754241943359375, 283.754180908203125, 283.754150390625, 283.754150390625, 283.754150390625]
time=[0., 3600.]
mulSpeDX.sta_a1.X[1]=[0.00999999977648258209, 0.00999999977648258209, 0.00999999977648258209, 0.00999999977648258209, 0.00999999977648258209, 0.00999999977648258209, 0.00999999977648258209, 0.00999999977648258209, 0.00999999977648258209, 0.00999999977648258209, 0.00999999977648258209, 0.00999999977648258209, 0.00999999977648258209, 0.00999999977648258209, 0.00999999977648258209, 0.00999999977648258209, 0.00999999977648258209, 0.00999999977648258209, 0.00999999977648258209, 0.00999999977648258209, 0.00999999977648258209, 0.00999999977648258209, 0.00999999977648258209, 0.00999999977648258209, 0.00999999977648258209, 0.00999999977648258209, 0.00999999977648258209, 0.00999999977648258209, 0.00999999977648258209, 0.00999999977648258209, 0.00999999977648258209, 0.00999999977648258209, 0.00999999977648258209, 0.00999999977648258209, 0.00999999977648258209, 0.00999999977648258209, 0.00999999977648258209, 0.00999999977648258209, 0.00999999977648258209, 0.00999999977648258209, 0.00999999977648258209, 0.00999999977648258209, 0.00999999977648258209, 0.00999999977648258209, 0.00999999977648258209, 0.00999999977648258209, 0.00999999977648258209, 0.00999999977648258209, 0.00999999977648258209, 0.00999999977648258209, 0.00999999977648258209, 0.00999999977648258209, 0.00999999977648258209, 0.00999999977648258209, 0.00999999977648258209, 0.00999999977648258209, 0.00999999977648258209, 0.00999999977648258209, 0.00999999977648258209, 0.00999999977648258209, 0.00999999977648258209, 0.00999999977648258209, 0.00999999977648258209, 0.00999999977648258209, 0.00999999977648258209, 0.00999999977648258209, 0.00999999977648258209, 0.00999999977648258209, 0.00999999977648258209, 0.00999999977648258209, 0.00999999977648258209, 0.00999999977648258209, 0.00999999977648258209, 0.00999999977648258209, 0.00999999977648258209, 0.00999999977648258209, 0.00999999977648258209, 0.00999999977648258209, 0.00999999977648258209, 0.00999999977648258209, 0.00999999977648258209, 0.00999999977648258209, 0.00999999977648258209, 0.00999999977648258209, 0.00999999977648258209, 0.00999999977648258209, 0.00999999977648258209, 0.00999999977648258209, 0.00999999977648258209, 0.00999999977648258209, 0.00999999977648258209, 0.00999999977648258209, 0.00999999977648258209, 0.00999999977648258209, 0.00999999977648258209, 0.00999999977648258209, 0.00999999977648258209, 0.00999999977648258209, 0.00999999977648258209, 0.00999999977648258209, 0.00999999977648258209]
mulSpeDX.mulSpeDX.vol.X_w=[0., 0.00632115686312317848, 0.0086478283628821373, 0.00950009096413850784, 0.00981780793517827988, 0.00993133243173360825, 0.00997677259147167206, 0.00999046303331851959, 0.00999596249312162399, 0.0099988207221031189, 0.0099999820813536644, 0.01000010035932064056, 0.00999982655048370361, 0.00999979302287101746, 0.00999988988041877747, 0.0099999578669667244, 0.01000000163912773132, 0.01000002492219209671, 0.01000003237277269363, 0.01000002771615982056, 0.01000001654028892517, 0.01000000257045030594, 0.00999998953193426132, 0.0099999820813536644, 0.00999998487532138824, 0.0099999941885471344, 0.00961232464760541916, 0.00946966931223869324, 0.0094170914962887764, 0.00939805712550878525, 0.00939082354307174683, 0.00938811525702476501, 0.0093873441219329834, 0.00938697997480630875, 0.0093867843970656395, 0.00938671082258224487, 0.00938671082258224487, 0.00938673596829175949, 0.00938674062490463257, 0.00938673224300146103, 0.00938672665506601334, 0.00938672199845314026, 0.00938672013580799103, 0.00938671920448541641, 0.00938671920448541641, 0.00938672013580799103, 0.00938672106713056564, 0.00938672199845314026, 0.00938672292977571487, 0.00938672386109828949, 0.00938672292977571487, 0.00812734384089708328, 0.00766403274610638618, 0.00749375484883785248, 0.00743019720539450645, 0.00740777049213647842, 0.00739932944998145103, 0.00739569962024688721, 0.00739477993920445442, 0.00739457691088318825, 0.0073943696916103363, 0.00739424582570791245, 0.00739418668672442436, 0.00739417318254709244, 0.00739418715238571167, 0.00739420996978878975, 0.00739422254264354706, 0.00738770607858896255, 0.00735762622207403183, 0.00731457304209470749, 0.00726220430806279182, 0.00720417872071266174, 0.00714415451511740685, 0.00708579132333397865, 0.007029753178358078, 0.00697296485304832458, 0.00761181581765413284, 0.00781446695327758789, 0.00785716809332370758, 0.00783966574817895889, 0.00780127663165330887, 0.00775527022778987885, 0.00770548451691865921, 0.00765514373779296875, 0.00761787127703428268, 0.00759788509458303452, 0.00758799444884061813, 0.00758520327508449554, 0.00758651504293084145, 0.00758893415331840515, 0.00758946361020207405, 0.00758840516209602356, 0.00758785475045442581, 0.00758765172213315964, 0.00758765032514929771, 0.00758770434185862541, 0.00758768897503614426, 0.0075876675546169281, 0.00758765870705246925, 0.00758765777572989464, 0.00758765777572989464]
mulSpeDX.mulSpeDX.dxCoo.mWat_flow=[0., 0., 0., 0., 0., 0., 0., 0., 0., 0., 0., 0., 0., 0., 0., 0., 0., 0., 0., 0., 0., 0., 0., 0., 0., 0., -0.00091991701629012823, -0.00091991701629012823, -0.00091991701629012823, -0.00091991701629012823, -0.00091991701629012823, -0.00091991701629012823, -0.00091991701629012823, -0.00091991701629012823, -0.00091991701629012823, -0.00091991701629012823, -0.00091991701629012823, -0.00091991701629012823, -0.00091991701629012823, -0.00091991701629012823, -0.00091991701629012823, -0.00091991701629012823, -0.00091991701629012823, -0.00091991701629012823, -0.00091991701629012823, -0.00091991701629012823, -0.00091991701629012823, -0.00091991701629012823, -0.00091991701629012823, -0.00091991701629012823, -0.00091991701629012823, -0.00390869565308094025, -0.00390869565308094025, -0.00390869565308094025, -0.00390869565308094025, -0.00390869565308094025, -0.00390869565308094025, -0.00390869565308094025, -0.00390869565308094025, -0.00390869565308094025, -0.00390869565308094025, -0.00390869565308094025, -0.00390869565308094025, -0.00390869565308094025, -0.00390869565308094025, -0.00390869565308094025, -0.00390869565308094025, -0.00393746234476566315, -0.00402372563257813454, -0.00410993490368127823, -0.00419608969241380692, -0.00428218813613057137, -0.00436823070049285889, -0.00445421505719423294, -0.00454014167189598083, -0.00462600868195295334, -0.0030566253699362278, -0.00313348951749503613, -0.00321027869358658791, -0.00328699196688830853, -0.00336362840607762337, -0.00344018684700131416, -0.00351666682399809361, -0.00359306670725345612, -0.00361851532943546772, -0.00361851532943546772, -0.00361851532943546772, -0.00361851532943546772, -0.00361851532943546772, -0.00361851532943546772, -0.00361851532943546772, -0.00361851532943546772, -0.00361851532943546772, -0.00361851532943546772, -0.00361851532943546772, -0.00361851532943546772, -0.00361851532943546772, -0.00361851532943546772, -0.00361851532943546772, -0.00361851532943546772, -0.00361851532943546772]
mulSpeDX.stage=[0., 0., 0., 0., 0., 0., 0., 0., 0., 0., 0., 0., 0., 0., 0., 0., 0., 0., 0., 0., 0., 0., 0., 0., 0., 0., 1., 1., 1., 1., 1., 1., 1., 1., 1., 1., 1., 1., 1., 1., 1., 1., 1., 1., 1., 1., 1., 1., 1., 1., 1., 4., 4., 4., 4., 4., 4., 4., 4., 4., 4., 4., 4., 4., 4., 4., 4., 4., 4., 4., 4., 4., 4., 4., 4., 4., 3., 3., 3., 3., 3., 3., 3., 3., 3., 3., 3., 3., 3., 3., 3., 3., 3., 3., 3., 3., 3., 3., 3., 3., 3.]
mulSpeDX.watCooCon.Q_flow=[0., 0., 0., 0., 0., 0., 0., 0., 0., 0., 0., 0., 0., 0., 0., 0., 0., 0., 0., 0., 0., 0., 0., 0., 0., 0., 15529.5400390625, 15529.5400390625, 15529.5400390625, 15529.5400390625, 15529.5400390625, 15529.5400390625, 15529.5400390625, 15529.5400390625, 15529.5400390625, 15529.5400390625, 15529.5400390625, 15529.5400390625, 15529.5400390625, 15529.5400390625, 15529.5400390625, 15529.5400390625, 15529.5400390625, 15529.5400390625, 15529.5400390625, 15529.5400390625, 15529.5400390625, 15529.5400390625, 15529.5400390625, 15529.5400390625, 15529.5400390625, 38823.8515625, 38823.8515625, 38823.8515625, 38823.8515625, 38823.8515625, 38823.8515625, 38823.8515625, 38823.8515625, 38823.8515625, 38823.8515625, 38823.8515625, 38823.8515625, 38823.8515625, 38823.8515625, 38823.8515625, 38823.8515625, 38802.0078125, 38737.1875, 38673.44921875, 38610.8125, 38549.29296875, 38488.90625, 38429.671875, 38371.609375, 38314.734375, 26781.345703125, 26743.234375, 26705.994140625, 26669.638671875, 26634.1796875, 26599.630859375, 26566.0078125, 26533.322265625, 26522.63671875, 26522.63671875, 26522.63671875, 26522.63671875, 26522.63671875, 26522.63671875, 26522.63671875, 26522.63671875, 26522.63671875, 26522.63671875, 26522.63671875, 26522.63671875, 26522.63671875, 26522.63671875, 26522.63671875, 26522.63671875, 26522.63671875]
mulSpeDX.mulSpeDX.dxCoo.Q_flow=[0., 0., 0., 0., 0., 0., 0., 0., 0., 0., 0., 0., 0., 0., 0., 0., 0., 0., 0., 0., 0., 0., 0., 0., 0., 0., -11886.193359375, -11886.193359375, -11886.193359375, -11886.193359375, -11886.193359375, -11886.193359375, -11886.193359375, -11886.193359375, -11886.193359375, -11886.193359375, -11886.193359375, -11886.193359375, -11886.193359375, -11886.193359375, -11886.193359375, -11886.193359375, -11886.193359375, -11886.193359375, -11886.193359375, -11886.193359375, -11886.193359375, -11886.193359375, -11886.193359375, -11886.193359375, -11886.193359375, -29715.482421875, -29715.482421875, -29715.482421875, -29715.482421875, -29715.482421875, -29715.482421875, -29715.482421875, -29715.482421875, -29715.482421875, -29715.482421875, -29715.482421875, -29715.482421875, -29715.482421875, -29715.482421875, -29715.482421875, -29715.482421875, -29695.24609375, -29635.234375, -29576.27734375, -29518.388671875, -29461.580078125, -29405.8671875, -29351.26171875, -29297.779296875, -29245.435546875, -20435.96875, -20400.94921875, -20366.755859375, -20333.400390625, -20300.890625, -20269.240234375, -20238.458984375, -20208.556640625, -20198.78515625, -20198.78515625, -20198.78515625, -20198.78515625, -20198.78515625, -20198.78515625, -20198.78515625, -20198.78515625, -20198.78515625, -20198.78515625, -20198.78515625, -20198.78515625, -20198.78515625, -20198.78515625, -20198.78515625, -20198.78515625, -20198.78515625]
mulSpeDX.P=[0., 0., 0., 0., 0., 0., 0., 0., 0., 0., 0., 0., 0., 0., 0., 0., 0., 0., 0., 0., 0., 0., 0., 0., 0., 0., 3643.346923828125, 3643.346923828125, 3643.346923828125, 3643.346923828125, 3643.346923828125, 3643.346923828125, 3643.346923828125, 3643.346923828125, 3643.346923828125, 3643.346923828125, 3643.346923828125, 3643.346923828125, 3643.346923828125, 3643.346923828125, 3643.346923828125, 3643.346923828125, 3643.346923828125, 3643.346923828125, 3643.346923828125, 3643.346923828125, 3643.346923828125, 3643.346923828125, 3643.346923828125, 3643.346923828125, 3643.346923828125, 9108.3671875, 9108.3671875, 9108.3671875, 9108.3671875, 9108.3671875, 9108.3671875, 9108.3671875, 9108.3671875, 9108.3671875, 9108.3671875, 9108.3671875, 9108.3671875, 9108.3671875, 9108.3671875, 9108.3671875, 9108.3671875, 9106.759765625, 9101.9521484375, 9097.1728515625, 9092.4248046875, 9087.7119140625, 9083.0400390625, 9078.41015625, 9073.828125, 9069.2978515625, 6345.3759765625, 6342.28515625, 6339.23828125, 6336.23876953125, 6333.2890625, 6330.3916015625, 6327.5498046875, 6324.76611328125, 6323.8515625, 6323.8515625, 6323.8515625, 6323.8515625, 6323.8515625, 6323.8515625, 6323.8515625, 6323.8515625, 6323.8515625, 6323.8515625, 6323.8515625, 6323.8515625, 6323.8515625, 6323.8515625, 6323.8515625, 6323.8515625, 6323.8515625]
