last-generated=2020-05-01
statistics-initialization=
{
  "linear": "2, 2, 2",
  "nonlinear": "2, 2, 2",
  "numerical Jacobians": "0"
}
statistics-simulation=
{
  "linear": "2, 2, 2",
  "nonlinear": "2, 2, 2",
  "numerical Jacobians": "0"
}
time=[0e+00, 1.728e+05]
sen.V[1]=[2.771281433105469e+02, 2.771281433105469e+02, 2.771281433105469e+02, 2.771281433105469e+02, 2.771281433105469e+02, 2.771281433105469e+02, 2.771281433105469e+02, 2.771281433105469e+02, 2.771281433105469e+02, 2.771281433105469e+02, 2.771281433105469e+02, 2.771281433105469e+02, 2.771281433105469e+02, 2.771281433105469e+02, 2.771281433105469e+02, 2.771281433105469e+02, 2.771281433105469e+02, 2.771281433105469e+02, 2.771281433105469e+02, 2.771281433105469e+02, 2.771281433105469e+02, 2.771281433105469e+02, 2.771281433105469e+02, 2.771281433105469e+02, 2.771281433105469e+02, 2.771281433105469e+02, 2.771281433105469e+02, 2.771281433105469e+02, 2.771281433105469e+02, 2.771281433105469e+02, 2.771281433105469e+02, 2.771281433105469e+02, 2.771281433105469e+02, 2.771281433105469e+02, 2.771281433105469e+02, 2.771281433105469e+02, 2.771281433105469e+02, 2.771281433105469e+02, 2.771281433105469e+02, 2.771281433105469e+02, 2.771281433105469e+02, 2.771281433105469e+02, 2.771281433105469e+02, 2.771281433105469e+02, 2.771281433105469e+02, 2.771281433105469e+02, 2.771281433105469e+02, 2.771281433105469e+02, 2.771281433105469e+02, 2.771281433105469e+02, 2.771281433105469e+02, 2.771281433105469e+02, 2.771281433105469e+02, 2.771281433105469e+02, 2.771281433105469e+02, 2.771281433105469e+02, 2.771281433105469e+02, 2.771281433105469e+02, 2.771281433105469e+02, 2.771281433105469e+02, 2.771281433105469e+02, 2.771281433105469e+02, 2.771281433105469e+02, 2.771281433105469e+02, 2.771567687988281e+02, 2.772140808105469e+02, 2.772987365722656e+02, 2.773943481445312e+02, 2.77463623046875e+02, 2.77477783203125e+02, 2.773729553222656e+02, 2.7727978515625e+02, 2.771876831054688e+02, 2.771379089355469e+02, 2.771629943847656e+02, 2.771854553222656e+02, 2.771281433105469e+02, 2.771281433105469e+02, 2.771281433105469e+02, 2.771281433105469e+02, 2.771281433105469e+02, 2.771281433105469e+02, 2.771281433105469e+02, 2.771281433105469e+02, 2.771281433105469e+02, 2.771785888671875e+02, 2.771281433105469e+02, 2.771281433105469e+02, 2.771281433105469e+02, 2.771281433105469e+02, 2.771281433105469e+02, 2.771281433105469e+02, 2.771281433105469e+02, 2.771281433105469e+02, 2.771281433105469e+02, 2.771281433105469e+02, 2.771281433105469e+02, 2.771281433105469e+02, 2.771281433105469e+02, 2.771281433105469e+02, 2.771281433105469e+02]
sen.V[2]=[2.771281433105469e+02, 2.771281433105469e+02, 2.771281433105469e+02, 2.771281433105469e+02, 2.771281433105469e+02, 2.771281433105469e+02, 2.771281433105469e+02, 2.771281433105469e+02, 2.771281433105469e+02, 2.771281433105469e+02, 2.771281433105469e+02, 2.771281433105469e+02, 2.771281433105469e+02, 2.771281433105469e+02, 2.771281433105469e+02, 2.771281433105469e+02, 2.771281433105469e+02, 2.771281433105469e+02, 2.771281433105469e+02, 2.771281433105469e+02, 2.771281433105469e+02, 2.771281433105469e+02, 2.771281433105469e+02, 2.771281433105469e+02, 2.771281433105469e+02, 2.771281433105469e+02, 2.771281433105469e+02, 2.771281433105469e+02, 2.771281433105469e+02, 2.771281433105469e+02, 2.771281433105469e+02, 2.771281433105469e+02, 2.771281433105469e+02, 2.771281433105469e+02, 2.771281433105469e+02, 2.771281433105469e+02, 2.771281433105469e+02, 2.771281433105469e+02, 2.771281433105469e+02, 2.771281433105469e+02, 2.771281433105469e+02, 2.771281433105469e+02, 2.771281433105469e+02, 2.771281433105469e+02, 2.771281433105469e+02, 2.771281433105469e+02, 2.771281433105469e+02, 2.771281433105469e+02, 2.771281433105469e+02, 2.771281433105469e+02, 2.771281433105469e+02, 2.771281433105469e+02, 2.771281433105469e+02, 2.771281433105469e+02, 2.771281433105469e+02, 2.771281433105469e+02, 2.771281433105469e+02, 2.771281433105469e+02, 2.771281433105469e+02, 2.771281433105469e+02, 2.771281433105469e+02, 2.771281433105469e+02, 2.771281433105469e+02, 2.771281433105469e+02, 2.771424560546875e+02, 2.771711120605469e+02, 2.772134704589844e+02, 2.772613220214844e+02, 2.772959899902344e+02, 2.773030700683594e+02, 2.772506103515625e+02, 2.772039794921875e+02, 2.771578979492188e+02, 2.771330261230469e+02, 2.771455688476562e+02, 2.771567993164062e+02, 2.771281433105469e+02, 2.771281433105469e+02, 2.771281433105469e+02, 2.771281433105469e+02, 2.771281433105469e+02, 2.771281433105469e+02, 2.771281433105469e+02, 2.771281433105469e+02, 2.771281433105469e+02, 2.771533508300781e+02, 2.771281433105469e+02, 2.771281433105469e+02, 2.771281433105469e+02, 2.771281433105469e+02, 2.771281433105469e+02, 2.771281433105469e+02, 2.771281433105469e+02, 2.771281433105469e+02, 2.771281433105469e+02, 2.771281433105469e+02, 2.771281433105469e+02, 2.771281433105469e+02, 2.771281433105469e+02, 2.771281433105469e+02, 2.771281433105469e+02]
sen.V[3]=[2.771281433105469e+02, 2.771281433105469e+02, 2.771281433105469e+02, 2.771281433105469e+02, 2.771281433105469e+02, 2.771281433105469e+02, 2.771281433105469e+02, 2.771281433105469e+02, 2.771281433105469e+02, 2.771281433105469e+02, 2.771281433105469e+02, 2.771281433105469e+02, 2.771281433105469e+02, 2.771281433105469e+02, 2.771281433105469e+02, 2.771281433105469e+02, 2.771281433105469e+02, 2.771281433105469e+02, 2.771281433105469e+02, 2.771281433105469e+02, 2.771281433105469e+02, 2.771281433105469e+02, 2.771281433105469e+02, 2.771281433105469e+02, 2.771281433105469e+02, 2.771281433105469e+02, 2.771281433105469e+02, 2.771281433105469e+02, 2.771281433105469e+02, 2.771281433105469e+02, 2.771281433105469e+02, 2.771281433105469e+02, 2.771281433105469e+02, 2.771281433105469e+02, 2.771281433105469e+02, 2.771281433105469e+02, 2.771281433105469e+02, 2.771281433105469e+02, 2.771281433105469e+02, 2.771281433105469e+02, 2.771281433105469e+02, 2.771281433105469e+02, 2.771281433105469e+02, 2.771281433105469e+02, 2.771281433105469e+02, 2.771281433105469e+02, 2.771281433105469e+02, 2.771281433105469e+02, 2.771281433105469e+02, 2.771281433105469e+02, 2.771281433105469e+02, 2.771281433105469e+02, 2.771281433105469e+02, 2.771281433105469e+02, 2.771281433105469e+02, 2.771281433105469e+02, 2.771281433105469e+02, 2.771281433105469e+02, 2.771281433105469e+02, 2.771281433105469e+02, 2.771281433105469e+02, 2.771281433105469e+02, 2.771281433105469e+02, 2.771281433105469e+02, 2.771424560546875e+02, 2.771711120605469e+02, 2.772134704589844e+02, 2.772613220214844e+02, 2.772959899902344e+02, 2.773030700683594e+02, 2.772506103515625e+02, 2.772039794921875e+02, 2.771578979492188e+02, 2.771330261230469e+02, 2.771455688476562e+02, 2.771567993164062e+02, 2.771281433105469e+02, 2.771281433105469e+02, 2.771281433105469e+02, 2.771281433105469e+02, 2.771281433105469e+02, 2.771281433105469e+02, 2.771281433105469e+02, 2.771281433105469e+02, 2.771281433105469e+02, 2.771533508300781e+02, 2.771281433105469e+02, 2.771281433105469e+02, 2.771281433105469e+02, 2.771281433105469e+02, 2.771281433105469e+02, 2.771281433105469e+02, 2.771281433105469e+02, 2.771281433105469e+02, 2.771281433105469e+02, 2.771281433105469e+02, 2.771281433105469e+02, 2.771281433105469e+02, 2.771281433105469e+02, 2.771281433105469e+02, 2.771281433105469e+02]
sen.S[1, 1]=[-0e+00, -0e+00, -0e+00, -0e+00, -0e+00, -0e+00, -0e+00, 0e+00, -0e+00, -0e+00, -0e+00, -0e+00, -0e+00, -0e+00, 0e+00, -0e+00, -0e+00, 0e+00, -0e+00, -0e+00, -0e+00, -0e+00, -0e+00, -0e+00, -0e+00, -0e+00, -0e+00, -0e+00, 0e+00, -0e+00, -0e+00, -0e+00, -0e+00, -0e+00, 0e+00, 0e+00, -0e+00, -0e+00, -0e+00, -0e+00, -0e+00, -0e+00, -0e+00, -0e+00, -0e+00, -0e+00, -0e+00, -0e+00, -0e+00, -0e+00, -0e+00, -0e+00, -0e+00, -0e+00, -0e+00, 0e+00, 0e+00, 0e+00, -0e+00, -0e+00, -0e+00, -0e+00, -0e+00, -0e+00, -6.739421844482422e+01, -2.024004364013672e+02, -4.01917724609375e+02, -6.274080200195312e+02, -7.908654174804697e+02, -8.243181762695318e+02, -5.769585571289091e+02, -3.572056274414062e+02, -1.402326202392578e+02, -2.302560043334961e+01, -8.212319946289062e+01, -1.35e+02, -0e+00, -0e+00, -0e+00, -0e+00, -0e+00, -0e+00, -0e+00, -0e+00, -0e+00, -1.188000030517578e+02, -0e+00, -0e+00, -0e+00, -0e+00, -0e+00, -0e+00, -0e+00, -0e+00, -0e+00, -0e+00, -0e+00, -0e+00, -0e+00, -0e+00, -0e+00]
sen.S[1, 2]=[0e+00, 0e+00, 0e+00, 0e+00, 0e+00, 0e+00, 0e+00, 0e+00, 0e+00, 0e+00, 0e+00, 0e+00, 0e+00, 0e+00, 0e+00, 0e+00, 0e+00, 0e+00, 0e+00, 0e+00, 0e+00, 0e+00, 0e+00, 0e+00, 0e+00, 0e+00, 0e+00, 0e+00, 0e+00, 0e+00, 0e+00, 0e+00, 0e+00, 0e+00, 0e+00, 0e+00, 0e+00, 0e+00, 0e+00, 0e+00, 0e+00, 0e+00, 0e+00, 0e+00, 0e+00, 0e+00, 0e+00, 0e+00, 0e+00, 0e+00, 0e+00, 0e+00, 0e+00, 0e+00, 0e+00, 0e+00, 0e+00, 0e+00, 0e+00, 0e+00, 0e+00, 0e+00, 0e+00, 0e+00, 3.264050674438477e+01, 9.802700805664062e+01, 1.946576385498047e+02, 3.038675537109375e+02, 3.83033599853516e+02, 3.99235534667969e+02, 2.794338073730482e+02, 1.730025787353516e+02, 6.791776275634766e+01, 1.115180683135986e+01, 3.977408218383789e+01, 6.538348388671875e+01, 0e+00, 0e+00, 0e+00, 0e+00, 0e+00, 0e+00, 0e+00, 0e+00, 0e+00, 5.753746795654297e+01, 0e+00, 0e+00, 0e+00, 0e+00, 0e+00, 0e+00, 0e+00, 0e+00, 0e+00, 0e+00, 0e+00, 0e+00, 0e+00, 0e+00, 0e+00]
sen.S[2, 1]=[-0e+00, -0e+00, -0e+00, -0e+00, -0e+00, -0e+00, -0e+00, 0e+00, -0e+00, -0e+00, -0e+00, -0e+00, -0e+00, -0e+00, 0e+00, -0e+00, -0e+00, 0e+00, -0e+00, -0e+00, -0e+00, -0e+00, -0e+00, -0e+00, -0e+00, -0e+00, -0e+00, -0e+00, 0e+00, -0e+00, -0e+00, -0e+00, -0e+00, -0e+00, 0e+00, 0e+00, -0e+00, -0e+00, -0e+00, -0e+00, -0e+00, -0e+00, -0e+00, -0e+00, -0e+00, -0e+00, -0e+00, -0e+00, -0e+00, -0e+00, -0e+00, -0e+00, -0e+00, -0e+00, -0e+00, 0e+00, 0e+00, 0e+00, -0e+00, -0e+00, -0e+00, -0e+00, -0e+00, -0e+00, -3.369710922241211e+01, -1.012002182006836e+02, -2.009588623046875e+02, -3.137040100097656e+02, -3.954327087402348e+02, -4.121590881347659e+02, -2.884792785644545e+02, -1.786028137207031e+02, -7.011631011962891e+01, -1.15128002166748e+01, -4.106159973144531e+01, -6.75e+01, -0e+00, -0e+00, -0e+00, -0e+00, -0e+00, -0e+00, -0e+00, -0e+00, -0e+00, -5.940000152587891e+01, -0e+00, -0e+00, -0e+00, -0e+00, -0e+00, -0e+00, -0e+00, -0e+00, -0e+00, -0e+00, -0e+00, -0e+00, -0e+00, -0e+00, -0e+00]
sen.S[2, 2]=[0e+00, 0e+00, 0e+00, 0e+00, 0e+00, 0e+00, 0e+00, 0e+00, 0e+00, 0e+00, 0e+00, 0e+00, 0e+00, 0e+00, 0e+00, 0e+00, 0e+00, 0e+00, 0e+00, 0e+00, 0e+00, 0e+00, 0e+00, 0e+00, 0e+00, 0e+00, 0e+00, 0e+00, 0e+00, 0e+00, 0e+00, 0e+00, 0e+00, 0e+00, 0e+00, 0e+00, 0e+00, 0e+00, 0e+00, 0e+00, 0e+00, 0e+00, 0e+00, 0e+00, 0e+00, 0e+00, 0e+00, 0e+00, 0e+00, 0e+00, 0e+00, 0e+00, 0e+00, 0e+00, 0e+00, 0e+00, 0e+00, 0e+00, 0e+00, 0e+00, 0e+00, 0e+00, 0e+00, 0e+00, 1.632025337219238e+01, 4.901350402832031e+01, 9.732881927490234e+01, 1.519337768554688e+02, 1.91516799926758e+02, 1.996177673339845e+02, 1.397169036865241e+02, 8.650128936767578e+01, 3.395888137817383e+01, 5.575903415679932e+00, 1.988704109191895e+01, 3.269174194335938e+01, 0e+00, 0e+00, 0e+00, 0e+00, 0e+00, 0e+00, 0e+00, 0e+00, 0e+00, 2.876873397827148e+01, 0e+00, 0e+00, 0e+00, 0e+00, 0e+00, 0e+00, 0e+00, 0e+00, 0e+00, 0e+00, 0e+00, 0e+00, 0e+00, 0e+00, 0e+00]
sen.S[3, 1]=[-0e+00, -0e+00, -0e+00, -0e+00, -0e+00, -0e+00, -0e+00, 0e+00, -0e+00, -0e+00, -0e+00, -0e+00, -0e+00, -0e+00, 0e+00, -0e+00, -0e+00, 0e+00, -0e+00, -0e+00, -0e+00, -0e+00, -0e+00, -0e+00, -0e+00, -0e+00, -0e+00, -0e+00, 0e+00, -0e+00, -0e+00, -0e+00, -0e+00, -0e+00, 0e+00, 0e+00, -0e+00, -0e+00, -0e+00, -0e+00, -0e+00, -0e+00, -0e+00, -0e+00, -0e+00, -0e+00, -0e+00, -0e+00, -0e+00, -0e+00, -0e+00, -0e+00, -0e+00, -0e+00, -0e+00, 0e+00, 0e+00, 0e+00, -0e+00, -0e+00, -0e+00, -0e+00, -0e+00, -0e+00, -3.369710922241211e+01, -1.012002182006836e+02, -2.009588623046875e+02, -3.137040100097656e+02, -3.954327087402348e+02, -4.121590881347659e+02, -2.884792785644545e+02, -1.786028137207031e+02, -7.011631011962891e+01, -1.15128002166748e+01, -4.106159973144531e+01, -6.75e+01, -0e+00, -0e+00, -0e+00, -0e+00, -0e+00, -0e+00, -0e+00, -0e+00, -0e+00, -5.940000152587891e+01, -0e+00, -0e+00, -0e+00, -0e+00, -0e+00, -0e+00, -0e+00, -0e+00, -0e+00, -0e+00, -0e+00, -0e+00, -0e+00, -0e+00, -0e+00]
sen.S[3, 2]=[0e+00, 0e+00, 0e+00, 0e+00, 0e+00, 0e+00, 0e+00, 0e+00, 0e+00, 0e+00, 0e+00, 0e+00, 0e+00, 0e+00, 0e+00, 0e+00, 0e+00, 0e+00, 0e+00, 0e+00, 0e+00, 0e+00, 0e+00, 0e+00, 0e+00, 0e+00, 0e+00, 0e+00, 0e+00, 0e+00, 0e+00, 0e+00, 0e+00, 0e+00, 0e+00, 0e+00, 0e+00, 0e+00, 0e+00, 0e+00, 0e+00, 0e+00, 0e+00, 0e+00, 0e+00, 0e+00, 0e+00, 0e+00, 0e+00, 0e+00, 0e+00, 0e+00, 0e+00, 0e+00, 0e+00, 0e+00, 0e+00, 0e+00, 0e+00, 0e+00, 0e+00, 0e+00, 0e+00, 0e+00, 1.632025337219238e+01, 4.901350402832031e+01, 9.732881927490234e+01, 1.519337768554688e+02, 1.91516799926758e+02, 1.996177673339845e+02, 1.397169036865241e+02, 8.650128936767578e+01, 3.395888137817383e+01, 5.575903415679932e+00, 1.988704109191895e+01, 3.269174194335938e+01, 0e+00, 0e+00, 0e+00, 0e+00, 0e+00, 0e+00, 0e+00, 0e+00, 0e+00, 2.876873397827148e+01, 0e+00, 0e+00, 0e+00, 0e+00, 0e+00, 0e+00, 0e+00, 0e+00, 0e+00, 0e+00, 0e+00, 0e+00, 0e+00, 0e+00, 0e+00]
