last-generated=2026-07-06
statistics-initialization=
{
  "nonlinear": "0, 1, 1, 16, 16, 16, 16, 1, 1, 1, 1, 1, 1, 2, 1, 1, 1",
  "numerical Jacobians": "0"
}
statistics-simulation=
{
  "linear": "0, 0, 13, 0, 13, 0, 0, 0, 13, 0, 0, 0, 0, 0, 13, 0, 0, 0, 0, 0, 8",
  "nonlinear": "1, 1, 1, 1, 1, 1, 1, 1, 2, 0, 0, 1, 1, 0, 0, 1, 1, 1",
  "number of continuous time states": "209",
  "numerical Jacobians": "0"
}
time=[0e+00, 1.728e+05]
fanSupHot.m_flow=[-0e+00, 3.628914058140253e-09, -3.980099361200473e-09, 9.669300027326244e-08, 6.613988290382622e-08, 1.448053836838881e-07, 4.530289388071651e-08, -7.211003349993907e-08, -2.645595387207322e-08, -4.986830504094542e-08, -1.322797693603661e-08, 6.613988290382622e-08, 1.830874919891357e+00, 1.844290256500244e+00, 1.845104336738586e+00, 1.84506618976593e+00, 1.843632698059082e+00, 1.831241250038147e+00, 1.793630838394165e+00, 1.769660472869873e+00, 1.759257674217224e+00, 1.751884698867798e+00, 1.741747140884399e+00, 1.726542711257935e+00, 1.712503552436829e+00, 1.701333999633789e+00, 1.703307271003723e+00, 1.699009776115417e+00, 1.675762414932251e+00, 1.668806672096252e+00, 1.665530443191528e+00, 1.663494110107422e+00, 1.662555932998657e+00, 1.662224888801575e+00, 1.661875605583191e+00, 1.660575032234192e+00, 1.669239401817322e+00, 1.691801786422729e+00, 1.715398907661438e+00, 1.739931225776672e+00, -3.290605548045278e-07, 1.087503633812048e-07, 3.194614919266314e-07, 1.580333552908542e-08, -4.951711929379599e-08, -3.916885873422871e-07, -1.778167870725156e-07, -1.429323930324244e-07, 2.21949065348781e-07, 5.630669974721059e-08, 3.067017573243902e-08, 3.216856896415266e-07, 2.292069041232025e-07, 1.126133994944212e-07, 1.441030121895892e-07, -3.347965815692284e-08, -1.773485394096367e-07, 3.328065361074574e-07, -5.817968684596053e-08, -1.738366961490101e-07, -1.712496214167913e-06, 5.812115659864503e-07, 1.794065713882446e+00, 1.78938102722168e+00, 1.784664154052734e+00, 1.782458543777466e+00, 1.781976580619812e+00, 1.775106906890869e+00, 1.753045678138733e+00, 1.721956133842468e+00, 1.711083650588989e+00, 1.702464938163757e+00, 1.692017793655396e+00, 1.682217121124268e+00, 1.675109267234802e+00, 1.667193412780762e+00, 1.669059276580811e+00, 1.661443591117859e+00, 1.639228940010071e+00, 1.646060109138489e+00, 1.648430824279785e+00, 1.647934317588806e+00, 1.643253326416016e+00, 1.634478330612183e+00, 1.630338907241821e+00, 1.625896215438843e+00, 1.639506936073303e+00, 1.678355097770691e+00, 1.703786015510559e+00, 1.720415234565735e+00, 7.09394143427744e-08, 2.341234939251535e-08, -4.600526537501537e-08, -3.303482571936911e-07, -2.370500311599244e-07, 2.09072283041678e-07, 1.136435457738116e-06, 3.775241168568755e-07, -5.618963960785095e-09, -2.186713459195744e-07, -1.336845087962502e-07]
fanSupCol.m_flow=[-1.170617491830228e-10, 1.311091502032014e-08, -1.709101482560982e-08, 2.681884723187977e-07, 1.835528138371956e-07, 4.010535405996052e-07, 1.272461105372713e-07, -2.02985063424421e-07, -7.129060008992383e-08, -1.398887832237961e-07, -3.628914058140253e-08, 1.819139470171649e-07, 3.021961450576782e-01, 1.738330721855164e-01, 1.66864275932312e-01, 1.675746142864227e-01, 1.814509183168411e-01, 3.020582795143135e-01, 6.459903717041016e-01, 8.420616388320923e-01, 9.190352559089661e-01, 9.693330526351929e-01, 1.0453280210495e+00, 1.169581532478333e+00, 1.285569429397583e+00, 1.377737522125244e+00, 1.362380385398865e+00, 1.397192716598511e+00, 1.582031726837158e+00, 1.628910660743713e+00, 1.643083453178406e+00, 1.6490079164505e+00, 1.648713350296021e+00, 1.643725633621216e+00, 1.6387859582901e+00, 1.64148211479187e+00, 1.570792317390442e+00, 1.413833737373352e+00, 1.246086120605469e+00, 1.058322191238403e+00, -9.101550517698342e-07, 3.003804351919825e-07, 8.847526942190598e-07, 4.038630052605185e-08, -1.33801577817394e-07, -1.083874735741119e-06, -4.872109684583847e-07, -3.942639636989043e-07, 6.138718049442105e-07, 1.568627396864031e-07, 8.475270618646391e-08, 8.872109447111143e-07, 6.354111405926233e-07, 3.081065074184153e-07, 3.939127850571822e-07, -1.010242840493498e-07, -4.96927100357389e-07, 9.205735409523249e-07, -1.63418192755671e-07, -4.794849246536614e-07, -4.73608406537096e-06, 1.609716036909958e-06, 6.354582905769348e-01, 6.75329864025116e-01, 7.143721580505371e-01, 7.319895029067993e-01, 7.357749342918396e-01, 7.905234694480896e-01, 9.551231265068071e-01, 1.195188760757445e+00, 1.284539461135864e+00, 1.353416919708252e+00, 1.43067729473114e+00, 1.48957085609436e+00, 1.515622019767761e+00, 1.544325709342957e+00, 1.515231490135193e+00, 1.549866914749146e+00, 1.651014447212219e+00, 1.594451665878296e+00, 1.587265729904175e+00, 1.595795869827271e+00, 1.622902989387512e+00, 1.660627841949463e+00, 1.661345601081848e+00, 1.650619029998779e+00, 1.549416899681091e+00, 1.374682068824768e+00, 1.262857794761658e+00, 1.17364490032196e+00, 1.913959550847721e-07, 6.930055462817108e-08, -1.295873488516008e-07, -9.128474971475953e-07, -6.563652164004452e-07, 5.80743289901875e-07, 3.146736844428233e-06, 1.044190753418661e-06, -2.083699079946655e-08, -6.041556730451703e-07, -3.694468659887207e-07]
fanRet.m_flow=[-1.951029095226264e-11, -4.086820695192728e-07, -4.611062252024567e-07, 3.055311381672254e-08, -4.651253249221554e-08, 3.783240458687942e-07, 2.370500418180654e-08, -5.100575322103392e-07, -3.39771702329017e-07, -4.59272257558041e-07, -3.415861726807634e-07, 6.06965144811511e-08, 2.982991695404053e+00, 2.872148275375366e+00, 2.865395545959473e+00, 2.865712881088257e+00, 2.878296852111816e+00, 2.982264518737793e+00, 3.274854421615601e+00, 3.437691450119019e+00, 3.497063159942627e+00, 3.536685466766357e+00, 3.597977876663208e+00, 3.700501203536987e+00, 3.797921657562256e+00, 3.875244140625e+00, 3.863524913787842e+00, 3.893522024154663e+00, 4.04647159576416e+00, 4.084167003631592e+00, 4.09553861618042e+00, 4.100600719451904e+00, 4.101443290710449e+00, 4.097501277923584e+00, 4.093149185180664e+00, 4.094712734222412e+00, 4.03642749786377e+00, 3.909746885299683e+00, 3.77350902557373e+00, 3.61831521987915e+00, -1.774812176336127e-06, 6.454003909084349e-08, 1.22485607789713e-06, 4.834650013663122e-08, -2.165447199331538e-07, -1.889357008622028e-06, -1.109842855839815e-06, -1.042903136294626e-06, 5.204370268074854e-07, -1.662471902363905e-07, -2.493610224973963e-07, 1.073690327757504e-06, 7.837088560336269e-07, 6.967125187884449e-08, 1.809969631949571e-07, -5.820114665766684e-07, -1.265398395844328e-06, 1.212096321978614e-06, -4.382011411507847e-07, -9.619353704692912e-07, -8.647331924294122e-06, 1.994127387661138e-06, 3.264999866485596e+00, 3.298870086669922e+00, 3.331856727600098e+00, 3.346845865249634e+00, 3.349970102310181e+00, 3.395120620727539e+00, 3.529008626937868e+00, 3.726175785064696e+00, 3.800812005996704e+00, 3.85790753364563e+00, 3.920775413513184e+00, 3.9666588306427e+00, 3.986330032348633e+00, 4.007917881011963e+00, 3.983424663543701e+00, 4.009308815002441e+00, 4.083429336547852e+00, 4.034530162811279e+00, 4.030613899230957e+00, 4.038726806640625e+00, 4.058903217315674e+00, 4.083914279937744e+00, 4.076751708984375e+00, 4.047686100006104e+00, 3.967282056808472e+00, 3.856316089630127e+00, 3.775655031204224e+00, 3.706582069396973e+00, -8.41869081114055e-08, -2.461613348714309e-07, -5.732123327106819e-07, -1.960842837434029e-06, -1.86442287031241e-06, 3.344063870258651e-08, 4.472129148780368e-06, 1.625499862711877e-06, -3.44941959440348e-08, -1.039722860696202e-06, -8.110232556646224e-07]
fanSupHot.dp=[0e+00, 2.473825588822365e-10, -3.346940502524376e-10, 5.456968210637569e-09, 3.725290298461914e-09, 8.13452061265707e-09, 2.561137080192566e-09, -4.118192009627814e-09, -1.455191522836685e-09, -2.823071554303169e-09, -7.275957614183426e-10, 3.710738383233547e-09, 1.042824935913086e+01, 1.48471508026123e+01, 1.510667705535889e+01, 1.509473037719727e+01, 1.463758945465088e+01, 1.055360889434812e+01, -3.175778388977051e+00, -1.255156803131104e+01, -1.637542152404785e+01, -1.891537666320801e+01, -2.287913513183594e+01, -2.96511058807373e+01, -3.624211120605469e+01, -4.165029907226562e+01, -4.079177474975586e+01, -4.287611770629883e+01, -5.410226440429689e+01, -5.696847534179688e+01, -5.775712203979492e+01, -5.804388046264648e+01, -5.796982955932617e+01, -5.759042358398438e+01, -5.720845031738281e+01, -5.730284118652344e+01, -5.28736686706543e+01, -4.359011077880859e+01, -3.406862258911133e+01, -2.381235504150391e+01, -1.853914000093937e-08, 6.111804395914078e-09, 1.801527105271816e-08, 8.440110832452774e-10, -2.721208147704601e-09, -2.204615157097578e-08, -9.968061931431293e-09, -8.047209121286869e-09, 1.248554326593876e-08, 3.186869435012341e-09, 1.731677912175655e-09, 1.808803062886e-08, 1.293665263801813e-08, 6.300979293882847e-09, 7.989001460373402e-09, -2.037268131971466e-09, -1.011358108371423e-08, 1.868465915322317e-08, -3.346940502524376e-09, -9.749783203005791e-09, -9.640643838793039e-08, 3.278546500951052e-08, -2.999458789825439e+00, -4.783089160919189e+00, -6.595501899719238e+00, -7.428127288818359e+00, -7.602939128875732e+00, -1.024551773071289e+01, -1.842712020874032e+01, -3.124536132812494e+01, -3.632349014282222e+01, -4.031258010864258e+01, -4.482258224487305e+01, -4.817444229125977e+01, -4.947231674194336e+01, -5.090329742431641e+01, -4.899672698974609e+01, -5.085216903686523e+01, -5.63433837890625e+01, -5.274407577514648e+01, -5.240422821044922e+01, -5.297121429443359e+01, -5.454669952392578e+01, -5.657349014282227e+01, -5.624939727783203e+01, -5.492898559570312e+01, -4.878546524047852e+01, -3.988095474243164e+01, -3.432966232299805e+01, -2.97590446472168e+01, 3.943569026887417e-09, 1.426087692379951e-09, -2.6338966563344e-09, -1.858279574662447e-08, -1.337321009486914e-08, 1.175794750452042e-08, 6.410118658095598e-08, 2.126034814864397e-08, -4.365574568510056e-10, -1.229636836796999e-08, -7.523340173065662e-09]
fanSupCol.dp=[1.455191522836685e-11, -5.820766091346741e-11, 2.037268131971359e-10, 2.415617927908897e-09, 1.702574081718922e-09, 3.725290298461914e-09, 3.637978807091713e-10, -1.717125996947286e-09, -7.130438461899757e-10, -1.207808963954449e-09, -3.055902197957039e-10, 1.833541318774223e-09, -2.664040756225586e+01, -2.672568511962891e+01, -2.673087310791016e+01, -2.67303409576416e+01, -2.672009658813477e+01, -2.664048767089844e+01, -2.643865776062012e+01, -2.627795791625977e+01, -2.619424819946289e+01, -2.613142013549805e+01, -2.602256202697754e+01, -3.39984016418457e+01, -4.208445739746094e+01, -4.873430252075195e+01, -4.774680328369141e+01, -5.034379577636719e+01, -6.408985900878908e+01, -6.762117767333984e+01, -6.860300445556641e+01, -6.89765625e+01, -6.890365600585938e+01, -6.845584869384766e+01, -6.800774383544922e+01, -6.814451599121094e+01, -6.276424026489258e+01, -5.139854431152344e+01, -3.973074340820312e+01, -2.713163185119629e+01, -8.658389560878277e-09, 2.983142621815205e-09, 8.280039764940739e-09, 2.037268131971359e-10, -4.94765117764473e-10, -1.0273652151227e-08, -4.962203092873096e-09, -3.798049874603748e-09, 5.73345459997654e-09, 1.236912794411182e-09, 8.149072527885437e-10, 8.425558917224407e-09, 6.199115887284279e-09, 3.230525180697441e-09, 2.924934960901737e-09, -7.421476766467775e-10, -4.49654180556502e-09, 8.352799341082637e-09, -1.877197064459324e-09, -4.423782229423523e-09, -4.403409548103809e-08, 1.507578417658806e-08, -2.644570350646973e+01, -2.64183464050293e+01, -2.638958358764648e+01, -2.637587928771973e+01, -2.637287330627441e+01, -2.632665252685547e+01, -2.61498737335205e+01, -3.626529693603509e+01, -4.25330200195312e+01, -4.745272445678711e+01, -5.301010131835938e+01, -5.716598129272461e+01, -5.880825042724609e+01, -6.062798309326172e+01, -5.834639739990234e+01, -6.06932373046875e+01, -6.755625152587891e+01, -6.313503265380859e+01, -6.267240905761719e+01, -6.334427261352539e+01, -6.530136871337891e+01, -6.787505340576172e+01, -6.759198760986328e+01, -6.618275451660156e+01, -5.864363861083984e+01, -4.732309341430664e+01, -4.034267807006836e+01, -3.470602798461914e+01, 1.789885573089123e-09, 6.548361852765083e-10, -1.047737896442413e-09, -8.702045306563377e-09, -6.257323548197746e-09, 5.515175871551037e-09, 2.977321855723858e-08, 9.822542779147625e-09, -4.802132025361061e-10, -5.617039278149605e-09, -3.463355824351311e-09]
fanRet.dp=[0e+00, -6.693881005048752e-10, -7.566995918750763e-10, 2.91038304567337e-11, -8.731149137020111e-11, 5.966285243630409e-10, 2.91038304567337e-11, -8.149072527885432e-10, -5.529727786779404e-10, -7.421476766467094e-10, -5.529727786779404e-10, 8.731149137020111e-11, -1.103134384155273e+02, -1.103697204589844e+02, -1.103731002807617e+02, -1.103729400634766e+02, -1.103666458129883e+02, -1.103138122558594e+02, -1.101561584472656e+02, -1.100614471435547e+02, -1.100254669189453e+02, -1.100009994506836e+02, -1.099623947143555e+02, -1.098956756591797e+02, -1.098296356201172e+02, -1.097752685546875e+02, -1.097836227416992e+02, -1.097621612548828e+02, -1.09648323059082e+02, -1.096190948486328e+02, -1.096101837158203e+02, -1.096062088012695e+02, -1.096055450439453e+02, -1.09608642578125e+02, -1.09612060546875e+02, -1.0961083984375e+02, -1.096560363769531e+02, -1.097504348754883e+02, -1.09846435546875e+02, -1.099493789672852e+02, -2.837623469531536e-09, 8.731149137020111e-11, 1.935404725372791e-09, 7.275957614183426e-11, -3.492459654808044e-10, -3.012246452271938e-09, -1.775333657860756e-09, -1.673470251262188e-09, 8.149072527885437e-10, -2.764863893389702e-10, -4.074536263942719e-10, 1.688022166490555e-09, 1.236912794411182e-09, 8.731149137020111e-11, 2.619344741106033e-10, -9.458744898438594e-10, -2.037268131971267e-09, 1.920852810144437e-09, -6.984919309616089e-10, -1.542503014206886e-09, -1.379521563649178e-08, 3.14321368932724e-09, -1.101617202758789e+02, -1.101425399780273e+02, -1.101236343383789e+02, -1.101149749755859e+02, -1.101131591796875e+02, -1.100867538452148e+02, -1.100057754516602e+02, -1.09878532409668e+02, -1.0982763671875e+02, -1.097876129150391e+02, -1.097424163818359e+02, -1.097086639404297e+02, -1.096939849853516e+02, -1.09677734375e+02, -1.09696159362793e+02, -1.096766815185547e+02, -1.096196746826172e+02, -1.096574859619141e+02, -1.096604843139648e+02, -1.096542739868164e+02, -1.096387405395508e+02, -1.096193008422852e+02, -1.09624885559082e+02, -1.096473922729492e+02, -1.097081985473633e+02, -1.097887420654297e+02, -1.098449630737305e+02, -1.098916320800781e+02, -1.455191522836685e-10, -4.074536263942719e-10, -9.313225746154785e-10, -3.14321368932724e-09, -2.997694537043571e-09, 1.455191522836685e-11, 7.086782716214657e-09, 2.575688995420933e-09, -5.820766091346741e-11, -1.658918336033821e-09, -1.29512045532465e-09]
flo.sou.air.vol.T=[2.931499938964844e+02, 2.923798828125e+02, 2.922748107910156e+02, 2.921969909667969e+02, 2.920619812011719e+02, 2.919625549316406e+02, 2.919017944335938e+02, 2.918100891113281e+02, 2.916726379394531e+02, 2.915941467285156e+02, 2.915895385742188e+02, 2.914867858886719e+02, 2.920345764160156e+02, 2.919969177246094e+02, 2.919709167480469e+02, 2.919549560546875e+02, 2.919833984375e+02, 2.921470031738281e+02, 2.925232238769531e+02, 2.929401550292969e+02, 2.932217102050781e+02, 2.934603881835938e+02, 2.935625e+02, 2.936166687011719e+02, 2.936560363769531e+02, 2.936786804199219e+02, 2.936727905273438e+02, 2.936710205078125e+02, 2.9369189453125e+02, 2.937029724121094e+02, 2.937103881835938e+02, 2.937072448730469e+02, 2.936911926269531e+02, 2.936799621582031e+02, 2.936741638183594e+02, 2.936698913574219e+02, 2.936566772460938e+02, 2.9363037109375e+02, 2.936006469726562e+02, 2.935612182617188e+02, 2.933468627929688e+02, 2.931554260253906e+02, 2.931551818847656e+02, 2.933418273925781e+02, 2.933307189941406e+02, 2.932564086914062e+02, 2.929118041992188e+02, 2.928128051757812e+02, 2.927268676757812e+02, 2.926678466796875e+02, 2.926156616210938e+02, 2.925629577636719e+02, 2.925356750488281e+02, 2.924173278808594e+02, 2.923226928710938e+02, 2.922861328125e+02, 2.922392272949219e+02, 2.922463684082031e+02, 2.923321228027344e+02, 2.922834777832031e+02, 2.92042724609375e+02, 2.920220947265625e+02, 2.929115905761719e+02, 2.929447631835938e+02, 2.929774475097656e+02, 2.929962158203125e+02, 2.92990234375e+02, 2.930465393066406e+02, 2.933173828125e+02, 2.93504150390625e+02, 2.935360107421875e+02, 2.935550537109375e+02, 2.935735778808594e+02, 2.935885314941406e+02, 2.935995178222656e+02, 2.936107482910156e+02, 2.936116943359375e+02, 2.936195068359375e+02, 2.936346435546875e+02, 2.936190490722656e+02, 2.936148986816406e+02, 2.936150207519531e+02, 2.936190185546875e+02, 2.936273498535156e+02, 2.936262512207031e+02, 2.936017150878906e+02, 2.935833129882812e+02, 2.935645751953125e+02, 2.935343017578125e+02, 2.935048828125e+02, 2.929770812988281e+02, 2.9282373046875e+02, 2.927589111328125e+02, 2.927237854003906e+02, 2.92733154296875e+02, 2.928299865722656e+02, 2.929124450683594e+02, 2.929010620117188e+02, 2.928969421386719e+02, 2.928603515625e+02, 2.927739868164062e+02]
flo.eas.air.vol.T=[2.931499938964844e+02, 2.924093627929688e+02, 2.923101501464844e+02, 2.922391357421875e+02, 2.921715393066406e+02, 2.921040344238281e+02, 2.920501403808594e+02, 2.919907836914062e+02, 2.919149475097656e+02, 2.9184814453125e+02, 2.917957763671875e+02, 2.917437438964844e+02, 2.924288330078125e+02, 2.924078674316406e+02, 2.923941955566406e+02, 2.923747253417969e+02, 2.923979187011719e+02, 2.925626525878906e+02, 2.929103698730469e+02, 2.932946472167969e+02, 2.935428466796875e+02, 2.935540161132812e+02, 2.935862121582031e+02, 2.935997314453125e+02, 2.936028747558594e+02, 2.936069030761719e+02, 2.936011352539062e+02, 2.936025085449219e+02, 2.936228942871094e+02, 2.936264953613281e+02, 2.93626220703125e+02, 2.936255798339844e+02, 2.936251831054688e+02, 2.93625732421875e+02, 2.936248474121094e+02, 2.936259765625e+02, 2.936165466308594e+02, 2.935915222167969e+02, 2.935604858398438e+02, 2.935132751464844e+02, 2.931881408691406e+02, 2.93026611328125e+02, 2.929093017578125e+02, 2.929293212890625e+02, 2.929607238769531e+02, 2.928095397949219e+02, 2.928241271972656e+02, 2.927810974121094e+02, 2.927300720214844e+02, 2.926867065429688e+02, 2.926482238769531e+02, 2.926031188964844e+02, 2.925493774414062e+02, 2.925068664550781e+02, 2.924707946777344e+02, 2.924375e+02, 2.923978576660156e+02, 2.923565368652344e+02, 2.922135314941406e+02, 2.922008666992188e+02, 2.922897338867188e+02, 2.922702331542969e+02, 2.930281677246094e+02, 2.930559997558594e+02, 2.930854797363281e+02, 2.931019287109375e+02, 2.931021728515625e+02, 2.931623229980469e+02, 2.934151916503906e+02, 2.935424194335938e+02, 2.935623474121094e+02, 2.935753173828125e+02, 2.935930480957031e+02, 2.936080322265625e+02, 2.936130676269531e+02, 2.936176452636719e+02, 2.936146240234375e+02, 2.936218566894531e+02, 2.936370544433594e+02, 2.936271362304688e+02, 2.936231689453125e+02, 2.936228332519531e+02, 2.936259765625e+02, 2.936310729980469e+02, 2.936282348632812e+02, 2.936369018554688e+02, 2.936213684082031e+02, 2.935833740234375e+02, 2.935583190917969e+02, 2.935361633300781e+02, 2.930254821777344e+02, 2.929033508300781e+02, 2.928766784667969e+02, 2.927801208496094e+02, 2.926990356445312e+02, 2.926862487792969e+02, 2.927271728515625e+02, 2.928939208984375e+02, 2.929282836914062e+02, 2.9289697265625e+02, 2.928184509277344e+02]
flo.nor.air.vol.T=[2.931499938964844e+02, 2.923794860839844e+02, 2.922746276855469e+02, 2.921981811523438e+02, 2.921272583007812e+02, 2.920550842285156e+02, 2.919957275390625e+02, 2.9193212890625e+02, 2.9185302734375e+02, 2.917828063964844e+02, 2.917273559570312e+02, 2.916712341308594e+02, 2.925874633789062e+02, 2.925744323730469e+02, 2.925634155273438e+02, 2.9255419921875e+02, 2.925628662109375e+02, 2.926358337402344e+02, 2.92864013671875e+02, 2.931270446777344e+02, 2.932905883789062e+02, 2.934334716796875e+02, 2.934822998046875e+02, 2.935152587890625e+02, 2.935421447753906e+02, 2.935624694824219e+02, 2.93567626953125e+02, 2.935776672363281e+02, 2.936110534667969e+02, 2.936366577148438e+02, 2.93654541015625e+02, 2.936679992675781e+02, 2.936776123046875e+02, 2.936835327148438e+02, 2.936897583007812e+02, 2.936969299316406e+02, 2.936911010742188e+02, 2.936520690917969e+02, 2.93598388671875e+02, 2.935460205078125e+02, 2.929820556640625e+02, 2.928069152832031e+02, 2.927573547363281e+02, 2.9271728515625e+02, 2.92737060546875e+02, 2.92681640625e+02, 2.926154479980469e+02, 2.92566650390625e+02, 2.925156555175781e+02, 2.924719848632812e+02, 2.924334411621094e+02, 2.923898010253906e+02, 2.923370056152344e+02, 2.922937927246094e+02, 2.922567749023438e+02, 2.922242126464844e+02, 2.921863403320312e+02, 2.921572570800781e+02, 2.921353759765625e+02, 2.921195068359375e+02, 2.920903625488281e+02, 2.92068603515625e+02, 2.931640319824219e+02, 2.932204895019531e+02, 2.932668762207031e+02, 2.93298583984375e+02, 2.93310546875e+02, 2.933724975585938e+02, 2.935066528320312e+02, 2.935733642578125e+02, 2.935868225097656e+02, 2.936029052734375e+02, 2.936343688964844e+02, 2.936760864257812e+02, 2.93710205078125e+02, 2.937380676269531e+02, 2.937455444335938e+02, 2.937643432617188e+02, 2.938009643554688e+02, 2.937889709472656e+02, 2.937808532714844e+02, 2.937794494628906e+02, 2.9378759765625e+02, 2.938046875e+02, 2.938182373046875e+02, 2.938233337402344e+02, 2.938035278320312e+02, 2.937437744140625e+02, 2.936929016113281e+02, 2.936571655273438e+02, 2.931678466796875e+02, 2.930124816894531e+02, 2.929622192382812e+02, 2.929203491210938e+02, 2.928844909667969e+02, 2.92864501953125e+02, 2.928577270507812e+02, 2.927965698242188e+02, 2.928387756347656e+02, 2.92760986328125e+02, 2.925388793945312e+02]
flo.wes.air.vol.T=[2.931499938964844e+02, 2.920982055664062e+02, 2.919955444335938e+02, 2.919284973144531e+02, 2.918799743652344e+02, 2.918476257324219e+02, 2.918507995605469e+02, 2.917949829101562e+02, 2.916956787109375e+02, 2.916235961914062e+02, 2.915435485839844e+02, 2.915193786621094e+02, 2.925288696289062e+02, 2.925213317871094e+02, 2.925219421386719e+02, 2.925270690917969e+02, 2.925328063964844e+02, 2.925960998535156e+02, 2.928010864257812e+02, 2.930428771972656e+02, 2.931643981933594e+02, 2.93258056640625e+02, 2.933706359863281e+02, 2.934481811523438e+02, 2.934906616210938e+02, 2.935200500488281e+02, 2.93527587890625e+02, 2.9354638671875e+02, 2.935846862792969e+02, 2.935990295410156e+02, 2.936086120605469e+02, 2.936152648925781e+02, 2.936224060058594e+02, 2.936307373046875e+02, 2.936355590820312e+02, 2.936407165527344e+02, 2.936328430175781e+02, 2.935938110351562e+02, 2.935678405761719e+02, 2.935324096679688e+02, 2.930910034179688e+02, 2.929317321777344e+02, 2.928831481933594e+02, 2.928589172363281e+02, 2.928632202148438e+02, 2.928112182617188e+02, 2.927469787597656e+02, 2.926988220214844e+02, 2.926478576660156e+02, 2.926049194335938e+02, 2.925669250488281e+02, 2.925257568359375e+02, 2.924774780273438e+02, 2.924344787597656e+02, 2.923882446289062e+02, 2.923631896972656e+02, 2.923288269042969e+02, 2.923034362792969e+02, 2.92278564453125e+02, 2.922626953125e+02, 2.922341003417969e+02, 2.922046813964844e+02, 2.930845336914062e+02, 2.931281127929688e+02, 2.931707153320312e+02, 2.931997375488281e+02, 2.932099914550781e+02, 2.93276123046875e+02, 2.934778442382812e+02, 2.935667114257812e+02, 2.935853576660156e+02, 2.935982971191406e+02, 2.936107177734375e+02, 2.936236877441406e+02, 2.936415710449219e+02, 2.936636962890625e+02, 2.936671447753906e+02, 2.93688232421875e+02, 2.937388916015625e+02, 2.937426452636719e+02, 2.937409973144531e+02, 2.937389831542969e+02, 2.937459106445312e+02, 2.93763916015625e+02, 2.937769165039062e+02, 2.938293762207031e+02, 2.938218078613281e+02, 2.937124938964844e+02, 2.936383361816406e+02, 2.93586669921875e+02, 2.932481994628906e+02, 2.931116943359375e+02, 2.930639038085938e+02, 2.930209655761719e+02, 2.929839172363281e+02, 2.929652709960938e+02, 2.929618530273438e+02, 2.929505310058594e+02, 2.929467163085938e+02, 2.929085083007812e+02, 2.927333679199219e+02]
flo.cor.air.vol.T=[2.931499938964844e+02, 2.928847045898438e+02, 2.928187866210938e+02, 2.927740478515625e+02, 2.927292175292969e+02, 2.926866149902344e+02, 2.926579895019531e+02, 2.926191101074219e+02, 2.925611267089844e+02, 2.925127563476562e+02, 2.924782104492188e+02, 2.924395141601562e+02, 2.935566101074219e+02, 2.93510986328125e+02, 2.935079956054688e+02, 2.9350830078125e+02, 2.935140991210938e+02, 2.935564575195312e+02, 2.936703796386719e+02, 2.938445434570312e+02, 2.939426574707031e+02, 2.940130310058594e+02, 2.940796813964844e+02, 2.941060485839844e+02, 2.941206970214844e+02, 2.941336975097656e+02, 2.941122436523438e+02, 2.941214294433594e+02, 2.941982421875e+02, 2.942139282226562e+02, 2.942271118164062e+02, 2.942400512695312e+02, 2.94252197265625e+02, 2.942643127441406e+02, 2.942760009765625e+02, 2.942869567871094e+02, 2.942602233886719e+02, 2.941885375976562e+02, 2.941110229492188e+02, 2.940261840820312e+02, 2.93807861328125e+02, 2.936558532714844e+02, 2.936110229492188e+02, 2.93597412109375e+02, 2.935968933105469e+02, 2.935553283691406e+02, 2.934959411621094e+02, 2.934565734863281e+02, 2.934155883789062e+02, 2.933798522949219e+02, 2.933473510742188e+02, 2.933154296875e+02, 2.932828369140625e+02, 2.932440185546875e+02, 2.932049865722656e+02, 2.931780700683594e+02, 2.931479797363281e+02, 2.931255493164062e+02, 2.931021118164062e+02, 2.930833740234375e+02, 2.930455017089844e+02, 2.930204772949219e+02, 2.936665954589844e+02, 2.936846313476562e+02, 2.937053527832031e+02, 2.937159118652344e+02, 2.937182006835938e+02, 2.937597351074219e+02, 2.939925537109375e+02, 2.941868286132812e+02, 2.9420458984375e+02, 2.942179260253906e+02, 2.942325744628906e+02, 2.942453918457031e+02, 2.942544555664062e+02, 2.942646484375e+02, 2.942380065917969e+02, 2.942448425292969e+02, 2.94322265625e+02, 2.943282165527344e+02, 2.943398742675781e+02, 2.943515625e+02, 2.943643493652344e+02, 2.943777465820312e+02, 2.943834533691406e+02, 2.943887939453125e+02, 2.943528137207031e+02, 2.942667236328125e+02, 2.94186279296875e+02, 2.941075439453125e+02, 2.939317932128906e+02, 2.93800537109375e+02, 2.937576293945312e+02, 2.937152709960938e+02, 2.936812438964844e+02, 2.936720581054688e+02, 2.936768798828125e+02, 2.936767272949219e+02, 2.936779174804688e+02, 2.93650146484375e+02, 2.935673828125e+02]
cor.vavHot.m_flow=[0e+00, -3.579443870211502e-13, -2.740560870687775e-13, -1.970636327730535e-12, -1.653653884832462e-12, -2.641686565676982e-12, -1.093692519361922e-12, 5.779500684456582e-13, -6.981375655530642e-14, 2.201088297086942e-13, -4.989083148346229e-13, -1.349483242166216e-12, 5.72787344455719e-01, 5.77157199382782e-01, 5.774226188659668e-01, 5.774096846580505e-01, 5.769402384757996e-01, 5.72902500629425e-01, 5.606428384780884e-01, 5.52233099937439e-01, 5.485246181488037e-01, 5.459256172180176e-01, 5.423054099082947e-01, 5.374138355255127e-01, 5.32969057559967e-01, 5.294057726860046e-01, 5.302698016166687e-01, 5.288496613502502e-01, 5.208677649497986e-01, 5.188964009284973e-01, 5.181635022163391e-01, 5.177092552185059e-01, 5.174607038497925e-01, 5.173981189727783e-01, 5.173457264900208e-01, 5.170281529426575e-01, 5.201550722122192e-01, 5.271440744400024e-01, 5.344429016113281e-01, 5.424043536186218e-01, 5.036266976371495e-12, -9.156398512663588e-13, -4.618193414490657e-12, -1.182862943878427e-13, 6.884603564322189e-13, 4.988493125523963e-12, 2.838712121269737e-12, 2.557058297741888e-12, -2.482890846047803e-12, -1.203682065045036e-13, 2.407880481374719e-13, -3.934656420123694e-12, -2.812899435947203e-12, -9.766315360593136e-13, -1.336494066458971e-12, 1.176556681942192e-12, 3.156545337612377e-12, -4.335249607218009e-12, 2.350902675654631e-13, 1.960218012214687e-12, 2.483398556241134e-11, -7.351224663720846e-12, 5.608049631118774e-01, 5.592893958091736e-01, 5.577518939971924e-01, 5.570432543754578e-01, 5.568942427635193e-01, 5.546078681945801e-01, 5.464962124824523e-01, 5.350004434585571e-01, 5.314431190490723e-01, 5.287029147148132e-01, 5.256387591362e-01, 5.232992768287659e-01, 5.222386717796326e-01, 5.210722684860229e-01, 5.227010846138e-01, 5.213914513587952e-01, 5.163038372993469e-01, 5.182716250419617e-01, 5.182288885116577e-01, 5.176144242286682e-01, 5.163396596908569e-01, 5.147370100021362e-01, 5.146926641464233e-01, 5.152879953384399e-01, 5.199325084686279e-01, 5.275540947914124e-01, 5.327984094619751e-01, 5.371535420417786e-01, -2.06177696443488e-12, -1.257095014021992e-12, -1.327606915461216e-13, 3.288603981146943e-12, 1.712939360666577e-12, -4.254006868986693e-12, -1.631648115230089e-11, -4.963125830453885e-12, 1.077758013585429e-13, 3.530231662551842e-12, 3.253624366456043e-12]
sou.vavHot.m_flow=[0e+00, 2.997067871657322e-12, 2.446901622293884e-12, -7.675320340232161e-13, -3.012939507260337e-12, -4.2310651510169e-12, -3.38866066283694e-12, -3.531198337208832e-12, -5.882881855268085e-12, -5.613799789611074e-12, -4.217704310804926e-12, -6.750021548651564e-12, 3.228046894073486e-01, 3.251332640647888e-01, 3.252744078636169e-01, 3.252679109573364e-01, 3.250197470188141e-01, 3.228690326213837e-01, 3.163429200649261e-01, 3.12379390001297e-01, 3.107645511627197e-01, 3.093246221542358e-01, 3.075444996356964e-01, 3.04838091135025e-01, 3.023187518119812e-01, 3.003402054309845e-01, 3.0064857006073e-01, 2.999364733695984e-01, 2.961173057556152e-01, 2.950311005115509e-01, 2.945389449596405e-01, 2.94417142868042e-01, 2.947601974010468e-01, 2.950194776058197e-01, 2.951694428920746e-01, 2.951571345329285e-01, 2.966373264789581e-01, 2.998319864273071e-01, 3.032664954662323e-01, 3.071631491184235e-01, -6.744457423102368e-12, -1.192371201774733e-11, -9.753285852565075e-12, 3.050844082572168e-13, 3.376922493806417e-13, 2.853079968459515e-12, -8.86461563875951e-12, -9.834277489573218e-12, -1.302381640033712e-11, -1.141613800020869e-11, -1.096737804739956e-11, -1.228707500328108e-11, -9.427703409614629e-12, -1.179049739785665e-11, -1.381975957281956e-11, -1.16289399984537e-11, -1.007684213849568e-11, -1.148426232583383e-11, -3.505636969949877e-12, -5.042516317693702e-12, -2.376012797969396e-12, -1.882952821441464e-11, 3.164205253124237e-01, 3.156348466873169e-01, 3.148499131202698e-01, 3.14493864774704e-01, 3.144194483757019e-01, 3.13309371471405e-01, 3.098055720329284e-01, 3.046277761459351e-01, 3.027165830135345e-01, 3.012590408325195e-01, 2.996423244476318e-01, 2.984427511692047e-01, 2.979495823383331e-01, 2.974152863025665e-01, 2.980220913887024e-01, 2.973632514476776e-01, 2.955294847488403e-01, 2.967950701713562e-01, 2.969470620155334e-01, 2.967706620693207e-01, 2.96242356300354e-01, 2.955507040023804e-01, 2.956589758396149e-01, 2.962231934070587e-01, 2.983434200286865e-01, 3.013638854026794e-01, 3.033725023269653e-01, 3.050845563411713e-01, -1.225475710492363e-11, -1.259666763259171e-11, -1.277517761716362e-11, -1.02125963935551e-11, -8.361959562275256e-12, -5.23657419509993e-12, -5.013371228573815e-12, -1.846729800331071e-12, 6.144280776439887e-14, 2.58555416660089e-12, 6.453490086072433e-12]
eas.vavHot.m_flow=[0e+00, 1.467564459713133e-12, 1.547550065525427e-12, 7.727273139933322e-13, 1.305453466680928e-12, 9.875073848919502e-13, 1.447443618955713e-12, 2.719179048593646e-12, 3.63002705151827e-12, 3.680521599297437e-12, 2.442105328723243e-12, 3.197941260760229e-12, 2.298612743616104e-01, 2.315197139978409e-01, 2.31620267033577e-01, 2.316156178712845e-01, 2.314388602972031e-01, 2.299070805311203e-01, 2.252591550350189e-01, 2.222686409950256e-01, 2.207767516374588e-01, 2.20071017742157e-01, 2.189345210790634e-01, 2.171013355255127e-01, 2.153987437486649e-01, 2.140399962663651e-01, 2.142579406499863e-01, 2.137429565191269e-01, 2.110327482223511e-01, 2.103675603866577e-01, 2.101990729570389e-01, 2.101428359746933e-01, 2.10161879658699e-01, 2.102555334568024e-01, 2.103556394577026e-01, 2.103399038314819e-01, 2.113841474056244e-01, 2.136271893978119e-01, 2.160483151674271e-01, 2.188218235969543e-01, 3.552710859874852e-12, 1.721084646327808e-12, -3.860772812558366e-12, -2.726810205584684e-13, 3.161840093132001e-13, -3.850080519153531e-13, 1.286130273461805e-12, 2.986219344719432e-12, 2.278622603102409e-12, 4.263854460478944e-12, 4.978247414993975e-12, 1.438767507910832e-12, -1.299933061584338e-13, 3.015955540863757e-12, 6.256168760127023e-12, 6.648605711118139e-12, 5.305505167141241e-12, -2.173269810640221e-12, -2.787078293847722e-12, -1.903656052237856e-12, 1.44503332910606e-11, 4.523933311295636e-12, 2.253146916627884e-01, 2.247560173273087e-01, 2.241979986429214e-01, 2.239452749490738e-01, 2.238926142454147e-01, 2.230914384126663e-01, 2.204626053571701e-01, 2.168417721986771e-01, 2.155015617609024e-01, 2.144770175218582e-01, 2.13334709405899e-01, 2.125011682510376e-01, 2.121956050395966e-01, 2.118669897317886e-01, 2.123250514268875e-01, 2.118861377239227e-01, 2.106569111347198e-01, 2.115448415279388e-01, 2.116387635469437e-01, 2.11508110165596e-01, 2.111441642045975e-01, 2.106936872005463e-01, 2.108094394207001e-01, 2.111860811710358e-01, 2.126857489347458e-01, 2.147354781627655e-01, 2.160612046718597e-01, 2.172242701053619e-01, -6.251236073923083e-12, -5.330181174906246e-12, -4.514520701714986e-12, -4.842653621855986e-12, -6.794041457897082e-12, -9.076520784967457e-12, -1.261964057558407e-11, -2.583883194212655e-12, 4.580038944130595e-14, 2.970777270017155e-12, 6.210735051248584e-12]
nor.vavHot.m_flow=[0e+00, 2.184963147910945e-12, 3.014925548799896e-12, 4.700238462329587e-12, 6.874010909097006e-12, 5.481772587939693e-12, 5.051770633757169e-12, 6.853846917093121e-12, 7.706849915189995e-12, 8.274111430728315e-12, 8.236726405097539e-12, 6.90042771187005e-12, 4.436362683773041e-01, 4.468370676040649e-01, 4.470311403274536e-01, 4.470222592353821e-01, 4.466810822486877e-01, 4.437247216701508e-01, 4.347538650035858e-01, 4.293079078197479e-01, 4.269270896911621e-01, 4.251900911331177e-01, 4.229661226272583e-01, 4.19363260269165e-01, 4.159823656082153e-01, 4.132927358150482e-01, 4.136652946472168e-01, 4.126342535018921e-01, 4.06971275806427e-01, 4.044979214668274e-01, 4.028156697750092e-01, 4.014805555343628e-01, 4.004992246627808e-01, 3.999699950218201e-01, 3.994876444339752e-01, 3.986881077289581e-01, 4.005317091941833e-01, 4.075807332992554e-01, 4.153616428375244e-01, 4.221962094306946e-01, 6.523631027738341e-12, 2.373590690316063e-12, 1.409678797303915e-12, -9.528395867458572e-13, 4.441373213214667e-13, 7.03946189534177e-12, 5.577796471228913e-12, 5.056869853414803e-12, 1.705710767942181e-12, 3.00203568601165e-12, 3.182436085491513e-12, -8.320679079553903e-14, -1.087384847962836e-13, 2.73024094651908e-12, 3.906279379822797e-12, 4.888926069535068e-12, 5.872380706706129e-12, -1.77077997447588e-13, 6.210272313761367e-12, 7.766009189891232e-12, 2.373155491564027e-11, -4.101382658516263e-14, 4.348324239253998e-01, 4.336314797401428e-01, 4.324447214603424e-01, 4.318767189979553e-01, 4.317434728145599e-01, 4.300477206707001e-01, 4.251709282398223e-01, 4.183751642704011e-01, 4.158128201961517e-01, 4.135617017745972e-01, 4.101918637752533e-01, 4.057839810848236e-01, 4.012535512447357e-01, 3.964158296585083e-01, 3.953685164451599e-01, 3.914442956447601e-01, 3.816788196563721e-01, 3.844265639781952e-01, 3.865567743778229e-01, 3.869309723377228e-01, 3.851441144943237e-01, 3.809714317321777e-01, 3.779901564121246e-01, 3.767459392547607e-01, 3.821066617965698e-01, 3.963930010795593e-01, 4.06988263130188e-01, 4.134169816970825e-01, 1.18880495725282e-11, 1.157155621323014e-11, 1.201595854066762e-11, 1.815015845951784e-11, 1.843904889886616e-11, 9.246294702114355e-12, -1.046163936729849e-11, -6.355431372145892e-12, 8.136537504952607e-14, -6.861754545638143e-13, -8.260084456701566e-12]
wes.vavHot.m_flow=[0e+00, -5.898071527704607e-12, -5.877973455192809e-12, -6.482476447994268e-12, -5.978322004107639e-12, -5.633327571780145e-12, -3.789391977288004e-12, -3.128865656149006e-12, -3.932763836811404e-12, -4.007502229369519e-12, -5.0017229941135e-12, -4.59743918282407e-12, 2.617851793766022e-01, 2.636431455612183e-01, 2.637558281421661e-01, 2.637506723403931e-01, 2.635526359081268e-01, 2.618365585803986e-01, 2.566306889057159e-01, 2.534712851047516e-01, 2.522644996643066e-01, 2.513729929924011e-01, 2.499962598085403e-01, 2.478256374597549e-01, 2.458340674638748e-01, 2.44254931807518e-01, 2.444655150175095e-01, 2.438462227582932e-01, 2.40773007273674e-01, 2.400134801864624e-01, 2.39813432097435e-01, 2.397442907094955e-01, 2.39673987030983e-01, 2.395817488431931e-01, 2.395171225070953e-01, 2.393618226051331e-01, 2.405311912298203e-01, 2.436186224222183e-01, 2.462819218635559e-01, 2.493465095758438e-01, 6.66154457984458e-12, 4.50605481747135e-12, 2.915857008969902e-12, 3.963779716779914e-13, 3.604704696628241e-13, 3.07222541677532e-12, 7.461808948505677e-12, 6.131625155531006e-12, 2.330303268058276e-12, 2.342893457366046e-12, 1.738003187548576e-12, 1.107418735706023e-12, 2.616821906734068e-12, 2.647509381864532e-12, -6.699761730642739e-13, 1.101687643022294e-12, 4.351107148192695e-12, 3.824942099162045e-12, 2.726781257386679e-12, 5.15802157929901e-12, 1.669164632900344e-11, -3.299139824178288e-12, 2.566931545734406e-01, 2.560690343379974e-01, 2.554194629192352e-01, 2.55099356174469e-01, 2.550268173217773e-01, 2.540497779846191e-01, 2.511094510555267e-01, 2.471104711294174e-01, 2.456091195344925e-01, 2.444629222154617e-01, 2.432096749544144e-01, 2.421911507844925e-01, 2.414707839488983e-01, 2.404228895902634e-01, 2.406423836946487e-01, 2.393586188554764e-01, 2.350595593452454e-01, 2.350222021341324e-01, 2.350593358278275e-01, 2.351100295782089e-01, 2.343830168247223e-01, 2.325265854597092e-01, 2.311879247426987e-01, 2.264545410871506e-01, 2.264382392168045e-01, 2.383109331130981e-01, 2.445653080940247e-01, 2.475364208221436e-01, 6.118681949995874e-12, 6.988531715129698e-12, 7.98258334433477e-12, 8.932961141627782e-12, 6.648551067328645e-12, 1.295858494294866e-12, -5.248945809249728e-12, -9.157421999514415e-13, 4.675288815488877e-14, 1.372929656247301e-12, -1.437598087447589e-12]
cor.vavCol.m_flow=[0e+00, -1.193524120680911e-12, -9.130427533823871e-13, -6.577372327343234e-12, -5.518039150609333e-12, -8.818376584507348e-12, -3.649790539239639e-12, 1.932965940087956e-12, -2.304987255750957e-13, 7.382098404784543e-13, -1.661914963285716e-12, -4.504111927178256e-12, 3.021240830421448e-01, 1.737533062696457e-01, 1.667842268943787e-01, 1.674950569868088e-01, 1.813677400350571e-01, 3.020265102386482e-01, 6.458576321601868e-01, 8.415471911430359e-01, 8.625242710113525e-01, 8.738864064216614e-01, 8.529467582702637e-01, 8.672953844070435e-01, 8.794894814491272e-01, 8.905239701271057e-01, 8.779679536819458e-01, 8.853081464767456e-01, 9.376451373100281e-01, 9.485382437705994e-01, 9.565877914428711e-01, 9.643511176109314e-01, 9.714305400848389e-01, 9.782782793045044e-01, 9.848585724830627e-01, 9.912366271018982e-01, 9.740240573883057e-01, 9.277377128601074e-01, 8.768159151077271e-01, 8.20171058177948e-01, 1.681664182906495e-11, -3.061728821862619e-12, -1.542217395456014e-11, -3.956578717000808e-13, 2.299142430259304e-12, 1.666284644985527e-11, 9.478153505104725e-12, 8.536106717305092e-12, -8.295878740904872e-12, -4.062060204260837e-13, 7.999221402453516e-13, -1.314395814411284e-11, -9.396716044163256e-12, -3.265193887838636e-12, -4.467254691165046e-12, 3.925068169791194e-12, 1.05375890305231e-11, -1.448007859450326e-11, 7.889934365568063e-13, 6.549307103587143e-12, 8.293102315981571e-11, -2.455538203327556e-11, 6.353882551193237e-01, 6.751425862312317e-01, 7.137951254844666e-01, 7.307385802268982e-01, 7.341074347496033e-01, 7.839945554733276e-01, 8.678447604179385e-01, 9.21607971191406e-01, 9.353889226913451e-01, 9.458059072494507e-01, 9.570494294166565e-01, 9.663259983062744e-01, 9.718734622001648e-01, 9.781996011734009e-01, 9.618175625801086e-01, 9.668641090393066e-01, 1.013223886489868e+00, 1.014299035072327e+00, 1.020368814468384e+00, 1.026940703392029e+00, 1.03477144241333e+00, 1.043155670166016e+00, 1.04638934135437e+00, 1.049580574035645e+00, 1.027060627937317e+00, 9.733190536499023e-01, 9.240664839744568e-01, 8.752930164337158e-01, -6.87881262367851e-12, -4.192605464192756e-12, -4.383852222206164e-13, 1.099120620906557e-11, 5.730741402254491e-12, -1.419837598187756e-11, -5.448878848124394e-11, -1.65770661086917e-11, 3.598390032125143e-13, 1.178670095552947e-11, 1.085718494275856e-11]
sou.vavCol.m_flow=[0e+00, 9.990076474397647e-12, 8.156652436808187e-12, -2.563279666648044e-12, -1.004641075191826e-11, -1.411073341506253e-11, -1.129782638970012e-11, -1.176706128369621e-11, -1.960828721614405e-11, -1.871008382947625e-11, -1.405835864387583e-11, -2.250332212239137e-11, 1.90006940101739e-05, 2.051341471087653e-05, 2.060161205008626e-05, 2.059684629784897e-05, 2.043863969447557e-05, 1.903720840346067e-05, 1.447414524591295e-05, 1.143103327194694e-05, 8.65270194481127e-05, 1.947499439120293e-02, 8.003026992082596e-02, 1.468883156776428e-01, 2.083235085010529e-01, 2.4537593126297e-01, 2.36370861530304e-01, 2.342008948326111e-01, 2.689883708953858e-01, 2.795679867267609e-01, 2.789635956287384e-01, 2.721658051013947e-01, 2.627527713775635e-01, 2.510040700435638e-01, 2.417519241571426e-01, 2.349595725536347e-01, 2.131400257349014e-01, 1.702909618616104e-01, 1.2618687748909e-01, 7.871484756469727e-02, -2.246515300174945e-11, -3.975101497966094e-11, -3.252693947519703e-11, 1.016288290502099e-12, 1.128034948436052e-12, 9.529640965233455e-12, -2.953994687748818e-11, -3.277379062582852e-11, -4.342366397014352e-11, -3.805647463828166e-11, -3.655939440072586e-11, -4.097274949876883e-11, -3.143705087915727e-11, -3.930708189492371e-11, -4.607286427371626e-11, -3.87612615615484e-11, -3.35805064310971e-11, -3.829726119564132e-11, -1.168249785105102e-11, -1.67998566447114e-11, -7.835006081424734e-12, -6.279392283925489e-11, 1.454387893318199e-05, 1.396060361003038e-05, 1.337043340754462e-05, 1.309959588979837e-05, 1.304245597566478e-05, 1.218422949023079e-05, 9.910527151078979e-04, 3.506276011466958e-02, 5.666811764240248e-02, 7.3773592710495e-02, 9.367993474006653e-02, 1.12004742026329e-01, 1.26471996307373e-01, 1.423147618770599e-01, 1.434990167617798e-01, 1.552169173955917e-01, 1.789561361074448e-01, 1.544738709926605e-01, 1.482531428337097e-01, 1.484532505273819e-01, 1.545533388853073e-01, 1.674639135599136e-01, 1.658399105072021e-01, 1.299760788679123e-01, 1.054148450493813e-01, 8.327456563711166e-02, 5.52939660847187e-02, 3.55854406952858e-02, -4.085269275644343e-11, -4.198999481452859e-11, -4.258153551983668e-11, -3.402559137222205e-11, -2.786135905319398e-11, -1.746548738967846e-11, -1.67677226270424e-11, -6.174496244154559e-12, 2.051810598594633e-13, 8.629322083286706e-12, 2.151823164098232e-11]
eas.vavCol.m_flow=[0e+00, 4.891716372246169e-12, 5.158673835325978e-12, 2.572314323351366e-12, 4.349155584282283e-12, 3.286548550668345e-12, 4.823153161581661e-12, 9.066480205488505e-12, 1.210098601184262e-11, 1.227020134803025e-11, 8.140814411472519e-12, 1.065744714701111e-11, 1.353272091364488e-05, 1.461011652281741e-05, 1.467293350287946e-05, 1.466953835915774e-05, 1.455685924156569e-05, 1.355872700514737e-05, 1.030880775942933e-05, 4.849682445637882e-04, 5.56660071015358e-02, 5.947683751583099e-02, 7.651766389608383e-02, 8.840284496545792e-02, 9.179668873548508e-02, 9.615029394626617e-02, 9.05047208070755e-02, 9.20628160238266e-02, 1.13995298743248e-01, 1.18153303861618e-01, 1.17860846221447e-01, 1.171369254589081e-01, 1.167097538709641e-01, 1.173114255070686e-01, 1.16326592862606e-01, 1.175982505083084e-01, 1.071500331163406e-01, 8.178634941577911e-02, 5.58735653758049e-02, 2.853194251656532e-02, 1.18540203694617e-11, 5.733086314713143e-12, -1.288054558845619e-11, -9.094372390577865e-13, 1.055646347246364e-12, -1.269537968674739e-12, 4.29330572829234e-12, 9.959090843669749e-12, 7.587553849108808e-12, 1.421074109081433e-11, 1.659305158552282e-11, 4.784530844431645e-12, -4.414436481289807e-13, 1.00492270754815e-11, 2.084889032250015e-11, 2.216328336135387e-11, 1.769132236539815e-11, -7.255935435823589e-12, -9.288163987930531e-12, -6.339402527227866e-12, 4.82283483982382e-11, 1.505919867972327e-11, 1.035847253660904e-05, 9.94302627077559e-06, 9.522621439828072e-06, 9.329600288765505e-06, 9.288828550779726e-06, 1.273111956834327e-05, 6.035411730408935e-03, 4.382836446166023e-02, 5.742456391453733e-02, 6.773514300584793e-02, 8.361354470252991e-02, 9.851885586977005e-02, 1.037376523017883e-01, 1.086227148771286e-01, 1.053116992115974e-01, 1.132055446505547e-01, 1.304632574319839e-01, 1.189654394984245e-01, 1.14562451839447e-01, 1.14188551902771e-01, 1.177756562829018e-01, 1.235934942960739e-01, 1.204369589686394e-01, 1.303501725196838e-01, 1.126120612025261e-01, 7.44980201125145e-02, 5.449086800217628e-02, 4.024894908070564e-02, -2.083992006740587e-11, -1.776813765563823e-11, -1.504674163044228e-11, -1.613049277482403e-11, -2.26383963658483e-11, -3.0262424510763e-11, -4.210568699258843e-11, -8.626273306777676e-12, 1.529933271000525e-13, 9.910295674375735e-12, 2.070715300617199e-11]
nor.vavCol.m_flow=[0e+00, 7.282963294941158e-12, 1.005012479488032e-11, 1.56608389451085e-11, 2.290881026545399e-11, 1.826270384919226e-11, 1.683609675284803e-11, 2.285122611966895e-11, 2.569122345419395e-11, 2.758384839984807e-11, 2.745664980097207e-11, 2.299687350271196e-11, 2.612604657770135e-05, 2.820602821884677e-05, 2.832730024238117e-05, 2.83207482425496e-05, 2.810321529977955e-05, 2.617625614220741e-05, 1.990207238122821e-05, 1.571763823449146e-05, 7.516969926655293e-04, 1.633311249315739e-02, 3.360242769122124e-02, 5.645541474223137e-02, 8.384250849485397e-02, 1.104635298252106e-01, 1.180821284651756e-01, 1.339520812034607e-01, 1.764515340328217e-01, 1.823166757822037e-01, 1.782665401697159e-01, 1.759123206138611e-01, 1.741027981042862e-01, 1.724735498428345e-01, 1.730231940746307e-01, 1.743186265230179e-01, 1.625120043754578e-01, 1.396780461072922e-01, 1.184279471635818e-01, 8.861728757619858e-02, 2.17678930436449e-11, 7.904595381025281e-12, 4.677032632710576e-12, -3.177000763160409e-12, 1.483680366065609e-12, 2.349159582137883e-11, 1.860469070469328e-11, 1.686595307859307e-11, 5.670548666042441e-12, 1.00028067426261e-11, 1.060601086122492e-11, -2.992623510111869e-13, -3.778450534223932e-13, 9.093185406039428e-12, 1.301138276982305e-11, 1.629881125897462e-11, 1.958668470469727e-11, -6.12822618172144e-13, 2.070480939475594e-11, 2.589845005118718e-11, 7.922212191813216e-11, -1.763671809507442e-13, 3.092244151048362e-05, 1.57672053319402e-04, 5.361369112506509e-04, 1.183760003186762e-03, 1.583363395184278e-03, 6.166570354253054e-03, 5.900198593735759e-02, 1.26949146389961e-01, 1.495730876922605e-01, 1.667298078536987e-01, 1.824202090501785e-01, 1.893371492624283e-01, 1.862368136644363e-01, 1.857585161924362e-01, 1.801522970199585e-01, 1.853653490543365e-01, 1.926081478595734e-01, 1.799602657556534e-01, 1.796750724315643e-01, 1.816164702177048e-01, 1.874720454216003e-01, 1.936441957950592e-01, 1.964128017425537e-01, 1.92705899477005e-01, 1.759887039661407e-01, 1.498895287513733e-01, 1.399689018726349e-01, 1.357425302267075e-01, 3.962194114470741e-11, 3.857003605389764e-11, 4.005641651705361e-11, 6.052294776459632e-11, 6.147965470049144e-11, 3.080678767641842e-11, -3.494974795681394e-11, -2.121051424774922e-11, 2.718321444675209e-13, -2.272312329618109e-12, -2.752447922360624e-11]
wes.vavCol.m_flow=[0e+00, -1.966037749268068e-11, -1.959302685372588e-11, -2.161206283379791e-11, -1.993035771141738e-11, -1.878343487693446e-11, -1.263311070337503e-11, -1.042662917810633e-11, -1.310821156480513e-11, -1.335633079829757e-11, -1.667188609388859e-11, -1.532741121523795e-11, 1.503637122368673e-05, 1.623347816348542e-05, 1.630327460588887e-05, 1.629950565984473e-05, 1.617430643818807e-05, 1.506527041783556e-05, 1.14542490337044e-05, 9.045957085618284e-06, 1.258059091924224e-05, 1.702627632766962e-04, 2.241399837657809e-03, 1.053137425333261e-02, 2.211194857954979e-02, 3.522114828228951e-02, 3.945344686508179e-02, 5.166717991232872e-02, 8.494913578033454e-02, 1.00337915122509e-01, 1.114036440849304e-01, 1.194415688514709e-01, 1.237177401781082e-01, 1.246582418680191e-01, 1.228257194161415e-01, 1.233685910701752e-01, 1.139732301235199e-01, 9.434607625007629e-02, 6.874928623437881e-02, 4.229108244180679e-02, 2.221807807178955e-11, 1.501594334984979e-11, 9.706923632946118e-12, 1.320759582430775e-12, 1.203423970717876e-12, 1.025613708544038e-11, 2.487962787178777e-11, 2.044434760373193e-11, 7.758959273684862e-12, 7.807358058664615e-12, 5.792137169197131e-12, 3.678787309502329e-12, 8.713884648570147e-12, 8.820649939622616e-12, -2.238745430357958e-12, 3.673671609971771e-12, 1.451064962632011e-11, 1.273682201374797e-11, 9.091523540949442e-12, 1.720017704653909e-11, 5.570614455829848e-11, -1.101995404650946e-11, 1.150942443928216e-05, 1.104778493754566e-05, 2.008687624766026e-05, 4.682648432208225e-05, 6.279945955611765e-05, 3.580109041649848e-04, 2.12509296834473e-02, 6.773732602596266e-02, 8.548199385404573e-02, 9.938016533851624e-02, 1.139110773801804e-01, 1.233824416995049e-01, 1.27300962805748e-01, 1.294291168451309e-01, 1.244498118758202e-01, 1.292141973972321e-01, 1.357647627592087e-01, 1.267544329166412e-01, 1.244062408804893e-01, 1.245959624648094e-01, 1.283287405967712e-01, 1.327676028013229e-01, 1.322668790817261e-01, 1.480058878660202e-01, 1.283451318740845e-01, 9.370011836290359e-02, 8.904160559177399e-02, 8.677803725004196e-02, 2.039280376509023e-11, 2.329406806333978e-11, 2.661047597551924e-11, 2.978946256337878e-11, 2.217115553648785e-11, 4.31136810280508e-12, -1.754116990548837e-11, -3.067295983177898e-12, 1.56197740830942e-13, 4.585028971076932e-12, -4.78674478526786e-12]
weaDat.weaBus.TDryBul=[2.609500122070312e+02, 2.608676452636719e+02, 2.609342651367188e+02, 2.61153564453125e+02, 2.614064331054688e+02, 2.616917419433594e+02, 2.619866027832031e+02, 2.621011047363281e+02, 2.620299682617188e+02, 2.62211181640625e+02, 2.625067138671875e+02, 2.625499877929688e+02, 2.625499877929688e+02, 2.625499877929688e+02, 2.625499877929688e+02, 2.625875549316406e+02, 2.628901062011719e+02, 2.632776489257812e+02, 2.637460632324219e+02, 2.6446923828125e+02, 2.655892028808594e+02, 2.665859985351562e+02, 2.674020080566406e+02, 2.682179870605469e+02, 2.690339965820312e+02, 2.698500061035156e+02, 2.704558715820312e+02, 2.709069213867188e+02, 2.715532531738281e+02, 2.720364685058594e+02, 2.720499877929688e+02, 2.720499877929688e+02, 2.720499877929688e+02, 2.720499877929688e+02, 2.720499877929688e+02, 2.720499877929688e+02, 2.719675598144531e+02, 2.716164855957031e+02, 2.713160400390625e+02, 2.71072998046875e+02, 2.710076599121094e+02, 2.717365112304688e+02, 2.720211181640625e+02, 2.716227111816406e+02, 2.714859924316406e+02, 2.718775329589844e+02, 2.7202783203125e+02, 2.717281494140625e+02, 2.714362182617188e+02, 2.714474182128906e+02, 2.714500122070312e+02, 2.704067077636719e+02, 2.692704162597656e+02, 2.696753845214844e+02, 2.703369750976562e+02, 2.701487121582031e+02, 2.698616027832031e+02, 2.69929931640625e+02, 2.702106018066406e+02, 2.708657531738281e+02, 2.718394165039062e+02, 2.721007690429688e+02, 2.720183410644531e+02, 2.721641845703125e+02, 2.724365844726562e+02, 2.725657043457031e+02, 2.72480224609375e+02, 2.7264599609375e+02, 2.729339904785156e+02, 2.732219848632812e+02, 2.73510009765625e+02, 2.738106079101562e+02, 2.744635620117188e+02, 2.748500061035156e+02, 2.748500061035156e+02, 2.748500061035156e+02, 2.748500061035156e+02, 2.748500061035156e+02, 2.742786560058594e+02, 2.732598266601562e+02, 2.727458801269531e+02, 2.725348205566406e+02, 2.729032287597656e+02, 2.736190795898438e+02, 2.73848876953125e+02, 2.738165588378906e+02, 2.734445495605469e+02, 2.726629028320312e+02, 2.727448425292969e+02, 2.734616394042969e+02, 2.738507690429688e+02, 2.740790100097656e+02, 2.743446655273438e+02, 2.746334838867188e+02, 2.749204406738281e+02, 2.751761474609375e+02, 2.753359069824219e+02, 2.740944213867188e+02, 2.731499938964844e+02, 2.731499938964844e+02, 2.731499938964844e+02]
weaDat.weaBus.HGloHor=[0e+00, 0e+00, 0e+00, 0e+00, 0e+00, 0e+00, 0e+00, 0e+00, 0e+00, 0e+00, 0e+00, 0e+00, 0e+00, 0e+00, 5.802299890384269e-16, 3.419684171676636e+00, 2.249310874938965e+01, 7.238067626953138e+01, 1.324998474121094e+02, 1.955897369384766e+02, 2.557314453125e+02, 3.044623718261719e+02, 3.458858337402344e+02, 3.703623657226562e+02, 3.628850402832031e+02, 2.981751403808594e+02, 2.322208404541016e+02, 2.079606781005859e+02, 1.835730590820311e+02, 1.543350830078125e+02, 1.243963775634766e+02, 9.180991363525391e+01, 5.740960693359375e+01, 2.763039588928223e+01, 8.266829490661578e+00, 2.312187433242813e+00, 2.066075056791306e-01, 0e+00, 0e+00, 0e+00, 0e+00, 0e+00, 0e+00, 0e+00, 0e+00, 0e+00, 0e+00, 0e+00, 0e+00, 0e+00, 0e+00, 0e+00, 0e+00, 0e+00, 0e+00, 0e+00, 0e+00, 0e+00, 0e+00, 0e+00, 0e+00, 0e+00, 0e+00, 0e+00, 4.964398443698883e-01, 4.345361709594727e+00, 1.150661659240723e+01, 2.939430809020996e+01, 5.460244750976594e+01, 9.662947845458947e+01, 1.262883834838866e+02, 1.288179473876953e+02, 1.350611572265625e+02, 1.572942962646484e+02, 1.765086517333984e+02, 1.851353454589844e+02, 1.861397705078125e+02, 1.800178680419922e+02, 1.679496307373047e+02, 1.502548217773438e+02, 1.274680023193359e+02, 9.702375793457031e+01, 6.269397354125977e+01, 3.512522506713867e+01, 1.464144802093506e+01, 4.900000095367432e+00, 4.839999973773956e-01, 0e+00, 0e+00, 0e+00, 0e+00, 0e+00, 0e+00, 0e+00, 0e+00, 0e+00, 0e+00, 0e+00, 0e+00, 0e+00, 0e+00]
weaDat.weaBus.HDifHor=[0e+00, 0e+00, 0e+00, 0e+00, 0e+00, 0e+00, 0e+00, 0e+00, 0e+00, 0e+00, 0e+00, 0e+00, 0e+00, 0e+00, 4.18344348669057e-01, 4.644347667694092e+00, 1.503497886657715e+01, 3.449338150024418e+01, 5.088907623291016e+01, 6.271455001831055e+01, 7.274771881103516e+01, 7.534196472167969e+01, 8.180593109130859e+01, 1.134208297729492e+02, 1.447617645263672e+02, 1.593369750976562e+02, 1.67761474609375e+02, 1.717010498046875e+02, 1.635293426513671e+02, 1.340671234130859e+02, 9.878334808349609e+01, 7.318860626220703e+01, 4.95115852355957e+01, 2.715276718139648e+01, 8.81437397003169e+00, 1.758235335350053e+00, 6.434352695941925e-02, 0e+00, 0e+00, 0e+00, 0e+00, 0e+00, 0e+00, 0e+00, 0e+00, 0e+00, 0e+00, 0e+00, 0e+00, 0e+00, 0e+00, 0e+00, 0e+00, 0e+00, 0e+00, 0e+00, 0e+00, 0e+00, 0e+00, 0e+00, 0e+00, 0e+00, 0e+00, 0e+00, 5.067480206489563e-01, 4.385499954223633e+00, 1.141065120697021e+01, 2.876775169372559e+01, 5.352061843872102e+01, 9.560803985595666e+01, 1.25285919189453e+02, 1.283971557617188e+02, 1.350645446777344e+02, 1.574091339111328e+02, 1.764910888671875e+02, 1.845002899169922e+02, 1.851361541748047e+02, 1.793896179199219e+02, 1.678938293457031e+02, 1.504030456542969e+02, 1.274956817626953e+02, 9.698798370361328e+01, 6.268984603881836e+01, 3.512522506713867e+01, 1.464144802093506e+01, 4.900000095367432e+00, 4.839999973773956e-01, 0e+00, 0e+00, 0e+00, 0e+00, 0e+00, 0e+00, 0e+00, 0e+00, 0e+00, 0e+00, 0e+00, 0e+00, 0e+00, 0e+00]
conEco.VOut_flow_min=[2.145179271697998e+00, 2.145179271697998e+00]
conEco.VOut_flow=[-3.853883277540697e-18, 1.784750907063426e-07, 1.81443155611305e-07, 1.667331730459409e-07, 1.419266908442296e-07, 1.094171793170062e-07, 7.467272666872304e-08, 7.73473232129618e-08, 9.397457034765466e-08, 9.858702298970456e-08, 1.187339364605577e-07, 9.648550758356578e-08, 1.132900357246399e+00, 9.371085166931152e-01, 8.926863670349121e-01, 8.809879422187805e-01, 8.907556533813477e-01, 9.515742063522342e-01, 1.111947894096375e+00, 1.226029276847839e+00, 1.309622883796692e+00, 1.382357716560364e+00, 1.462007522583008e+00, 1.568346381187439e+00, 1.676382541656494e+00, 1.77881932258606e+00, 1.817562222480774e+00, 1.873185157775879e+00, 2.025635957717896e+00, 2.097153663635254e+00, 2.114133596420288e+00, 2.120129108428955e+00, 2.120678663253784e+00, 2.117859601974487e+00, 2.11480188369751e+00, 2.115971088409424e+00, 2.069980382919312e+00, 1.956812024116516e+00, 1.840243577957153e+00, 1.717958450317383e+00, 1.300099796708309e-07, 1.742356943168488e-07, 8.122709971303266e-08, 7.5919430742033e-09, 7.491961495631472e-10, 6.237558380917108e-08, 1.344895963484305e-07, 1.701021403732739e-07, 1.935938627184441e-07, 1.73786204982207e-07, 1.606545509957868e-07, 1.473616322300586e-07, 9.857366478627227e-08, 1.779868625817471e-07, 1.869419889999335e-07, 1.755275889081533e-07, 1.946078072023739e-07, 1.086535093008943e-07, 7.255290057628372e-08, 8.063865664098557e-08, 4.350682445419807e-07, 2.466298951731005e-07, 1.729999423027039e+00, 1.651454210281372e+00, 1.644710421562195e+00, 1.647628426551819e+00, 1.639575839042664e+00, 1.678696036338806e+00, 1.796335816383363e+00, 1.963290095329284e+00, 2.04331350326538e+00, 2.113866806030273e+00, 2.218488216400146e+00, 2.301641225814819e+00, 2.329142332077026e+00, 2.350977659225464e+00, 2.333934545516968e+00, 2.355478525161743e+00, 2.371237754821777e+00, 2.239189624786377e+00, 2.171024560928345e+00, 2.142096519470215e+00, 2.174833297729492e+00, 2.254402637481689e+00, 2.283528089523315e+00, 2.279477596282959e+00, 2.192589282989502e+00, 2.033326625823975e+00, 1.965805768966675e+00, 1.964109659194946e+00, 1.647044882702176e-07, 1.492343102427185e-07, 1.523504522538133e-07, 2.062768658106506e-07, 3.374008201717515e-07, 3.725259887232824e-07, 2.431653172152437e-07, 2.131407406125163e-08, 2.021967142329384e-11, 2.924831221662316e-08, 9.082701524221193e-08]
conEco.yOA=[0e+00, 0e+00, 0e+00, 0e+00, 0e+00, 0e+00, 0e+00, 0e+00, 0e+00, 0e+00, 0e+00, 0e+00, 6.377910971641541e-01, 6.114313006401062e-01, 6.035059094429016e-01, 6.012195348739624e-01, 6.018728017807007e-01, 6.027954816818237e-01, 6.030911803245544e-01, 6.068781614303589e-01, 6.142235398292542e-01, 6.21904194355011e-01, 6.286394000053406e-01, 6.355600953102112e-01, 6.432586312294006e-01, 6.519959568977356e-01, 6.59987211227417e-01, 6.664193272590637e-01, 6.751473546028137e-01, 6.835218667984009e-01, 6.853906512260437e-01, 6.860647797584534e-01, 6.863601207733154e-01, 6.865167021751404e-01, 6.866167783737183e-01, 6.866669058799744e-01, 6.857606172561646e-01, 6.810391545295715e-01, 6.766869425773621e-01, 6.734092235565186e-01, 0e+00, 0e+00, 0e+00, 0e+00, 0e+00, 0e+00, 0e+00, 0e+00, 0e+00, 0e+00, 0e+00, 0e+00, 0e+00, 0e+00, 0e+00, 0e+00, 0e+00, 0e+00, 0e+00, 0e+00, 0e+00, 0e+00, 7.464772462844849e-01, 7.11637020111084e-01, 7.030050754547119e-01, 7.009433507919312e-01, 6.982104182243347e-01, 6.998981237411499e-01, 7.050259113311768e-01, 7.106817364692688e-01, 7.171201705932616e-01, 7.245035171508789e-01, 7.405458688735962e-01, 7.553859353065491e-01, 7.599508166313171e-01, 7.621725797653198e-01, 7.633376121520996e-01, 7.638244032859802e-01, 7.497679591178894e-01, 7.229932546615601e-01, 7.075060606002808e-01, 6.999330520629883e-01, 7.036694288253784e-01, 7.172048091888428e-01, 7.249118685722351e-01, 7.264088988304138e-01, 7.201532125473022e-01, 7.048436403274536e-01, 7.029706835746765e-01, 7.150983214378357e-01, 0e+00, 0e+00, 0e+00, 0e+00, 0e+00, 0e+00, 0e+00, 0e+00, 0e+00, 0e+00, 0e+00]
conEco.yOATFre.y=[8.00000011920929e-01, 1e+00, 1e+00, 1e+00, 1e+00, 1e+00, 1e+00, 1e+00, 1e+00, 1e+00, 1e+00, 1e+00, 6.377910971641541e-01, 6.114313006401062e-01, 6.035059094429016e-01, 6.012195348739624e-01, 6.018728017807007e-01, 6.027954816818237e-01, 6.030911803245544e-01, 6.068781614303589e-01, 6.142235398292542e-01, 6.21904194355011e-01, 6.286394000053406e-01, 6.355600953102112e-01, 6.432586312294006e-01, 6.519959568977356e-01, 6.59987211227417e-01, 6.664193272590637e-01, 6.751473546028137e-01, 6.835218667984009e-01, 6.853906512260437e-01, 6.860647797584534e-01, 6.863601207733154e-01, 6.865167021751404e-01, 6.866167783737183e-01, 6.866669058799744e-01, 6.857606172561646e-01, 6.810391545295715e-01, 6.766869425773621e-01, 6.734092235565186e-01, 1e+00, 1e+00, 1e+00, 1e+00, 1e+00, 1e+00, 1e+00, 1e+00, 1e+00, 1e+00, 1e+00, 1e+00, 1e+00, 1e+00, 1e+00, 1e+00, 1e+00, 1e+00, 1e+00, 1e+00, 1e+00, 1e+00, 7.464772462844849e-01, 7.11637020111084e-01, 7.030050754547119e-01, 7.009433507919312e-01, 6.982104182243347e-01, 6.998981237411499e-01, 7.050259113311768e-01, 7.106817364692688e-01, 7.171201705932616e-01, 7.245035171508789e-01, 7.405458688735962e-01, 7.553859353065491e-01, 7.599508166313171e-01, 7.621725797653198e-01, 7.633376121520996e-01, 7.638244032859802e-01, 7.497679591178894e-01, 7.229932546615601e-01, 7.075060606002808e-01, 6.999330520629883e-01, 7.036694288253784e-01, 7.172048091888428e-01, 7.249118685722351e-01, 7.264088988304138e-01, 7.201532125473022e-01, 7.048436403274536e-01, 7.029706835746765e-01, 7.150983214378357e-01, 1e+00, 1e+00, 1e+00, 1e+00, 1e+00, 1e+00, 1e+00, 1e+00, 1e+00, 1e+00, 1e+00]
conEco.conV_flow.y=[5.000000074505806e-02, 1.219999864697456e-01, 1.939999908208847e-01, 2.65999972820282e-01, 3.379999697208405e-01, 4.099999666213989e-01, 4.819999635219574e-01, 5.53999960422516e-01, 6.259999871253967e-01, 6.979999542236328e-01, 7.699999809265137e-01, 8.419999480247498e-01, 8.745983242988586e-01, 9.172897338867188e-01, 9.597703218460084e-01, 1e+00, 1e+00, 1e+00, 1e+00, 1e+00, 1e+00, 1e+00, 1e+00, 1e+00, 1e+00, 1e+00, 1e+00, 1e+00, 1e+00, 1e+00, 1e+00, 1e+00, 1e+00, 1e+00, 1e+00, 1e+00, 1e+00, 1e+00, 1e+00, 1e+00, 1e+00, 1e+00, 1e+00, 1e+00, 1e+00, 1e+00, 1e+00, 1e+00, 1e+00, 1e+00, 1e+00, 1e+00, 1e+00, 1e+00, 1e+00, 1e+00, 1e+00, 1e+00, 1e+00, 1e+00, 1e+00, 1e+00, 1e+00, 1e+00, 1e+00, 1e+00, 1e+00, 1e+00, 1e+00, 1e+00, 1e+00, 1e+00, 9.973516464233398e-01, 9.913128614425659e-01, 9.849315881729126e-01, 9.77872371673584e-01, 9.722571969032288e-01, 9.650526642799377e-01, 9.559089541435242e-01, 9.537076950073242e-01, 9.534024596214294e-01, 9.538159966468811e-01, 9.528515934944153e-01, 9.486491084098816e-01, 9.43650484085083e-01, 9.391574263572693e-01, 9.375647902488708e-01, 9.424893856048584e-01, 9.492710828781128e-01, 9.55403208732605e-01, 1e+00, 1e+00, 1e+00, 1e+00, 1e+00, 1e+00, 1e+00, 1e+00, 1e+00, 1e+00, 1e+00]
conEco.uOATSup=[3.499999940395355e-01, 8.539695739746094e-01, 1e+00, 1e+00, 1e+00, 1e+00, 1e+00, 1e+00, 1e+00, 1e+00, 1e+00, 1e+00, 1.182546764612198e-01, 0e+00, 0e+00, 0e+00, 0e+00, 0e+00, 0e+00, 0e+00, 0e+00, 0e+00, 0e+00, 0e+00, 0e+00, 0e+00, 0e+00, 0e+00, 0e+00, 0e+00, 0e+00, 0e+00, 0e+00, 0e+00, 0e+00, 0e+00, 0e+00, 0e+00, 0e+00, 0e+00, 5.661542415618896e-01, 1e+00, 1e+00, 1e+00, 1e+00, 1e+00, 1e+00, 1e+00, 1e+00, 1e+00, 1e+00, 1e+00, 1e+00, 1e+00, 1e+00, 1e+00, 1e+00, 1e+00, 1e+00, 1e+00, 1e+00, 1e+00, 1.788401752710342e-01, 0e+00, 0e+00, 0e+00, 0e+00, 0e+00, 0e+00, 0e+00, 0e+00, 0e+00, 0e+00, 0e+00, 0e+00, 0e+00, 0e+00, 0e+00, 0e+00, 0e+00, 0e+00, 0e+00, 0e+00, 0e+00, 0e+00, 0e+00, 0e+00, 0e+00, 0e+00, 0e+00, 5.659099221229553e-01, 1e+00, 1e+00, 1e+00, 1e+00, 1e+00, 1e+00, 1e+00, 1e+00, 1e+00, 1e+00]
