last-generated=2016-12-22
statistics-initialization=
{
  "numerical Jacobians": "0", 
  "nonlinear": "2"
}
statistics-simulation=
{
  "numerical Jacobians": "0", 
  "nonlinear": "2", 
  "number of continuous time states": "11", 
  "linear": "3, 0"
}
boi.vol.T=[293.149993896484375, 310.719268798828125, 323.4364013671875, 332.697998046875, 339.49212646484375, 344.538421630859375, 348.305145263671875, 351.19329833984375, 350.442413330078125, 335.48724365234375, 339.4481201171875, 345.387725830078125, 349.78887939453125, 353.123077392578125, 338.26519775390625, 338.151519775390625, 345.1265869140625, 350.2603759765625, 348.703125, 335.54541015625, 340.263336181640625, 347.2637939453125, 352.412628173828125, 341.33673095703125, 335.808990478515625, 344.513397216796875, 350.887481689453125, 345.16213989257806815658, 334.01074218749994315658, 342.22442626953125, 349.67364501953125, 347.464324951171875, 336.087249755859375, 340.447784423828125, 348.798919677734375, 348.685943603515625, 337.3597412109375, 339.129302978515625, 348.226531982421875, 349.21246337890625, 338.10614013671875, 338.153289794921875, 347.876434326171875, 349.351898193359375, 338.55035400390625, 337.375823974609375, 347.647308349609375, 349.33843994140625, 338.863433837890625, 336.658111572265625, 347.420562744140625, 349.35223388671875, 339.19921875, 335.682830810546875, 349.91644287109386368684, 350.283721923828125, 348.674346923828125, 347.957366943359375, 347.688812255859375, 347.599639892578125, 347.582733154296875, 347.544097900390625, 347.40081787109375, 347.10333251953125, 346.44378662109375, 345.20733642578125, 342.959075927734375, 339.430450439453125, 335.109649658203125, 341.561065673828125, 352.02142333984375, 348.049652099609375, 346.063629150390625, 344.9600830078125, 344.2720947265625, 343.7947998046875, 343.410491943359375, 342.99853515625, 342.4669189453125, 341.700714111328125, 340.54571533203125, 338.749603271484375, 336.10986328125, 334.953155517578125, 349.94061279296875, 348.8660888671875, 345.620452880859375, 343.84246826171875, 342.761383056640625, 342.02459716796875, 341.429412841796875, 340.8797607421875, 340.28692626953125, 339.561279296875, 338.56219482421875, 337.10693359375, 335.004058837890625, 338.533721923828125, 353.003326416015625, 347.602447509765625, 344.417816162109375]
vol.T=[293.149993896484375, 293.251251220703125, 293.514923095703125, 293.893585205078125, 294.35369873046875, 294.870849609375, 295.42913818359375, 296.01495361328125, 296.616607666015625, 297.106597900390625, 297.518402099609375, 297.994659423828125, 298.5208740234375, 299.0810546875, 299.565643310546875, 299.939056396484375, 300.372222900390625, 300.86566162109375, 301.3914794921875, 301.804718017578125, 302.152008056640625, 302.576690673828125, 303.062042236328125, 303.5177001953125, 303.8426513671875, 304.204345703125, 304.642974853515625, 305.102020263671875, 305.4351806640625, 305.74334716796875, 306.140594482421875, 306.584930419921875, 306.920501708984375, 307.193267822265625, 307.55523681640625, 307.9794921875, 308.308563232421875, 308.556793212890625, 308.889068603515625, 309.29290771484375, 309.610076904296875, 309.83837890625, 310.14520263671875, 310.52984619140625, 310.832489013671875, 311.043060302734375, 311.327362060546875, 311.694091796875, 311.9818115234375, 312.17559814453125, 312.43951416015625, 312.790283203125, 313.063385009765625, 313.234222412109375, 313.378021240234375, 313.444122314453125, 313.428436279296875, 313.382843017578125, 313.3223876953125, 313.256134033203125, 313.18768310546875, 313.12017822265625, 313.056427001953125, 312.998077392578125, 312.952056884765625, 312.925567626953125, 312.93310546875, 312.98358154296875, 313.0604248046875, 313.148956298828125, 313.288330078125, 313.352386474609375, 313.349639892578125, 313.31732177734375, 313.271148681640625, 313.21807861328125, 313.162078857421875, 313.107208251953125, 313.0565185546875, 313.013885498046875, 312.98443603515625, 312.97662353515625, 312.997100830078125, 313.041168212890625, 313.160369873046875, 313.28924560546875, 313.328948974609375, 313.319305419921875, 313.28631591796875, 313.241912841796875, 313.192901611328125, 313.14251708984375, 313.093780517578125, 313.049652099609375, 313.014862060546875, 312.9954833984375, 312.997894287109375, 313.028594970703125, 313.15032958984375, 313.262786865234375, 313.300567626953125]
time=[0., 14400.]
val.y=[1., 1., 1., 1., 1., 1., 1., 1., 1., 1., 1., 1., 1., 1., 1., 1., 1., 1., 1., 1., 1., 1., 1., 1., 1., 1., 1., 1., 1., 1., 1., 1., 1., 1., 1., 1., 1., 1., 1., 1., 1., 1., 1., 1., 1., 1., 1., 1., 1., 1., 1., 1., 1., 0.93128591775894165039, 0.74559575319290016804, 0.5173023939132677107, 0.31623172760009654603, 0.15375183522701263428, 0.03757908567786216736, 0., 0., 0.02475180290639400482, 0.10121843218803405762, 0.21929933130741119385, 0.36920282244682312012, 0.53603208065032958984, 0.69366276264190673828, 0.80911540985107421875, 0.86295932531356811523, 0.85462027788162231445, 0.73553007841110229492, 0.57514292001724243164, 0.42907038331031799316, 0.31220030784606933594, 0.23074397444725036621, 0.18891194462776184082, 0.18809533119201660156, 0.22651080787181854248, 0.30154845118522644043, 0.40608239173889160156, 0.53038120269775390625, 0.65787565708160400391, 0.76682317256927490234, 0.8403752446174621582, 0.82172548770904541016, 0.69778484106063842773, 0.55928134918212890625, 0.43673905730247497559, 0.3423182070255279541, 0.28159645199775695801, 0.25783807039260864258, 0.27029961347579956055, 0.31754419207572937012, 0.39655166864395141602, 0.49935972690582275391, 0.61450374126434326172, 0.72518491744995117188, 0.81085324287414550781, 0.79921698570251464844, 0.6969432830810546875, 0.57975864410400390625]
conPID.u_m=[293.149993896484375, 293.251251220703125, 293.514923095703125, 293.893585205078125, 294.35369873046875, 294.870849609375, 295.42913818359375, 296.01495361328125, 296.616607666015625, 297.106597900390625, 297.518402099609375, 297.994659423828125, 298.5208740234375, 299.0810546875, 299.565643310546875, 299.939056396484375, 300.372222900390625, 300.86566162109375, 301.3914794921875, 301.804718017578125, 302.152008056640625, 302.576690673828125, 303.062042236328125, 303.5177001953125, 303.8426513671875, 304.204345703125, 304.642974853515625, 305.102020263671875, 305.4351806640625, 305.74334716796875, 306.140594482421875, 306.584930419921875, 306.920501708984375, 307.193267822265625, 307.55523681640625, 307.9794921875, 308.308563232421875, 308.556793212890625, 308.889068603515625, 309.29290771484375, 309.610076904296875, 309.83837890625, 310.14520263671875, 310.52984619140625, 310.832489013671875, 311.043060302734375, 311.327362060546875, 311.694091796875, 311.9818115234375, 312.17559814453125, 312.43951416015625, 312.790283203125, 313.063385009765625, 313.234222412109375, 313.378021240234375, 313.444122314453125, 313.428436279296875, 313.382843017578125, 313.3223876953125, 313.256134033203125, 313.18768310546875, 313.12017822265625, 313.056427001953125, 312.998077392578125, 312.952056884765625, 312.925567626953125, 312.93310546875, 312.98358154296875, 313.0604248046875, 313.148956298828125, 313.288330078125, 313.352386474609375, 313.349639892578125, 313.31732177734375, 313.271148681640625, 313.21807861328125, 313.162078857421875, 313.107208251953125, 313.0565185546875, 313.013885498046875, 312.98443603515625, 312.97662353515625, 312.997100830078125, 313.041168212890625, 313.160369873046875, 313.28924560546875, 313.328948974609375, 313.319305419921875, 313.28631591796875, 313.241912841796875, 313.192901611328125, 313.14251708984375, 313.093780517578125, 313.049652099609375, 313.014862060546875, 312.9954833984375, 312.997894287109375, 313.028594970703125, 313.15032958984375, 313.262786865234375, 313.300567626953125]
conPID.u_s=[313.149993896484375, 313.149993896484375]
conPID.y=[1., 1., 1., 1., 1., 1., 1., 1., 1., 1., 1., 1., 1., 1., 1., 1., 1., 1., 1., 1., 1., 1., 1., 1., 1., 1., 1., 1., 1., 1., 1., 1., 1., 1., 1., 1., 1., 1., 1., 1., 1., 1., 1., 1., 1., 1., 1., 1., 1., 1., 1., 1., 1., 0.93128591775894165039, 0.74559575319290016804, 0.5173023939132677107, 0.31623172760009654603, 0.15375183522701263428, 0.03757908567786216736, 0., 0., 0.02475180290639400482, 0.10121843218803405762, 0.21929933130741119385, 0.36920282244682312012, 0.53603208065032958984, 0.69366276264190673828, 0.80911540985107421875, 0.86295932531356811523, 0.85462027788162231445, 0.73553007841110229492, 0.57514292001724243164, 0.42907038331031799316, 0.31220030784606933594, 0.23074397444725036621, 0.18891194462776184082, 0.18809533119201660156, 0.22651080787181854248, 0.30154845118522644043, 0.40608239173889160156, 0.53038120269775390625, 0.65787565708160400391, 0.76682317256927490234, 0.8403752446174621582, 0.82172548770904541016, 0.69778484106063842773, 0.55928134918212890625, 0.43673905730247497559, 0.3423182070255279541, 0.28159645199775695801, 0.25783807039260864258, 0.27029961347579956055, 0.31754419207572937012, 0.39655166864395141602, 0.49935972690582275391, 0.61450374126434326172, 0.72518491744995117188, 0.81085324287414550781, 0.79921698570251464844, 0.6969432830810546875, 0.57975864410400390625]
