last-generated=2019-11-19
statistics-simulation=
{
  "linear": " ",
  "nonlinear": " ",
  "number of continuous time states": "2",
  "numerical Jacobians": "0"
}
con.u_m=[2.931499938964844e+02, 2.898402099609375e+02, 2.868109436035156e+02, 2.840455017089844e+02, 2.815281677246094e+02, 2.792446899414062e+02, 2.771823425292969e+02, 2.753295288085938e+02, 2.736747131347656e+02, 2.722072448730469e+02, 2.709170227050781e+02, 2.697947387695312e+02, 2.717220458984375e+02, 2.772921752929688e+02, 2.824770812988281e+02, 2.873129577636719e+02, 2.918327026367188e+02, 2.96066162109375e+02, 3.000403747558594e+02, 3.037797546386719e+02, 3.073062744140625e+02, 3.106398315429688e+02, 3.132925109863281e+02, 3.131466674804688e+02, 3.131512145996094e+02, 3.131510925292969e+02, 3.131510925292969e+02, 3.131510925292969e+02, 3.131510620117188e+02, 3.131510620117188e+02, 3.131510314941406e+02, 3.131510009765625e+02, 3.131510009765625e+02, 3.131509704589844e+02, 3.131509094238281e+02, 3.1315087890625e+02, 3.131508483886719e+02, 3.131507873535156e+02, 3.131507568359375e+02, 3.131506958007812e+02, 3.131525268554688e+02, 3.131973266601562e+02, 3.132941284179688e+02, 3.134329528808594e+02, 3.136045227050781e+02, 3.138001403808594e+02, 3.140116577148438e+02, 3.134803466796875e+02, 3.117771301269531e+02, 3.102271728515625e+02, 3.088112487792969e+02, 3.075126037597656e+02, 3.063157653808594e+02, 3.052055358886719e+02, 3.041679382324219e+02, 3.03190673828125e+02, 3.022620239257812e+02, 3.013717346191406e+02, 3.005107116699219e+02, 3.049763488769531e+02, 3.103323669433594e+02, 3.134226379394531e+02, 3.133167724609375e+02, 3.131486206054688e+02, 3.131491394042969e+02, 3.131491394042969e+02, 3.131490783691406e+02, 3.131490478515625e+02, 3.131490173339844e+02, 3.131489868164062e+02, 3.131489562988281e+02, 3.131489562988281e+02, 3.1314892578125e+02, 3.1314892578125e+02, 3.131488952636719e+02, 3.131488952636719e+02, 3.1314892578125e+02, 3.1314892578125e+02, 3.1314892578125e+02, 3.1314892578125e+02, 3.131489562988281e+02, 3.131489868164062e+02, 3.131490173339844e+02, 3.131490478515625e+02, 3.131490783691406e+02, 3.131491088867188e+02, 3.13149169921875e+02, 3.131492004394531e+02, 3.131492614746094e+02, 3.131492919921875e+02, 3.131493530273438e+02, 3.131494140625e+02, 3.131494750976562e+02, 3.131495361328125e+02, 3.131495971679688e+02, 3.13149658203125e+02, 3.131497192382812e+02, 3.131497802734375e+02, 3.131498413085938e+02, 3.131499328613281e+02, 3.131499938964844e+02]
con.u_s=[3.131499938964844e+02, 3.131499938964844e+02]
time=[0e+00, 8.64e+04]
con.y=[0e+00, 0e+00, 0e+00, 0e+00, 0e+00, 0e+00, 0e+00, 0e+00, 0e+00, 0e+00, 0e+00, 0e+00, 1e+00, 1e+00, 1e+00, 1e+00, 1e+00, 1e+00, 1e+00, 1e+00, 1e+00, 1e+00, 4.00081992149353e-01, 5.35348653793335e-01, 5.156134963035583e-01, 5.000161528587341e-01, 4.843102991580963e-01, 4.686746001243591e-01, 4.53165054321289e-01, 4.378353655338287e-01, 4.227547347545624e-01, 4.079819321632385e-01, 3.935560584068298e-01, 3.795717358589172e-01, 3.660544455051422e-01, 3.530621230602265e-01, 3.406396806240082e-01, 3.288702964782715e-01, 3.177606463432312e-01, 3.07371973991394e-01, 3.00000011920929e-01, 3.00000011920929e-01, 3.00000011920929e-01, 3.00000011920929e-01, 3.00000011920929e-01, 3.00000011920929e-01, 3.00000011920929e-01, 0e+00, 0e+00, 0e+00, 0e+00, 0e+00, 0e+00, 0e+00, 0e+00, 0e+00, 0e+00, 0e+00, 0e+00, 1e+00, 1e+00, 3.00000011920929e-01, 3.00000011920929e-01, 3.027577102184296e-01, 3.414410054683685e-01, 3.530088365077972e-01, 3.660304546356201e-01, 3.795446455478668e-01, 3.935376703739167e-01, 4.079526066780089e-01, 4.227280616760253e-01, 4.378052353858948e-01, 4.531471133232117e-01, 4.68649297952652e-01, 4.842866957187653e-01, 4.999865591526031e-01, 5.156813263893127e-01, 5.313149690628052e-01, 5.468428730964661e-01, 5.621551275253296e-01, 5.772404074668884e-01, 5.920273065567017e-01, 6.064383387565613e-01, 6.204272508621216e-01, 6.339491009712219e-01, 6.469439268112183e-01, 6.593599319458008e-01, 6.711235046386719e-01, 6.822413206100464e-01, 6.92631721496582e-01, 7.022591829299927e-01, 7.110856771469116e-01, 7.190799713134766e-01, 7.262053489685059e-01, 7.324503064155579e-01, 7.377764582633972e-01, 7.421417236328125e-01, 7.455839514732361e-01, 7.480451464653015e-01, 7.495126128196716e-01, 7.499999403953552e-01]
