last-generated=2020-05-01
statistics-simulation=
{
  "linear": " ",
  "nonlinear": "1",
  "numerical Jacobians": "0"
}
time=[0e+00, 8.64e+04]
fin.fraSun=[0e+00, 0e+00, 0e+00, 0e+00, 0e+00, 0e+00, 0e+00, 0e+00, 0e+00, 0e+00, 0e+00, 0e+00, 0e+00, 0e+00, 0e+00, 0e+00, 0e+00, 0e+00, 0e+00, 0e+00, 0e+00, 0e+00, 0e+00, 0e+00, 0e+00, 0e+00, 0e+00, 0e+00, 0e+00, 0e+00, 0e+00, 2.058535665273666e-01, 3.693551123142242e-01, 4.337344765663147e-01, 4.92499500513077e-01, 5.466087460517881e-01, 5.968261957168579e-01, 6.43770158290863e-01, 6.87947690486908e-01, 7.297800779342651e-01, 7.696219682693481e-01, 8.076595067977905e-01, 8.451330065727234e-01, 8.814685940742493e-01, 9.159135818481445e-01, 9.490602612495422e-01, 9.817678332328796e-01, 1e+00, 1e+00, 1e+00, 1e+00, 1e+00, 1e+00, 9.945138692855835e-01, 9.614189863204956e-01, 9.284204840660092e-01, 8.946998119354245e-01, 8.589665889739994e-01, 8.217555284500122e-01, 7.840518355369568e-01, 7.448880076408386e-01, 7.038165330886841e-01, 6.605350375175476e-01, 6.146479249000549e-01, 5.65681517124176e-01, 5.130608677864075e-01, 4.560789465904236e-01, 3.938536047935486e-01, 3.25266927480697e-01, 0e+00, 0e+00, 0e+00, 0e+00, 0e+00, 0e+00, 0e+00, 0e+00, 0e+00, 0e+00, 0e+00, 0e+00, 0e+00, 0e+00, 0e+00, 0e+00, 0e+00, 0e+00, 0e+00, 0e+00, 0e+00, 0e+00, 0e+00, 0e+00, 0e+00, 0e+00, 0e+00, 0e+00, 0e+00, 0e+00, 0e+00, 0e+00]
fin.HDirTilUns=[-0e+00, -0e+00, -0e+00, -0e+00, -0e+00, -0e+00, -0e+00, 0e+00, -0e+00, -0e+00, -0e+00, -0e+00, -0e+00, -0e+00, 0e+00, -0e+00, -0e+00, 0e+00, 0e+00, 0e+00, 0e+00, 0e+00, 0e+00, 0e+00, 0e+00, 0e+00, 0e+00, 0e+00, 4.842645227909139e-01, 2.250507831573486e+00, 5.491512298583984e+00, 1.035391712188721e+01, 2.957047080993652e+01, 8.672990417480469e+01, 1.655288696289066e+02, 2.42850402832031e+02, 2.986014404296875e+02, 3.487168273925781e+02, 3.955995178222656e+02, 4.386513671875e+02, 4.780520324707031e+02, 5.177685546875e+02, 5.543873901367188e+02, 5.82501220703125e+02, 5.961290893554688e+02, 5.864795532226562e+02, 5.566309814453125e+02, 5.139658813476562e+02, 4.661591186523438e+02, 3.930787048339844e+02, 2.958859558105469e+02, 2.020460510253906e+02, 1.388721008300781e+02, 1.057640380859375e+02, 7.752191162109375e+01, 5.694884490966785e+01, 4.678808212280271e+01, 4.83157691955566e+01, 5.677209091186523e+01, 6.637342071533203e+01, 7.18519287109375e+01, 6.870855712890625e+01, 5.742239761352539e+01, 4.283133316040039e+01, 2.939226913452148e+01, 2.020166397094727e+01, 1.209587097167969e+01, 5.309129238128662e+00, 1.033859491348247e+00, 0e+00, 0e+00, 0e+00, 0e+00, 0e+00, 0e+00, 0e+00, 0e+00, 0e+00, 0e+00, 0e+00, 0e+00, 0e+00, 0e+00, -0e+00, -0e+00, -0e+00, -0e+00, -0e+00, -0e+00, -0e+00, -0e+00, -0e+00, -0e+00, -0e+00, -0e+00, -0e+00, -0e+00, -0e+00, -0e+00, -0e+00, -0e+00]
fin.HDirTil=[-0e+00, -0e+00, -0e+00, -0e+00, -0e+00, -0e+00, -0e+00, 0e+00, -0e+00, -0e+00, -0e+00, -0e+00, -0e+00, -0e+00, 0e+00, -0e+00, -0e+00, 0e+00, 0e+00, 0e+00, 0e+00, 0e+00, 0e+00, 0e+00, 0e+00, 0e+00, 0e+00, 0e+00, 0e+00, 0e+00, 0e+00, 2.131390571594238e+00, 1.092200374603271e+01, 3.761774826049805e+01, 8.152288818359396e+01, 1.327441558837888e+02, 1.782131652832031e+02, 2.244934997558594e+02, 2.721517639160156e+02, 3.201190185546875e+02, 3.679193420410156e+02, 4.181806945800781e+02, 4.685310668945312e+02, 5.1345654296875e+02, 5.460027465820312e+02, 5.566044921875e+02, 5.46482421875e+02, 5.139658813476562e+02, 4.661591186523438e+02, 3.930787048339844e+02, 2.958859558105469e+02, 2.020460510253906e+02, 1.388721008300781e+02, 1.051837997436523e+02, 7.453103637695312e+01, 5.287247467041003e+01, 4.186128997802731e+01, 4.150163269042967e+01, 4.665277862548828e+01, 5.204020309448242e+01, 5.352164077758789e+01, 4.835822296142578e+01, 3.792950439453125e+01, 2.63261890411377e+01, 1.662666320800781e+01, 1.036468410491943e+01, 5.516672134399414e+00, 2.091019868850708e+00, 3.362802863120964e-01, 0e+00, 0e+00, 0e+00, 0e+00, 0e+00, 0e+00, 0e+00, 0e+00, 0e+00, 0e+00, 0e+00, 0e+00, 0e+00, 0e+00, -0e+00, -0e+00, -0e+00, -0e+00, -0e+00, -0e+00, -0e+00, -0e+00, -0e+00, -0e+00, -0e+00, -0e+00, -0e+00, -0e+00, -0e+00, -0e+00, -0e+00, -0e+00]
