last-generated=2020-09-17
statistics-initialization=
{
  "linear": "0, 0, 0, 0, 0, 0, 0, 0",
  "nonlinear": "42, 42, 0, 0, 0, 0, 1, 0, 0, 0, 0, 1",
  "numerical Jacobians": "0"
}
statistics-simulation=
{
  "linear": "30, 0, 0, 0, 0, 0, 0, 0, 0, 0, 0, 0, 0, 0, 0, 0, 0, 30, 0, 0, 0, 0, 0, 0, 0, 0,   0, 0, 0, 0, 0, 0, 0, 0",
  "nonlinear": "0, 0, 0, 0, 1, 1, 0, 0, 0, 0, 1, 1",
  "number of continuous time states": "120",
  "numerical Jacobians": "0"
}
time=[0e+00, 6.048e+05]
TSetRooHea.y[1]=[2.881499938964844e+02, 2.881499938964844e+02, 2.881499938964844e+02, 2.881499938964844e+02, 2.881499938964844e+02, 2.931499938964844e+02, 2.931499938964844e+02, 2.931499938964844e+02, 2.931499938964844e+02, 2.931499938964844e+02, 2.931499938964844e+02, 2.881499938964844e+02, 2.881499938964844e+02, 2.881499938964844e+02, 2.881499938964844e+02, 2.881499938964844e+02, 2.881499938964844e+02, 2.881499938964844e+02, 2.881499938964844e+02, 2.881499938964844e+02, 2.931499938964844e+02, 2.931499938964844e+02, 2.931499938964844e+02, 2.931499938964844e+02, 2.931499938964844e+02, 2.931499938964844e+02, 2.881499938964844e+02, 2.881499938964844e+02, 2.881499938964844e+02, 2.881499938964844e+02, 2.881499938964844e+02, 2.881499938964844e+02, 2.881499938964844e+02, 2.881499938964844e+02, 2.931499938964844e+02, 2.931499938964844e+02, 2.931499938964844e+02, 2.931499938964844e+02, 2.931499938964844e+02, 2.931499938964844e+02, 2.881499938964844e+02, 2.881499938964844e+02, 2.881499938964844e+02, 2.881499938964844e+02, 2.881499938964844e+02, 2.881499938964844e+02, 2.881499938964844e+02, 2.881499938964844e+02, 2.931499938964844e+02, 2.931499938964844e+02, 2.931499938964844e+02, 2.931499938964844e+02, 2.931499938964844e+02, 2.931499938964844e+02, 2.881499938964844e+02, 2.881499938964844e+02, 2.881499938964844e+02, 2.881499938964844e+02, 2.881499938964844e+02, 2.881499938964844e+02, 2.881499938964844e+02, 2.881499938964844e+02, 2.931499938964844e+02, 2.931499938964844e+02, 2.931499938964844e+02, 2.931499938964844e+02, 2.931499938964844e+02, 2.931499938964844e+02, 2.881499938964844e+02, 2.881499938964844e+02, 2.881499938964844e+02, 2.881499938964844e+02, 2.881499938964844e+02, 2.881499938964844e+02, 2.881499938964844e+02, 2.881499938964844e+02, 2.881499938964844e+02, 2.931499938964844e+02, 2.931499938964844e+02, 2.931499938964844e+02, 2.931499938964844e+02, 2.931499938964844e+02, 2.931499938964844e+02, 2.881499938964844e+02, 2.881499938964844e+02, 2.881499938964844e+02, 2.881499938964844e+02, 2.881499938964844e+02, 2.881499938964844e+02, 2.881499938964844e+02, 2.881499938964844e+02, 2.931499938964844e+02, 2.931499938964844e+02, 2.931499938964844e+02, 2.931499938964844e+02, 2.931499938964844e+02, 2.931499938964844e+02, 2.881499938964844e+02, 2.881499938964844e+02, 2.881499938964844e+02, 2.881499938964844e+02]
TSetRooCoo.y[1]=[3.031499938964844e+02, 3.031499938964844e+02, 3.031499938964844e+02, 3.031499938964844e+02, 3.031499938964844e+02, 2.971499938964844e+02, 2.971499938964844e+02, 2.971499938964844e+02, 2.971499938964844e+02, 2.971499938964844e+02, 2.971499938964844e+02, 3.031499938964844e+02, 3.031499938964844e+02, 3.031499938964844e+02, 3.031499938964844e+02, 3.031499938964844e+02, 3.031499938964844e+02, 3.031499938964844e+02, 3.031499938964844e+02, 3.031499938964844e+02, 2.971499938964844e+02, 2.971499938964844e+02, 2.971499938964844e+02, 2.971499938964844e+02, 2.971499938964844e+02, 2.971499938964844e+02, 3.031499938964844e+02, 3.031499938964844e+02, 3.031499938964844e+02, 3.031499938964844e+02, 3.031499938964844e+02, 3.031499938964844e+02, 3.031499938964844e+02, 3.031499938964844e+02, 2.971499938964844e+02, 2.971499938964844e+02, 2.971499938964844e+02, 2.971499938964844e+02, 2.971499938964844e+02, 2.971499938964844e+02, 3.031499938964844e+02, 3.031499938964844e+02, 3.031499938964844e+02, 3.031499938964844e+02, 3.031499938964844e+02, 3.031499938964844e+02, 3.031499938964844e+02, 3.031499938964844e+02, 2.971499938964844e+02, 2.971499938964844e+02, 2.971499938964844e+02, 2.971499938964844e+02, 2.971499938964844e+02, 2.971499938964844e+02, 3.031499938964844e+02, 3.031499938964844e+02, 3.031499938964844e+02, 3.031499938964844e+02, 3.031499938964844e+02, 3.031499938964844e+02, 3.031499938964844e+02, 3.031499938964844e+02, 2.971499938964844e+02, 2.971499938964844e+02, 2.971499938964844e+02, 2.971499938964844e+02, 2.971499938964844e+02, 2.971499938964844e+02, 3.031499938964844e+02, 3.031499938964844e+02, 3.031499938964844e+02, 3.031499938964844e+02, 3.031499938964844e+02, 3.031499938964844e+02, 3.031499938964844e+02, 3.031499938964844e+02, 3.031499938964844e+02, 2.971499938964844e+02, 2.971499938964844e+02, 2.971499938964844e+02, 2.971499938964844e+02, 2.971499938964844e+02, 2.971499938964844e+02, 3.031499938964844e+02, 3.031499938964844e+02, 3.031499938964844e+02, 3.031499938964844e+02, 3.031499938964844e+02, 3.031499938964844e+02, 3.031499938964844e+02, 3.031499938964844e+02, 2.971499938964844e+02, 2.971499938964844e+02, 2.971499938964844e+02, 2.971499938964844e+02, 2.971499938964844e+02, 2.971499938964844e+02, 3.031499938964844e+02, 3.031499938964844e+02, 3.031499938964844e+02, 3.031499938964844e+02]
zonAHUCon1.TZon=[2.931499938964844e+02, 2.924536743164062e+02, 2.92282958984375e+02, 2.920931091308594e+02, 2.919022827148438e+02, 2.933167419433594e+02, 2.932124938964844e+02, 2.931869506835938e+02, 2.932779846191406e+02, 2.931552429199219e+02, 2.931597900390625e+02, 2.930359497070312e+02, 2.926232604980469e+02, 2.925390930175781e+02, 2.92368896484375e+02, 2.922365417480469e+02, 2.920928649902344e+02, 2.920010986328125e+02, 2.918978576660156e+02, 2.931782836914062e+02, 2.932660217285156e+02, 2.931965026855469e+02, 2.931948547363281e+02, 2.931429138183594e+02, 2.931346435546875e+02, 2.931098022460938e+02, 2.923507690429688e+02, 2.922656555175781e+02, 2.9225537109375e+02, 2.920835266113281e+02, 2.918644714355469e+02, 2.917539672851562e+02, 2.915755615234375e+02, 2.929485778808594e+02, 2.933410034179688e+02, 2.932200317382812e+02, 2.931737365722656e+02, 2.931861572265625e+02, 2.93160888671875e+02, 2.930764465332031e+02, 2.922974243164062e+02, 2.921539306640625e+02, 2.919408874511719e+02, 2.918128356933594e+02, 2.916687622070312e+02, 2.915199584960938e+02, 2.914209289550781e+02, 2.913272399902344e+02, 2.933240661621094e+02, 2.932341613769531e+02, 2.932045288085938e+02, 2.932257080078125e+02, 2.931356506347656e+02, 2.930674743652344e+02, 2.920404357910156e+02, 2.917445678710938e+02, 2.915215148925781e+02, 2.914344787597656e+02, 2.912367858886719e+02, 2.91231201171875e+02, 2.90986328125e+02, 2.907367858886719e+02, 2.931574096679688e+02, 2.933701171875e+02, 2.932629089355469e+02, 2.932996826171875e+02, 2.931573181152344e+02, 2.931360778808594e+02, 2.926619567871094e+02, 2.921562194824219e+02, 2.919561462402344e+02, 2.917864990234375e+02, 2.915748901367188e+02, 2.914243469238281e+02, 2.91226806640625e+02, 2.909887084960938e+02, 2.928104858398438e+02, 2.934195556640625e+02, 2.932258911132812e+02, 2.931985778808594e+02, 2.931759948730469e+02, 2.931295471191406e+02, 2.930471496582031e+02, 2.916380310058594e+02, 2.915180969238281e+02, 2.9117822265625e+02, 2.9092626953125e+02, 2.907337036132812e+02, 2.9048193359375e+02, 2.903237915039062e+02, 2.923046875e+02, 2.934806823730469e+02, 2.933408203125e+02, 2.932294921875e+02, 2.932384033203125e+02, 2.93143310546875e+02, 2.930560607910156e+02, 2.919683532714844e+02, 2.917698669433594e+02, 2.915061340332031e+02, 2.913337097167969e+02]
zonAHUCon2.TZon=[2.931499938964844e+02, 2.924536743164062e+02, 2.92282958984375e+02, 2.920931091308594e+02, 2.919022827148438e+02, 2.927066040039062e+02, 2.932353210449219e+02, 2.931957397460938e+02, 2.932694091796875e+02, 2.931558227539062e+02, 2.931599426269531e+02, 2.929937133789062e+02, 2.92572998046875e+02, 2.924887084960938e+02, 2.923187866210938e+02, 2.921866149902344e+02, 2.920432739257812e+02, 2.919517822265625e+02, 2.918488464355469e+02, 2.917882995605469e+02, 2.932876281738281e+02, 2.932070617675781e+02, 2.931996765136719e+02, 2.931445617675781e+02, 2.931368408203125e+02, 2.931091918945312e+02, 2.922749633789062e+02, 2.921889038085938e+02, 2.921784362792969e+02, 2.920071105957031e+02, 2.917888488769531e+02, 2.916788330078125e+02, 2.915009155273438e+02, 2.913794250488281e+02, 2.932223510742188e+02, 2.9324365234375e+02, 2.931832275390625e+02, 2.931938171386719e+02, 2.931654052734375e+02, 2.930804443359375e+02, 2.922024841308594e+02, 2.920563049316406e+02, 2.918435668945312e+02, 2.917159423828125e+02, 2.915724792480469e+02, 2.9142431640625e+02, 2.913257446289062e+02, 2.912325439453125e+02, 2.928580627441406e+02, 2.93259765625e+02, 2.932174072265625e+02, 2.932332458496094e+02, 2.931407470703125e+02, 2.930718383789062e+02, 2.919519348144531e+02, 2.916509094238281e+02, 2.914278259277344e+02, 2.913408203125e+02, 2.911437683105469e+02, 2.911383056640625e+02, 2.908940124511719e+02, 2.906449890136719e+02, 2.913280334472656e+02, 2.933539733886719e+02, 2.932947998046875e+02, 2.93308349609375e+02, 2.931741638183594e+02, 2.931371459960938e+02, 2.925620422363281e+02, 2.920108642578125e+02, 2.918097534179688e+02, 2.916405334472656e+02, 2.914297180175781e+02, 2.912798461914062e+02, 2.910830688476562e+02, 2.908459167480469e+02, 2.906580505371094e+02, 2.932909240722656e+02, 2.932636413574219e+02, 2.932101135253906e+02, 2.931844482421875e+02, 2.931379699707031e+02, 2.930504150390625e+02, 2.915010375976562e+02, 2.913780517578125e+02, 2.910387268066406e+02, 2.907874755859375e+02, 2.905956115722656e+02, 2.903446655273438e+02, 2.901871032714844e+02, 2.900439147949219e+02, 2.927927551269531e+02, 2.933946838378906e+02, 2.93263427734375e+02, 2.932609252929688e+02, 2.931626586914062e+02, 2.930552368164062e+02, 2.917777404785156e+02, 2.915723571777344e+02, 2.913085327148438e+02, 2.911368103027344e+02]
optSta.tOpt=[0e+00, 0e+00, 0e+00, 3.7882275390625e+03, 3.7882275390625e+03, 3.7882275390625e+03, 3.7882275390625e+03, 3.7882275390625e+03, 3.7882275390625e+03, 3.7882275390625e+03, 3.7882275390625e+03, 3.7882275390625e+03, 3.7882275390625e+03, 3.7882275390625e+03, 3.7882275390625e+03, 3.7882275390625e+03, 3.7882275390625e+03, 3.7882275390625e+03, 5.42362060546875e+03, 5.42362060546875e+03, 5.42362060546875e+03, 5.42362060546875e+03, 5.42362060546875e+03, 5.42362060546875e+03, 5.42362060546875e+03, 5.42362060546875e+03, 5.42362060546875e+03, 5.42362060546875e+03, 5.42362060546875e+03, 5.42362060546875e+03, 5.42362060546875e+03, 5.42362060546875e+03, 4.84810009765625e+03, 4.84810009765625e+03, 4.84810009765625e+03, 4.84810009765625e+03, 4.84810009765625e+03, 4.84810009765625e+03, 4.84810009765625e+03, 4.84810009765625e+03, 4.84810009765625e+03, 4.84810009765625e+03, 4.84810009765625e+03, 4.84810009765625e+03, 4.84810009765625e+03, 4.84810009765625e+03, 3.676884765625e+03, 3.676884765625e+03, 3.676884765625e+03, 3.676884765625e+03, 3.676884765625e+03, 3.676884765625e+03, 3.676884765625e+03, 3.676884765625e+03, 3.676884765625e+03, 3.676884765625e+03, 3.676884765625e+03, 3.676884765625e+03, 3.676884765625e+03, 3.676884765625e+03, 3.676884765625e+03, 4.61299853515625e+03, 4.61299853515625e+03, 4.61299853515625e+03, 4.61299853515625e+03, 4.61299853515625e+03, 4.61299853515625e+03, 4.61299853515625e+03, 4.61299853515625e+03, 4.61299853515625e+03, 4.61299853515625e+03, 4.61299853515625e+03, 4.61299853515625e+03, 4.61299853515625e+03, 4.61299853515625e+03, 4.11592626953125e+03, 4.11592626953125e+03, 4.11592626953125e+03, 4.11592626953125e+03, 4.11592626953125e+03, 4.11592626953125e+03, 4.11592626953125e+03, 4.11592626953125e+03, 4.11592626953125e+03, 4.11592626953125e+03, 4.11592626953125e+03, 4.11592626953125e+03, 4.11592626953125e+03, 4.11592626953125e+03, 5.23266455078125e+03, 5.23266455078125e+03, 5.23266455078125e+03, 5.23266455078125e+03, 5.23266455078125e+03, 5.23266455078125e+03, 5.23266455078125e+03, 5.23266455078125e+03, 5.23266455078125e+03, 5.23266455078125e+03, 5.23266455078125e+03, 5.23266455078125e+03]
