last-generated=2023-09-28
statistics-initialization=
{
  "nonlinear": "1, 0",
  "numerical Jacobians": "0"
}
statistics-simulation=
{
  "linear": "4, 4",
  "nonlinear": "0, 1, 0, 0",
  "number of continuous time states": "8",
  "numerical Jacobians": "0"
}
time=[0e+00, 3.6e+02]
whe.sta_b1.T=[3.027752990722656e+02, 3.021842040861254e+02, 3.016116027510757e+02, 3.010350952424438e+02, 3.006014098728839e+02, 3.002568969726562e+02, 2.999575195616311e+02, 2.996849670970242e+02, 2.994302367635991e+02, 2.991857300818146e+02, 2.989547424316406e+02, 2.987348631902522e+02, 2.985233154738929e+02, 2.983186645081927e+02, 2.981199646829108e+02, 2.979266357421875e+02, 2.97738098065757e+02, 2.976876525416803e+02, 2.979022825349177e+02, 2.981112059671175e+02, 2.983143920898438e+02, 2.985118714200926e+02, 2.987036134408681e+02, 2.988896482817624e+02, 2.990699767311648e+02, 2.992445983886719e+02, 2.994134827361234e+02, 2.995766297741015e+02, 2.997341002102478e+02, 2.998858336769175e+02, 3.000318603515625e+02, 3.001721497162167e+02, 3.003067322889755e+02, 3.004356078027956e+02, 3.00477294921875e+02, 3.00477294921875e+02, 3.00477294921875e+02, 3.00477294921875e+02, 3.00477294921875e+02, 3.00477294921875e+02, 3.00477294921875e+02, 3.00477294921875e+02, 3.00477294921875e+02, 3.00477294921875e+02, 3.00477294921875e+02, 3.00477294921875e+02, 3.00477294921875e+02, 3.00477294921875e+02, 3.00477294921875e+02, 3.00477294921875e+02, 3.00477294921875e+02, 3.00477294921875e+02, 3.00477294921875e+02, 3.00477294921875e+02, 3.00477294921875e+02, 3.00477294921875e+02, 3.00477294921875e+02, 3.00477294921875e+02, 3.00477294921875e+02, 3.00477294921875e+02, 3.00477294921875e+02, 3.00477294921875e+02, 3.00477294921875e+02, 3.00477294921875e+02, 3.00477294921875e+02, 3.00477294921875e+02, 3.00477294921875e+02, 3.003766171699653e+02, 3.000670473572742e+02, 3.001196900324687e+02, 3.001740112304688e+02, 3.002301329601454e+02, 3.00288329877891e+02, 3.003487550928771e+02, 3.004117737913296e+02, 3.004776916503906e+02, 3.005469969502756e+02, 3.006202390032514e+02, 3.006982119456964e+02, 3.007819825706276e+02, 3.00873046875e+02, 3.009737547040506e+02, 3.010880428020746e+02, 3.012235723014705e+02, 3.012760925292969e+02, 3.012760925292969e+02, 3.012760925292969e+02, 3.012760925292969e+02, 3.012760925292969e+02, 3.012760925292969e+02, 3.012760925292969e+02, 3.012760925292969e+02, 3.012760925292969e+02, 3.012760925292969e+02, 3.012760925292969e+02, 3.012760925292969e+02, 3.012760925292969e+02, 3.012760925292969e+02, 3.012760925292969e+02, 3.012760925292969e+02, 3.012760925292969e+02]
TSup.y=[3.031499938964844e+02, 3.031499938964844e+02, 3.031499938964844e+02, 3.031499938964844e+02, 3.031499938964844e+02, 3.031499938964844e+02, 3.031499938964844e+02, 3.031499938964844e+02, 3.031499938964844e+02, 3.031499938964844e+02, 3.031499938964844e+02, 3.031499938964844e+02, 3.031499938964844e+02, 3.031499938964844e+02, 3.031499938964844e+02, 3.031499938964844e+02, 3.031499938964844e+02, 3.033500059763645e+02, 3.039500116982971e+02, 3.045499875386664e+02, 3.051499938964844e+02, 3.057500002543024e+02, 3.063500066121204e+02, 3.069500116982971e+02, 3.075499875386664e+02, 3.081499938964844e+02, 3.087500002543024e+02, 3.093500066121204e+02, 3.099500116982971e+02, 3.105499875386664e+02, 3.111499938964844e+02, 3.117500002543024e+02, 3.123500066121204e+02, 3.129500116982971e+02, 3.131499938964844e+02, 3.131499938964844e+02, 3.131499938964844e+02, 3.131499938964844e+02, 3.131499938964844e+02, 3.131499938964844e+02, 3.131499938964844e+02, 3.131499938964844e+02, 3.131499938964844e+02, 3.131499938964844e+02, 3.131499938964844e+02, 3.131499938964844e+02, 3.131499938964844e+02, 3.131499938964844e+02, 3.131499938964844e+02, 3.131499938964844e+02, 3.131499938964844e+02, 3.131499938964844e+02, 3.131499938964844e+02, 3.131499938964844e+02, 3.131499938964844e+02, 3.131499938964844e+02, 3.131499938964844e+02, 3.131499938964844e+02, 3.131499938964844e+02, 3.131499938964844e+02, 3.131499938964844e+02, 3.131499938964844e+02, 3.131499938964844e+02, 3.131499938964844e+02, 3.131499938964844e+02, 3.131499938964844e+02, 3.131499938964844e+02, 3.131499938964844e+02, 3.131499938964844e+02, 3.131499938964844e+02, 3.131499938964844e+02, 3.131499938964844e+02, 3.131499938964844e+02, 3.131499938964844e+02, 3.131499938964844e+02, 3.131499938964844e+02, 3.131499938964844e+02, 3.131499938964844e+02, 3.131499938964844e+02, 3.131499938964844e+02, 3.131499938964844e+02, 3.131499938964844e+02, 3.131499938964844e+02, 3.131499938964844e+02, 3.131499938964844e+02, 3.131499938964844e+02, 3.131499938964844e+02, 3.131499938964844e+02, 3.131499938964844e+02, 3.131499938964844e+02, 3.131499938964844e+02, 3.131499938964844e+02, 3.131499938964844e+02, 3.131499938964844e+02, 3.131499938964844e+02, 3.131499938964844e+02, 3.131499938964844e+02, 3.131499938964844e+02, 3.131499938964844e+02, 3.131499938964844e+02, 3.131499938964844e+02]
whe.m1_flow=[1.048808860778809e+01, 7.838690235182088e+00, 6.510121764838228e+00, 5.688581017907295e+00, 5.4141397336311e+00, 5.322689533233643e+00, 5.286683085240581e+00, 5.270294668855054e+00, 5.261087415218657e+00, 5.250777248127021e+00, 5.245975017547607e+00, 5.244564056147889e+00, 5.244194507641825e+00, 5.244093894948896e+00, 5.244063377387445e+00, 5.244052886962891e+00, 5.244048595427456e+00, 5.244046688080339e+00, 5.244045734405518e+00, 5.244045257568359e+00, 5.244045257568359e+00, 5.244044780731201e+00, 5.244044780731201e+00, 5.244044780731201e+00, 5.244044780731201e+00, 5.244044780731201e+00, 5.244044780731201e+00, 5.244044780731201e+00, 5.244044780731201e+00, 5.244044303894043e+00, 5.244044303894043e+00, 5.244044303894043e+00, 5.244044303894043e+00, 5.244044303894043e+00, 5.244044303894043e+00, 5.244044303894043e+00, 5.244044303894043e+00, 5.244044303894043e+00, 5.244044303894043e+00, 5.244044303894043e+00, 5.244044303894043e+00, 5.244044303894043e+00, 5.244044303894043e+00, 5.244044303894043e+00, 5.244044303894043e+00, 5.244044303894043e+00, 5.244044303894043e+00, 5.244044303894043e+00, 5.244044303894043e+00, 5.244044303894043e+00, 5.244044303894043e+00, 5.244044303894043e+00, 5.244044303894043e+00, 5.244044303894043e+00, 5.244044303894043e+00, 5.244044303894043e+00, 5.244044303894043e+00, 5.244044303894043e+00, 5.244044303894043e+00, 5.244044303894043e+00, 5.244044303894043e+00, 5.244044303894043e+00, 5.244044303894043e+00, 5.244044303894043e+00, 5.244044303894043e+00, 5.244044303894043e+00, 5.244044303894043e+00, 5.196152564374041e+00, 5.049752837786086e+00, 4.898979403475134e+00, 4.743416786193849e+00, 4.582576074528673e+00, 4.415881253792514e+00, 4.242640370198497e+00, 4.062019033670093e+00, 3.872983455657959e+00, 3.67423497285181e+00, 3.464102520985334e+00, 3.24036972149338e+00, 2.999999572554381e+00, 2.73861289024353e+00, 2.449490344706786e+00, 2.121321665568173e+00, 1.732049269542411e+00, 1.581138849258423e+00, 1.581138849258423e+00, 1.581138849258423e+00, 1.581138849258423e+00, 1.581138849258423e+00, 1.581138849258423e+00, 1.581138849258423e+00, 1.581138849258423e+00, 1.581138849258423e+00, 1.581138849258423e+00, 1.581138849258423e+00, 1.581138849258423e+00, 1.581138849258423e+00, 1.581138849258423e+00, 1.581138849258423e+00, 1.581138849258423e+00, 1.581138849258423e+00]
whe.m2_flow=[1.811559200286865e+00, 2.354664801070183e+00, 2.30682158717151e+00, 2.432176341613731e+00, 2.656027104050423e+00, 2.896927833557129e+00, 3.132268165876355e+00, 3.356655551119708e+00, 3.568816704458619e+00, 3.765240825899064e+00, 3.95504093170166e+00, 4.138884143727685e+00, 4.315872632294548e+00, 4.486162220955259e+00, 4.650298526841567e+00, 4.808860301971436e+00, 4.962366167990586e+00, 5.062119007111101e+00, 5.062117099763984e+00, 5.062116146087646e+00, 5.062115669250488e+00, 5.06211519241333e+00, 5.06211519241333e+00, 5.06211519241333e+00, 5.062114715577183e+00, 5.062114715576172e+00, 5.062114715576172e+00, 5.062114715576172e+00, 5.062114715576172e+00, 5.062114715576172e+00, 5.062114715576172e+00, 5.062114715576172e+00, 5.062114715576172e+00, 5.062114715576172e+00, 5.062114715576172e+00, 5.062114715576172e+00, 5.062114715576172e+00, 5.062114715576172e+00, 5.062114715576172e+00, 5.062114715576172e+00, 5.062114715576172e+00, 5.062114715576172e+00, 5.062114715576172e+00, 5.062114715576172e+00, 5.062114715576172e+00, 5.062114715576172e+00, 5.062114715576172e+00, 5.062114715576172e+00, 5.062114715576172e+00, 5.062114715576172e+00, 5.062114715576172e+00, 5.062114715576172e+00, 5.062114715576172e+00, 5.062114715576172e+00, 5.062114715576172e+00, 5.062114715576172e+00, 5.062114715576172e+00, 5.062114715576172e+00, 5.062114715576172e+00, 5.062114715576172e+00, 5.062114715576172e+00, 5.062114715576172e+00, 5.062114715576172e+00, 5.062114715576172e+00, 5.062114715576172e+00, 5.062114715576172e+00, 5.062114715576172e+00, 5.062114715576172e+00, 5.062114715576172e+00, 5.062114715576172e+00, 5.062114715576172e+00, 5.062114715576172e+00, 5.062114715576172e+00, 5.062114715576172e+00, 5.062114715576172e+00, 5.062114715576172e+00, 5.062114715576172e+00, 5.062114715576172e+00, 5.062114715576172e+00, 5.062114715576172e+00, 5.062114715576172e+00, 5.062114715576172e+00, 5.062114715576172e+00, 5.062114715576172e+00, 5.062114715576172e+00, 5.062114715576172e+00, 5.062114715576172e+00, 5.062114715576172e+00, 5.062114715576172e+00, 5.062114715576172e+00, 5.062114715576172e+00, 5.062114715576172e+00, 5.062114715576172e+00, 5.062114715576172e+00, 5.062114715576172e+00, 5.062114715576172e+00, 5.062114715576172e+00, 5.062114715576172e+00, 5.062114715576172e+00, 5.062114715576172e+00, 5.062114715576172e+00]
TExh.y=[2.931499938964844e+02, 2.931499938964844e+02]
whe.sta_b2.T=[2.953250427246094e+02, 2.963730163900343e+02, 2.97501312300372e+02, 2.981068420195273e+02, 2.983554992837308e+02, 2.984759521484375e+02, 2.985484619075303e+02, 2.986004638572599e+02, 2.986434631444669e+02, 2.986880492986853e+02, 2.987241821289062e+02, 2.98754028332148e+02, 2.98781097406515e+02, 2.988066711478815e+02, 2.988312072651719e+02, 2.988548583984375e+02, 2.988777465915385e+02, 2.990245360488319e+02, 2.994242550302561e+02, 2.998298948465901e+02, 3.00241455078125e+02, 3.006589357253135e+02, 3.01082336787703e+02, 3.015116573489122e+02, 3.019468992285744e+02, 3.023880310058594e+02, 3.028351137163761e+02, 3.032880863245156e+02, 3.037470088863183e+02, 3.042118223117305e+02, 3.046825561523438e+02, 3.051592104086106e+02, 3.056417850800783e+02, 3.061302791248962e+02, 3.062944030761719e+02, 3.062944030761719e+02, 3.062944030761719e+02, 3.062944030761719e+02, 3.062944030761719e+02, 3.062944030761719e+02, 3.062944030761719e+02, 3.062944030761719e+02, 3.062944030761719e+02, 3.062944030761719e+02, 3.062944030761719e+02, 3.062944030761719e+02, 3.062944030761719e+02, 3.062944030761719e+02, 3.062944030761719e+02, 3.062944030761719e+02, 3.062944030761719e+02, 3.062944030761719e+02, 3.062944030761719e+02, 3.062944030761719e+02, 3.062944030761719e+02, 3.062944030761719e+02, 3.062944030761719e+02, 3.062944030761719e+02, 3.062944030761719e+02, 3.062944030761719e+02, 3.062944030761719e+02, 3.062944030761719e+02, 3.062944030761719e+02, 3.062944030761719e+02, 3.062944030761719e+02, 3.062944030761719e+02, 3.062944030761719e+02, 3.062777404358301e+02, 3.062168579959154e+02, 3.057762138418763e+02, 3.053247985839844e+02, 3.048615730595761e+02, 3.043852250226228e+02, 3.038941633414713e+02, 3.03386595800624e+02, 3.02860107421875e+02, 3.02311890593987e+02, 3.01738100128245e+02, 3.011338174597707e+02, 3.004922474028251e+02, 2.998035278320312e+02, 2.990526441460349e+02, 2.98214175355926e+02, 2.972387047692575e+02, 2.968661193847656e+02, 2.968661193847656e+02, 2.968661193847656e+02, 2.968661193847656e+02, 2.968661193847656e+02, 2.968661193847656e+02, 2.968661193847656e+02, 2.968661193847656e+02, 2.968661193847656e+02, 2.968661193847656e+02, 2.968661193847656e+02, 2.968661193847656e+02, 2.968661193847656e+02, 2.968661193847656e+02, 2.968661193847656e+02, 2.968661193847656e+02, 2.968661193847656e+02]
whe.yWheSpe=[6.99999988079071e-01, 6.99999988079071e-01, 6.99999988079071e-01, 6.99999988079071e-01, 6.99999988079071e-01, 6.99999988079071e-01, 6.99999988079071e-01, 6.99999988079071e-01, 6.99999988079071e-01, 6.99999988079071e-01, 6.99999988079071e-01, 6.99999988079071e-01, 6.99999988079071e-01, 6.99999988079071e-01, 6.99999988079071e-01, 6.99999988079071e-01, 6.99999988079071e-01, 7.020000206629241e-01, 7.07999999205194e-01, 7.139999841055157e-01, 7.200000286102295e-01, 7.260000135102985e-01, 7.319999984106202e-01, 7.37999970595217e-01, 7.440000150998046e-01, 7.5e-01, 7.559999849001954e-01, 7.62000029404783e-01, 7.680000015893798e-01, 7.739999864897014e-01, 7.799999713897705e-01, 7.860000158944843e-01, 7.92000000794806e-01, 7.979999729794028e-01, 8.00000011920929e-01, 8.00000011920929e-01, 8.00000011920929e-01, 8.00000011920929e-01, 8.00000011920929e-01, 8.00000011920929e-01, 8.00000011920929e-01, 8.00000011920929e-01, 8.00000011920929e-01, 8.00000011920929e-01, 8.00000011920929e-01, 8.00000011920929e-01, 8.00000011920929e-01, 8.00000011920929e-01, 8.00000011920929e-01, 8.00000011920929e-01, 8.00000011920929e-01, 8.00000011920929e-01, 8.00000011920929e-01, 8.00000011920929e-01, 8.00000011920929e-01, 8.00000011920929e-01, 8.00000011920929e-01, 8.00000011920929e-01, 8.00000011920929e-01, 8.00000011920929e-01, 8.00000011920929e-01, 8.00000011920929e-01, 8.00000011920929e-01, 8.00000011920929e-01, 8.00000011920929e-01, 8.00000011920929e-01, 8.00000011920929e-01, 8.00000011920929e-01, 8.00000011920929e-01, 8.00000011920929e-01, 8.00000011920929e-01, 8.00000011920929e-01, 8.00000011920929e-01, 8.00000011920929e-01, 8.00000011920929e-01, 8.00000011920929e-01, 8.00000011920929e-01, 8.00000011920929e-01, 8.00000011920929e-01, 8.00000011920929e-01, 8.00000011920929e-01, 8.00000011920929e-01, 8.00000011920929e-01, 8.00000011920929e-01, 8.00000011920929e-01, 8.00000011920929e-01, 8.00000011920929e-01, 8.00000011920929e-01, 8.00000011920929e-01, 8.00000011920929e-01, 8.00000011920929e-01, 8.00000011920929e-01, 8.00000011920929e-01, 8.00000011920929e-01, 8.00000011920929e-01, 8.00000011920929e-01, 8.00000011920929e-01, 8.00000011920929e-01, 8.00000011920929e-01, 8.00000011920929e-01, 8.00000011920929e-01]
whe.effCal.epsS=[5.118875503540039e-01, 5.222309233745821e-01, 5.289596918329442e-01, 5.343860385115957e-01, 5.390600566698063e-01, 5.432279109954834e-01, 5.470250245018703e-01, 5.505354993267335e-01, 5.538156635306741e-01, 5.569055663652834e-01, 5.598347783088684e-01, 5.626259457658035e-01, 5.65296887794818e-01, 5.678617959565843e-01, 5.703322877099171e-01, 5.7271808385849e-01, 5.750272879670303e-01, 5.781748880403703e-01, 5.831165271830964e-01, 5.880582311664951e-01, 5.929998755455017e-01, 5.979415199245083e-01, 6.028832239079071e-01, 6.078248578143525e-01, 6.127665617977512e-01, 6.177082061767578e-01, 6.226498505557644e-01, 6.275915545391632e-01, 6.325331884456086e-01, 6.374748924290073e-01, 6.424165368080139e-01, 6.473581811870205e-01, 6.522998851704193e-01, 6.572415190768647e-01, 6.588887572288513e-01, 6.588887572288513e-01, 6.588887572288513e-01, 6.588887572288513e-01, 6.588887572288513e-01, 6.588887572288513e-01, 6.588887572288513e-01, 6.588887572288513e-01, 6.588887572288513e-01, 6.588887572288513e-01, 6.588887572288513e-01, 6.588887572288513e-01, 6.588887572288513e-01, 6.588887572288513e-01, 6.588887572288513e-01, 6.588887572288513e-01, 6.588887572288513e-01, 6.588887572288513e-01, 6.588887572288513e-01, 6.588887572288513e-01, 6.588887572288513e-01, 6.588887572288513e-01, 6.588887572288513e-01, 6.588887572288513e-01, 6.588887572288513e-01, 6.588887572288513e-01, 6.588887572288513e-01, 6.588887572288513e-01, 6.588887572288513e-01, 6.588887572288513e-01, 6.588887572288513e-01, 6.588887572288513e-01, 6.588887572288513e-01, 6.580494024709308e-01, 6.55483963305057e-01, 6.52842338292438e-01, 6.501173377037048e-01, 6.473003674290156e-01, 6.443813543642471e-01, 6.413482918273659e-01, 6.381866280824289e-01, 6.348782181739807e-01, 6.314004719871262e-01, 6.277241238444009e-01, 6.238106350918348e-01, 6.196067854522703e-01, 6.150362491607666e-01, 6.099816650385895e-01, 6.04245504490453e-01, 5.974424814109768e-01, 5.948054194450378e-01, 5.948054194450378e-01, 5.948054194450378e-01, 5.948054194450378e-01, 5.948054194450378e-01, 5.948054194450378e-01, 5.948054194450378e-01, 5.948054194450378e-01, 5.948054194450378e-01, 5.948054194450378e-01, 5.948054194450378e-01, 5.948054194450378e-01, 5.948054194450378e-01, 5.948054194450378e-01, 5.948054194450378e-01, 5.948054194450378e-01, 5.948054194450378e-01]
whe.effCal.epsL=[3.937750458717346e-01, 4.144618217152094e-01, 4.279194182365824e-01, 4.38772081791571e-01, 4.481201479103065e-01, 4.564558267593384e-01, 4.640500835744029e-01, 4.710710034218701e-01, 4.776313318297831e-01, 4.838111076968055e-01, 4.896695613861084e-01, 4.952519261023009e-01, 5.005937207533944e-01, 5.057235370770218e-01, 5.106645801882056e-01, 5.154362320899963e-01, 5.200546403069507e-01, 5.245497813259858e-01, 5.290330610418059e-01, 5.335164051127304e-01, 5.379997491836548e-01, 5.424830932545792e-01, 5.469664373255037e-01, 5.514497718951299e-01, 5.559330563616622e-01, 5.604164004325867e-01, 5.648997445036374e-01, 5.693830885744355e-01, 5.738664231440618e-01, 5.783497076105941e-01, 5.828330516815186e-01, 5.873163957525693e-01, 5.917997398233674e-01, 5.962830743929937e-01, 5.977774858474731e-01, 5.977774858474731e-01, 5.977774858474731e-01, 5.977774858474731e-01, 5.977774858474731e-01, 5.977774858474731e-01, 5.977774858474731e-01, 5.977774858474731e-01, 5.977774858474731e-01, 5.977774858474731e-01, 5.977774858474731e-01, 5.977774858474731e-01, 5.977774858474731e-01, 5.977774858474731e-01, 5.977774858474731e-01, 5.977774858474731e-01, 5.977774858474731e-01, 5.977774858474731e-01, 5.977774858474731e-01, 5.977774858474731e-01, 5.977774858474731e-01, 5.977774858474731e-01, 5.977774858474731e-01, 5.977774858474731e-01, 5.977774858474731e-01, 5.977774858474731e-01, 5.977774858474731e-01, 5.977774858474731e-01, 5.977774858474731e-01, 5.977774858474731e-01, 5.977774858474731e-01, 5.977774858474731e-01, 5.977774858474731e-01, 5.960988359360243e-01, 5.909679576042766e-01, 5.85684707578786e-01, 5.802346467971802e-01, 5.746007062483071e-01, 5.687627397218989e-01, 5.626966146481364e-01, 5.563732275551335e-01, 5.497564077377319e-01, 5.42800915364023e-01, 5.354482786822066e-01, 5.276212415734399e-01, 5.192136018984507e-01, 5.100725293159485e-01, 4.999633610715943e-01, 4.884909505693646e-01, 4.748849342117241e-01, 4.69610869884491e-01, 4.69610869884491e-01, 4.69610869884491e-01, 4.69610869884491e-01, 4.69610869884491e-01, 4.69610869884491e-01, 4.69610869884491e-01, 4.69610869884491e-01, 4.69610869884491e-01, 4.69610869884491e-01, 4.69610869884491e-01, 4.69610869884491e-01, 4.69610869884491e-01, 4.69610869884491e-01, 4.69610869884491e-01, 4.69610869884491e-01, 4.69610869884491e-01]
