Community Geothermal Task 4, 1 borehole  EOS1                                   
ROCKS                                                                           
soil1    1     2600.     0.300 1.000E-24 1.000E-24 1.000E-24   2.50      1000.00
     5.e-8                                                                      
bore1    1     2600.     0.300 0.000E-24 0.000E-24 0.000E-24   2.50      1000.00
     5.e-8                                                                      
bott1    1  2600.e20     0.300 1.000E-24 1.000E-24 1.000E-24   2.50      1000.00
     5.e-8                                                                      
insu1    1     2600.     0.300 1.000E-24 1.000E-24 1.000E-24   0.10      1000.00
     5.e-8                                                                      
surf1    1     2600.     0.300 1.000E-24 1.000E-24 1.000E-24   0.50      1000.00
     5.e-8                 
soil6    1     2600.     0.300 1.000E-24 1.000E-24 1.000E-24   1.33      1000.00
     5.e-8                                                                      
soil7    1     2600.     0.300 1.000E-24 1.000E-24 1.000E-24   1.34      1000.00
     5.e-8                                                                      
soil8    1     2600.     0.300 1.000E-24 1.000E-24 1.000E-24   1.35      1000.00
     5.e-8                                                                      
soil9    1     2600.     0.300 1.000E-24 1.000E-24 1.000E-24   1.36      1000.00
     5.e-8                                                                      
soi10    1     2600.     0.300 1.000E-24 1.000E-24 1.000E-24   1.37      1000.00
     5.e-8                                                                      
soi11    1     2600.     0.300 1.000E-24 1.000E-24 1.000E-24   2.00      1000.00
     5.e-8                                                                      
                                                                                
MULTI----1----*----2----*----3----*----4----*----5----*----6----*----7----*----8
    1    2    2    6                                                            
START----1----*----2----*----3----*----4----*----5----*----6----*----7----*----8
----*----1 MOP: 123456789*123456789*1234 ---*----5----*----6----*----7----*----8
PARAM----1----*----2----*----3----*----4----*----5----*----6----*----7----*----8
   29999    99991000301000020004 0  0                                           
 .0000E+00 3.15576e8 .6000E+02 2592000.                0.000
     3.E-6                                             1.E-8                    
               11.e5                14.8                                        

FOFT
  7 1
 12 1
 16 1
 20 1
 24 1

COFT
  1 1  2 1
  1 2  2 2
  1 3  2 3
  1 4  2 4
  1 5  2 5
  1 6  2 6
  1 7  2 7
  1 8  2 8
  1 9  2 9
  110  210
  111  211
  112  212
  113  213
  114  214
  115  215
  116  216
  117  217
  118  218
  119  219
  120  220
  121  221
  122  222
  123  223
  124  224
  125  225
  126  226
  127  227
  128  228
  129  229
  130  230

TIMES
    4    4
  2592000. 31557600.157788000.315576000.
ENDCY                                                                           



MOMOP                                                                           
00000000000000000000000004                                                      
