time dp dpNorm mNorm m_flow power
         0         0  3.582204e-16  2.1517836  18.551523  -2.7227998e-11
       0.1      -100  0.35652702  2.0690896  17.820974  11207.656
       0.2      -200  0.71375915  1.9862799  17.090837  10803.622
       0.3      -300  1.0716985  1.9050267  16.375489  11032.01
       0.4      -400  1.4303472  1.8246856  15.669356  11377.033
       0.5      -500  1.7897073  1.7435172  14.957493  11717.303
       0.6      -600  2.1497809  1.6598299  14.225423  12010.827
       0.7      -700  2.5105702  1.5716404  13.456231  12230.744
       0.8      -800  2.8720774  1.4761979  12.626501  12347.621
       0.9      -900  3.2343045  1.3689934  11.697891  12316.231
         1     -1000  3.5972536  1.2409341  10.59308  12048.019
