INCON
  7 1           0.10000000E-02
 0.1013250000000E+06 0.1050000000000E+02 0.1000000000000E+02
  8 1           0.10000000E-02
 0.1013250000000E+06 0.1050000000000E+02 0.1006000041960E+02
  9 1           0.10000000E-02
 0.1013250000000E+06 0.1050000000000E+02 0.1015999984740E+02
 10 1           0.10000000E-02
 0.1013250000000E+06 0.1050000000000E+02 0.1026000022890E+02
 11 1           0.10000000E-02
 0.1013250000000E+06 0.1050000000000E+02 0.1035999965670E+02
 12 1           0.10000000E-02
 0.1601250000000E+06 0.9999999747380E-05 0.1046000003810E+02
 13 1           0.10000000E-02
 0.2581250000000E+06 0.9999999747380E-05 0.1056000041960E+02
 14 1           0.10000000E-02
 0.3561250000000E+06 0.9999999747380E-05 0.1065999984740E+02
 15 1           0.10000000E-02
 0.4541250000000E+06 0.9999999747380E-05 0.1076000022890E+02
 16 1           0.10000000E-02
 0.5521250000000E+06 0.9999999747380E-05 0.1085999965670E+02
 17 1           0.30065666E+00
 0.8207620436136E+06 0.9999999747589E-05 0.1091100025180E+02
 18 1           0.30065592E+00
 0.8244372368127E+06 0.9999999747385E-05 0.1091499996190E+02
 19 1           0.30065445E+00
 0.8317876379967E+06 0.9999999747368E-05 0.1092300033570E+02
 20 1           0.30065445E+00
 0.8464885002037E+06 0.9999999747374E-05 0.1093799972530E+02
 21 1           0.30065446E+00
 0.8758904651644E+06 0.9999999747389E-05 0.1096800041200E+02
 22 1           0.30065447E+00
 0.9346953554143E+06 0.9999999747387E-05 0.1102799987790E+02
 23 1           0.30065451E+00
 0.1052308962394E+07 0.9999999747382E-05 0.1114799976350E+02
 24 1           0.30065464E+00
 0.1287551364076E+07 0.9999999747380E-05 0.1138799953460E+02
 25 1           0.30065508E+00
 0.1758095981097E+07 0.9999999747380E-05 0.1186800003050E+02
  1 1           0.99000000E+00
 0.1013250000000E+06 0.0099620000000E+02 0.1000000000000E+02
  2 1           0.30000000E+00
 0.1013262159619E+06 0.1089226302319E+02 0.1000000000000E+02
  3 1           0.30000001E+00
 0.1013286478058E+06 0.1089208044034E+02 0.1000000000000E+02
  4 1           0.30000002E+00
 0.1013310797093E+06 0.1089191938947E+02 0.1000000000000E+02
  5 1           0.30000003E+00
 0.1013335116716E+06 0.1089176791054E+02 0.1000000000000E+02
  6 1           0.30000003E+00
 0.1013359436928E+06 0.1089161491831E+02 0.1000000000000E+02
  1 2           0.99000000E+00
 0.1013250000000E+06 0.0099620000000E+02 0.1000000000000E+02
  2 2           0.30000000E+00
 0.1013262159611E+06 0.1089698772823E+02 0.1000000000000E+02
  3 2           0.30000001E+00
 0.1013286478058E+06 0.1089662348013E+02 0.1000000000000E+02
  4 2           0.30000002E+00
 0.1013310797093E+06 0.1089631038186E+02 0.1000000000000E+02
  5 2           0.30000003E+00
 0.1013335116717E+06 0.1089602472632E+02 0.1000000000000E+02
  6 2           0.30000003E+00
 0.1013359436928E+06 0.1089575422633E+02 0.1000000000000E+02
  7 2           0.30000022E+00
 0.1013979800549E+06 0.1088820354178E+02 0.1000000000000E+02
  8 2           0.30000058E+00
 0.1015197176849E+06 0.1086513160431E+02 0.1006000041960E+02
  9 2           0.30000095E+00
 0.1016415672717E+06 0.1061331217400E+02 0.1015999984740E+02
 10 2           0.30024875E+00
 0.1842101524742E+06 0.1007531558529E+02 0.1026000022890E+02
 11 2           0.30054244E+00
 0.2819845292887E+06 0.1006156880838E+02 0.1035999965670E+02
 12 2           0.30065596E+00
 0.3785507384551E+06 0.1076222794015E-04 0.1046000003810E+02
 13 2           0.30065593E+00
 0.4765413466836E+06 0.1001107242513E-04 0.1056000041960E+02
 14 2           0.30065592E+00
 0.5745355899039E+06 0.1000011891587E-04 0.1065999984740E+02
 15 2           0.30065591E+00
 0.6725334495202E+06 0.1000000075096E-04 0.1076000022890E+02
 16 2           0.30065591E+00
 0.7705349070025E+06 0.9999999754210E-05 0.1085999965670E+02
 17 2           0.30065666E+00
 0.8207620436142E+06 0.9999999748666E-05 0.1091100025180E+02
 18 2           0.30065592E+00
 0.8244372368127E+06 0.9999999747499E-05 0.1091499996190E+02
 19 2           0.30065445E+00
 0.8317876379967E+06 0.9999999747387E-05 0.1092300033570E+02
 20 2           0.30065445E+00
 0.8464885002037E+06 0.9999999747383E-05 0.1093799972530E+02
 21 2           0.30065446E+00
 0.8758904651644E+06 0.9999999747408E-05 0.1096800041200E+02
 22 2           0.30065447E+00
 0.9346953554143E+06 0.9999999747384E-05 0.1102799987790E+02
 23 2           0.30065451E+00
 0.1052308962394E+07 0.9999999747378E-05 0.1114799976350E+02
 24 2           0.30065464E+00
 0.1287551364076E+07 0.9999999747380E-05 0.1138799953460E+02
 25 2           0.30065508E+00
 0.1758095981097E+07 0.9999999747381E-05 0.1186800003050E+02
  1 3           0.99000000E+00
 0.1013250000000E+06 0.0099620000000E+02 0.1000000000000E+02
  2 3           0.30000000E+00
 0.1013262159611E+06 0.1089698917767E+02 0.1000000000000E+02
  3 3           0.30000001E+00
 0.1013286478058E+06 0.1089662455247E+02 0.1000000000000E+02
  4 3           0.30000002E+00
 0.1013310797093E+06 0.1089631122937E+02 0.1000000000000E+02
  5 3           0.30000003E+00
 0.1013335116717E+06 0.1089602542325E+02 0.1000000000000E+02
  6 3           0.30000003E+00
 0.1013359436928E+06 0.1089575481673E+02 0.1000000000000E+02
  7 3           0.30000022E+00
 0.1013979800549E+06 0.1088820354179E+02 0.1000000000000E+02
  8 3           0.30000058E+00
 0.1015197176849E+06 0.1086513160431E+02 0.1006000041960E+02
  9 3           0.30000095E+00
 0.1016415672717E+06 0.1061331217400E+02 0.1015999984740E+02
 10 3           0.30024875E+00
 0.1842101525111E+06 0.1007531558776E+02 0.1026000022890E+02
 11 3           0.30054244E+00
 0.2819845291576E+06 0.1006156879993E+02 0.1035999965670E+02
 12 3           0.30065596E+00
 0.3785507384551E+06 0.1076222796566E-04 0.1046000003810E+02
 13 3           0.30065593E+00
 0.4765413466836E+06 0.1001107242538E-04 0.1056000041960E+02
 14 3           0.30065592E+00
 0.5745355899039E+06 0.1000011891587E-04 0.1065999984740E+02
 15 3           0.30065591E+00
 0.6725334495202E+06 0.1000000075096E-04 0.1076000022890E+02
 16 3           0.30065591E+00
 0.7705349070025E+06 0.9999999754211E-05 0.1085999965670E+02
 17 3           0.30065666E+00
 0.8207620436143E+06 0.9999999748667E-05 0.1091100025180E+02
 18 3           0.30065592E+00
 0.8244372368127E+06 0.9999999747506E-05 0.1091499996190E+02
 19 3           0.30065445E+00
 0.8317876379967E+06 0.9999999747388E-05 0.1092300033570E+02
 20 3           0.30065445E+00
 0.8464885002037E+06 0.9999999747376E-05 0.1093799972530E+02
 21 3           0.30065446E+00
 0.8758904651644E+06 0.9999999747383E-05 0.1096800041200E+02
 22 3           0.30065447E+00
 0.9346953554143E+06 0.9999999747389E-05 0.1102799987790E+02
 23 3           0.30065451E+00
 0.1052308962394E+07 0.9999999747381E-05 0.1114799976350E+02
 24 3           0.30065464E+00
 0.1287551364076E+07 0.9999999747379E-05 0.1138799953460E+02
 25 3           0.30065508E+00
 0.1758095981097E+07 0.9999999747380E-05 0.1186800003050E+02
  1 4           0.99000000E+00
 0.1013250000000E+06 0.0099620000000E+02 0.1000000000000E+02
  2 4           0.30000000E+00
 0.1013262159611E+06 0.1089699064572E+02 0.1000000000000E+02
  3 4           0.30000001E+00
 0.1013286478058E+06 0.1089662564698E+02 0.1000000000000E+02
  4 4           0.30000002E+00
 0.1013310797093E+06 0.1089631209599E+02 0.1000000000000E+02
  5 4           0.30000003E+00
 0.1013335116717E+06 0.1089602613670E+02 0.1000000000000E+02
  6 4           0.30000003E+00
 0.1013359436928E+06 0.1089575542266E+02 0.1000000000000E+02
  7 4           0.30000022E+00
 0.1013979800549E+06 0.1088820354180E+02 0.1000000000000E+02
  8 4           0.30000058E+00
 0.1015197176849E+06 0.1086513160431E+02 0.1006000041960E+02
  9 4           0.30000095E+00
 0.1016415672717E+06 0.1061331217400E+02 0.1015999984740E+02
 10 4           0.30024875E+00
 0.1842101524716E+06 0.1007531558512E+02 0.1026000022890E+02
 11 4           0.30054244E+00
 0.2819845294080E+06 0.1006156881607E+02 0.1035999965670E+02
 12 4           0.30065596E+00
 0.3785507384551E+06 0.1076222793491E-04 0.1046000003810E+02
 13 4           0.30065593E+00
 0.4765413466836E+06 0.1001107242526E-04 0.1056000041960E+02
 14 4           0.30065592E+00
 0.5745355899039E+06 0.1000011891587E-04 0.1065999984740E+02
 15 4           0.30065591E+00
 0.6725334495202E+06 0.1000000075096E-04 0.1076000022890E+02
 16 4           0.30065591E+00
 0.7705349070025E+06 0.9999999754228E-05 0.1085999965670E+02
 17 4           0.30065666E+00
 0.8207620436144E+06 0.9999999748669E-05 0.1091100025180E+02
 18 4           0.30065592E+00
 0.8244372368127E+06 0.9999999747502E-05 0.1091499996190E+02
 19 4           0.30065445E+00
 0.8317876379967E+06 0.9999999747385E-05 0.1092300033570E+02
 20 4           0.30065445E+00
 0.8464885002037E+06 0.9999999747381E-05 0.1093799972530E+02
 21 4           0.30065446E+00
 0.8758904651644E+06 0.9999999747410E-05 0.1096800041200E+02
 22 4           0.30065447E+00
 0.9346953554143E+06 0.9999999747388E-05 0.1102799987790E+02
 23 4           0.30065451E+00
 0.1052308962394E+07 0.9999999747379E-05 0.1114799976350E+02
 24 4           0.30065464E+00
 0.1287551364076E+07 0.9999999747379E-05 0.1138799953460E+02
 25 4           0.30065508E+00
 0.1758095981097E+07 0.9999999747381E-05 0.1186800003050E+02
  1 5           0.99000000E+00
 0.1013250000000E+06 0.0099620000000E+02 0.1000000000000E+02
  2 5           0.30000000E+00
 0.1013262159611E+06 0.1089699212650E+02 0.1000000000000E+02
  3 5           0.30000001E+00
 0.1013286478058E+06 0.1089662676087E+02 0.1000000000000E+02
  4 5           0.30000002E+00
 0.1013310797093E+06 0.1089631298005E+02 0.1000000000000E+02
  5 5           0.30000003E+00
 0.1013335116717E+06 0.1089602686557E+02 0.1000000000000E+02
  6 5           0.30000003E+00
 0.1013359436928E+06 0.1089575604350E+02 0.1000000000000E+02
  7 5           0.30000022E+00
 0.1013979800549E+06 0.1088820354183E+02 0.1000000000000E+02
  8 5           0.30000058E+00
 0.1015197176849E+06 0.1086513160431E+02 0.1006000041960E+02
  9 5           0.30000095E+00
 0.1016415672717E+06 0.1061331217400E+02 0.1015999984740E+02
 10 5           0.30024875E+00
 0.1842101524979E+06 0.1007531558688E+02 0.1026000022890E+02
 11 5           0.30054244E+00
 0.2819845291241E+06 0.1006156879778E+02 0.1035999965670E+02
 12 5           0.30065596E+00
 0.3785507384551E+06 0.1076222795932E-04 0.1046000003810E+02
 13 5           0.30065593E+00
 0.4765413466836E+06 0.1001107242533E-04 0.1056000041960E+02
 14 5           0.30065592E+00
 0.5745355899039E+06 0.1000011891584E-04 0.1065999984740E+02
 15 5           0.30065591E+00
 0.6725334495202E+06 0.1000000075096E-04 0.1076000022890E+02
 16 5           0.30065591E+00
 0.7705349070025E+06 0.9999999754221E-05 0.1085999965670E+02
 17 5           0.30065666E+00
 0.8207620436145E+06 0.9999999748666E-05 0.1091100025180E+02
 18 5           0.30065592E+00
 0.8244372368127E+06 0.9999999747500E-05 0.1091499996190E+02
 19 5           0.30065445E+00
 0.8317876379967E+06 0.9999999747386E-05 0.1092300033570E+02
 20 5           0.30065445E+00
 0.8464885002037E+06 0.9999999747388E-05 0.1093799972530E+02
 21 5           0.30065446E+00
 0.8758904651644E+06 0.9999999747404E-05 0.1096800041200E+02
 22 5           0.30065447E+00
 0.9346953554143E+06 0.9999999747383E-05 0.1102799987790E+02
 23 5           0.30065451E+00
 0.1052308962394E+07 0.9999999747379E-05 0.1114799976350E+02
 24 5           0.30065464E+00
 0.1287551364076E+07 0.9999999747380E-05 0.1138799953460E+02
 25 5           0.30065508E+00
 0.1758095981097E+07 0.9999999747381E-05 0.1186800003050E+02
  1 6           0.99000000E+00
 0.1013250000000E+06 0.0099620000000E+02 0.1000000000000E+02
  2 6           0.30000000E+00
 0.1013262159611E+06 0.1089699361185E+02 0.1000000000000E+02
  3 6           0.30000001E+00
 0.1013286478058E+06 0.1089662788969E+02 0.1000000000000E+02
  4 6           0.30000002E+00
 0.1013310797093E+06 0.1089631387868E+02 0.1000000000000E+02
  5 6           0.30000003E+00
 0.1013335116717E+06 0.1089602760783E+02 0.1000000000000E+02
  6 6           0.30000003E+00
 0.1013359436928E+06 0.1089575667791E+02 0.1000000000000E+02
  7 6           0.30000022E+00
 0.1013979800549E+06 0.1088820354187E+02 0.1000000000000E+02
  8 6           0.30000058E+00
 0.1015197176849E+06 0.1086513160431E+02 0.1006000041960E+02
  9 6           0.30000095E+00
 0.1016415672717E+06 0.1061331217400E+02 0.1015999984740E+02
 10 6           0.30024875E+00
 0.1842101524882E+06 0.1007531558623E+02 0.1026000022890E+02
 11 6           0.30054244E+00
 0.2819845293629E+06 0.1006156881317E+02 0.1035999965670E+02
 12 6           0.30065596E+00
 0.3785507384551E+06 0.1076222794308E-04 0.1046000003810E+02
 13 6           0.30065593E+00
 0.4765413466836E+06 0.1001107242514E-04 0.1056000041960E+02
 14 6           0.30065592E+00
 0.5745355899039E+06 0.1000011891584E-04 0.1065999984740E+02
 15 6           0.30065591E+00
 0.6725334495202E+06 0.1000000075098E-04 0.1076000022890E+02
 16 6           0.30065591E+00
 0.7705349070025E+06 0.9999999754221E-05 0.1085999965670E+02
 17 6           0.30065666E+00
 0.8207620436146E+06 0.9999999748667E-05 0.1091100025180E+02
 18 6           0.30065592E+00
 0.8244372368127E+06 0.9999999747501E-05 0.1091499996190E+02
 19 6           0.30065445E+00
 0.8317876379967E+06 0.9999999747381E-05 0.1092300033570E+02
 20 6           0.30065445E+00
 0.8464885002037E+06 0.9999999747373E-05 0.1093799972530E+02
 21 6           0.30065446E+00
 0.8758904651644E+06 0.9999999747407E-05 0.1096800041200E+02
 22 6           0.30065447E+00
 0.9346953554143E+06 0.9999999747386E-05 0.1102799987790E+02
 23 6           0.30065451E+00
 0.1052308962394E+07 0.9999999747379E-05 0.1114799976350E+02
 24 6           0.30065464E+00
 0.1287551364076E+07 0.9999999747380E-05 0.1138799953460E+02
 25 6           0.30065508E+00
 0.1758095981097E+07 0.9999999747380E-05 0.1186800003050E+02
  1 7           0.99000000E+00
 0.1013250000000E+06 0.0099620000000E+02 0.1000000000000E+02
  2 7           0.30000000E+00
 0.1013262159611E+06 0.1089699509432E+02 0.1000000000000E+02
  3 7           0.30000001E+00
 0.1013286478058E+06 0.1089662902954E+02 0.1000000000000E+02
  4 7           0.30000002E+00
 0.1013310797093E+06 0.1089631478956E+02 0.1000000000000E+02
  5 7           0.30000003E+00
 0.1013335116717E+06 0.1089602836201E+02 0.1000000000000E+02
  6 7           0.30000003E+00
 0.1013359436928E+06 0.1089575732505E+02 0.1000000000000E+02
  7 7           0.30000022E+00
 0.1013979800549E+06 0.1088820354193E+02 0.1000000000000E+02
  8 7           0.30000058E+00
 0.1015197176849E+06 0.1086513160431E+02 0.1006000041960E+02
  9 7           0.30000095E+00
 0.1016415672717E+06 0.1061331217400E+02 0.1015999984740E+02
 10 7           0.30024875E+00
 0.1842101524946E+06 0.1007531558666E+02 0.1026000022890E+02
 11 7           0.30054244E+00
 0.2819845291886E+06 0.1006156880193E+02 0.1035999965670E+02
 12 7           0.30065596E+00
 0.3785507384551E+06 0.1076222795378E-04 0.1046000003810E+02
 13 7           0.30065593E+00
 0.4765413466836E+06 0.1001107242525E-04 0.1056000041960E+02
 14 7           0.30065592E+00
 0.5745355899039E+06 0.1000011891584E-04 0.1065999984740E+02
 15 7           0.30065591E+00
 0.6725334495202E+06 0.1000000075096E-04 0.1076000022890E+02
 16 7           0.30065591E+00
 0.7705349070025E+06 0.9999999754230E-05 0.1085999965670E+02
 17 7           0.30065666E+00
 0.8207620436148E+06 0.9999999748669E-05 0.1091100025180E+02
 18 7           0.30065592E+00
 0.8244372368127E+06 0.9999999747506E-05 0.1091499996190E+02
 19 7           0.30065445E+00
 0.8317876379967E+06 0.9999999747390E-05 0.1092300033570E+02
 20 7           0.30065445E+00
 0.8464885002037E+06 0.9999999747373E-05 0.1093799972530E+02
 21 7           0.30065446E+00
 0.8758904651644E+06 0.9999999747386E-05 0.1096800041200E+02
 22 7           0.30065447E+00
 0.9346953554143E+06 0.9999999747375E-05 0.1102799987790E+02
 23 7           0.30065451E+00
 0.1052308962394E+07 0.9999999747383E-05 0.1114799976350E+02
 24 7           0.30065464E+00
 0.1287551364076E+07 0.9999999747380E-05 0.1138799953460E+02
 25 7           0.30065508E+00
 0.1758095981097E+07 0.9999999747380E-05 0.1186800003050E+02
  1 8           0.99000000E+00
 0.1013250000000E+06 0.0099620000000E+02 0.1000000000000E+02
  2 8           0.30000000E+00
 0.1013262159611E+06 0.1089699656622E+02 0.1000000000000E+02
  3 8           0.30000001E+00
 0.1013286478058E+06 0.1089663017623E+02 0.1000000000000E+02
  4 8           0.30000002E+00
 0.1013310797093E+06 0.1089631571030E+02 0.1000000000000E+02
  5 8           0.30000003E+00
 0.1013335116717E+06 0.1089602912665E+02 0.1000000000000E+02
  6 8           0.30000003E+00
 0.1013359436928E+06 0.1089575798411E+02 0.1000000000000E+02
  7 8           0.30000022E+00
 0.1013979800549E+06 0.1088820354201E+02 0.1000000000000E+02
  8 8           0.30000058E+00
 0.1015197176849E+06 0.1086513160431E+02 0.1006000041960E+02
  9 8           0.30000095E+00
 0.1016415672717E+06 0.1061331217400E+02 0.1015999984740E+02
 10 8           0.30024875E+00
 0.1842101524922E+06 0.1007531558650E+02 0.1026000022890E+02
 11 8           0.30054244E+00
 0.2819845292904E+06 0.1006156880849E+02 0.1035999965670E+02
 12 8           0.30065596E+00
 0.3785507384551E+06 0.1076222794648E-04 0.1046000003810E+02
 13 8           0.30065593E+00
 0.4765413466836E+06 0.1001107242517E-04 0.1056000041960E+02
 14 8           0.30065592E+00
 0.5745355899039E+06 0.1000011891584E-04 0.1065999984740E+02
 15 8           0.30065591E+00
 0.6725334495202E+06 0.1000000075098E-04 0.1076000022890E+02
 16 8           0.30065591E+00
 0.7705349070025E+06 0.9999999754216E-05 0.1085999965670E+02
 17 8           0.30065666E+00
 0.8207620436149E+06 0.9999999748666E-05 0.1091100025180E+02
 18 8           0.30065592E+00
 0.8244372368127E+06 0.9999999747490E-05 0.1091499996190E+02
 19 8           0.30065445E+00
 0.8317876379967E+06 0.9999999747378E-05 0.1092300033570E+02
 20 8           0.30065445E+00
 0.8464885002037E+06 0.9999999747391E-05 0.1093799972530E+02
 21 8           0.30065446E+00
 0.8758904651644E+06 0.9999999747397E-05 0.1096800041200E+02
 22 8           0.30065447E+00
 0.9346953554143E+06 0.9999999747378E-05 0.1102799987790E+02
 23 8           0.30065451E+00
 0.1052308962394E+07 0.9999999747379E-05 0.1114799976350E+02
 24 8           0.30065464E+00
 0.1287551364076E+07 0.9999999747380E-05 0.1138799953460E+02
 25 8           0.30065508E+00
 0.1758095981097E+07 0.9999999747380E-05 0.1186800003050E+02
  1 9           0.99000000E+00
 0.1013250000000E+06 0.0099620000000E+02 0.1000000000000E+02
  2 9           0.30000000E+00
 0.1013262159611E+06 0.1089699801889E+02 0.1000000000000E+02
  3 9           0.30000001E+00
 0.1013286478058E+06 0.1089663132462E+02 0.1000000000000E+02
  4 9           0.30000002E+00
 0.1013310797093E+06 0.1089631663788E+02 0.1000000000000E+02
  5 9           0.30000003E+00
 0.1013335116717E+06 0.1089602989990E+02 0.1000000000000E+02
  6 9           0.30000003E+00
 0.1013359436928E+06 0.1089575865397E+02 0.1000000000000E+02
  7 9           0.30000022E+00
 0.1013979800549E+06 0.1088820354212E+02 0.1000000000000E+02
  8 9           0.30000058E+00
 0.1015197176849E+06 0.1086513160431E+02 0.1006000041960E+02
  9 9           0.30000095E+00
 0.1016415672717E+06 0.1061331217400E+02 0.1015999984740E+02
 10 9           0.30024875E+00
 0.1842101524819E+06 0.1007531558581E+02 0.1026000022890E+02
 11 9           0.30054244E+00
 0.2819845292557E+06 0.1006156880626E+02 0.1035999965670E+02
 12 9           0.30065596E+00
 0.3785507384551E+06 0.1076222794956E-04 0.1046000003810E+02
 13 9           0.30065593E+00
 0.4765413466836E+06 0.1001107242518E-04 0.1056000041960E+02
 14 9           0.30065592E+00
 0.5745355899039E+06 0.1000011891584E-04 0.1065999984740E+02
 15 9           0.30065591E+00
 0.6725334495202E+06 0.1000000075097E-04 0.1076000022890E+02
 16 9           0.30065591E+00
 0.7705349070025E+06 0.9999999754224E-05 0.1085999965670E+02
 17 9           0.30065666E+00
 0.8207620436150E+06 0.9999999748673E-05 0.1091100025180E+02
 18 9           0.30065592E+00
 0.8244372368127E+06 0.9999999747498E-05 0.1091499996190E+02
 19 9           0.30065445E+00
 0.8317876379967E+06 0.9999999747389E-05 0.1092300033570E+02
 20 9           0.30065445E+00
 0.8464885002037E+06 0.9999999747373E-05 0.1093799972530E+02
 21 9           0.30065446E+00
 0.8758904651644E+06 0.9999999747401E-05 0.1096800041200E+02
 22 9           0.30065447E+00
 0.9346953554143E+06 0.9999999747378E-05 0.1102799987790E+02
 23 9           0.30065451E+00
 0.1052308962394E+07 0.9999999747378E-05 0.1114799976350E+02
 24 9           0.30065464E+00
 0.1287551364076E+07 0.9999999747380E-05 0.1138799953460E+02
 25 9           0.30065508E+00
 0.1758095981097E+07 0.9999999747381E-05 0.1186800003050E+02
  110           0.99000000E+00
 0.1013250000000E+06 0.0099620000000E+02 0.1000000000000E+02
  210           0.30000000E+00
 0.1013262159611E+06 0.1089699944331E+02 0.1000000000000E+02
  310           0.30000001E+00
 0.1013286478058E+06 0.1089663246904E+02 0.1000000000000E+02
  410           0.30000002E+00
 0.1013310797093E+06 0.1089631756894E+02 0.1000000000000E+02
  510           0.30000003E+00
 0.1013335116717E+06 0.1089603067970E+02 0.1000000000000E+02
  610           0.30000003E+00
 0.1013359436928E+06 0.1089575933338E+02 0.1000000000000E+02
  710           0.30000022E+00
 0.1013979800549E+06 0.1088820354226E+02 0.1000000000000E+02
  810           0.30000058E+00
 0.1015197176849E+06 0.1086513160431E+02 0.1006000041960E+02
  910           0.30000095E+00
 0.1016415672717E+06 0.1061331217400E+02 0.1015999984740E+02
 1010           0.30024875E+00
 0.1842101524936E+06 0.1007531558659E+02 0.1026000022890E+02
 1110           0.30054244E+00
 0.2819845292643E+06 0.1006156880681E+02 0.1035999965670E+02
 1210           0.30065596E+00
 0.3785507384551E+06 0.1076222795047E-04 0.1046000003810E+02
 1310           0.30065593E+00
 0.4765413466836E+06 0.1001107242518E-04 0.1056000041960E+02
 1410           0.30065592E+00
 0.5745355899039E+06 0.1000011891584E-04 0.1065999984740E+02
 1510           0.30065591E+00
 0.6725334495202E+06 0.1000000075097E-04 0.1076000022890E+02
 1610           0.30065591E+00
 0.7705349070025E+06 0.9999999754229E-05 0.1085999965670E+02
 1710           0.30065666E+00
 0.8207620436151E+06 0.9999999748672E-05 0.1091100025180E+02
 1810           0.30065592E+00
 0.8244372368127E+06 0.9999999747502E-05 0.1091499996190E+02
 1910           0.30065445E+00
 0.8317876379967E+06 0.9999999747390E-05 0.1092300033570E+02
 2010           0.30065445E+00
 0.8464885002037E+06 0.9999999747387E-05 0.1093799972530E+02
 2110           0.30065446E+00
 0.8758904651644E+06 0.9999999747405E-05 0.1096800041200E+02
 2210           0.30065447E+00
 0.9346953554143E+06 0.9999999747385E-05 0.1102799987790E+02
 2310           0.30065451E+00
 0.1052308962394E+07 0.9999999747383E-05 0.1114799976350E+02
 2410           0.30065464E+00
 0.1287551364076E+07 0.9999999747380E-05 0.1138799953460E+02
 2510           0.30065508E+00
 0.1758095981097E+07 0.9999999747380E-05 0.1186800003050E+02
  111           0.99000000E+00
 0.1013250000000E+06 0.0099620000000E+02 0.1000000000000E+02
  211           0.30000000E+00
 0.1013262159611E+06 0.1089700083168E+02 0.1000000000000E+02
  311           0.30000001E+00
 0.1013286478058E+06 0.1089663360433E+02 0.1000000000000E+02
  411           0.30000002E+00
 0.1013310797093E+06 0.1089631850066E+02 0.1000000000000E+02
  511           0.30000003E+00
 0.1013335116717E+06 0.1089603146457E+02 0.1000000000000E+02
  611           0.30000003E+00
 0.1013359436928E+06 0.1089576002154E+02 0.1000000000000E+02
  711           0.30000022E+00
 0.1013979800549E+06 0.1088820354243E+02 0.1000000000000E+02
  811           0.30000058E+00
 0.1015197176849E+06 0.1086513160431E+02 0.1006000041960E+02
  911           0.30000095E+00
 0.1016415672717E+06 0.1061331217400E+02 0.1015999984740E+02
 1011           0.30024875E+00
 0.1842101524868E+06 0.1007531558613E+02 0.1026000022890E+02
 1111           0.30054244E+00
 0.2819845292729E+06 0.1006156880736E+02 0.1035999965670E+02
 1211           0.30065596E+00
 0.3785507384551E+06 0.1076222794733E-04 0.1046000003810E+02
 1311           0.30065593E+00
 0.4765413466836E+06 0.1001107242515E-04 0.1056000041960E+02
 1411           0.30065592E+00
 0.5745355899039E+06 0.1000011891584E-04 0.1065999984740E+02
 1511           0.30065591E+00
 0.6725334495202E+06 0.1000000075097E-04 0.1076000022890E+02
 1611           0.30065591E+00
 0.7705349070025E+06 0.9999999754213E-05 0.1085999965670E+02
 1711           0.30065666E+00
 0.8207620436152E+06 0.9999999748661E-05 0.1091100025180E+02
 1811           0.30065592E+00
 0.8244372368127E+06 0.9999999747503E-05 0.1091499996190E+02
 1911           0.30065445E+00
 0.8317876379967E+06 0.9999999747386E-05 0.1092300033570E+02
 2011           0.30065445E+00
 0.8464885002037E+06 0.9999999747376E-05 0.1093799972530E+02
 2111           0.30065446E+00
 0.8758904651644E+06 0.9999999747398E-05 0.1096800041200E+02
 2211           0.30065447E+00
 0.9346953554143E+06 0.9999999747382E-05 0.1102799987790E+02
 2311           0.30065451E+00
 0.1052308962394E+07 0.9999999747380E-05 0.1114799976350E+02
 2411           0.30065464E+00
 0.1287551364076E+07 0.9999999747380E-05 0.1138799953460E+02
 2511           0.30065508E+00
 0.1758095981097E+07 0.9999999747380E-05 0.1186800003050E+02
  112           0.99000000E+00
 0.1013250000000E+06 0.0099620000000E+02 0.1000000000000E+02
  212           0.30000000E+00
 0.1013262159611E+06 0.1089700217417E+02 0.1000000000000E+02
  312           0.30000001E+00
 0.1013286478058E+06 0.1089663472310E+02 0.1000000000000E+02
  412           0.30000002E+00
 0.1013310797093E+06 0.1089631942837E+02 0.1000000000000E+02
  512           0.30000003E+00
 0.1013335116717E+06 0.1089603225157E+02 0.1000000000000E+02
  612           0.30000003E+00
 0.1013359436928E+06 0.1089576071642E+02 0.1000000000000E+02
  712           0.30000022E+00
 0.1013979800549E+06 0.1088820354266E+02 0.1000000000000E+02
  812           0.30000058E+00
 0.1015197176849E+06 0.1086513160431E+02 0.1006000041960E+02
  912           0.30000095E+00
 0.1016415672717E+06 0.1061331217400E+02 0.1015999984740E+02
 1012           0.30024875E+00
 0.1842101524942E+06 0.1007531558663E+02 0.1026000022890E+02
 1112           0.30054244E+00
 0.2819845292415E+06 0.1006156880534E+02 0.1035999965670E+02
 1212           0.30065596E+00
 0.3785507384551E+06 0.1076222795128E-04 0.1046000003810E+02
 1312           0.30065593E+00
 0.4765413466836E+06 0.1001107242523E-04 0.1056000041960E+02
 1412           0.30065592E+00
 0.5745355899039E+06 0.1000011891584E-04 0.1065999984740E+02
 1512           0.30065591E+00
 0.6725334495202E+06 0.1000000075097E-04 0.1076000022890E+02
 1612           0.30065591E+00
 0.7705349070025E+06 0.9999999754228E-05 0.1085999965670E+02
 1712           0.30065666E+00
 0.8207620436153E+06 0.9999999748664E-05 0.1091100025180E+02
 1812           0.30065592E+00
 0.8244372368128E+06 0.9999999747497E-05 0.1091499996190E+02
 1912           0.30065445E+00
 0.8317876379967E+06 0.9999999747381E-05 0.1092300033570E+02
 2012           0.30065445E+00
 0.8464885002037E+06 0.9999999747378E-05 0.1093799972530E+02
 2112           0.30065446E+00
 0.8758904651644E+06 0.9999999747396E-05 0.1096800041200E+02
 2212           0.30065447E+00
 0.9346953554143E+06 0.9999999747385E-05 0.1102799987790E+02
 2312           0.30065451E+00
 0.1052308962394E+07 0.9999999747382E-05 0.1114799976350E+02
 2412           0.30065464E+00
 0.1287551364076E+07 0.9999999747380E-05 0.1138799953460E+02
 2512           0.30065508E+00
 0.1758095981097E+07 0.9999999747380E-05 0.1186800003050E+02
  113           0.99000000E+00
 0.1013250000000E+06 0.0099620000000E+02 0.1000000000000E+02
  213           0.30000000E+00
 0.1013262159611E+06 0.1089700346396E+02 0.1000000000000E+02
  313           0.30000001E+00
 0.1013286478058E+06 0.1089663581960E+02 0.1000000000000E+02
  413           0.30000002E+00
 0.1013310797093E+06 0.1089632034866E+02 0.1000000000000E+02
  513           0.30000003E+00
 0.1013335116717E+06 0.1089603303883E+02 0.1000000000000E+02
  613           0.30000003E+00
 0.1013359436928E+06 0.1089576141683E+02 0.1000000000000E+02
  713           0.30000022E+00
 0.1013979800549E+06 0.1088820354295E+02 0.1000000000000E+02
  813           0.30000058E+00
 0.1015197176849E+06 0.1086513160431E+02 0.1006000041960E+02
  913           0.30000095E+00
 0.1016415672717E+06 0.1061331217400E+02 0.1015999984740E+02
 1013           0.30024875E+00
 0.1842101524871E+06 0.1007531558616E+02 0.1026000022890E+02
 1113           0.30054244E+00
 0.2819845292612E+06 0.1006156880661E+02 0.1035999965670E+02
 1213           0.30065596E+00
 0.3785507384551E+06 0.1076222794882E-04 0.1046000003810E+02
 1313           0.30065593E+00
 0.4765413466836E+06 0.1001107242520E-04 0.1056000041960E+02
 1413           0.30065592E+00
 0.5745355899039E+06 0.1000011891583E-04 0.1065999984740E+02
 1513           0.30065591E+00
 0.6725334495202E+06 0.1000000075096E-04 0.1076000022890E+02
 1613           0.30065591E+00
 0.7705349070025E+06 0.9999999754211E-05 0.1085999965670E+02
 1713           0.30065666E+00
 0.8207620436154E+06 0.9999999748659E-05 0.1091100025180E+02
 1813           0.30065592E+00
 0.8244372368128E+06 0.9999999747493E-05 0.1091499996190E+02
 1913           0.30065445E+00
 0.8317876379967E+06 0.9999999747383E-05 0.1092300033570E+02
 2013           0.30065445E+00
 0.8464885002037E+06 0.9999999747377E-05 0.1093799972530E+02
 2113           0.30065446E+00
 0.8758904651644E+06 0.9999999747394E-05 0.1096800041200E+02
 2213           0.30065447E+00
 0.9346953554143E+06 0.9999999747384E-05 0.1102799987790E+02
 2313           0.30065451E+00
 0.1052308962394E+07 0.9999999747380E-05 0.1114799976350E+02
 2413           0.30065464E+00
 0.1287551364076E+07 0.9999999747381E-05 0.1138799953460E+02
 2513           0.30065508E+00
 0.1758095981097E+07 0.9999999747380E-05 0.1186800003050E+02
  114           0.99000000E+00
 0.1013250000000E+06 0.0099620000000E+02 0.1000000000000E+02
  214           0.30000000E+00
 0.1013262159611E+06 0.1089700469333E+02 0.1000000000000E+02
  314           0.30000001E+00
 0.1013286478058E+06 0.1089663688667E+02 0.1000000000000E+02
  414           0.30000002E+00
 0.1013310797093E+06 0.1089632125672E+02 0.1000000000000E+02
  514           0.30000003E+00
 0.1013335116717E+06 0.1089603382332E+02 0.1000000000000E+02
  614           0.30000003E+00
 0.1013359436928E+06 0.1089576212053E+02 0.1000000000000E+02
  714           0.30000022E+00
 0.1013979800549E+06 0.1088820354330E+02 0.1000000000000E+02
  814           0.30000058E+00
 0.1015197176849E+06 0.1086513160431E+02 0.1006000041960E+02
  914           0.30000095E+00
 0.1016415672717E+06 0.1061331217400E+02 0.1015999984740E+02
 1014           0.30024875E+00
 0.1842101524917E+06 0.1007531558646E+02 0.1026000022890E+02
 1114           0.30054244E+00
 0.2819845292716E+06 0.1006156880728E+02 0.1035999965670E+02
 1214           0.30065596E+00
 0.3785507384551E+06 0.1076222794801E-04 0.1046000003810E+02
 1314           0.30065593E+00
 0.4765413466836E+06 0.1001107242527E-04 0.1056000041960E+02
 1414           0.30065592E+00
 0.5745355899039E+06 0.1000011891587E-04 0.1065999984740E+02
 1514           0.30065591E+00
 0.6725334495202E+06 0.1000000075097E-04 0.1076000022890E+02
 1614           0.30065591E+00
 0.7705349070025E+06 0.9999999754218E-05 0.1085999965670E+02
 1714           0.30065666E+00
 0.8207620436154E+06 0.9999999748668E-05 0.1091100025180E+02
 1814           0.30065592E+00
 0.8244372368128E+06 0.9999999747510E-05 0.1091499996190E+02
 1914           0.30065445E+00
 0.8317876379967E+06 0.9999999747393E-05 0.1092300033570E+02
 2014           0.30065445E+00
 0.8464885002037E+06 0.9999999747348E-05 0.1093799972530E+02
 2114           0.30065446E+00
 0.8758904651644E+06 0.9999999747391E-05 0.1096800041200E+02
 2214           0.30065447E+00
 0.9346953554143E+06 0.9999999747378E-05 0.1102799987790E+02
 2314           0.30065451E+00
 0.1052308962394E+07 0.9999999747383E-05 0.1114799976350E+02
 2414           0.30065464E+00
 0.1287551364076E+07 0.9999999747380E-05 0.1138799953460E+02
 2514           0.30065508E+00
 0.1758095981097E+07 0.9999999747380E-05 0.1186800003050E+02
  115           0.99000000E+00
 0.1013250000000E+06 0.0099620000000E+02 0.1000000000000E+02
  215           0.30000000E+00
 0.1013262159611E+06 0.1089700585282E+02 0.1000000000000E+02
  315           0.30000001E+00
 0.1013286478058E+06 0.1089663791500E+02 0.1000000000000E+02
  415           0.30000002E+00
 0.1013310797093E+06 0.1089632214569E+02 0.1000000000000E+02
  515           0.30000003E+00
 0.1013335116717E+06 0.1089603460018E+02 0.1000000000000E+02
  615           0.30000003E+00
 0.1013359436928E+06 0.1089576282360E+02 0.1000000000000E+02
  715           0.30000022E+00
 0.1013979800549E+06 0.1088820354373E+02 0.1000000000000E+02
  815           0.30000058E+00
 0.1015197176849E+06 0.1086513160431E+02 0.1006000041960E+02
  915           0.30000095E+00
 0.1016415672717E+06 0.1061331217400E+02 0.1015999984740E+02
 1015           0.30024875E+00
 0.1842101524891E+06 0.1007531558629E+02 0.1026000022890E+02
 1115           0.30054244E+00
 0.2819845292535E+06 0.1006156880612E+02 0.1035999965670E+02
 1215           0.30065596E+00
 0.3785507384551E+06 0.1076222794943E-04 0.1046000003810E+02
 1315           0.30065593E+00
 0.4765413466836E+06 0.1001107242524E-04 0.1056000041960E+02
 1415           0.30065592E+00
 0.5745355899039E+06 0.1000011891587E-04 0.1065999984740E+02
 1515           0.30065591E+00
 0.6725334495202E+06 0.1000000075097E-04 0.1076000022890E+02
 1615           0.30065591E+00
 0.7705349070025E+06 0.9999999754231E-05 0.1085999965670E+02
 1715           0.30065666E+00
 0.8207620436155E+06 0.9999999748671E-05 0.1091100025180E+02
 1815           0.30065592E+00
 0.8244372368128E+06 0.9999999747508E-05 0.1091499996190E+02
 1915           0.30065445E+00
 0.8317876379967E+06 0.9999999747383E-05 0.1092300033570E+02
 2015           0.30065445E+00
 0.8464885002037E+06 0.9999999747355E-05 0.1093799972530E+02
 2115           0.30065446E+00
 0.8758904651644E+06 0.9999999747386E-05 0.1096800041200E+02
 2215           0.30065447E+00
 0.9346953554143E+06 0.9999999747383E-05 0.1102799987790E+02
 2315           0.30065451E+00
 0.1052308962394E+07 0.9999999747380E-05 0.1114799976350E+02
 2415           0.30065464E+00
 0.1287551364076E+07 0.9999999747381E-05 0.1138799953460E+02
 2515           0.30065508E+00
 0.1758095981097E+07 0.9999999747380E-05 0.1186800003050E+02
  116           0.99000000E+00
 0.1013250000000E+06 0.0099620000000E+02 0.1000000000000E+02
  216           0.30000000E+00
 0.1013262159611E+06 0.1089700693748E+02 0.1000000000000E+02
  316           0.30000001E+00
 0.1013286478058E+06 0.1089663889796E+02 0.1000000000000E+02
  416           0.30000002E+00
 0.1013310797094E+06 0.1089632301028E+02 0.1000000000000E+02
  516           0.30000003E+00
 0.1013335116717E+06 0.1089603536559E+02 0.1000000000000E+02
  616           0.30000003E+00
 0.1013359436928E+06 0.1089576352282E+02 0.1000000000000E+02
  716           0.30000022E+00
 0.1013979800549E+06 0.1088820354426E+02 0.1000000000000E+02
  816           0.30000058E+00
 0.1015197176849E+06 0.1086513160431E+02 0.1006000041960E+02
  916           0.30000095E+00
 0.1016415672717E+06 0.1061331217400E+02 0.1015999984740E+02
 1016           0.30024875E+00
 0.1842101524894E+06 0.1007531558631E+02 0.1026000022890E+02
 1116           0.30054244E+00
 0.2819845292641E+06 0.1006156880680E+02 0.1035999965670E+02
 1216           0.30065596E+00
 0.3785507384551E+06 0.1076222794939E-04 0.1046000003810E+02
 1316           0.30065593E+00
 0.4765413466836E+06 0.1001107242526E-04 0.1056000041960E+02
 1416           0.30065592E+00
 0.5745355899039E+06 0.1000011891587E-04 0.1065999984740E+02
 1516           0.30065591E+00
 0.6725334495202E+06 0.1000000075097E-04 0.1076000022890E+02
 1616           0.30065591E+00
 0.7705349070025E+06 0.9999999754213E-05 0.1085999965670E+02
 1716           0.30065666E+00
 0.8207620436156E+06 0.9999999748657E-05 0.1091100025180E+02
 1816           0.30065592E+00
 0.8244372368128E+06 0.9999999747505E-05 0.1091499996190E+02
 1916           0.30065445E+00
 0.8317876379967E+06 0.9999999747396E-05 0.1092300033570E+02
 2016           0.30065445E+00
 0.8464885002037E+06 0.9999999747369E-05 0.1093799972530E+02
 2116           0.30065446E+00
 0.8758904651644E+06 0.9999999747391E-05 0.1096800041200E+02
 2216           0.30065447E+00
 0.9346953554143E+06 0.9999999747385E-05 0.1102799987790E+02
 2316           0.30065451E+00
 0.1052308962394E+07 0.9999999747384E-05 0.1114799976350E+02
 2416           0.30065464E+00
 0.1287551364076E+07 0.9999999747380E-05 0.1138799953460E+02
 2516           0.30065508E+00
 0.1758095981097E+07 0.9999999747380E-05 0.1186800003050E+02
  117           0.99000000E+00
 0.1013250000000E+06 0.0099620000000E+02 0.1000000000000E+02
  217           0.30000000E+00
 0.1013262159611E+06 0.1089700794246E+02 0.1000000000000E+02
  317           0.30000001E+00
 0.1013286478058E+06 0.1089663982833E+02 0.1000000000000E+02
  417           0.30000002E+00
 0.1013310797094E+06 0.1089632384404E+02 0.1000000000000E+02
  517           0.30000003E+00
 0.1013335116717E+06 0.1089603611441E+02 0.1000000000000E+02
  617           0.30000003E+00
 0.1013359436928E+06 0.1089576421361E+02 0.1000000000000E+02
  717           0.30000022E+00
 0.1013979800549E+06 0.1088820354490E+02 0.1000000000000E+02
  817           0.30000058E+00
 0.1015197176849E+06 0.1086513160431E+02 0.1006000041960E+02
  917           0.30000095E+00
 0.1016415672717E+06 0.1061331217400E+02 0.1015999984740E+02
 1017           0.30024875E+00
 0.1842101524900E+06 0.1007531558635E+02 0.1026000022890E+02
 1117           0.30054244E+00
 0.2819845292600E+06 0.1006156880653E+02 0.1035999965670E+02
 1217           0.30065596E+00
 0.3785507384551E+06 0.1076222794890E-04 0.1046000003810E+02
 1317           0.30065593E+00
 0.4765413466836E+06 0.1001107242528E-04 0.1056000041960E+02
 1417           0.30065592E+00
 0.5745355899039E+06 0.1000011891585E-04 0.1065999984740E+02
 1517           0.30065591E+00
 0.6725334495202E+06 0.1000000075097E-04 0.1076000022890E+02
 1617           0.30065591E+00
 0.7705349070025E+06 0.9999999754203E-05 0.1085999965670E+02
 1717           0.30065666E+00
 0.8207620436157E+06 0.9999999748650E-05 0.1091100025180E+02
 1817           0.30065592E+00
 0.8244372368129E+06 0.9999999747500E-05 0.1091499996190E+02
 1917           0.30065445E+00
 0.8317876379967E+06 0.9999999747380E-05 0.1092300033570E+02
 2017           0.30065445E+00
 0.8464885002037E+06 0.9999999747381E-05 0.1093799972530E+02
 2117           0.30065446E+00
 0.8758904651644E+06 0.9999999747394E-05 0.1096800041200E+02
 2217           0.30065447E+00
 0.9346953554143E+06 0.9999999747386E-05 0.1102799987790E+02
 2317           0.30065451E+00
 0.1052308962394E+07 0.9999999747380E-05 0.1114799976350E+02
 2417           0.30065464E+00
 0.1287551364076E+07 0.9999999747381E-05 0.1138799953460E+02
 2517           0.30065508E+00
 0.1758095981097E+07 0.9999999747380E-05 0.1186800003050E+02
  118           0.99000000E+00
 0.1013250000000E+06 0.0099620000000E+02 0.1000000000000E+02
  218           0.30000000E+00
 0.1013262159611E+06 0.1089700886436E+02 0.1000000000000E+02
  318           0.30000001E+00
 0.1013286478058E+06 0.1089664069953E+02 0.1000000000000E+02
  418           0.30000002E+00
 0.1013310797094E+06 0.1089632464027E+02 0.1000000000000E+02
  518           0.30000003E+00
 0.1013335116717E+06 0.1089603684073E+02 0.1000000000000E+02
  618           0.30000003E+00
 0.1013359436928E+06 0.1089576489044E+02 0.1000000000000E+02
  718           0.30000022E+00
 0.1013979800549E+06 0.1088820354566E+02 0.1000000000000E+02
  818           0.30000058E+00
 0.1015197176849E+06 0.1086513160431E+02 0.1006000041960E+02
  918           0.30000095E+00
 0.1016415672717E+06 0.1061331217400E+02 0.1015999984740E+02
 1018           0.30024875E+00
 0.1842101524902E+06 0.1007531558636E+02 0.1026000022890E+02
 1118           0.30054244E+00
 0.2819845292648E+06 0.1006156880685E+02 0.1035999965670E+02
 1218           0.30065596E+00
 0.3785507384551E+06 0.1076222794858E-04 0.1046000003810E+02
 1318           0.30065593E+00
 0.4765413466836E+06 0.1001107242523E-04 0.1056000041960E+02
 1418           0.30065592E+00
 0.5745355899039E+06 0.1000011891584E-04 0.1065999984740E+02
 1518           0.30065591E+00
 0.6725334495202E+06 0.1000000075097E-04 0.1076000022890E+02
 1618           0.30065591E+00
 0.7705349070025E+06 0.9999999754202E-05 0.1085999965670E+02
 1718           0.30065666E+00
 0.8207620436157E+06 0.9999999748652E-05 0.1091100025180E+02
 1818           0.30065592E+00
 0.8244372368129E+06 0.9999999747488E-05 0.1091499996190E+02
 1918           0.30065445E+00
 0.8317876379967E+06 0.9999999747392E-05 0.1092300033570E+02
 2018           0.30065445E+00
 0.8464885002037E+06 0.9999999747379E-05 0.1093799972530E+02
 2118           0.30065446E+00
 0.8758904651644E+06 0.9999999747400E-05 0.1096800041200E+02
 2218           0.30065447E+00
 0.9346953554143E+06 0.9999999747381E-05 0.1102799987790E+02
 2318           0.30065451E+00
 0.1052308962394E+07 0.9999999747382E-05 0.1114799976350E+02
 2418           0.30065464E+00
 0.1287551364076E+07 0.9999999747381E-05 0.1138799953460E+02
 2518           0.30065508E+00
 0.1758095981097E+07 0.9999999747381E-05 0.1186800003050E+02
  119           0.99000000E+00
 0.1013250000000E+06 0.0099620000000E+02 0.1000000000000E+02
  219           0.30000000E+00
 0.1013262159611E+06 0.1089700970148E+02 0.1000000000000E+02
  319           0.30000001E+00
 0.1013286478058E+06 0.1089664150610E+02 0.1000000000000E+02
  419           0.30000002E+00
 0.1013310797094E+06 0.1089632539240E+02 0.1000000000000E+02
  519           0.30000003E+00
 0.1013335116717E+06 0.1089603753809E+02 0.1000000000000E+02
  619           0.30000003E+00
 0.1013359436928E+06 0.1089576554695E+02 0.1000000000000E+02
  719           0.30000022E+00
 0.1013979800549E+06 0.1088820354655E+02 0.1000000000000E+02
  819           0.30000058E+00
 0.1015197176849E+06 0.1086513160431E+02 0.1006000041960E+02
  919           0.30000095E+00
 0.1016415672717E+06 0.1061331217400E+02 0.1015999984740E+02
 1019           0.30024875E+00
 0.1842101524899E+06 0.1007531558634E+02 0.1026000022890E+02
 1119           0.30054244E+00
 0.2819845292594E+06 0.1006156880650E+02 0.1035999965670E+02
 1219           0.30065596E+00
 0.3785507384551E+06 0.1076222794975E-04 0.1046000003810E+02
 1319           0.30065593E+00
 0.4765413466836E+06 0.1001107242522E-04 0.1056000041960E+02
 1419           0.30065592E+00
 0.5745355899039E+06 0.1000011891585E-04 0.1065999984740E+02
 1519           0.30065591E+00
 0.6725334495202E+06 0.1000000075097E-04 0.1076000022890E+02
 1619           0.30065591E+00
 0.7705349070025E+06 0.9999999754216E-05 0.1085999965670E+02
 1719           0.30065666E+00
 0.8207620436158E+06 0.9999999748661E-05 0.1091100025180E+02
 1819           0.30065592E+00
 0.8244372368129E+06 0.9999999747505E-05 0.1091499996190E+02
 1919           0.30065445E+00
 0.8317876379967E+06 0.9999999747390E-05 0.1092300033570E+02
 2019           0.30065445E+00
 0.8464885002037E+06 0.9999999747376E-05 0.1093799972530E+02
 2119           0.30065446E+00
 0.8758904651644E+06 0.9999999747392E-05 0.1096800041200E+02
 2219           0.30065447E+00
 0.9346953554143E+06 0.9999999747386E-05 0.1102799987790E+02
 2319           0.30065451E+00
 0.1052308962394E+07 0.9999999747382E-05 0.1114799976350E+02
 2419           0.30065464E+00
 0.1287551364076E+07 0.9999999747380E-05 0.1138799953460E+02
 2519           0.30065508E+00
 0.1758095981097E+07 0.9999999747380E-05 0.1186800003050E+02
  120           0.99000000E+00
 0.1013250000000E+06 0.0099620000000E+02 0.1000000000000E+02
  220           0.30000000E+00
 0.1013262159611E+06 0.1089701045036E+02 0.1000000000000E+02
  320           0.30000001E+00
 0.1013286478058E+06 0.1089664224128E+02 0.1000000000000E+02
  420           0.30000002E+00
 0.1013310797094E+06 0.1089632609203E+02 0.1000000000000E+02
  520           0.30000003E+00
 0.1013335116717E+06 0.1089603819781E+02 0.1000000000000E+02
  620           0.30000003E+00
 0.1013359436928E+06 0.1089576617447E+02 0.1000000000000E+02
  720           0.30000022E+00
 0.1013979800549E+06 0.1088820354760E+02 0.1000000000000E+02
  820           0.30000058E+00
 0.1015197176849E+06 0.1086513160431E+02 0.1006000041960E+02
  920           0.30000095E+00
 0.1016415672717E+06 0.1061331217400E+02 0.1015999984740E+02
 1020           0.30024875E+00
 0.1842101524901E+06 0.1007531558636E+02 0.1026000022890E+02
 1120           0.30054244E+00
 0.2819845292617E+06 0.1006156880665E+02 0.1035999965670E+02
 1220           0.30065596E+00
 0.3785507384551E+06 0.1076222794837E-04 0.1046000003810E+02
 1320           0.30065593E+00
 0.4765413466836E+06 0.1001107242526E-04 0.1056000041960E+02
 1420           0.30065592E+00
 0.5745355899039E+06 0.1000011891586E-04 0.1065999984740E+02
 1520           0.30065591E+00
 0.6725334495202E+06 0.1000000075096E-04 0.1076000022890E+02
 1620           0.30065591E+00
 0.7705349070025E+06 0.9999999754220E-05 0.1085999965670E+02
 1720           0.30065666E+00
 0.8207620436158E+06 0.9999999748656E-05 0.1091100025180E+02
 1820           0.30065592E+00
 0.8244372368129E+06 0.9999999747501E-05 0.1091499996190E+02
 1920           0.30065445E+00
 0.8317876379967E+06 0.9999999747388E-05 0.1092300033570E+02
 2020           0.30065445E+00
 0.8464885002037E+06 0.9999999747385E-05 0.1093799972530E+02
 2120           0.30065446E+00
 0.8758904651644E+06 0.9999999747399E-05 0.1096800041200E+02
 2220           0.30065447E+00
 0.9346953554143E+06 0.9999999747374E-05 0.1102799987790E+02
 2320           0.30065451E+00
 0.1052308962394E+07 0.9999999747383E-05 0.1114799976350E+02
 2420           0.30065464E+00
 0.1287551364076E+07 0.9999999747380E-05 0.1138799953460E+02
 2520           0.30065508E+00
 0.1758095981097E+07 0.9999999747380E-05 0.1186800003050E+02
  121           0.99000000E+00
 0.1013250000000E+06 0.0099620000000E+02 0.1000000000000E+02
  221           0.30000000E+00
 0.1013262159611E+06 0.1089701111570E+02 0.1000000000000E+02
  321           0.30000001E+00
 0.1013286478058E+06 0.1089664290476E+02 0.1000000000000E+02
  421           0.30000002E+00
 0.1013310797094E+06 0.1089632673552E+02 0.1000000000000E+02
  521           0.30000003E+00
 0.1013335116717E+06 0.1089603881449E+02 0.1000000000000E+02
  621           0.30000003E+00
 0.1013359436929E+06 0.1089576676676E+02 0.1000000000000E+02
  721           0.30000022E+00
 0.1013979800549E+06 0.1088820354880E+02 0.1000000000000E+02
  821           0.30000058E+00
 0.1015197176849E+06 0.1086513160432E+02 0.1006000041960E+02
  921           0.30000095E+00
 0.1016415672717E+06 0.1061331217400E+02 0.1015999984740E+02
 1021           0.30024875E+00
 0.1842101524900E+06 0.1007531558635E+02 0.1026000022890E+02
 1121           0.30054244E+00
 0.2819845292606E+06 0.1006156880657E+02 0.1035999965670E+02
 1221           0.30065596E+00
 0.3785507384551E+06 0.1076222794928E-04 0.1046000003810E+02
 1321           0.30065593E+00
 0.4765413466836E+06 0.1001107242521E-04 0.1056000041960E+02
 1421           0.30065592E+00
 0.5745355899039E+06 0.1000011891582E-04 0.1065999984740E+02
 1521           0.30065591E+00
 0.6725334495202E+06 0.1000000075096E-04 0.1076000022890E+02
 1621           0.30065591E+00
 0.7705349070025E+06 0.9999999754212E-05 0.1085999965670E+02
 1721           0.30065666E+00
 0.8207620436159E+06 0.9999999748649E-05 0.1091100025180E+02
 1821           0.30065592E+00
 0.8244372368130E+06 0.9999999747499E-05 0.1091499996190E+02
 1921           0.30065445E+00
 0.8317876379967E+06 0.9999999747392E-05 0.1092300033570E+02
 2021           0.30065445E+00
 0.8464885002037E+06 0.9999999747372E-05 0.1093799972530E+02
 2121           0.30065446E+00
 0.8758904651644E+06 0.9999999747395E-05 0.1096800041200E+02
 2221           0.30065447E+00
 0.9346953554143E+06 0.9999999747387E-05 0.1102799987790E+02
 2321           0.30065451E+00
 0.1052308962394E+07 0.9999999747381E-05 0.1114799976350E+02
 2421           0.30065464E+00
 0.1287551364076E+07 0.9999999747380E-05 0.1138799953460E+02
 2521           0.30065508E+00
 0.1758095981097E+07 0.9999999747380E-05 0.1186800003050E+02
  122           0.99000000E+00
 0.1013250000000E+06 0.0099620000000E+02 0.1000000000000E+02
  222           0.30000000E+00
 0.1013262159611E+06 0.1089701168767E+02 0.1000000000000E+02
  322           0.30000001E+00
 0.1013286478058E+06 0.1089664348583E+02 0.1000000000000E+02
  422           0.30000002E+00
 0.1013310797094E+06 0.1089632731065E+02 0.1000000000000E+02
  522           0.30000003E+00
 0.1013335116717E+06 0.1089603937511E+02 0.1000000000000E+02
  622           0.30000003E+00
 0.1013359436929E+06 0.1089576731075E+02 0.1000000000000E+02
  722           0.30000022E+00
 0.1013979800549E+06 0.1088820355015E+02 0.1000000000000E+02
  822           0.30000058E+00
 0.1015197176849E+06 0.1086513160432E+02 0.1006000041960E+02
  922           0.30000095E+00
 0.1016415672717E+06 0.1061331217400E+02 0.1015999984740E+02
 1022           0.30024875E+00
 0.1842101524901E+06 0.1007531558636E+02 0.1026000022890E+02
 1122           0.30054244E+00
 0.2819845292610E+06 0.1006156880660E+02 0.1035999965670E+02
 1222           0.30065596E+00
 0.3785507384551E+06 0.1076222794921E-04 0.1046000003810E+02
 1322           0.30065593E+00
 0.4765413466836E+06 0.1001107242521E-04 0.1056000041960E+02
 1422           0.30065592E+00
 0.5745355899039E+06 0.1000011891586E-04 0.1065999984740E+02
 1522           0.30065591E+00
 0.6725334495202E+06 0.1000000075095E-04 0.1076000022890E+02
 1622           0.30065591E+00
 0.7705349070025E+06 0.9999999754232E-05 0.1085999965670E+02
 1722           0.30065666E+00
 0.8207620436159E+06 0.9999999748664E-05 0.1091100025180E+02
 1822           0.30065592E+00
 0.8244372368130E+06 0.9999999747490E-05 0.1091499996190E+02
 1922           0.30065445E+00
 0.8317876379967E+06 0.9999999747382E-05 0.1092300033570E+02
 2022           0.30065445E+00
 0.8464885002037E+06 0.9999999747368E-05 0.1093799972530E+02
 2122           0.30065446E+00
 0.8758904651644E+06 0.9999999747368E-05 0.1096800041200E+02
 2222           0.30065447E+00
 0.9346953554143E+06 0.9999999747374E-05 0.1102799987790E+02
 2322           0.30065451E+00
 0.1052308962394E+07 0.9999999747382E-05 0.1114799976350E+02
 2422           0.30065464E+00
 0.1287551364076E+07 0.9999999747380E-05 0.1138799953460E+02
 2522           0.30065508E+00
 0.1758095981097E+07 0.9999999747380E-05 0.1186800003050E+02
  123           0.99000000E+00
 0.1013250000000E+06 0.0099620000000E+02 0.1000000000000E+02
  223           0.30000000E+00
 0.1013262159611E+06 0.1089701218870E+02 0.1000000000000E+02
  323           0.30000001E+00
 0.1013286478058E+06 0.1089664399926E+02 0.1000000000000E+02
  423           0.30000002E+00
 0.1013310797094E+06 0.1089632782576E+02 0.1000000000000E+02
  523           0.30000003E+00
 0.1013335116717E+06 0.1089603988354E+02 0.1000000000000E+02
  623           0.30000003E+00
 0.1013359436929E+06 0.1089576780771E+02 0.1000000000000E+02
  723           0.30000022E+00
 0.1013979800549E+06 0.1088820355166E+02 0.1000000000000E+02
  823           0.30000058E+00
 0.1015197176849E+06 0.1086513160432E+02 0.1006000041960E+02
  923           0.30000095E+00
 0.1016415672717E+06 0.1061331217400E+02 0.1015999984740E+02
 1023           0.30024875E+00
 0.1842101524899E+06 0.1007531558634E+02 0.1026000022890E+02
 1123           0.30054244E+00
 0.2819845292610E+06 0.1006156880660E+02 0.1035999965670E+02
 1223           0.30065596E+00
 0.3785507384551E+06 0.1076222794921E-04 0.1046000003810E+02
 1323           0.30065593E+00
 0.4765413466836E+06 0.1001107242536E-04 0.1056000041960E+02
 1423           0.30065592E+00
 0.5745355899039E+06 0.1000011891583E-04 0.1065999984740E+02
 1523           0.30065591E+00
 0.6725334495202E+06 0.1000000075097E-04 0.1076000022890E+02
 1623           0.30065591E+00
 0.7705349070025E+06 0.9999999754222E-05 0.1085999965670E+02
 1723           0.30065666E+00
 0.8207620436159E+06 0.9999999748661E-05 0.1091100025180E+02
 1823           0.30065592E+00
 0.8244372368130E+06 0.9999999747504E-05 0.1091499996190E+02
 1923           0.30065445E+00
 0.8317876379967E+06 0.9999999747391E-05 0.1092300033570E+02
 2023           0.30065445E+00
 0.8464885002037E+06 0.9999999747376E-05 0.1093799972530E+02
 2123           0.30065446E+00
 0.8758904651644E+06 0.9999999747389E-05 0.1096800041200E+02
 2223           0.30065447E+00
 0.9346953554143E+06 0.9999999747382E-05 0.1102799987790E+02
 2323           0.30065451E+00
 0.1052308962394E+07 0.9999999747382E-05 0.1114799976350E+02
 2423           0.30065464E+00
 0.1287551364076E+07 0.9999999747380E-05 0.1138799953460E+02
 2523           0.30065508E+00
 0.1758095981097E+07 0.9999999747380E-05 0.1186800003050E+02
  124           0.99000000E+00
 0.1013250000000E+06 0.0099620000000E+02 0.1000000000000E+02
  224           0.30000000E+00
 0.1013262159611E+06 0.1089701261749E+02 0.1000000000000E+02
  324           0.30000001E+00
 0.1013286478058E+06 0.1089664444233E+02 0.1000000000000E+02
  424           0.30000002E+00
 0.1013310797094E+06 0.1089632827554E+02 0.1000000000000E+02
  524           0.30000003E+00
 0.1013335116717E+06 0.1089604033234E+02 0.1000000000000E+02
  624           0.30000003E+00
 0.1013359436929E+06 0.1089576824923E+02 0.1000000000000E+02
  724           0.30000022E+00
 0.1013979800549E+06 0.1088820355329E+02 0.1000000000000E+02
  824           0.30000058E+00
 0.1015197176849E+06 0.1086513160432E+02 0.1006000041960E+02
  924           0.30000095E+00
 0.1016415672717E+06 0.1061331217400E+02 0.1015999984740E+02
 1024           0.30024875E+00
 0.1842101524900E+06 0.1007531558635E+02 0.1026000022890E+02
 1124           0.30054244E+00
 0.2819845292610E+06 0.1006156880660E+02 0.1035999965670E+02
 1224           0.30065596E+00
 0.3785507384551E+06 0.1076222794895E-04 0.1046000003810E+02
 1324           0.30065593E+00
 0.4765413466836E+06 0.1001107242539E-04 0.1056000041960E+02
 1424           0.30065592E+00
 0.5745355899039E+06 0.1000011891586E-04 0.1065999984740E+02
 1524           0.30065591E+00
 0.6725334495202E+06 0.1000000075097E-04 0.1076000022890E+02
 1624           0.30065591E+00
 0.7705349070025E+06 0.9999999754210E-05 0.1085999965670E+02
 1724           0.30065666E+00
 0.8207620436159E+06 0.9999999748656E-05 0.1091100025180E+02
 1824           0.30065592E+00
 0.8244372368130E+06 0.9999999747499E-05 0.1091499996190E+02
 1924           0.30065445E+00
 0.8317876379967E+06 0.9999999747396E-05 0.1092300033570E+02
 2024           0.30065445E+00
 0.8464885002037E+06 0.9999999747375E-05 0.1093799972530E+02
 2124           0.30065446E+00
 0.8758904651644E+06 0.9999999747374E-05 0.1096800041200E+02
 2224           0.30065447E+00
 0.9346953554143E+06 0.9999999747377E-05 0.1102799987790E+02
 2324           0.30065451E+00
 0.1052308962394E+07 0.9999999747382E-05 0.1114799976350E+02
 2424           0.30065464E+00
 0.1287551364076E+07 0.9999999747379E-05 0.1138799953460E+02
 2524           0.30065508E+00
 0.1758095981097E+07 0.9999999747380E-05 0.1186800003050E+02
  125           0.99000000E+00
 0.1013250000000E+06 0.0099620000000E+02 0.1000000000000E+02
  225           0.30000000E+00
 0.1013262159611E+06 0.1089701298103E+02 0.1000000000000E+02
  325           0.30000001E+00
 0.1013286478058E+06 0.1089664481878E+02 0.1000000000000E+02
  425           0.30000002E+00
 0.1013310797094E+06 0.1089632866032E+02 0.1000000000000E+02
  525           0.30000003E+00
 0.1013335116717E+06 0.1089604071907E+02 0.1000000000000E+02
  625           0.30000003E+00
 0.1013359436929E+06 0.1089576863132E+02 0.1000000000000E+02
  725           0.30000022E+00
 0.1013979800549E+06 0.1088820355500E+02 0.1000000000000E+02
  825           0.30000058E+00
 0.1015197176849E+06 0.1086513160433E+02 0.1006000041960E+02
  925           0.30000095E+00
 0.1016415672717E+06 0.1061331217400E+02 0.1015999984740E+02
 1025           0.30024875E+00
 0.1842101524901E+06 0.1007531558636E+02 0.1026000022890E+02
 1125           0.30054244E+00
 0.2819845292615E+06 0.1006156880663E+02 0.1035999965670E+02
 1225           0.30065596E+00
 0.3785507384551E+06 0.1076222794836E-04 0.1046000003810E+02
 1325           0.30065593E+00
 0.4765413466836E+06 0.1001107242541E-04 0.1056000041960E+02
 1425           0.30065592E+00
 0.5745355899039E+06 0.1000011891583E-04 0.1065999984740E+02
 1525           0.30065591E+00
 0.6725334495202E+06 0.1000000075097E-04 0.1076000022890E+02
 1625           0.30065591E+00
 0.7705349070025E+06 0.9999999754200E-05 0.1085999965670E+02
 1725           0.30065666E+00
 0.8207620436160E+06 0.9999999748652E-05 0.1091100025180E+02
 1825           0.30065592E+00
 0.8244372368130E+06 0.9999999747499E-05 0.1091499996190E+02
 1925           0.30065445E+00
 0.8317876379967E+06 0.9999999747380E-05 0.1092300033570E+02
 2025           0.30065445E+00
 0.8464885002037E+06 0.9999999747391E-05 0.1093799972530E+02
 2125           0.30065446E+00
 0.8758904651644E+06 0.9999999747390E-05 0.1096800041200E+02
 2225           0.30065447E+00
 0.9346953554143E+06 0.9999999747381E-05 0.1102799987790E+02
 2325           0.30065451E+00
 0.1052308962394E+07 0.9999999747379E-05 0.1114799976350E+02
 2425           0.30065464E+00
 0.1287551364076E+07 0.9999999747380E-05 0.1138799953460E+02
 2525           0.30065508E+00
 0.1758095981097E+07 0.9999999747381E-05 0.1186800003050E+02
  126           0.99000000E+00
 0.1013250000000E+06 0.0099620000000E+02 0.1000000000000E+02
  226           0.30000000E+00
 0.1013262159611E+06 0.1089701325687E+02 0.1000000000000E+02
  326           0.30000001E+00
 0.1013286478058E+06 0.1089664510932E+02 0.1000000000000E+02
  426           0.30000002E+00
 0.1013310797094E+06 0.1089632896233E+02 0.1000000000000E+02
  526           0.30000003E+00
 0.1013335116717E+06 0.1089604102672E+02 0.1000000000000E+02
  626           0.30000003E+00
 0.1013359436929E+06 0.1089576893769E+02 0.1000000000000E+02
  726           0.30000022E+00
 0.1013979800549E+06 0.1088820355674E+02 0.1000000000000E+02
  826           0.30000058E+00
 0.1015197176849E+06 0.1086513160433E+02 0.1006000041960E+02
  926           0.30000095E+00
 0.1016415672717E+06 0.1061331217400E+02 0.1015999984740E+02
 1026           0.30024875E+00
 0.1842101524900E+06 0.1007531558635E+02 0.1026000022890E+02
 1126           0.30054244E+00
 0.2819845292612E+06 0.1006156880661E+02 0.1035999965670E+02
 1226           0.30065596E+00
 0.3785507384551E+06 0.1076222794956E-04 0.1046000003810E+02
 1326           0.30065593E+00
 0.4765413466836E+06 0.1001107242535E-04 0.1056000041960E+02
 1426           0.30065592E+00
 0.5745355899039E+06 0.1000011891584E-04 0.1065999984740E+02
 1526           0.30065591E+00
 0.6725334495202E+06 0.1000000075097E-04 0.1076000022890E+02
 1626           0.30065591E+00
 0.7705349070025E+06 0.9999999754208E-05 0.1085999965670E+02
 1726           0.30065666E+00
 0.8207620436160E+06 0.9999999748660E-05 0.1091100025180E+02
 1826           0.30065592E+00
 0.8244372368131E+06 0.9999999747509E-05 0.1091499996190E+02
 1926           0.30065445E+00
 0.8317876379967E+06 0.9999999747392E-05 0.1092300033570E+02
 2026           0.30065445E+00
 0.8464885002037E+06 0.9999999747376E-05 0.1093799972530E+02
 2126           0.30065446E+00
 0.8758904651644E+06 0.9999999747390E-05 0.1096800041200E+02
 2226           0.30065447E+00
 0.9346953554143E+06 0.9999999747385E-05 0.1102799987790E+02
 2326           0.30065451E+00
 0.1052308962394E+07 0.9999999747381E-05 0.1114799976350E+02
 2426           0.30065464E+00
 0.1287551364076E+07 0.9999999747379E-05 0.1138799953460E+02
 2526           0.30065508E+00
 0.1758095981097E+07 0.9999999747380E-05 0.1186800003050E+02
  127           0.99000000E+00
 0.1013250000000E+06 0.0099620000000E+02 0.1000000000000E+02
  227           0.30000000E+00
 0.1013262159611E+06 0.1089701345145E+02 0.1000000000000E+02
  327           0.30000001E+00
 0.1013286478058E+06 0.1089664531887E+02 0.1000000000000E+02
  427           0.30000002E+00
 0.1013310797094E+06 0.1089632918477E+02 0.1000000000000E+02
  527           0.30000003E+00
 0.1013335116717E+06 0.1089604125692E+02 0.1000000000000E+02
  627           0.30000003E+00
 0.1013359436929E+06 0.1089576916901E+02 0.1000000000000E+02
  727           0.30000022E+00
 0.1013979800549E+06 0.1088820355843E+02 0.1000000000000E+02
  827           0.30000058E+00
 0.1015197176849E+06 0.1086513160434E+02 0.1006000041960E+02
  927           0.30000095E+00
 0.1016415672717E+06 0.1061331217400E+02 0.1015999984740E+02
 1027           0.30024875E+00
 0.1842101524900E+06 0.1007531558635E+02 0.1026000022890E+02
 1127           0.30054244E+00
 0.2819845292610E+06 0.1006156880660E+02 0.1035999965670E+02
 1227           0.30065596E+00
 0.3785507384551E+06 0.1076222794956E-04 0.1046000003810E+02
 1327           0.30065593E+00
 0.4765413466836E+06 0.1001107242543E-04 0.1056000041960E+02
 1427           0.30065592E+00
 0.5745355899039E+06 0.1000011891583E-04 0.1065999984740E+02
 1527           0.30065591E+00
 0.6725334495202E+06 0.1000000075097E-04 0.1076000022890E+02
 1627           0.30065591E+00
 0.7705349070025E+06 0.9999999754218E-05 0.1085999965670E+02
 1727           0.30065666E+00
 0.8207620436160E+06 0.9999999748658E-05 0.1091100025180E+02
 1827           0.30065592E+00
 0.8244372368131E+06 0.9999999747496E-05 0.1091499996190E+02
 1927           0.30065445E+00
 0.8317876379968E+06 0.9999999747386E-05 0.1092300033570E+02
 2027           0.30065445E+00
 0.8464885002037E+06 0.9999999747391E-05 0.1093799972530E+02
 2127           0.30065446E+00
 0.8758904651644E+06 0.9999999747376E-05 0.1096800041200E+02
 2227           0.30065447E+00
 0.9346953554143E+06 0.9999999747384E-05 0.1102799987790E+02
 2327           0.30065451E+00
 0.1052308962394E+07 0.9999999747382E-05 0.1114799976350E+02
 2427           0.30065464E+00
 0.1287551364076E+07 0.9999999747380E-05 0.1138799953460E+02
 2527           0.30065508E+00
 0.1758095981097E+07 0.9999999747380E-05 0.1186800003050E+02
  128           0.99000000E+00
 0.1013250000000E+06 0.0099620000000E+02 0.1000000000000E+02
  228           0.30000000E+00
 0.1013262159611E+06 0.1089701359535E+02 0.1000000000000E+02
  328           0.30000001E+00
 0.1013286478058E+06 0.1089664547444E+02 0.1000000000000E+02
  428           0.30000002E+00
 0.1013310797094E+06 0.1089632935080E+02 0.1000000000000E+02
  528           0.30000003E+00
 0.1013335116717E+06 0.1089604142954E+02 0.1000000000000E+02
  628           0.30000003E+00
 0.1013359436929E+06 0.1089576934292E+02 0.1000000000000E+02
  728           0.30000022E+00
 0.1013979800549E+06 0.1088820355994E+02 0.1000000000000E+02
  828           0.30000058E+00
 0.1015197176849E+06 0.1086513160434E+02 0.1006000041960E+02
  928           0.30000095E+00
 0.1016415672717E+06 0.1061331217400E+02 0.1015999984740E+02
 1028           0.30024875E+00
 0.1842101524900E+06 0.1007531558635E+02 0.1026000022890E+02
 1128           0.30054244E+00
 0.2819845292612E+06 0.1006156880661E+02 0.1035999965670E+02
 1228           0.30065596E+00
 0.3785507384551E+06 0.1076222794862E-04 0.1046000003810E+02
 1328           0.30065593E+00
 0.4765413466836E+06 0.1001107242541E-04 0.1056000041960E+02
 1428           0.30065592E+00
 0.5745355899039E+06 0.1000011891586E-04 0.1065999984740E+02
 1528           0.30065591E+00
 0.6725334495202E+06 0.1000000075097E-04 0.1076000022890E+02
 1628           0.30065591E+00
 0.7705349070025E+06 0.9999999754216E-05 0.1085999965670E+02
 1728           0.30065666E+00
 0.8207620436160E+06 0.9999999748652E-05 0.1091100025180E+02
 1828           0.30065592E+00
 0.8244372368131E+06 0.9999999747498E-05 0.1091499996190E+02
 1928           0.30065445E+00
 0.8317876379968E+06 0.9999999747382E-05 0.1092300033570E+02
 2028           0.30065445E+00
 0.8464885002037E+06 0.9999999747404E-05 0.1093799972530E+02
 2128           0.30065446E+00
 0.8758904651644E+06 0.9999999747389E-05 0.1096800041200E+02
 2228           0.30065447E+00
 0.9346953554143E+06 0.9999999747375E-05 0.1102799987790E+02
 2328           0.30065451E+00
 0.1052308962394E+07 0.9999999747379E-05 0.1114799976350E+02
 2428           0.30065464E+00
 0.1287551364076E+07 0.9999999747380E-05 0.1138799953460E+02
 2528           0.30065508E+00
 0.1758095981097E+07 0.9999999747380E-05 0.1186800003050E+02
  129           0.99000000E+00
 0.1013250000000E+06 0.0099620000000E+02 0.1000000000000E+02
  229           0.30000000E+00
 0.1013262159611E+06 0.1089701371546E+02 0.1000000000000E+02
  329           0.30000001E+00
 0.1013286478058E+06 0.1089664560133E+02 0.1000000000000E+02
  429           0.30000002E+00
 0.1013310797094E+06 0.1089632948325E+02 0.1000000000000E+02
  529           0.30000003E+00
 0.1013335116717E+06 0.1089604156504E+02 0.1000000000000E+02
  629           0.30000003E+00
 0.1013359436929E+06 0.1089576947823E+02 0.1000000000000E+02
  729           0.30000022E+00
 0.1013979800549E+06 0.1088820356116E+02 0.1000000000000E+02
  829           0.30000058E+00
 0.1015197176849E+06 0.1086513160434E+02 0.1006000041960E+02
  929           0.30000095E+00
 0.1016415672717E+06 0.1061331217400E+02 0.1015999984740E+02
 1029           0.30024875E+00
 0.1842101524900E+06 0.1007531558635E+02 0.1026000022890E+02
 1129           0.30054244E+00
 0.2819845292612E+06 0.1006156880661E+02 0.1035999965670E+02
 1229           0.30065596E+00
 0.3785507384551E+06 0.1076222794941E-04 0.1046000003810E+02
 1329           0.30065593E+00
 0.4765413466836E+06 0.1001107242543E-04 0.1056000041960E+02
 1429           0.30065592E+00
 0.5745355899039E+06 0.1000011891586E-04 0.1065999984740E+02
 1529           0.30065591E+00
 0.6725334495202E+06 0.1000000075097E-04 0.1076000022890E+02
 1629           0.30065591E+00
 0.7705349070025E+06 0.9999999754211E-05 0.1085999965670E+02
 1729           0.30065666E+00
 0.8207620436160E+06 0.9999999748660E-05 0.1091100025180E+02
 1829           0.30065592E+00
 0.8244372368131E+06 0.9999999747507E-05 0.1091499996190E+02
 1929           0.30065445E+00
 0.8317876379968E+06 0.9999999747386E-05 0.1092300033570E+02
 2029           0.30065445E+00
 0.8464885002037E+06 0.9999999747397E-05 0.1093799972530E+02
 2129           0.30065446E+00
 0.8758904651644E+06 0.9999999747376E-05 0.1096800041200E+02
 2229           0.30065447E+00
 0.9346953554143E+06 0.9999999747379E-05 0.1102799987790E+02
 2329           0.30065451E+00
 0.1052308962394E+07 0.9999999747384E-05 0.1114799976350E+02
 2429           0.30065464E+00
 0.1287551364076E+07 0.9999999747380E-05 0.1138799953460E+02
 2529           0.30065508E+00
 0.1758095981097E+07 0.9999999747380E-05 0.1186800003050E+02
  130           0.99000000E+00
 0.1013250000000E+06 0.0099620000000E+02 0.1000000000000E+02
  230           0.30000000E+00
 0.1013262159611E+06 0.1089701384683E+02 0.1000000000000E+02
  330           0.30000001E+00
 0.1013286478058E+06 0.1089664572885E+02 0.1000000000000E+02
  430           0.30000002E+00
 0.1013310797094E+06 0.1089632960626E+02 0.1000000000000E+02
  530           0.30000003E+00
 0.1013335116717E+06 0.1089604168357E+02 0.1000000000000E+02
  630           0.30000003E+00
 0.1013359436929E+06 0.1089576959249E+02 0.1000000000000E+02
  730           0.30000022E+00
 0.1013979800549E+06 0.1088820356189E+02 0.1000000000000E+02
  830           0.30000058E+00
 0.1015197176849E+06 0.1086513160434E+02 0.1006000041960E+02
  930           0.30000095E+00
 0.1016415672717E+06 0.1061331217400E+02 0.1015999984740E+02
 1030           0.30024875E+00
 0.1842101524901E+06 0.1007531558636E+02 0.1026000022890E+02
 1130           0.30054244E+00
 0.2819845292612E+06 0.1006156880661E+02 0.1035999965670E+02
 1230           0.30065596E+00
 0.3785507384551E+06 0.1076222794939E-04 0.1046000003810E+02
 1330           0.30065593E+00
 0.4765413466836E+06 0.1001107242543E-04 0.1056000041960E+02
 1430           0.30065592E+00
 0.5745355899039E+06 0.1000011891586E-04 0.1065999984740E+02
 1530           0.30065591E+00
 0.6725334495202E+06 0.1000000075096E-04 0.1076000022890E+02
 1630           0.30065591E+00
 0.7705349070025E+06 0.9999999754223E-05 0.1085999965670E+02
 1730           0.30065666E+00
 0.8207620436160E+06 0.9999999748667E-05 0.1091100025180E+02
 1830           0.30065592E+00
 0.8244372368131E+06 0.9999999747509E-05 0.1091499996190E+02
 1930           0.30065445E+00
 0.8317876379968E+06 0.9999999747380E-05 0.1092300033570E+02
 2030           0.30065445E+00
 0.8464885002037E+06 0.9999999747371E-05 0.1093799972530E+02
 2130           0.30065446E+00
 0.8758904651644E+06 0.9999999747373E-05 0.1096800041200E+02
 2230           0.30065447E+00
 0.9346953554143E+06 0.9999999747380E-05 0.1102799987790E+02
 2330           0.30065451E+00
 0.1052308962394E+07 0.9999999747381E-05 0.1114799976350E+02
 2430           0.30065464E+00
 0.1287551364076E+07 0.9999999747381E-05 0.1138799953460E+02
 2530           0.30065508E+00
 0.1758095981097E+07 0.9999999747380E-05 0.1186800003050E+02

