#1
double EnergyPlus(1009,9)
#This file contains the results from the EnergyPlus simulation
#Column 0: Time in seconds
#Column 1: Environment:Site Outdoor Air Drybulb Temperature [C](TimeStep)
#Column 2: Environment:Site Outdoor Air Relative Humidity [%](TimeStep)
#Column 3: ATTIC:Zone Mean Air Temperature [C](TimeStep)
#Column 4: CORE_ZN:Zone Mean Air Temperature [C](TimeStep)
#Column 5: PERIMETER_ZN_1:Zone Mean Air Temperature [C](TimeStep)
#Column 6: PERIMETER_ZN_2:Zone Mean Air Temperature [C](TimeStep)
#Column 7: PERIMETER_ZN_3:Zone Mean Air Temperature [C](TimeStep)
#Column 8: PERIMETER_ZN_4:Zone Mean Air Temperature [C](TimeStep)
0,-3.450e+00,7.217e+01,-4.525e+00,1.765e+01,1.612e+01,1.525e+01,1.500e+01,1.492e+01
600,-3.450e+00,7.217e+01,-4.525e+00,1.765e+01,1.612e+01,1.525e+01,1.500e+01,1.492e+01
1200,-5.200e+00,7.233e+01,-4.944e+00,1.765e+01,1.606e+01,1.520e+01,1.496e+01,1.488e+01
1800,-6.950e+00,7.250e+01,-5.473e+00,1.765e+01,1.600e+01,1.515e+01,1.492e+01,1.483e+01
2400,-8.700e+00,7.267e+01,-6.053e+00,1.765e+01,1.594e+01,1.510e+01,1.487e+01,1.478e+01
3000,-1.045e+01,7.283e+01,-6.753e+00,1.764e+01,1.587e+01,1.503e+01,1.482e+01,1.472e+01
3600,-1.220e+01,7.300e+01,-7.525e+00,1.764e+01,1.579e+01,1.497e+01,1.477e+01,1.466e+01
4200,-1.212e+01,7.300e+01,-8.180e+00,1.763e+01,1.574e+01,1.493e+01,1.473e+01,1.462e+01
4800,-1.203e+01,7.300e+01,-8.773e+00,1.762e+01,1.571e+01,1.490e+01,1.471e+01,1.460e+01
5400,-1.195e+01,7.300e+01,-9.240e+00,1.762e+01,1.568e+01,1.488e+01,1.470e+01,1.458e+01
6000,-1.187e+01,7.300e+01,-9.629e+00,1.761e+01,1.566e+01,1.486e+01,1.468e+01,1.456e+01
6600,-1.178e+01,7.300e+01,-9.952e+00,1.760e+01,1.564e+01,1.485e+01,1.467e+01,1.455e+01
7200,-1.170e+01,7.300e+01,-1.026e+01,1.759e+01,1.561e+01,1.483e+01,1.466e+01,1.454e+01
7800,-1.160e+01,7.300e+01,-1.047e+01,1.759e+01,1.559e+01,1.482e+01,1.465e+01,1.453e+01
8400,-1.150e+01,7.300e+01,-1.066e+01,1.758e+01,1.558e+01,1.481e+01,1.465e+01,1.452e+01
9000,-1.140e+01,7.300e+01,-1.081e+01,1.758e+01,1.556e+01,1.480e+01,1.464e+01,1.451e+01
9600,-1.130e+01,7.300e+01,-1.094e+01,1.757e+01,1.555e+01,1.479e+01,1.464e+01,1.450e+01
10200,-1.120e+01,7.300e+01,-1.105e+01,1.757e+01,1.554e+01,1.478e+01,1.463e+01,1.450e+01
10800,-1.110e+01,7.300e+01,-1.115e+01,1.756e+01,1.552e+01,1.477e+01,1.463e+01,1.449e+01
11400,-1.110e+01,7.300e+01,-1.124e+01,1.756e+01,1.551e+01,1.476e+01,1.462e+01,1.448e+01
12000,-1.110e+01,7.300e+01,-1.132e+01,1.755e+01,1.549e+01,1.475e+01,1.462e+01,1.447e+01
12600,-1.110e+01,7.300e+01,-1.139e+01,1.755e+01,1.547e+01,1.474e+01,1.461e+01,1.446e+01
13200,-1.110e+01,7.300e+01,-1.145e+01,1.754e+01,1.546e+01,1.473e+01,1.460e+01,1.445e+01
13800,-1.110e+01,7.300e+01,-1.151e+01,1.754e+01,1.544e+01,1.471e+01,1.459e+01,1.444e+01
14400,-1.110e+01,7.300e+01,-1.156e+01,1.753e+01,1.542e+01,1.470e+01,1.459e+01,1.443e+01
15000,-1.102e+01,7.300e+01,-1.159e+01,1.753e+01,1.541e+01,1.469e+01,1.458e+01,1.443e+01
15600,-1.093e+01,7.300e+01,-1.162e+01,1.752e+01,1.539e+01,1.468e+01,1.458e+01,1.442e+01
16200,-1.085e+01,7.300e+01,-1.163e+01,1.752e+01,1.538e+01,1.467e+01,1.457e+01,1.441e+01
16800,-1.077e+01,7.300e+01,-1.164e+01,1.751e+01,1.537e+01,1.467e+01,1.457e+01,1.441e+01
17400,-1.068e+01,7.300e+01,-1.164e+01,1.751e+01,1.536e+01,1.466e+01,1.456e+01,1.440e+01
18000,-1.060e+01,7.300e+01,-1.163e+01,1.750e+01,1.534e+01,1.465e+01,1.456e+01,1.439e+01
18600,-1.060e+01,7.300e+01,-1.164e+01,1.750e+01,1.533e+01,1.464e+01,1.455e+01,1.439e+01
19200,-1.060e+01,7.300e+01,-1.164e+01,1.750e+01,1.531e+01,1.463e+01,1.455e+01,1.438e+01
19800,-1.060e+01,7.300e+01,-1.164e+01,1.749e+01,1.530e+01,1.462e+01,1.454e+01,1.437e+01
20400,-1.060e+01,7.300e+01,-1.165e+01,1.749e+01,1.528e+01,1.461e+01,1.453e+01,1.436e+01
21000,-1.060e+01,7.300e+01,-1.165e+01,1.748e+01,1.527e+01,1.460e+01,1.453e+01,1.435e+01
21600,-1.060e+01,7.300e+01,-1.166e+01,1.748e+01,1.525e+01,1.459e+01,1.452e+01,1.434e+01
22200,-1.060e+01,7.367e+01,-1.167e+01,1.747e+01,1.524e+01,1.458e+01,1.451e+01,1.433e+01
22800,-1.060e+01,7.433e+01,-1.168e+01,1.746e+01,1.522e+01,1.456e+01,1.450e+01,1.432e+01
23400,-1.060e+01,7.500e+01,-1.168e+01,1.746e+01,1.521e+01,1.455e+01,1.450e+01,1.431e+01
24000,-1.060e+01,7.567e+01,-1.168e+01,1.745e+01,1.519e+01,1.454e+01,1.449e+01,1.430e+01
24600,-1.060e+01,7.633e+01,-1.168e+01,1.745e+01,1.517e+01,1.453e+01,1.448e+01,1.429e+01
25200,-1.060e+01,7.700e+01,-1.168e+01,1.744e+01,1.516e+01,1.452e+01,1.447e+01,1.428e+01
25800,-1.050e+01,7.700e+01,-1.167e+01,1.743e+01,1.514e+01,1.451e+01,1.446e+01,1.427e+01
26400,-1.040e+01,7.700e+01,-1.167e+01,1.743e+01,1.513e+01,1.450e+01,1.446e+01,1.426e+01
27000,-1.030e+01,7.700e+01,-1.164e+01,1.742e+01,1.515e+01,1.454e+01,1.446e+01,1.426e+01
27600,-1.020e+01,7.700e+01,-1.154e+01,1.742e+01,1.524e+01,1.466e+01,1.446e+01,1.427e+01
28200,-1.010e+01,7.700e+01,-1.137e+01,1.742e+01,1.536e+01,1.481e+01,1.447e+01,1.428e+01
28800,-1.000e+01,7.700e+01,-1.114e+01,1.743e+01,1.552e+01,1.498e+01,1.448e+01,1.429e+01
29400,-9.817e+00,7.600e+01,-1.092e+01,1.745e+01,1.569e+01,1.515e+01,1.450e+01,1.431e+01
30000,-9.633e+00,7.500e+01,-1.064e+01,1.747e+01,1.586e+01,1.529e+01,1.452e+01,1.433e+01
30600,-9.450e+00,7.400e+01,-1.022e+01,1.749e+01,1.607e+01,1.547e+01,1.454e+01,1.437e+01
31200,-9.267e+00,7.300e+01,-9.750e+00,1.752e+01,1.628e+01,1.562e+01,1.457e+01,1.440e+01
31800,-9.083e+00,7.200e+01,-9.246e+00,1.754e+01,1.648e+01,1.575e+01,1.459e+01,1.443e+01
32400,-8.900e+00,7.100e+01,-8.720e+00,1.757e+01,1.668e+01,1.588e+01,1.462e+01,1.447e+01
33000,-8.533e+00,6.917e+01,-8.140e+00,1.759e+01,1.689e+01,1.598e+01,1.465e+01,1.452e+01
33600,-8.167e+00,6.733e+01,-7.542e+00,1.760e+01,1.708e+01,1.608e+01,1.467e+01,1.456e+01
34200,-7.800e+00,6.550e+01,-6.832e+00,1.762e+01,1.730e+01,1.616e+01,1.470e+01,1.460e+01
34800,-7.433e+00,6.367e+01,-6.064e+00,1.763e+01,1.750e+01,1.621e+01,1.473e+01,1.465e+01
35400,-7.067e+00,6.183e+01,-5.289e+00,1.765e+01,1.769e+01,1.625e+01,1.475e+01,1.469e+01
36000,-6.700e+00,6.000e+01,-4.530e+00,1.766e+01,1.787e+01,1.627e+01,1.477e+01,1.473e+01
36600,-6.417e+00,6.050e+01,-3.792e+00,1.767e+01,1.806e+01,1.628e+01,1.479e+01,1.478e+01
37200,-6.133e+00,6.100e+01,-3.060e+00,1.769e+01,1.825e+01,1.628e+01,1.481e+01,1.482e+01
37800,-5.850e+00,6.150e+01,-2.329e+00,1.770e+01,1.844e+01,1.627e+01,1.483e+01,1.486e+01
38400,-5.567e+00,6.200e+01,-1.615e+00,1.771e+01,1.859e+01,1.623e+01,1.485e+01,1.490e+01
39000,-5.283e+00,6.250e+01,-9.444e-01,1.772e+01,1.870e+01,1.617e+01,1.487e+01,1.494e+01
39600,-5.000e+00,6.300e+01,-3.016e-01,1.773e+01,1.880e+01,1.610e+01,1.489e+01,1.498e+01
40200,-4.717e+00,6.300e+01,3.113e-01,1.774e+01,1.888e+01,1.604e+01,1.492e+01,1.502e+01
40800,-4.433e+00,6.300e+01,9.318e-01,1.775e+01,1.895e+01,1.597e+01,1.494e+01,1.505e+01
41400,-4.150e+00,6.300e+01,1.478e+00,1.776e+01,1.899e+01,1.593e+01,1.496e+01,1.509e+01
42000,-3.867e+00,6.300e+01,1.954e+00,1.777e+01,1.899e+01,1.590e+01,1.498e+01,1.511e+01
42600,-3.583e+00,6.300e+01,2.320e+00,1.777e+01,1.895e+01,1.588e+01,1.499e+01,1.514e+01
43200,-3.300e+00,6.300e+01,2.611e+00,1.778e+01,1.884e+01,1.587e+01,1.501e+01,1.515e+01
43800,-3.117e+00,6.300e+01,2.725e+00,1.778e+01,1.872e+01,1.586e+01,1.502e+01,1.517e+01
44400,-2.933e+00,6.300e+01,2.753e+00,1.778e+01,1.859e+01,1.585e+01,1.503e+01,1.518e+01
45000,-2.750e+00,6.300e+01,2.731e+00,1.778e+01,1.840e+01,1.583e+01,1.504e+01,1.519e+01
45600,-2.567e+00,6.300e+01,2.702e+00,1.778e+01,1.828e+01,1.582e+01,1.505e+01,1.520e+01
46200,-2.383e+00,6.300e+01,2.683e+00,1.777e+01,1.818e+01,1.581e+01,1.507e+01,1.522e+01
46800,-2.200e+00,6.300e+01,2.680e+00,1.777e+01,1.809e+01,1.580e+01,1.508e+01,1.524e+01
47400,-2.017e+00,6.267e+01,2.686e+00,1.777e+01,1.798e+01,1.579e+01,1.509e+01,1.526e+01
48000,-1.833e+00,6.233e+01,2.695e+00,1.777e+01,1.788e+01,1.578e+01,1.509e+01,1.528e+01
48600,-1.650e+00,6.200e+01,2.708e+00,1.776e+01,1.780e+01,1.578e+01,1.510e+01,1.529e+01
49200,-1.467e+00,6.167e+01,2.721e+00,1.776e+01,1.774e+01,1.577e+01,1.511e+01,1.531e+01
49800,-1.283e+00,6.133e+01,2.732e+00,1.776e+01,1.769e+01,1.576e+01,1.512e+01,1.533e+01
50400,-1.100e+00,6.100e+01,2.740e+00,1.776e+01,1.764e+01,1.575e+01,1.512e+01,1.534e+01
51000,-1.100e+00,6.150e+01,2.715e+00,1.775e+01,1.760e+01,1.574e+01,1.512e+01,1.535e+01
51600,-1.100e+00,6.200e+01,2.659e+00,1.775e+01,1.758e+01,1.573e+01,1.512e+01,1.538e+01
52200,-1.100e+00,6.250e+01,2.570e+00,1.775e+01,1.756e+01,1.572e+01,1.511e+01,1.540e+01
52800,-1.100e+00,6.300e+01,2.446e+00,1.775e+01,1.751e+01,1.571e+01,1.511e+01,1.540e+01
53400,-1.100e+00,6.350e+01,2.284e+00,1.775e+01,1.746e+01,1.569e+01,1.511e+01,1.540e+01
54000,-1.100e+00,6.400e+01,2.086e+00,1.775e+01,1.740e+01,1.568e+01,1.510e+01,1.539e+01
54600,-1.100e+00,6.483e+01,1.869e+00,1.775e+01,1.734e+01,1.567e+01,1.510e+01,1.538e+01
55200,-1.100e+00,6.567e+01,1.642e+00,1.774e+01,1.726e+01,1.565e+01,1.509e+01,1.535e+01
55800,-1.100e+00,6.650e+01,1.407e+00,1.774e+01,1.719e+01,1.563e+01,1.509e+01,1.532e+01
56400,-1.100e+00,6.733e+01,1.171e+00,1.774e+01,1.713e+01,1.562e+01,1.508e+01,1.530e+01
57000,-1.100e+00,6.817e+01,9.388e-01,1.774e+01,1.708e+01,1.561e+01,1.507e+01,1.528e+01
57600,-1.100e+00,6.900e+01,7.100e-01,1.773e+01,1.703e+01,1.559e+01,1.507e+01,1.526e+01
58200,-1.100e+00,6.900e+01,4.823e-01,1.773e+01,1.697e+01,1.558e+01,1.506e+01,1.523e+01
58800,-1.100e+00,6.900e+01,2.119e-01,1.772e+01,1.692e+01,1.556e+01,1.506e+01,1.520e+01
59400,-1.100e+00,6.900e+01,-4.438e-02,1.772e+01,1.687e+01,1.555e+01,1.505e+01,1.517e+01
60000,-1.100e+00,6.900e+01,-3.747e-01,1.771e+01,1.682e+01,1.553e+01,1.504e+01,1.514e+01
60600,-1.100e+00,6.900e+01,-6.986e-01,1.770e+01,1.679e+01,1.552e+01,1.504e+01,1.512e+01
61200,-1.100e+00,6.900e+01,-1.054e+00,1.770e+01,1.675e+01,1.551e+01,1.504e+01,1.510e+01
61800,-1.200e+00,6.950e+01,-1.342e+00,1.769e+01,1.672e+01,1.550e+01,1.503e+01,1.509e+01
62400,-1.300e+00,7.000e+01,-1.611e+00,1.769e+01,1.670e+01,1.549e+01,1.503e+01,1.507e+01
63000,-1.400e+00,7.050e+01,-1.863e+00,1.768e+01,1.667e+01,1.548e+01,1.503e+01,1.506e+01
63600,-1.500e+00,7.100e+01,-2.100e+00,1.768e+01,1.665e+01,1.547e+01,1.502e+01,1.505e+01
64200,-1.600e+00,7.150e+01,-2.324e+00,1.768e+01,1.662e+01,1.546e+01,1.502e+01,1.504e+01
64800,-1.700e+00,7.200e+01,-2.535e+00,1.767e+01,1.660e+01,1.545e+01,1.502e+01,1.503e+01
65400,-1.783e+00,7.250e+01,-2.726e+00,1.767e+01,1.658e+01,1.544e+01,1.502e+01,1.502e+01
66000,-1.867e+00,7.300e+01,-2.892e+00,1.767e+01,1.656e+01,1.543e+01,1.501e+01,1.501e+01
66600,-1.950e+00,7.350e+01,-3.029e+00,1.767e+01,1.654e+01,1.542e+01,1.501e+01,1.500e+01
67200,-2.033e+00,7.400e+01,-3.141e+00,1.767e+01,1.652e+01,1.541e+01,1.500e+01,1.499e+01
67800,-2.117e+00,7.450e+01,-3.230e+00,1.766e+01,1.650e+01,1.540e+01,1.500e+01,1.498e+01
68400,-2.200e+00,7.500e+01,-3.302e+00,1.766e+01,1.648e+01,1.539e+01,1.499e+01,1.498e+01
69000,-2.017e+00,7.450e+01,-3.329e+00,1.766e+01,1.647e+01,1.539e+01,1.500e+01,1.497e+01
69600,-1.833e+00,7.400e+01,-3.332e+00,1.766e+01,1.646e+01,1.539e+01,1.500e+01,1.497e+01
70200,-1.650e+00,7.350e+01,-3.312e+00,1.766e+01,1.645e+01,1.539e+01,1.500e+01,1.498e+01
70800,-1.467e+00,7.300e+01,-3.273e+00,1.766e+01,1.645e+01,1.539e+01,1.501e+01,1.498e+01
71400,-1.283e+00,7.250e+01,-3.217e+00,1.766e+01,1.644e+01,1.539e+01,1.501e+01,1.498e+01
72000,-1.100e+00,7.200e+01,-3.145e+00,1.766e+01,1.643e+01,1.539e+01,1.502e+01,1.499e+01
72600,-1.200e+00,7.300e+01,-3.110e+00,1.766e+01,1.643e+01,1.539e+01,1.502e+01,1.499e+01
73200,-1.300e+00,7.400e+01,-3.107e+00,1.766e+01,1.642e+01,1.539e+01,1.503e+01,1.499e+01
73800,-1.400e+00,7.500e+01,-3.136e+00,1.766e+01,1.641e+01,1.539e+01,1.503e+01,1.499e+01
74400,-1.500e+00,7.600e+01,-3.197e+00,1.766e+01,1.640e+01,1.539e+01,1.504e+01,1.499e+01
75000,-1.600e+00,7.700e+01,-3.285e+00,1.766e+01,1.639e+01,1.539e+01,1.504e+01,1.500e+01
75600,-1.700e+00,7.800e+01,-3.397e+00,1.766e+01,1.638e+01,1.538e+01,1.504e+01,1.500e+01
76200,-1.600e+00,7.750e+01,-3.484e+00,1.766e+01,1.637e+01,1.538e+01,1.505e+01,1.500e+01
76800,-1.500e+00,7.700e+01,-3.537e+00,1.766e+01,1.636e+01,1.538e+01,1.505e+01,1.500e+01
77400,-1.400e+00,7.650e+01,-3.550e+00,1.766e+01,1.635e+01,1.538e+01,1.505e+01,1.500e+01
78000,-1.300e+00,7.600e+01,-3.524e+00,1.766e+01,1.635e+01,1.538e+01,1.505e+01,1.500e+01
78600,-1.200e+00,7.550e+01,-3.465e+00,1.766e+01,1.634e+01,1.538e+01,1.505e+01,1.500e+01
79200,-1.100e+00,7.500e+01,-3.380e+00,1.766e+01,1.633e+01,1.537e+01,1.505e+01,1.500e+01
79800,-1.200e+00,7.550e+01,-3.322e+00,1.766e+01,1.631e+01,1.537e+01,1.505e+01,1.499e+01
80400,-1.300e+00,7.600e+01,-3.303e+00,1.766e+01,1.630e+01,1.536e+01,1.505e+01,1.499e+01
81000,-1.400e+00,7.650e+01,-3.326e+00,1.766e+01,1.628e+01,1.535e+01,1.505e+01,1.498e+01
81600,-1.500e+00,7.700e+01,-3.388e+00,1.766e+01,1.627e+01,1.534e+01,1.504e+01,1.498e+01
82200,-1.600e+00,7.750e+01,-3.481e+00,1.766e+01,1.625e+01,1.533e+01,1.504e+01,1.497e+01
82800,-1.700e+00,7.800e+01,-3.604e+00,1.766e+01,1.623e+01,1.532e+01,1.503e+01,1.496e+01
83400,-1.700e+00,7.700e+01,-3.728e+00,1.766e+01,1.622e+01,1.531e+01,1.503e+01,1.496e+01
84000,-1.700e+00,7.600e+01,-3.846e+00,1.766e+01,1.621e+01,1.530e+01,1.503e+01,1.496e+01
84600,-1.700e+00,7.500e+01,-3.958e+00,1.766e+01,1.619e+01,1.530e+01,1.503e+01,1.495e+01
85200,-1.700e+00,7.400e+01,-4.063e+00,1.766e+01,1.618e+01,1.529e+01,1.502e+01,1.495e+01
85800,-1.700e+00,7.300e+01,-4.164e+00,1.765e+01,1.617e+01,1.528e+01,1.502e+01,1.495e+01
86400,-1.700e+00,7.200e+01,-4.262e+00,1.765e+01,1.616e+01,1.528e+01,1.502e+01,1.494e+01
87000,-2.067e+00,7.417e+01,-4.405e+00,1.772e+01,1.620e+01,1.533e+01,1.508e+01,1.500e+01
87600,-2.433e+00,7.633e+01,-4.575e+00,1.774e+01,1.620e+01,1.533e+01,1.509e+01,1.500e+01
88200,-2.800e+00,7.850e+01,-4.773e+00,1.775e+01,1.619e+01,1.533e+01,1.509e+01,1.500e+01
88800,-3.167e+00,8.067e+01,-4.991e+00,1.776e+01,1.618e+01,1.533e+01,1.509e+01,1.499e+01
89400,-3.533e+00,8.283e+01,-5.226e+00,1.777e+01,1.616e+01,1.532e+01,1.508e+01,1.499e+01
90000,-3.900e+00,8.500e+01,-5.476e+00,1.777e+01,1.614e+01,1.531e+01,1.508e+01,1.498e+01
90600,-3.717e+00,8.383e+01,-5.658e+00,1.778e+01,1.614e+01,1.531e+01,1.508e+01,1.498e+01
91200,-3.533e+00,8.267e+01,-5.793e+00,1.778e+01,1.613e+01,1.531e+01,1.509e+01,1.499e+01
91800,-3.350e+00,8.150e+01,-5.878e+00,1.778e+01,1.613e+01,1.531e+01,1.509e+01,1.499e+01
92400,-3.167e+00,8.033e+01,-5.916e+00,1.778e+01,1.612e+01,1.531e+01,1.510e+01,1.499e+01
93000,-2.983e+00,7.917e+01,-5.914e+00,1.779e+01,1.612e+01,1.531e+01,1.510e+01,1.500e+01
93600,-2.800e+00,7.800e+01,-5.879e+00,1.779e+01,1.611e+01,1.531e+01,1.511e+01,1.500e+01
94200,-2.883e+00,7.800e+01,-5.863e+00,1.779e+01,1.611e+01,1.530e+01,1.511e+01,1.500e+01
94800,-2.967e+00,7.800e+01,-5.865e+00,1.779e+01,1.610e+01,1.530e+01,1.511e+01,1.500e+01
95400,-3.050e+00,7.800e+01,-5.887e+00,1.779e+01,1.609e+01,1.530e+01,1.511e+01,1.500e+01
96000,-3.133e+00,7.800e+01,-5.927e+00,1.779e+01,1.608e+01,1.529e+01,1.511e+01,1.500e+01
96600,-3.217e+00,7.800e+01,-5.982e+00,1.780e+01,1.607e+01,1.529e+01,1.511e+01,1.499e+01
97200,-3.300e+00,7.800e+01,-6.052e+00,1.780e+01,1.606e+01,1.529e+01,1.511e+01,1.499e+01
97800,-3.217e+00,7.800e+01,-6.104e+00,1.780e+01,1.605e+01,1.529e+01,1.511e+01,1.499e+01
98400,-3.133e+00,7.800e+01,-6.137e+00,1.780e+01,1.605e+01,1.529e+01,1.512e+01,1.499e+01
99000,-3.050e+00,7.800e+01,-6.153e+00,1.780e+01,1.605e+01,1.529e+01,1.512e+01,1.499e+01
99600,-2.967e+00,7.800e+01,-6.154e+00,1.780e+01,1.604e+01,1.529e+01,1.513e+01,1.499e+01
100200,-2.883e+00,7.800e+01,-6.142e+00,1.780e+01,1.604e+01,1.529e+01,1.513e+01,1.500e+01
100800,-2.800e+00,7.800e+01,-6.120e+00,1.780e+01,1.604e+01,1.530e+01,1.514e+01,1.500e+01
101400,-2.517e+00,7.700e+01,-6.049e+00,1.780e+01,1.604e+01,1.530e+01,1.514e+01,1.501e+01
102000,-2.233e+00,7.600e+01,-5.931e+00,1.780e+01,1.604e+01,1.530e+01,1.515e+01,1.501e+01
102600,-1.950e+00,7.500e+01,-5.767e+00,1.780e+01,1.604e+01,1.531e+01,1.516e+01,1.502e+01
103200,-1.667e+00,7.400e+01,-5.562e+00,1.780e+01,1.605e+01,1.531e+01,1.517e+01,1.503e+01
103800,-1.383e+00,7.300e+01,-5.319e+00,1.780e+01,1.605e+01,1.532e+01,1.517e+01,1.503e+01
104400,-1.100e+00,7.200e+01,-5.042e+00,1.780e+01,1.605e+01,1.532e+01,1.518e+01,1.504e+01
105000,-1.100e+00,7.200e+01,-4.800e+00,1.782e+01,1.606e+01,1.534e+01,1.520e+01,1.506e+01
105600,-1.100e+00,7.200e+01,-4.599e+00,1.783e+01,1.606e+01,1.534e+01,1.521e+01,1.507e+01
106200,-1.100e+00,7.200e+01,-4.438e+00,1.783e+01,1.607e+01,1.535e+01,1.522e+01,1.508e+01
106800,-1.100e+00,7.200e+01,-4.310e+00,1.784e+01,1.607e+01,1.535e+01,1.523e+01,1.508e+01
107400,-1.100e+00,7.200e+01,-4.208e+00,1.784e+01,1.606e+01,1.535e+01,1.523e+01,1.509e+01
108000,-1.100e+00,7.200e+01,-4.128e+00,1.785e+01,1.606e+01,1.536e+01,1.524e+01,1.509e+01
108600,-1.017e+00,7.150e+01,-4.046e+00,1.789e+01,1.611e+01,1.540e+01,1.529e+01,1.514e+01
109200,-9.333e-01,7.100e+01,-3.954e+00,1.790e+01,1.612e+01,1.542e+01,1.531e+01,1.516e+01
109800,-8.500e-01,7.050e+01,-3.852e+00,1.791e+01,1.613e+01,1.543e+01,1.532e+01,1.517e+01
110400,-7.667e-01,7.000e+01,-3.740e+00,1.792e+01,1.614e+01,1.544e+01,1.533e+01,1.518e+01
111000,-6.833e-01,6.950e+01,-3.619e+00,1.793e+01,1.614e+01,1.545e+01,1.535e+01,1.520e+01
111600,-6.000e-01,6.900e+01,-3.492e+00,1.793e+01,1.615e+01,1.546e+01,1.536e+01,1.521e+01
112200,-6.000e-01,6.900e+01,-3.376e+00,1.803e+01,1.624e+01,1.555e+01,1.545e+01,1.530e+01
112800,-6.000e-01,6.900e+01,-3.273e+00,1.808e+01,1.628e+01,1.559e+01,1.549e+01,1.534e+01
113400,-6.000e-01,6.900e+01,-3.164e+00,1.811e+01,1.631e+01,1.562e+01,1.553e+01,1.537e+01
114000,-6.000e-01,6.900e+01,-3.033e+00,1.814e+01,1.633e+01,1.565e+01,1.556e+01,1.540e+01
114600,-6.000e-01,6.900e+01,-2.879e+00,1.816e+01,1.636e+01,1.568e+01,1.559e+01,1.543e+01
115200,-6.000e-01,6.900e+01,-2.707e+00,1.819e+01,1.639e+01,1.571e+01,1.562e+01,1.546e+01
115800,-5.000e-01,6.900e+01,-2.560e+00,1.876e+01,1.696e+01,1.627e+01,1.618e+01,1.602e+01
116400,-4.000e-01,6.900e+01,-2.277e+00,1.925e+01,1.740e+01,1.668e+01,1.661e+01,1.642e+01
117000,-3.000e-01,6.900e+01,-2.035e+00,1.943e+01,1.756e+01,1.684e+01,1.677e+01,1.659e+01
117600,-2.000e-01,6.900e+01,-1.789e+00,1.958e+01,1.771e+01,1.698e+01,1.691e+01,1.672e+01
118200,-1.000e-01,6.900e+01,-1.533e+00,1.971e+01,1.785e+01,1.711e+01,1.704e+01,1.685e+01
118800,0.000e+00,6.900e+01,-1.285e+00,1.980e+01,1.795e+01,1.722e+01,1.714e+01,1.695e+01
119400,1.000e-01,6.867e+01,-9.344e-01,1.991e+01,1.807e+01,1.734e+01,1.725e+01,1.706e+01
120000,2.000e-01,6.833e+01,-5.465e-01,2.001e+01,1.820e+01,1.746e+01,1.736e+01,1.717e+01
120600,3.000e-01,6.800e+01,-1.279e-01,2.010e+01,1.831e+01,1.757e+01,1.747e+01,1.727e+01
121200,4.000e-01,6.767e+01,3.006e-01,2.019e+01,1.842e+01,1.767e+01,1.756e+01,1.737e+01
121800,5.000e-01,6.733e+01,7.123e-01,2.027e+01,1.851e+01,1.775e+01,1.765e+01,1.746e+01
122400,6.000e-01,6.700e+01,1.094e+00,2.035e+01,1.859e+01,1.783e+01,1.773e+01,1.754e+01
123000,7.833e-01,6.617e+01,1.454e+00,2.042e+01,1.867e+01,1.791e+01,1.781e+01,1.762e+01
123600,9.667e-01,6.533e+01,1.796e+00,2.049e+01,1.875e+01,1.799e+01,1.789e+01,1.770e+01
124200,1.150e+00,6.450e+01,2.124e+00,2.056e+01,1.882e+01,1.806e+01,1.796e+01,1.777e+01
124800,1.333e+00,6.367e+01,2.447e+00,2.062e+01,1.890e+01,1.813e+01,1.804e+01,1.785e+01
125400,1.517e+00,6.283e+01,2.780e+00,2.068e+01,1.898e+01,1.820e+01,1.811e+01,1.792e+01
126000,1.700e+00,6.200e+01,3.129e+00,2.074e+01,1.906e+01,1.827e+01,1.818e+01,1.800e+01
126600,1.700e+00,6.233e+01,3.476e+00,2.080e+01,1.914e+01,1.834e+01,1.825e+01,1.807e+01
127200,1.700e+00,6.267e+01,3.827e+00,2.086e+01,1.922e+01,1.840e+01,1.832e+01,1.813e+01
127800,1.700e+00,6.300e+01,4.186e+00,2.091e+01,1.930e+01,1.846e+01,1.839e+01,1.820e+01
128400,1.700e+00,6.333e+01,4.548e+00,2.097e+01,1.938e+01,1.853e+01,1.845e+01,1.827e+01
129000,1.700e+00,6.367e+01,4.900e+00,2.102e+01,1.945e+01,1.858e+01,1.852e+01,1.833e+01
129600,1.700e+00,6.400e+01,5.238e+00,2.107e+01,1.951e+01,1.864e+01,1.858e+01,1.839e+01
130200,1.700e+00,6.450e+01,5.565e+00,2.095e+01,1.940e+01,1.852e+01,1.845e+01,1.827e+01
130800,1.700e+00,6.500e+01,5.888e+00,2.092e+01,1.938e+01,1.850e+01,1.843e+01,1.825e+01
131400,1.700e+00,6.550e+01,6.207e+00,2.093e+01,1.940e+01,1.852e+01,1.845e+01,1.828e+01
132000,1.700e+00,6.600e+01,6.521e+00,2.095e+01,1.944e+01,1.854e+01,1.848e+01,1.831e+01
132600,1.700e+00,6.650e+01,6.876e+00,2.098e+01,1.947e+01,1.858e+01,1.852e+01,1.835e+01
133200,1.700e+00,6.700e+01,7.147e+00,2.101e+01,1.951e+01,1.860e+01,1.855e+01,1.839e+01
133800,1.417e+00,7.117e+01,7.327e+00,2.125e+01,1.975e+01,1.885e+01,1.879e+01,1.864e+01
134400,1.133e+00,7.533e+01,7.425e+00,2.133e+01,1.982e+01,1.892e+01,1.887e+01,1.872e+01
135000,8.500e-01,7.950e+01,7.440e+00,2.139e+01,1.987e+01,1.897e+01,1.893e+01,1.878e+01
135600,5.667e-01,8.367e+01,7.370e+00,2.144e+01,1.991e+01,1.901e+01,1.897e+01,1.883e+01
136200,2.833e-01,8.783e+01,7.217e+00,2.149e+01,1.994e+01,1.905e+01,1.900e+01,1.887e+01
136800,0.000e+00,9.200e+01,6.992e+00,2.154e+01,1.997e+01,1.908e+01,1.904e+01,1.891e+01
137400,-1.000e-01,9.267e+01,6.746e+00,2.158e+01,1.999e+01,1.911e+01,1.907e+01,1.895e+01
138000,-2.000e-01,9.333e+01,6.490e+00,2.162e+01,2.002e+01,1.914e+01,1.911e+01,1.899e+01
138600,-3.000e-01,9.400e+01,6.229e+00,2.166e+01,2.004e+01,1.917e+01,1.914e+01,1.903e+01
139200,-4.000e-01,9.467e+01,5.956e+00,2.170e+01,2.006e+01,1.919e+01,1.917e+01,1.906e+01
139800,-5.000e-01,9.533e+01,5.666e+00,2.174e+01,2.007e+01,1.922e+01,1.919e+01,1.909e+01
140400,-6.000e-01,9.600e+01,5.416e+00,2.177e+01,2.007e+01,1.923e+01,1.921e+01,1.911e+01
141000,-4.000e-01,9.483e+01,5.072e+00,2.181e+01,2.008e+01,1.926e+01,1.925e+01,1.914e+01
141600,-2.000e-01,9.367e+01,4.822e+00,2.184e+01,2.009e+01,1.928e+01,1.927e+01,1.915e+01
142200,0.000e+00,9.250e+01,4.506e+00,2.188e+01,2.009e+01,1.930e+01,1.929e+01,1.917e+01
142800,2.000e-01,9.133e+01,4.187e+00,2.191e+01,2.010e+01,1.932e+01,1.931e+01,1.919e+01
143400,4.000e-01,9.017e+01,3.866e+00,2.194e+01,2.011e+01,1.934e+01,1.934e+01,1.922e+01
144000,6.000e-01,8.900e+01,3.551e+00,2.198e+01,2.012e+01,1.936e+01,1.937e+01,1.925e+01
144600,6.000e-01,8.950e+01,3.229e+00,2.201e+01,2.013e+01,1.937e+01,1.938e+01,1.926e+01
145200,6.000e-01,9.000e+01,2.903e+00,2.204e+01,2.013e+01,1.938e+01,1.940e+01,1.928e+01
145800,6.000e-01,9.050e+01,2.562e+00,2.207e+01,2.011e+01,1.939e+01,1.941e+01,1.927e+01
146400,6.000e-01,9.100e+01,2.225e+00,2.210e+01,2.010e+01,1.940e+01,1.943e+01,1.927e+01
147000,6.000e-01,9.150e+01,1.880e+00,2.214e+01,2.010e+01,1.941e+01,1.945e+01,1.928e+01
147600,6.000e-01,9.200e+01,1.642e+00,2.217e+01,2.010e+01,1.943e+01,1.947e+01,1.929e+01
148200,4.000e-01,9.333e+01,1.453e+00,2.175e+01,1.966e+01,1.899e+01,1.904e+01,1.886e+01
148800,2.000e-01,9.467e+01,1.191e+00,2.148e+01,1.937e+01,1.872e+01,1.876e+01,1.859e+01
149400,0.000e+00,9.600e+01,9.692e-01,2.139e+01,1.926e+01,1.863e+01,1.867e+01,1.849e+01
150000,-2.000e-01,9.733e+01,7.477e-01,2.132e+01,1.918e+01,1.856e+01,1.860e+01,1.842e+01
150600,-4.000e-01,9.867e+01,5.254e-01,2.126e+01,1.912e+01,1.851e+01,1.855e+01,1.837e+01
151200,-6.000e-01,1.000e+02,3.015e-01,2.122e+01,1.907e+01,1.847e+01,1.850e+01,1.832e+01
151800,-4.000e-01,9.867e+01,1.338e-01,2.100e+01,1.884e+01,1.825e+01,1.829e+01,1.811e+01
152400,-2.000e-01,9.733e+01,5.736e-03,2.089e+01,1.873e+01,1.815e+01,1.819e+01,1.801e+01
153000,0.000e+00,9.600e+01,-8.296e-02,2.081e+01,1.865e+01,1.808e+01,1.812e+01,1.794e+01
153600,2.000e-01,9.467e+01,-1.368e-01,2.075e+01,1.859e+01,1.803e+01,1.807e+01,1.789e+01
154200,4.000e-01,9.333e+01,-1.603e-01,2.070e+01,1.854e+01,1.799e+01,1.803e+01,1.784e+01
154800,6.000e-01,9.200e+01,-1.576e-01,2.065e+01,1.850e+01,1.795e+01,1.799e+01,1.781e+01
155400,6.833e-01,9.150e+01,-1.492e-01,2.061e+01,1.846e+01,1.791e+01,1.796e+01,1.777e+01
156000,7.667e-01,9.100e+01,-1.333e-01,2.057e+01,1.842e+01,1.788e+01,1.793e+01,1.774e+01
156600,8.500e-01,9.050e+01,-1.127e-01,2.054e+01,1.839e+01,1.785e+01,1.790e+01,1.771e+01
157200,9.333e-01,9.000e+01,-8.804e-02,2.051e+01,1.836e+01,1.782e+01,1.788e+01,1.769e+01
157800,1.017e+00,8.950e+01,-5.952e-02,2.048e+01,1.833e+01,1.780e+01,1.786e+01,1.766e+01
158400,1.100e+00,8.900e+01,-2.744e-02,2.046e+01,1.831e+01,1.778e+01,1.784e+01,1.764e+01
159000,1.200e+00,8.900e+01,1.162e-02,2.040e+01,1.825e+01,1.772e+01,1.778e+01,1.758e+01
159600,1.300e+00,8.900e+01,5.775e-02,2.036e+01,1.821e+01,1.768e+01,1.774e+01,1.755e+01
160200,1.400e+00,8.900e+01,1.107e-01,2.032e+01,1.818e+01,1.765e+01,1.772e+01,1.752e+01
160800,1.500e+00,8.900e+01,1.697e-01,2.030e+01,1.815e+01,1.763e+01,1.769e+01,1.750e+01
161400,1.600e+00,8.900e+01,2.340e-01,2.027e+01,1.812e+01,1.761e+01,1.768e+01,1.748e+01
162000,1.700e+00,8.900e+01,3.030e-01,2.025e+01,1.810e+01,1.759e+01,1.766e+01,1.746e+01
162600,1.783e+00,8.900e+01,3.709e-01,2.023e+01,1.808e+01,1.757e+01,1.764e+01,1.744e+01
163200,1.867e+00,8.900e+01,4.358e-01,2.020e+01,1.807e+01,1.756e+01,1.763e+01,1.743e+01
163800,1.950e+00,8.900e+01,4.969e-01,2.018e+01,1.805e+01,1.754e+01,1.762e+01,1.742e+01
164400,2.033e+00,8.900e+01,5.546e-01,2.017e+01,1.804e+01,1.753e+01,1.761e+01,1.741e+01
165000,2.117e+00,8.900e+01,6.094e-01,2.015e+01,1.803e+01,1.752e+01,1.760e+01,1.740e+01
165600,2.200e+00,8.900e+01,6.604e-01,2.013e+01,1.802e+01,1.751e+01,1.760e+01,1.739e+01
166200,1.833e+00,9.017e+01,6.385e-01,2.010e+01,1.797e+01,1.748e+01,1.756e+01,1.735e+01
166800,1.467e+00,9.133e+01,5.631e-01,2.007e+01,1.794e+01,1.745e+01,1.753e+01,1.732e+01
167400,1.100e+00,9.250e+01,4.399e-01,2.004e+01,1.790e+01,1.742e+01,1.751e+01,1.730e+01
168000,7.333e-01,9.367e+01,2.754e-01,2.002e+01,1.788e+01,1.740e+01,1.749e+01,1.727e+01
168600,3.667e-01,9.483e+01,7.534e-02,2.000e+01,1.785e+01,1.737e+01,1.746e+01,1.725e+01
169200,0.000e+00,9.600e+01,-1.549e-01,1.998e+01,1.782e+01,1.734e+01,1.744e+01,1.723e+01
169800,0.000e+00,9.600e+01,-3.508e-01,1.995e+01,1.778e+01,1.731e+01,1.741e+01,1.720e+01
170400,0.000e+00,9.600e+01,-5.172e-01,1.992e+01,1.775e+01,1.728e+01,1.738e+01,1.717e+01
171000,0.000e+00,9.600e+01,-6.482e-01,1.990e+01,1.772e+01,1.726e+01,1.736e+01,1.715e+01
171600,0.000e+00,9.600e+01,-7.458e-01,1.988e+01,1.770e+01,1.723e+01,1.734e+01,1.713e+01
172200,0.000e+00,9.600e+01,-8.144e-01,1.986e+01,1.767e+01,1.721e+01,1.732e+01,1.711e+01
172800,0.000e+00,9.600e+01,-8.584e-01,1.984e+01,1.764e+01,1.719e+01,1.730e+01,1.708e+01
173400,0.000e+00,9.600e+01,-8.891e-01,1.980e+01,1.760e+01,1.715e+01,1.726e+01,1.705e+01
174000,0.000e+00,9.600e+01,-9.145e-01,1.978e+01,1.758e+01,1.712e+01,1.724e+01,1.702e+01
174600,0.000e+00,9.600e+01,-9.375e-01,1.975e+01,1.755e+01,1.710e+01,1.722e+01,1.701e+01
175200,0.000e+00,9.600e+01,-9.588e-01,1.973e+01,1.753e+01,1.709e+01,1.721e+01,1.699e+01
175800,0.000e+00,9.600e+01,-9.786e-01,1.972e+01,1.751e+01,1.707e+01,1.719e+01,1.697e+01
176400,0.000e+00,9.600e+01,-9.969e-01,1.970e+01,1.749e+01,1.705e+01,1.718e+01,1.696e+01
177000,0.000e+00,9.600e+01,-1.009e+00,1.968e+01,1.747e+01,1.703e+01,1.716e+01,1.694e+01
177600,0.000e+00,9.600e+01,-1.012e+00,1.967e+01,1.745e+01,1.702e+01,1.714e+01,1.692e+01
178200,0.000e+00,9.600e+01,-1.006e+00,1.965e+01,1.743e+01,1.700e+01,1.713e+01,1.690e+01
178800,0.000e+00,9.600e+01,-9.919e-01,1.963e+01,1.741e+01,1.698e+01,1.711e+01,1.689e+01
179400,0.000e+00,9.600e+01,-9.724e-01,1.962e+01,1.739e+01,1.696e+01,1.710e+01,1.687e+01
180000,0.000e+00,9.600e+01,-9.489e-01,1.960e+01,1.737e+01,1.695e+01,1.708e+01,1.685e+01
180600,1.000e-01,9.533e+01,-9.065e-01,1.959e+01,1.735e+01,1.693e+01,1.707e+01,1.684e+01
181200,2.000e-01,9.467e+01,-8.498e-01,1.958e+01,1.734e+01,1.692e+01,1.705e+01,1.683e+01
181800,3.000e-01,9.400e+01,-7.805e-01,1.956e+01,1.732e+01,1.691e+01,1.704e+01,1.681e+01
182400,4.000e-01,9.333e+01,-7.008e-01,1.955e+01,1.731e+01,1.689e+01,1.703e+01,1.680e+01
183000,5.000e-01,9.267e+01,-6.132e-01,1.953e+01,1.729e+01,1.688e+01,1.702e+01,1.679e+01
183600,6.000e-01,9.200e+01,-5.193e-01,1.952e+01,1.728e+01,1.687e+01,1.701e+01,1.677e+01
184200,5.000e-01,9.150e+01,-4.563e-01,1.951e+01,1.726e+01,1.685e+01,1.699e+01,1.676e+01
184800,4.000e-01,9.100e+01,-4.204e-01,1.949e+01,1.724e+01,1.684e+01,1.698e+01,1.675e+01
185400,3.000e-01,9.050e+01,-4.090e-01,1.948e+01,1.723e+01,1.683e+01,1.697e+01,1.673e+01
186000,2.000e-01,9.000e+01,-4.180e-01,1.947e+01,1.721e+01,1.681e+01,1.696e+01,1.672e+01
186600,1.000e-01,8.950e+01,-4.433e-01,1.945e+01,1.719e+01,1.680e+01,1.694e+01,1.671e+01
187200,0.000e+00,8.900e+01,-4.818e-01,1.944e+01,1.718e+01,1.678e+01,1.693e+01,1.669e+01
187800,-1.833e-01,8.833e+01,-5.430e-01,1.943e+01,1.716e+01,1.677e+01,1.692e+01,1.668e+01
188400,-3.667e-01,8.767e+01,-6.209e-01,1.942e+01,1.714e+01,1.675e+01,1.690e+01,1.666e+01
189000,-5.500e-01,8.700e+01,-7.131e-01,1.940e+01,1.712e+01,1.673e+01,1.689e+01,1.664e+01
189600,-7.333e-01,8.633e+01,-8.170e-01,1.939e+01,1.710e+01,1.672e+01,1.687e+01,1.663e+01
190200,-9.167e-01,8.567e+01,-9.307e-01,1.938e+01,1.708e+01,1.670e+01,1.686e+01,1.661e+01
190800,-1.100e+00,8.500e+01,-1.053e+00,1.937e+01,1.705e+01,1.668e+01,1.684e+01,1.659e+01
191400,-1.283e+00,8.500e+01,-1.181e+00,1.937e+01,1.704e+01,1.667e+01,1.683e+01,1.659e+01
192000,-1.467e+00,8.500e+01,-1.313e+00,1.936e+01,1.703e+01,1.666e+01,1.682e+01,1.657e+01
192600,-1.650e+00,8.500e+01,-1.449e+00,1.936e+01,1.701e+01,1.664e+01,1.681e+01,1.656e+01
193200,-1.833e+00,8.500e+01,-1.588e+00,1.935e+01,1.699e+01,1.663e+01,1.680e+01,1.654e+01
193800,-2.017e+00,8.500e+01,-1.730e+00,1.934e+01,1.697e+01,1.661e+01,1.678e+01,1.653e+01
194400,-2.200e+00,8.500e+01,-1.874e+00,1.933e+01,1.695e+01,1.660e+01,1.677e+01,1.651e+01
195000,-2.383e+00,8.500e+01,-2.021e+00,1.936e+01,1.697e+01,1.662e+01,1.679e+01,1.654e+01
195600,-2.567e+00,8.500e+01,-2.171e+00,1.937e+01,1.697e+01,1.662e+01,1.679e+01,1.653e+01
196200,-2.750e+00,8.500e+01,-2.325e+00,1.937e+01,1.695e+01,1.661e+01,1.679e+01,1.652e+01
196800,-2.933e+00,8.500e+01,-2.482e+00,1.936e+01,1.694e+01,1.659e+01,1.678e+01,1.651e+01
197400,-3.117e+00,8.500e+01,-2.642e+00,1.936e+01,1.692e+01,1.658e+01,1.677e+01,1.650e+01
198000,-3.300e+00,8.500e+01,-2.803e+00,1.935e+01,1.691e+01,1.657e+01,1.676e+01,1.649e+01
198600,-3.300e+00,8.500e+01,-2.940e+00,1.943e+01,1.698e+01,1.664e+01,1.684e+01,1.657e+01
199200,-3.300e+00,8.500e+01,-3.060e+00,1.947e+01,1.701e+01,1.667e+01,1.687e+01,1.660e+01
199800,-3.300e+00,8.500e+01,-3.115e+00,1.950e+01,1.706e+01,1.673e+01,1.690e+01,1.663e+01
200400,-3.300e+00,8.500e+01,-3.096e+00,1.952e+01,1.711e+01,1.679e+01,1.693e+01,1.665e+01
201000,-3.300e+00,8.500e+01,-3.023e+00,1.953e+01,1.716e+01,1.684e+01,1.695e+01,1.667e+01
201600,-3.300e+00,8.500e+01,-2.912e+00,1.954e+01,1.720e+01,1.689e+01,1.697e+01,1.670e+01
202200,-3.483e+00,8.550e+01,-2.831e+00,2.011e+01,1.778e+01,1.745e+01,1.754e+01,1.726e+01
202800,-3.667e+00,8.600e+01,-2.705e+00,2.059e+01,1.824e+01,1.788e+01,1.797e+01,1.768e+01
203400,-3.850e+00,8.650e+01,-2.608e+00,2.076e+01,1.841e+01,1.803e+01,1.813e+01,1.783e+01
204000,-4.033e+00,8.700e+01,-2.495e+00,2.089e+01,1.855e+01,1.817e+01,1.826e+01,1.795e+01
204600,-4.217e+00,8.750e+01,-2.369e+00,2.101e+01,1.869e+01,1.829e+01,1.837e+01,1.806e+01
205200,-4.400e+00,8.800e+01,-2.237e+00,2.111e+01,1.881e+01,1.840e+01,1.847e+01,1.817e+01
205800,-4.400e+00,8.800e+01,-2.051e+00,2.121e+01,1.894e+01,1.851e+01,1.858e+01,1.827e+01
206400,-4.400e+00,8.800e+01,-1.828e+00,2.130e+01,1.906e+01,1.862e+01,1.867e+01,1.837e+01
207000,-4.400e+00,8.800e+01,-1.571e+00,2.138e+01,1.918e+01,1.872e+01,1.876e+01,1.846e+01
207600,-4.400e+00,8.800e+01,-1.293e+00,2.146e+01,1.929e+01,1.881e+01,1.885e+01,1.854e+01
208200,-4.400e+00,8.800e+01,-1.010e+00,2.153e+01,1.939e+01,1.889e+01,1.893e+01,1.862e+01
208800,-4.400e+00,8.800e+01,-7.272e-01,2.159e+01,1.948e+01,1.897e+01,1.900e+01,1.870e+01
209400,-4.317e+00,8.750e+01,-4.312e-01,2.166e+01,1.957e+01,1.904e+01,1.908e+01,1.878e+01
210000,-4.233e+00,8.700e+01,-1.825e-01,2.171e+01,1.965e+01,1.910e+01,1.914e+01,1.884e+01
210600,-4.150e+00,8.650e+01,1.350e-01,2.177e+01,1.973e+01,1.917e+01,1.921e+01,1.891e+01
211200,-4.067e+00,8.600e+01,4.522e-01,2.182e+01,1.981e+01,1.923e+01,1.927e+01,1.898e+01
211800,-3.983e+00,8.550e+01,8.116e-01,2.188e+01,1.989e+01,1.929e+01,1.935e+01,1.905e+01
212400,-3.900e+00,8.500e+01,1.091e+00,2.193e+01,1.996e+01,1.934e+01,1.941e+01,1.911e+01
213000,-3.800e+00,8.500e+01,1.355e+00,2.198e+01,2.002e+01,1.938e+01,1.946e+01,1.917e+01
213600,-3.700e+00,8.500e+01,1.604e+00,2.203e+01,2.007e+01,1.942e+01,1.951e+01,1.923e+01
214200,-3.600e+00,8.500e+01,1.843e+00,2.208e+01,2.013e+01,1.946e+01,1.957e+01,1.928e+01
214800,-3.500e+00,8.500e+01,2.070e+00,2.212e+01,2.018e+01,1.951e+01,1.962e+01,1.933e+01
215400,-3.400e+00,8.500e+01,2.285e+00,2.216e+01,2.023e+01,1.955e+01,1.966e+01,1.938e+01
216000,-3.300e+00,8.500e+01,2.490e+00,2.220e+01,2.028e+01,1.959e+01,1.971e+01,1.943e+01
216600,-3.217e+00,8.433e+01,2.683e+00,2.204e+01,2.012e+01,1.942e+01,1.954e+01,1.926e+01
217200,-3.133e+00,8.367e+01,2.867e+00,2.203e+01,2.011e+01,1.940e+01,1.953e+01,1.925e+01
217800,-3.050e+00,8.300e+01,3.043e+00,2.203e+01,2.013e+01,1.940e+01,1.953e+01,1.926e+01
218400,-2.967e+00,8.233e+01,3.210e+00,2.205e+01,2.015e+01,1.942e+01,1.955e+01,1.929e+01
219000,-2.883e+00,8.167e+01,3.368e+00,2.206e+01,2.017e+01,1.943e+01,1.957e+01,1.932e+01
219600,-2.800e+00,8.100e+01,3.518e+00,2.208e+01,2.020e+01,1.945e+01,1.959e+01,1.935e+01
220200,-2.800e+00,8.100e+01,3.639e+00,2.230e+01,2.044e+01,1.969e+01,1.983e+01,1.960e+01
220800,-2.800e+00,8.100e+01,3.730e+00,2.237e+01,2.052e+01,1.976e+01,1.990e+01,1.969e+01
221400,-2.800e+00,8.100e+01,3.791e+00,2.242e+01,2.058e+01,1.981e+01,1.995e+01,1.976e+01
222000,-2.800e+00,8.100e+01,3.809e+00,2.246e+01,2.062e+01,1.984e+01,1.998e+01,1.981e+01
222600,-2.800e+00,8.100e+01,3.774e+00,2.251e+01,2.065e+01,1.987e+01,2.002e+01,1.985e+01
223200,-2.800e+00,8.100e+01,3.690e+00,2.254e+01,2.068e+01,1.990e+01,2.005e+01,1.989e+01
223800,-2.800e+00,8.100e+01,3.581e+00,2.258e+01,2.070e+01,1.993e+01,2.008e+01,1.993e+01
224400,-2.800e+00,8.100e+01,3.467e+00,2.261e+01,2.073e+01,1.995e+01,2.011e+01,1.997e+01
225000,-2.800e+00,8.100e+01,3.352e+00,2.264e+01,2.075e+01,1.998e+01,2.013e+01,2.001e+01
225600,-2.800e+00,8.100e+01,3.233e+00,2.267e+01,2.076e+01,2.000e+01,2.016e+01,2.005e+01
226200,-2.800e+00,8.100e+01,3.105e+00,2.270e+01,2.078e+01,2.002e+01,2.018e+01,2.008e+01
226800,-2.800e+00,8.100e+01,2.968e+00,2.273e+01,2.079e+01,2.004e+01,2.020e+01,2.010e+01
227400,-2.800e+00,8.100e+01,2.813e+00,2.276e+01,2.079e+01,2.005e+01,2.022e+01,2.013e+01
228000,-2.800e+00,8.100e+01,2.638e+00,2.279e+01,2.079e+01,2.006e+01,2.024e+01,2.015e+01
228600,-2.800e+00,8.100e+01,2.428e+00,2.281e+01,2.080e+01,2.007e+01,2.025e+01,2.017e+01
229200,-2.800e+00,8.100e+01,2.184e+00,2.284e+01,2.080e+01,2.008e+01,2.026e+01,2.019e+01
229800,-2.800e+00,8.100e+01,1.918e+00,2.286e+01,2.081e+01,2.009e+01,2.027e+01,2.022e+01
230400,-2.800e+00,8.100e+01,1.632e+00,2.289e+01,2.081e+01,2.010e+01,2.028e+01,2.024e+01
231000,-2.800e+00,8.167e+01,1.379e+00,2.291e+01,2.080e+01,2.010e+01,2.029e+01,2.024e+01
231600,-2.800e+00,8.233e+01,1.031e+00,2.294e+01,2.078e+01,2.010e+01,2.030e+01,2.024e+01
232200,-2.800e+00,8.300e+01,6.133e-01,2.296e+01,2.074e+01,2.010e+01,2.030e+01,2.019e+01
232800,-2.800e+00,8.367e+01,1.412e-01,2.298e+01,2.071e+01,2.010e+01,2.030e+01,2.016e+01
233400,-2.800e+00,8.433e+01,-3.078e-01,2.300e+01,2.069e+01,2.010e+01,2.030e+01,2.015e+01
234000,-2.800e+00,8.500e+01,-7.051e-01,2.302e+01,2.068e+01,2.011e+01,2.031e+01,2.014e+01
234600,-2.800e+00,8.433e+01,-1.051e+00,2.260e+01,2.023e+01,1.968e+01,1.988e+01,1.970e+01
235200,-2.800e+00,8.367e+01,-1.402e+00,2.233e+01,1.993e+01,1.939e+01,1.959e+01,1.941e+01
235800,-2.800e+00,8.300e+01,-1.662e+00,2.223e+01,1.981e+01,1.928e+01,1.948e+01,1.930e+01
236400,-2.800e+00,8.233e+01,-1.893e+00,2.215e+01,1.972e+01,1.920e+01,1.940e+01,1.921e+01
237000,-2.800e+00,8.167e+01,-2.098e+00,2.208e+01,1.964e+01,1.913e+01,1.934e+01,1.914e+01
237600,-2.800e+00,8.100e+01,-2.283e+00,2.203e+01,1.958e+01,1.908e+01,1.928e+01,1.908e+01
238200,-2.800e+00,8.100e+01,-2.448e+00,2.180e+01,1.933e+01,1.884e+01,1.904e+01,1.884e+01
238800,-2.800e+00,8.100e+01,-2.593e+00,2.168e+01,1.918e+01,1.872e+01,1.892e+01,1.872e+01
239400,-2.800e+00,8.100e+01,-2.722e+00,2.160e+01,1.908e+01,1.863e+01,1.883e+01,1.863e+01
240000,-2.800e+00,8.100e+01,-2.835e+00,2.153e+01,1.900e+01,1.856e+01,1.875e+01,1.855e+01
240600,-2.800e+00,8.100e+01,-2.934e+00,2.147e+01,1.894e+01,1.849e+01,1.869e+01,1.849e+01
241200,-2.800e+00,8.100e+01,-3.021e+00,2.141e+01,1.888e+01,1.844e+01,1.863e+01,1.843e+01
241800,-2.800e+00,8.167e+01,-3.099e+00,2.136e+01,1.882e+01,1.839e+01,1.859e+01,1.838e+01
242400,-2.800e+00,8.233e+01,-3.173e+00,2.132e+01,1.878e+01,1.834e+01,1.854e+01,1.834e+01
243000,-2.800e+00,8.300e+01,-3.242e+00,2.127e+01,1.873e+01,1.830e+01,1.850e+01,1.830e+01
243600,-2.800e+00,8.367e+01,-3.308e+00,2.124e+01,1.869e+01,1.827e+01,1.847e+01,1.826e+01
244200,-2.800e+00,8.433e+01,-3.372e+00,2.120e+01,1.866e+01,1.823e+01,1.843e+01,1.823e+01
244800,-2.800e+00,8.500e+01,-3.432e+00,2.117e+01,1.862e+01,1.820e+01,1.840e+01,1.819e+01
245400,-2.800e+00,8.567e+01,-3.489e+00,2.110e+01,1.855e+01,1.813e+01,1.833e+01,1.812e+01
246000,-2.800e+00,8.633e+01,-3.540e+00,2.105e+01,1.850e+01,1.808e+01,1.829e+01,1.808e+01
246600,-2.800e+00,8.700e+01,-3.586e+00,2.100e+01,1.846e+01,1.804e+01,1.825e+01,1.804e+01
247200,-2.800e+00,8.767e+01,-3.626e+00,2.097e+01,1.842e+01,1.800e+01,1.821e+01,1.800e+01
247800,-2.800e+00,8.833e+01,-3.662e+00,2.093e+01,1.838e+01,1.798e+01,1.818e+01,1.796e+01
248400,-2.800e+00,8.900e+01,-3.694e+00,2.090e+01,1.835e+01,1.795e+01,1.815e+01,1.793e+01
249000,-2.800e+00,8.900e+01,-3.718e+00,2.087e+01,1.832e+01,1.792e+01,1.812e+01,1.790e+01
249600,-2.800e+00,8.900e+01,-3.733e+00,2.084e+01,1.828e+01,1.789e+01,1.809e+01,1.787e+01
250200,-2.800e+00,8.900e+01,-3.738e+00,2.081e+01,1.825e+01,1.786e+01,1.806e+01,1.784e+01
250800,-2.800e+00,8.900e+01,-3.735e+00,2.078e+01,1.822e+01,1.783e+01,1.804e+01,1.781e+01
251400,-2.800e+00,8.900e+01,-3.726e+00,2.076e+01,1.819e+01,1.780e+01,1.801e+01,1.778e+01
252000,-2.800e+00,8.900e+01,-3.712e+00,2.074e+01,1.816e+01,1.777e+01,1.799e+01,1.776e+01
252600,-2.800e+00,8.900e+01,-3.696e+00,2.069e+01,1.811e+01,1.773e+01,1.794e+01,1.771e+01
253200,-2.800e+00,8.900e+01,-3.678e+00,2.065e+01,1.807e+01,1.769e+01,1.790e+01,1.767e+01
253800,-2.800e+00,8.900e+01,-3.660e+00,2.062e+01,1.803e+01,1.765e+01,1.787e+01,1.764e+01
254400,-2.800e+00,8.900e+01,-3.642e+00,2.058e+01,1.800e+01,1.762e+01,1.784e+01,1.761e+01
255000,-2.800e+00,8.900e+01,-3.623e+00,2.055e+01,1.796e+01,1.759e+01,1.781e+01,1.758e+01
255600,-2.800e+00,8.900e+01,-3.604e+00,2.053e+01,1.793e+01,1.756e+01,1.778e+01,1.755e+01
256200,-2.800e+00,8.833e+01,-3.588e+00,2.049e+01,1.789e+01,1.752e+01,1.775e+01,1.751e+01
256800,-2.800e+00,8.767e+01,-3.578e+00,2.045e+01,1.786e+01,1.749e+01,1.772e+01,1.748e+01
257400,-2.800e+00,8.700e+01,-3.573e+00,2.042e+01,1.783e+01,1.746e+01,1.769e+01,1.745e+01
258000,-2.800e+00,8.633e+01,-3.573e+00,2.040e+01,1.780e+01,1.744e+01,1.766e+01,1.742e+01
258600,-2.800e+00,8.567e+01,-3.577e+00,2.037e+01,1.777e+01,1.741e+01,1.764e+01,1.740e+01
259200,-2.800e+00,8.500e+01,-3.584e+00,2.034e+01,1.775e+01,1.739e+01,1.762e+01,1.737e+01
259800,-2.800e+00,8.500e+01,-3.593e+00,2.030e+01,1.770e+01,1.734e+01,1.757e+01,1.733e+01
260400,-2.800e+00,8.500e+01,-3.601e+00,2.026e+01,1.767e+01,1.731e+01,1.754e+01,1.730e+01
261000,-2.800e+00,8.500e+01,-3.608e+00,2.023e+01,1.764e+01,1.729e+01,1.752e+01,1.727e+01
261600,-2.800e+00,8.500e+01,-3.615e+00,2.021e+01,1.761e+01,1.726e+01,1.749e+01,1.725e+01
262200,-2.800e+00,8.500e+01,-3.622e+00,2.018e+01,1.759e+01,1.724e+01,1.747e+01,1.722e+01
262800,-2.800e+00,8.500e+01,-3.627e+00,2.016e+01,1.756e+01,1.721e+01,1.745e+01,1.720e+01
263400,-2.800e+00,8.500e+01,-3.631e+00,2.013e+01,1.753e+01,1.719e+01,1.742e+01,1.718e+01
264000,-2.800e+00,8.500e+01,-3.630e+00,2.011e+01,1.751e+01,1.716e+01,1.740e+01,1.715e+01
264600,-2.800e+00,8.500e+01,-3.626e+00,2.009e+01,1.748e+01,1.714e+01,1.738e+01,1.713e+01
265200,-2.800e+00,8.500e+01,-3.619e+00,2.006e+01,1.745e+01,1.712e+01,1.736e+01,1.710e+01
265800,-2.800e+00,8.500e+01,-3.609e+00,2.004e+01,1.743e+01,1.709e+01,1.733e+01,1.708e+01
266400,-2.800e+00,8.500e+01,-3.598e+00,2.002e+01,1.740e+01,1.707e+01,1.731e+01,1.706e+01
267000,-2.800e+00,8.500e+01,-3.585e+00,2.000e+01,1.738e+01,1.705e+01,1.729e+01,1.704e+01
267600,-2.800e+00,8.500e+01,-3.574e+00,1.998e+01,1.735e+01,1.702e+01,1.727e+01,1.702e+01
268200,-2.800e+00,8.500e+01,-3.563e+00,1.996e+01,1.733e+01,1.700e+01,1.725e+01,1.699e+01
268800,-2.800e+00,8.500e+01,-3.552e+00,1.993e+01,1.731e+01,1.698e+01,1.723e+01,1.697e+01
269400,-2.800e+00,8.500e+01,-3.542e+00,1.991e+01,1.728e+01,1.696e+01,1.721e+01,1.695e+01
270000,-2.800e+00,8.500e+01,-3.533e+00,1.989e+01,1.726e+01,1.694e+01,1.719e+01,1.693e+01
270600,-2.883e+00,8.550e+01,-3.538e+00,1.987e+01,1.724e+01,1.692e+01,1.717e+01,1.691e+01
271200,-2.967e+00,8.600e+01,-3.553e+00,1.985e+01,1.722e+01,1.690e+01,1.715e+01,1.689e+01
271800,-3.050e+00,8.650e+01,-3.579e+00,1.983e+01,1.719e+01,1.687e+01,1.713e+01,1.687e+01
272400,-3.133e+00,8.700e+01,-3.613e+00,1.981e+01,1.717e+01,1.685e+01,1.711e+01,1.685e+01
273000,-3.217e+00,8.750e+01,-3.655e+00,1.979e+01,1.715e+01,1.683e+01,1.709e+01,1.683e+01
273600,-3.300e+00,8.800e+01,-3.703e+00,1.977e+01,1.712e+01,1.681e+01,1.707e+01,1.681e+01
274200,-3.300e+00,8.800e+01,-3.743e+00,1.976e+01,1.710e+01,1.679e+01,1.705e+01,1.679e+01
274800,-3.300e+00,8.800e+01,-3.780e+00,1.974e+01,1.708e+01,1.677e+01,1.704e+01,1.677e+01
275400,-3.300e+00,8.800e+01,-3.813e+00,1.972e+01,1.706e+01,1.676e+01,1.702e+01,1.675e+01
276000,-3.300e+00,8.800e+01,-3.842e+00,1.970e+01,1.705e+01,1.674e+01,1.700e+01,1.673e+01
276600,-3.300e+00,8.800e+01,-3.870e+00,1.968e+01,1.703e+01,1.672e+01,1.699e+01,1.672e+01
277200,-3.300e+00,8.800e+01,-3.896e+00,1.966e+01,1.701e+01,1.671e+01,1.697e+01,1.670e+01
277800,-3.300e+00,8.800e+01,-3.921e+00,1.966e+01,1.700e+01,1.670e+01,1.697e+01,1.669e+01
278400,-3.300e+00,8.800e+01,-3.944e+00,1.965e+01,1.699e+01,1.669e+01,1.696e+01,1.668e+01
279000,-3.300e+00,8.800e+01,-3.966e+00,1.964e+01,1.698e+01,1.668e+01,1.695e+01,1.667e+01
279600,-3.300e+00,8.800e+01,-3.987e+00,1.962e+01,1.697e+01,1.667e+01,1.693e+01,1.666e+01
280200,-3.300e+00,8.800e+01,-4.008e+00,1.961e+01,1.695e+01,1.665e+01,1.692e+01,1.664e+01
280800,-3.300e+00,8.800e+01,-4.028e+00,1.960e+01,1.694e+01,1.664e+01,1.691e+01,1.663e+01
281400,-3.217e+00,8.867e+01,-4.034e+00,1.962e+01,1.697e+01,1.667e+01,1.694e+01,1.666e+01
282000,-3.133e+00,8.933e+01,-4.030e+00,1.963e+01,1.697e+01,1.667e+01,1.694e+01,1.666e+01
282600,-3.050e+00,9.000e+01,-4.016e+00,1.962e+01,1.696e+01,1.667e+01,1.694e+01,1.665e+01
283200,-2.967e+00,9.067e+01,-3.993e+00,1.961e+01,1.695e+01,1.666e+01,1.693e+01,1.665e+01
283800,-2.883e+00,9.133e+01,-3.963e+00,1.960e+01,1.694e+01,1.665e+01,1.693e+01,1.664e+01
284400,-2.800e+00,9.200e+01,-3.926e+00,1.959e+01,1.694e+01,1.664e+01,1.692e+01,1.663e+01
285000,-2.800e+00,9.200e+01,-3.896e+00,1.967e+01,1.701e+01,1.672e+01,1.699e+01,1.671e+01
285600,-2.800e+00,9.200e+01,-3.868e+00,1.971e+01,1.704e+01,1.674e+01,1.702e+01,1.673e+01
286200,-2.800e+00,9.200e+01,-3.797e+00,1.973e+01,1.708e+01,1.680e+01,1.705e+01,1.676e+01
286800,-2.800e+00,9.200e+01,-3.671e+00,1.974e+01,1.712e+01,1.684e+01,1.707e+01,1.678e+01
287400,-2.800e+00,9.200e+01,-3.508e+00,1.975e+01,1.716e+01,1.689e+01,1.709e+01,1.680e+01
288000,-2.800e+00,9.200e+01,-3.324e+00,1.976e+01,1.720e+01,1.692e+01,1.711e+01,1.681e+01
288600,-2.700e+00,9.150e+01,-3.182e+00,2.032e+01,1.779e+01,1.750e+01,1.768e+01,1.739e+01
289200,-2.600e+00,9.100e+01,-2.910e+00,2.080e+01,1.825e+01,1.793e+01,1.812e+01,1.781e+01
289800,-2.500e+00,9.050e+01,-2.677e+00,2.096e+01,1.842e+01,1.809e+01,1.828e+01,1.797e+01
290400,-2.400e+00,9.000e+01,-2.429e+00,2.109e+01,1.856e+01,1.822e+01,1.842e+01,1.810e+01
291000,-2.300e+00,8.950e+01,-2.158e+00,2.120e+01,1.869e+01,1.834e+01,1.853e+01,1.821e+01
291600,-2.200e+00,8.900e+01,-1.870e+00,2.131e+01,1.881e+01,1.845e+01,1.864e+01,1.832e+01
292200,-2.117e+00,8.833e+01,-1.572e+00,2.140e+01,1.891e+01,1.855e+01,1.874e+01,1.842e+01
292800,-2.033e+00,8.767e+01,-1.328e+00,2.147e+01,1.900e+01,1.862e+01,1.882e+01,1.849e+01
293400,-1.950e+00,8.700e+01,-1.017e+00,2.154e+01,1.910e+01,1.871e+01,1.890e+01,1.858e+01
294000,-1.867e+00,8.633e+01,-7.013e-01,2.162e+01,1.919e+01,1.880e+01,1.899e+01,1.866e+01
294600,-1.783e+00,8.567e+01,-3.796e-01,2.168e+01,1.928e+01,1.888e+01,1.907e+01,1.874e+01
295200,-1.700e+00,8.500e+01,-5.301e-02,2.175e+01,1.937e+01,1.896e+01,1.914e+01,1.882e+01
295800,-1.700e+00,8.567e+01,2.731e-01,2.181e+01,1.946e+01,1.903e+01,1.921e+01,1.890e+01
296400,-1.700e+00,8.633e+01,6.065e-01,2.186e+01,1.955e+01,1.910e+01,1.928e+01,1.897e+01
297000,-1.700e+00,8.700e+01,9.529e-01,2.192e+01,1.963e+01,1.917e+01,1.935e+01,1.904e+01
297600,-1.700e+00,8.767e+01,1.302e+00,2.197e+01,1.971e+01,1.923e+01,1.941e+01,1.910e+01
298200,-1.700e+00,8.833e+01,1.641e+00,2.202e+01,1.978e+01,1.929e+01,1.947e+01,1.916e+01
298800,-1.700e+00,8.900e+01,1.964e+00,2.206e+01,1.984e+01,1.934e+01,1.953e+01,1.922e+01
299400,-1.600e+00,8.900e+01,2.278e+00,2.211e+01,1.991e+01,1.939e+01,1.958e+01,1.928e+01
300000,-1.500e+00,8.900e+01,2.634e+00,2.216e+01,1.998e+01,1.944e+01,1.964e+01,1.934e+01
300600,-1.400e+00,8.900e+01,2.911e+00,2.220e+01,2.003e+01,1.949e+01,1.969e+01,1.939e+01
301200,-1.300e+00,8.900e+01,3.170e+00,2.224e+01,2.009e+01,1.953e+01,1.974e+01,1.944e+01
301800,-1.200e+00,8.900e+01,3.412e+00,2.228e+01,2.014e+01,1.957e+01,1.978e+01,1.949e+01
302400,-1.100e+00,8.900e+01,3.636e+00,2.232e+01,2.019e+01,1.962e+01,1.983e+01,1.953e+01
303000,-1.017e+00,8.833e+01,3.853e+00,2.216e+01,2.002e+01,1.945e+01,1.966e+01,1.937e+01
303600,-9.333e-01,8.767e+01,4.073e+00,2.214e+01,2.002e+01,1.943e+01,1.964e+01,1.935e+01
304200,-8.500e-01,8.700e+01,4.299e+00,2.215e+01,2.004e+01,1.944e+01,1.965e+01,1.937e+01
304800,-7.667e-01,8.633e+01,4.518e+00,2.215e+01,2.006e+01,1.945e+01,1.967e+01,1.939e+01
305400,-6.833e-01,8.567e+01,4.715e+00,2.217e+01,2.007e+01,1.947e+01,1.968e+01,1.942e+01
306000,-6.000e-01,8.500e+01,4.889e+00,2.218e+01,2.009e+01,1.948e+01,1.970e+01,1.944e+01
306600,-6.000e-01,8.500e+01,5.019e+00,2.240e+01,2.032e+01,1.972e+01,1.993e+01,1.969e+01
307200,-6.000e-01,8.500e+01,5.105e+00,2.247e+01,2.038e+01,1.978e+01,2.000e+01,1.976e+01
307800,-6.000e-01,8.500e+01,5.150e+00,2.251e+01,2.042e+01,1.982e+01,2.004e+01,1.981e+01
308400,-6.000e-01,8.500e+01,5.161e+00,2.255e+01,2.045e+01,1.986e+01,2.009e+01,1.985e+01
309000,-6.000e-01,8.500e+01,5.148e+00,2.259e+01,2.048e+01,1.989e+01,2.012e+01,1.990e+01
309600,-6.000e-01,8.500e+01,5.116e+00,2.263e+01,2.051e+01,1.992e+01,2.016e+01,1.994e+01
310200,-6.833e-01,8.617e+01,5.053e+00,2.266e+01,2.054e+01,1.995e+01,2.018e+01,1.997e+01
310800,-7.667e-01,8.733e+01,4.962e+00,2.269e+01,2.056e+01,1.997e+01,2.021e+01,2.001e+01
311400,-8.500e-01,8.850e+01,4.844e+00,2.272e+01,2.059e+01,1.999e+01,2.023e+01,2.004e+01
312000,-9.333e-01,8.967e+01,4.690e+00,2.275e+01,2.060e+01,2.001e+01,2.025e+01,2.006e+01
312600,-1.017e+00,9.083e+01,4.493e+00,2.277e+01,2.061e+01,2.002e+01,2.027e+01,2.008e+01
313200,-1.100e+00,9.200e+01,4.256e+00,2.280e+01,2.061e+01,2.003e+01,2.028e+01,2.010e+01
313800,-1.100e+00,9.150e+01,3.998e+00,2.283e+01,2.061e+01,2.004e+01,2.029e+01,2.011e+01
314400,-1.100e+00,9.100e+01,3.726e+00,2.285e+01,2.060e+01,2.005e+01,2.031e+01,2.012e+01
315000,-1.100e+00,9.050e+01,3.461e+00,2.287e+01,2.060e+01,2.006e+01,2.031e+01,2.012e+01
315600,-1.100e+00,9.000e+01,3.130e+00,2.290e+01,2.060e+01,2.007e+01,2.032e+01,2.013e+01
316200,-1.100e+00,8.950e+01,2.781e+00,2.292e+01,2.060e+01,2.007e+01,2.033e+01,2.015e+01
316800,-1.100e+00,8.900e+01,2.424e+00,2.294e+01,2.060e+01,2.008e+01,2.034e+01,2.016e+01
317400,-1.383e+00,8.833e+01,2.032e+00,2.296e+01,2.060e+01,2.008e+01,2.034e+01,2.016e+01
318000,-1.667e+00,8.767e+01,1.609e+00,2.299e+01,2.058e+01,2.007e+01,2.034e+01,2.016e+01
318600,-1.950e+00,8.700e+01,1.134e+00,2.301e+01,2.054e+01,2.006e+01,2.033e+01,2.012e+01
319200,-2.233e+00,8.633e+01,6.291e-01,2.303e+01,2.051e+01,2.005e+01,2.032e+01,2.009e+01
319800,-2.517e+00,8.567e+01,1.441e-01,2.305e+01,2.049e+01,2.004e+01,2.031e+01,2.007e+01
320400,-2.800e+00,8.500e+01,-3.046e-01,2.306e+01,2.047e+01,2.004e+01,2.031e+01,2.006e+01
321000,-2.983e+00,8.500e+01,-7.068e-01,2.264e+01,2.001e+01,1.959e+01,1.986e+01,1.960e+01
321600,-3.167e+00,8.500e+01,-1.069e+00,2.240e+01,1.974e+01,1.933e+01,1.960e+01,1.934e+01
322200,-3.350e+00,8.500e+01,-1.399e+00,2.228e+01,1.959e+01,1.919e+01,1.947e+01,1.920e+01
322800,-3.533e+00,8.500e+01,-1.703e+00,2.220e+01,1.948e+01,1.910e+01,1.937e+01,1.910e+01
323400,-3.717e+00,8.500e+01,-2.033e+00,2.212e+01,1.937e+01,1.900e+01,1.927e+01,1.900e+01
324000,-3.900e+00,8.500e+01,-2.297e+00,2.206e+01,1.929e+01,1.893e+01,1.921e+01,1.893e+01
324600,-4.083e+00,8.500e+01,-2.549e+00,2.183e+01,1.903e+01,1.869e+01,1.896e+01,1.869e+01
325200,-4.267e+00,8.500e+01,-2.789e+00,2.171e+01,1.889e+01,1.855e+01,1.882e+01,1.855e+01
325800,-4.450e+00,8.500e+01,-3.021e+00,2.162e+01,1.878e+01,1.846e+01,1.872e+01,1.845e+01
326400,-4.633e+00,8.500e+01,-3.245e+00,2.155e+01,1.870e+01,1.838e+01,1.864e+01,1.837e+01
327000,-4.817e+00,8.500e+01,-3.462e+00,2.148e+01,1.862e+01,1.831e+01,1.857e+01,1.830e+01
327600,-5.000e+00,8.500e+01,-3.675e+00,2.143e+01,1.855e+01,1.824e+01,1.850e+01,1.823e+01
328200,-5.000e+00,8.500e+01,-3.855e+00,2.137e+01,1.850e+01,1.819e+01,1.845e+01,1.818e+01
328800,-5.000e+00,8.500e+01,-4.012e+00,2.132e+01,1.845e+01,1.814e+01,1.840e+01,1.813e+01
329400,-5.000e+00,8.500e+01,-4.148e+00,2.128e+01,1.840e+01,1.810e+01,1.836e+01,1.809e+01
330000,-5.000e+00,8.500e+01,-4.268e+00,2.124e+01,1.836e+01,1.805e+01,1.832e+01,1.804e+01
330600,-5.000e+00,8.500e+01,-4.373e+00,2.120e+01,1.832e+01,1.802e+01,1.829e+01,1.801e+01
331200,-5.000e+00,8.500e+01,-4.467e+00,2.117e+01,1.828e+01,1.798e+01,1.825e+01,1.797e+01
331800,-4.900e+00,8.500e+01,-4.534e+00,2.109e+01,1.821e+01,1.791e+01,1.818e+01,1.790e+01
332400,-4.800e+00,8.500e+01,-4.579e+00,2.104e+01,1.815e+01,1.786e+01,1.813e+01,1.785e+01
333000,-4.700e+00,8.500e+01,-4.602e+00,2.100e+01,1.811e+01,1.782e+01,1.809e+01,1.781e+01
333600,-4.600e+00,8.500e+01,-4.608e+00,2.096e+01,1.807e+01,1.778e+01,1.805e+01,1.777e+01
334200,-4.500e+00,8.500e+01,-4.599e+00,2.092e+01,1.804e+01,1.774e+01,1.802e+01,1.773e+01
334800,-4.400e+00,8.500e+01,-4.577e+00,2.089e+01,1.800e+01,1.771e+01,1.799e+01,1.770e+01
335400,-4.500e+00,8.550e+01,-4.576e+00,2.086e+01,1.797e+01,1.768e+01,1.795e+01,1.766e+01
336000,-4.600e+00,8.600e+01,-4.590e+00,2.082e+01,1.793e+01,1.764e+01,1.792e+01,1.763e+01
336600,-4.700e+00,8.650e+01,-4.617e+00,2.079e+01,1.790e+01,1.761e+01,1.789e+01,1.760e+01
337200,-4.800e+00,8.700e+01,-4.656e+00,2.076e+01,1.786e+01,1.758e+01,1.786e+01,1.756e+01
337800,-4.900e+00,8.750e+01,-4.704e+00,2.074e+01,1.783e+01,1.755e+01,1.783e+01,1.753e+01
338400,-5.000e+00,8.800e+01,-4.759e+00,2.071e+01,1.780e+01,1.752e+01,1.780e+01,1.750e+01
339000,-5.183e+00,8.633e+01,-4.845e+00,2.066e+01,1.774e+01,1.746e+01,1.774e+01,1.745e+01
339600,-5.367e+00,8.467e+01,-4.965e+00,2.062e+01,1.769e+01,1.742e+01,1.770e+01,1.740e+01
340200,-5.550e+00,8.300e+01,-5.118e+00,2.058e+01,1.765e+01,1.738e+01,1.766e+01,1.736e+01
340800,-5.733e+00,8.133e+01,-5.299e+00,2.055e+01,1.761e+01,1.734e+01,1.762e+01,1.732e+01
341400,-5.917e+00,7.967e+01,-5.505e+00,2.052e+01,1.756e+01,1.730e+01,1.759e+01,1.729e+01
342000,-6.100e+00,7.800e+01,-5.732e+00,2.049e+01,1.752e+01,1.726e+01,1.755e+01,1.725e+01
342600,-6.283e+00,7.783e+01,-5.971e+00,2.045e+01,1.747e+01,1.721e+01,1.751e+01,1.720e+01
343200,-6.467e+00,7.767e+01,-6.216e+00,2.041e+01,1.743e+01,1.717e+01,1.747e+01,1.716e+01
343800,-6.650e+00,7.750e+01,-6.466e+00,2.038e+01,1.739e+01,1.713e+01,1.743e+01,1.712e+01
344400,-6.833e+00,7.733e+01,-6.721e+00,2.035e+01,1.735e+01,1.709e+01,1.739e+01,1.709e+01
345000,-7.017e+00,7.717e+01,-6.982e+00,2.032e+01,1.731e+01,1.706e+01,1.736e+01,1.705e+01
345600,-7.200e+00,7.700e+01,-7.249e+00,2.029e+01,1.727e+01,1.702e+01,1.733e+01,1.701e+01
346200,-7.200e+00,7.650e+01,-7.471e+00,2.024e+01,1.722e+01,1.697e+01,1.728e+01,1.696e+01
346800,-7.200e+00,7.600e+01,-7.640e+00,2.020e+01,1.718e+01,1.693e+01,1.724e+01,1.693e+01
347400,-7.200e+00,7.550e+01,-7.758e+00,2.017e+01,1.715e+01,1.690e+01,1.721e+01,1.690e+01
348000,-7.200e+00,7.500e+01,-7.834e+00,2.014e+01,1.712e+01,1.687e+01,1.718e+01,1.687e+01
348600,-7.200e+00,7.450e+01,-7.874e+00,2.011e+01,1.709e+01,1.685e+01,1.716e+01,1.684e+01
349200,-7.200e+00,7.400e+01,-7.887e+00,2.008e+01,1.706e+01,1.682e+01,1.713e+01,1.681e+01
349800,-7.117e+00,7.467e+01,-7.878e+00,2.006e+01,1.703e+01,1.679e+01,1.711e+01,1.679e+01
350400,-7.033e+00,7.533e+01,-7.865e+00,2.003e+01,1.701e+01,1.677e+01,1.708e+01,1.676e+01
351000,-6.950e+00,7.600e+01,-7.849e+00,2.000e+01,1.698e+01,1.675e+01,1.706e+01,1.674e+01
351600,-6.867e+00,7.667e+01,-7.832e+00,1.998e+01,1.696e+01,1.672e+01,1.704e+01,1.672e+01
352200,-6.783e+00,7.733e+01,-7.814e+00,1.995e+01,1.694e+01,1.670e+01,1.702e+01,1.670e+01
352800,-6.700e+00,7.800e+01,-7.795e+00,1.993e+01,1.692e+01,1.668e+01,1.700e+01,1.668e+01
353400,-6.783e+00,7.783e+01,-7.803e+00,1.990e+01,1.689e+01,1.666e+01,1.698e+01,1.666e+01
354000,-6.867e+00,7.767e+01,-7.833e+00,1.988e+01,1.687e+01,1.663e+01,1.696e+01,1.663e+01
354600,-6.950e+00,7.750e+01,-7.884e+00,1.986e+01,1.684e+01,1.661e+01,1.694e+01,1.661e+01
355200,-7.033e+00,7.733e+01,-7.954e+00,1.984e+01,1.682e+01,1.659e+01,1.692e+01,1.659e+01
355800,-7.117e+00,7.717e+01,-8.039e+00,1.981e+01,1.679e+01,1.656e+01,1.689e+01,1.657e+01
356400,-7.200e+00,7.700e+01,-8.139e+00,1.979e+01,1.677e+01,1.654e+01,1.687e+01,1.654e+01
357000,-7.483e+00,7.767e+01,-8.274e+00,1.977e+01,1.674e+01,1.651e+01,1.684e+01,1.651e+01
357600,-7.767e+00,7.833e+01,-8.427e+00,1.975e+01,1.670e+01,1.648e+01,1.681e+01,1.648e+01
358200,-8.050e+00,7.900e+01,-8.598e+00,1.972e+01,1.667e+01,1.645e+01,1.678e+01,1.645e+01
358800,-8.333e+00,7.967e+01,-8.783e+00,1.970e+01,1.663e+01,1.641e+01,1.675e+01,1.642e+01
359400,-8.617e+00,8.033e+01,-8.980e+00,1.968e+01,1.660e+01,1.638e+01,1.672e+01,1.638e+01
360000,-8.900e+00,8.100e+01,-9.188e+00,1.966e+01,1.656e+01,1.634e+01,1.669e+01,1.635e+01
360600,-9.450e+00,8.083e+01,-9.442e+00,1.963e+01,1.651e+01,1.630e+01,1.665e+01,1.631e+01
361200,-1.000e+01,8.067e+01,-9.726e+00,1.961e+01,1.647e+01,1.626e+01,1.660e+01,1.626e+01
361800,-1.055e+01,8.050e+01,-9.989e+00,1.959e+01,1.643e+01,1.622e+01,1.657e+01,1.622e+01
362400,-1.110e+01,8.033e+01,-1.033e+01,1.957e+01,1.638e+01,1.617e+01,1.652e+01,1.618e+01
363000,-1.165e+01,8.017e+01,-1.069e+01,1.954e+01,1.632e+01,1.613e+01,1.648e+01,1.613e+01
363600,-1.220e+01,8.000e+01,-1.107e+01,1.952e+01,1.627e+01,1.608e+01,1.643e+01,1.608e+01
364200,-1.257e+01,8.000e+01,-1.144e+01,1.950e+01,1.623e+01,1.604e+01,1.640e+01,1.604e+01
364800,-1.293e+01,8.000e+01,-1.180e+01,1.949e+01,1.619e+01,1.601e+01,1.636e+01,1.601e+01
365400,-1.330e+01,8.000e+01,-1.217e+01,1.947e+01,1.615e+01,1.597e+01,1.633e+01,1.597e+01
366000,-1.367e+01,8.000e+01,-1.252e+01,1.945e+01,1.611e+01,1.593e+01,1.630e+01,1.593e+01
366600,-1.403e+01,8.000e+01,-1.288e+01,1.943e+01,1.607e+01,1.589e+01,1.626e+01,1.589e+01
367200,-1.440e+01,8.000e+01,-1.323e+01,1.941e+01,1.603e+01,1.586e+01,1.623e+01,1.586e+01
367800,-1.450e+01,7.883e+01,-1.355e+01,1.942e+01,1.603e+01,1.585e+01,1.623e+01,1.585e+01
368400,-1.460e+01,7.767e+01,-1.389e+01,1.942e+01,1.601e+01,1.583e+01,1.621e+01,1.583e+01
369000,-1.470e+01,7.650e+01,-1.415e+01,1.941e+01,1.598e+01,1.581e+01,1.619e+01,1.581e+01
369600,-1.480e+01,7.533e+01,-1.439e+01,1.939e+01,1.595e+01,1.578e+01,1.616e+01,1.578e+01
370200,-1.490e+01,7.417e+01,-1.461e+01,1.937e+01,1.592e+01,1.575e+01,1.613e+01,1.575e+01
370800,-1.500e+01,7.300e+01,-1.481e+01,1.936e+01,1.589e+01,1.572e+01,1.611e+01,1.572e+01
371400,-1.482e+01,7.533e+01,-1.496e+01,1.942e+01,1.596e+01,1.578e+01,1.617e+01,1.578e+01
372000,-1.463e+01,7.767e+01,-1.506e+01,1.946e+01,1.597e+01,1.580e+01,1.619e+01,1.580e+01
372600,-1.445e+01,8.000e+01,-1.503e+01,1.947e+01,1.607e+01,1.593e+01,1.621e+01,1.581e+01
373200,-1.427e+01,8.233e+01,-1.489e+01,1.949e+01,1.618e+01,1.606e+01,1.622e+01,1.583e+01
373800,-1.408e+01,8.467e+01,-1.465e+01,1.950e+01,1.632e+01,1.623e+01,1.624e+01,1.584e+01
374400,-1.390e+01,8.700e+01,-1.436e+01,1.952e+01,1.649e+01,1.641e+01,1.626e+01,1.586e+01
375000,-1.390e+01,8.700e+01,-1.417e+01,2.007e+01,1.713e+01,1.705e+01,1.679e+01,1.639e+01
375600,-1.390e+01,8.700e+01,-1.386e+01,2.055e+01,1.774e+01,1.761e+01,1.723e+01,1.682e+01
376200,-1.390e+01,8.700e+01,-1.353e+01,2.076e+01,1.810e+01,1.792e+01,1.742e+01,1.701e+01
376800,-1.390e+01,8.700e+01,-1.316e+01,2.093e+01,1.842e+01,1.818e+01,1.756e+01,1.715e+01
377400,-1.390e+01,8.700e+01,-1.278e+01,2.107e+01,1.874e+01,1.842e+01,1.768e+01,1.728e+01
378000,-1.390e+01,8.700e+01,-1.237e+01,2.120e+01,1.905e+01,1.864e+01,1.778e+01,1.739e+01
378600,-1.353e+01,8.467e+01,-1.189e+01,2.131e+01,1.936e+01,1.885e+01,1.789e+01,1.751e+01
379200,-1.317e+01,8.233e+01,-1.133e+01,2.141e+01,1.968e+01,1.903e+01,1.799e+01,1.763e+01
379800,-1.280e+01,8.000e+01,-1.072e+01,2.150e+01,1.997e+01,1.919e+01,1.808e+01,1.774e+01
380400,-1.243e+01,7.767e+01,-9.999e+00,2.159e+01,2.027e+01,1.932e+01,1.817e+01,1.785e+01
381000,-1.207e+01,7.533e+01,-9.234e+00,2.166e+01,2.056e+01,1.942e+01,1.825e+01,1.795e+01
381600,-1.170e+01,7.300e+01,-8.439e+00,2.174e+01,2.083e+01,1.951e+01,1.832e+01,1.805e+01
382200,-1.132e+01,7.200e+01,-7.625e+00,2.181e+01,2.109e+01,1.957e+01,1.839e+01,1.815e+01
382800,-1.093e+01,7.100e+01,-6.794e+00,2.187e+01,2.134e+01,1.962e+01,1.846e+01,1.824e+01
383400,-1.055e+01,7.000e+01,-5.945e+00,2.193e+01,2.159e+01,1.965e+01,1.852e+01,1.832e+01
384000,-1.017e+01,6.900e+01,-5.112e+00,2.199e+01,2.182e+01,1.965e+01,1.858e+01,1.840e+01
384600,-9.783e+00,6.800e+01,-4.333e+00,2.204e+01,2.203e+01,1.964e+01,1.863e+01,1.848e+01
385200,-9.400e+00,6.700e+01,-3.580e+00,2.210e+01,2.224e+01,1.961e+01,1.868e+01,1.855e+01
385800,-9.133e+00,6.667e+01,-2.881e+00,2.215e+01,2.244e+01,1.957e+01,1.873e+01,1.862e+01
386400,-8.867e+00,6.633e+01,-2.251e+00,2.219e+01,2.262e+01,1.953e+01,1.877e+01,1.869e+01
387000,-8.600e+00,6.600e+01,-1.649e+00,2.224e+01,2.281e+01,1.950e+01,1.882e+01,1.875e+01
387600,-8.333e+00,6.567e+01,-1.157e+00,2.229e+01,2.297e+01,1.950e+01,1.886e+01,1.881e+01
388200,-8.067e+00,6.533e+01,-7.304e-01,2.233e+01,2.311e+01,1.951e+01,1.890e+01,1.887e+01
388800,-7.800e+00,6.500e+01,-3.518e-01,2.237e+01,2.325e+01,1.954e+01,1.894e+01,1.892e+01
389400,-7.617e+00,6.500e+01,-1.474e-02,2.225e+01,2.324e+01,1.939e+01,1.879e+01,1.880e+01
390000,-7.433e+00,6.500e+01,3.422e-01,2.220e+01,2.332e+01,1.934e+01,1.873e+01,1.878e+01
390600,-7.250e+00,6.500e+01,6.136e-01,2.221e+01,2.340e+01,1.934e+01,1.873e+01,1.881e+01
391200,-7.067e+00,6.500e+01,8.408e-01,2.222e+01,2.347e+01,1.935e+01,1.874e+01,1.889e+01
391800,-6.883e+00,6.500e+01,1.013e+00,2.224e+01,2.352e+01,1.937e+01,1.875e+01,1.898e+01
392400,-6.700e+00,6.500e+01,1.132e+00,2.226e+01,2.355e+01,1.938e+01,1.876e+01,1.909e+01
393000,-6.517e+00,6.467e+01,1.204e+00,2.245e+01,2.373e+01,1.958e+01,1.896e+01,1.937e+01
393600,-6.333e+00,6.433e+01,1.289e+00,2.256e+01,2.383e+01,1.969e+01,1.908e+01,1.960e+01
394200,-6.150e+00,6.400e+01,1.345e+00,2.262e+01,2.387e+01,1.974e+01,1.914e+01,1.977e+01
394800,-5.967e+00,6.367e+01,1.381e+00,2.267e+01,2.392e+01,1.978e+01,1.918e+01,1.991e+01
395400,-5.783e+00,6.333e+01,1.398e+00,2.271e+01,2.394e+01,1.983e+01,1.923e+01,2.004e+01
396000,-5.600e+00,6.300e+01,1.400e+00,2.276e+01,2.394e+01,1.987e+01,1.927e+01,2.017e+01
396600,-5.317e+00,6.250e+01,1.360e+00,2.280e+01,2.392e+01,1.991e+01,1.932e+01,2.029e+01
397200,-5.033e+00,6.200e+01,1.266e+00,2.284e+01,2.389e+01,1.995e+01,1.936e+01,2.041e+01
397800,-4.750e+00,6.150e+01,1.131e+00,2.288e+01,2.386e+01,1.998e+01,1.941e+01,2.051e+01
398400,-4.467e+00,6.100e+01,9.327e-01,2.292e+01,2.377e+01,2.001e+01,1.945e+01,2.058e+01
399000,-4.183e+00,6.050e+01,6.660e-01,2.296e+01,2.366e+01,2.003e+01,1.948e+01,2.062e+01
399600,-3.900e+00,6.000e+01,4.107e-01,2.299e+01,2.355e+01,2.004e+01,1.950e+01,2.064e+01
400200,-3.800e+00,5.967e+01,7.779e-02,2.302e+01,2.341e+01,2.005e+01,1.953e+01,2.064e+01
400800,-3.700e+00,5.933e+01,-2.640e-01,2.305e+01,2.326e+01,2.005e+01,1.955e+01,2.063e+01
401400,-3.600e+00,5.900e+01,-6.033e-01,2.308e+01,2.309e+01,2.004e+01,1.956e+01,2.058e+01
402000,-3.500e+00,5.867e+01,-9.258e-01,2.310e+01,2.294e+01,2.003e+01,1.958e+01,2.055e+01
402600,-3.400e+00,5.833e+01,-1.274e+00,2.313e+01,2.280e+01,2.002e+01,1.959e+01,2.052e+01
403200,-3.300e+00,5.800e+01,-1.541e+00,2.315e+01,2.269e+01,2.001e+01,1.960e+01,2.049e+01
403800,-3.483e+00,5.933e+01,-1.829e+00,2.316e+01,2.257e+01,2.000e+01,1.960e+01,2.044e+01
404400,-3.667e+00,6.067e+01,-2.087e+00,2.317e+01,2.247e+01,1.998e+01,1.960e+01,2.039e+01
405000,-3.850e+00,6.200e+01,-2.468e+00,2.318e+01,2.230e+01,1.996e+01,1.960e+01,2.024e+01
405600,-4.033e+00,6.333e+01,-2.890e+00,2.318e+01,2.217e+01,1.994e+01,1.959e+01,2.014e+01
406200,-4.217e+00,6.467e+01,-3.293e+00,2.318e+01,2.207e+01,1.992e+01,1.959e+01,2.007e+01
406800,-4.400e+00,6.600e+01,-3.661e+00,2.318e+01,2.199e+01,1.990e+01,1.959e+01,2.002e+01
407400,-4.500e+00,6.633e+01,-3.966e+00,2.279e+01,2.153e+01,1.949e+01,1.918e+01,1.957e+01
408000,-4.600e+00,6.667e+01,-4.327e+00,2.246e+01,2.110e+01,1.915e+01,1.884e+01,1.920e+01
408600,-4.700e+00,6.700e+01,-4.585e+00,2.234e+01,2.091e+01,1.902e+01,1.872e+01,1.905e+01
409200,-4.800e+00,6.733e+01,-4.822e+00,2.225e+01,2.077e+01,1.892e+01,1.863e+01,1.893e+01
409800,-4.900e+00,6.767e+01,-5.040e+00,2.217e+01,2.065e+01,1.883e+01,1.855e+01,1.883e+01
410400,-5.000e+00,6.800e+01,-5.244e+00,2.210e+01,2.054e+01,1.876e+01,1.849e+01,1.875e+01
411000,-5.100e+00,6.800e+01,-5.435e+00,2.187e+01,2.027e+01,1.850e+01,1.824e+01,1.848e+01
411600,-5.200e+00,6.800e+01,-5.612e+00,2.174e+01,2.010e+01,1.837e+01,1.811e+01,1.835e+01
412200,-5.300e+00,6.800e+01,-5.778e+00,2.164e+01,1.998e+01,1.827e+01,1.802e+01,1.824e+01
412800,-5.400e+00,6.800e+01,-5.935e+00,2.156e+01,1.987e+01,1.819e+01,1.794e+01,1.816e+01
413400,-5.500e+00,6.800e+01,-6.083e+00,2.149e+01,1.978e+01,1.812e+01,1.788e+01,1.808e+01
414000,-5.600e+00,6.800e+01,-6.225e+00,2.143e+01,1.969e+01,1.805e+01,1.781e+01,1.801e+01
414600,-5.783e+00,6.850e+01,-6.375e+00,2.137e+01,1.961e+01,1.799e+01,1.776e+01,1.795e+01
415200,-5.967e+00,6.900e+01,-6.529e+00,2.131e+01,1.954e+01,1.793e+01,1.771e+01,1.789e+01
415800,-6.150e+00,6.950e+01,-6.688e+00,2.126e+01,1.946e+01,1.787e+01,1.766e+01,1.783e+01
416400,-6.333e+00,7.000e+01,-6.851e+00,2.122e+01,1.940e+01,1.782e+01,1.761e+01,1.778e+01
417000,-6.517e+00,7.050e+01,-7.017e+00,2.117e+01,1.933e+01,1.777e+01,1.757e+01,1.773e+01
417600,-6.700e+00,7.100e+01,-7.180e+00,2.113e+01,1.927e+01,1.772e+01,1.752e+01,1.769e+01
418200,-6.883e+00,7.200e+01,-7.342e+00,2.106e+01,1.917e+01,1.764e+01,1.744e+01,1.760e+01
418800,-7.067e+00,7.300e+01,-7.507e+00,2.100e+01,1.910e+01,1.758e+01,1.739e+01,1.754e+01
419400,-7.250e+00,7.400e+01,-7.677e+00,2.095e+01,1.903e+01,1.752e+01,1.734e+01,1.749e+01
420000,-7.433e+00,7.500e+01,-7.850e+00,2.091e+01,1.896e+01,1.747e+01,1.729e+01,1.744e+01
420600,-7.617e+00,7.600e+01,-8.026e+00,2.086e+01,1.890e+01,1.742e+01,1.725e+01,1.739e+01
421200,-7.800e+00,7.700e+01,-8.204e+00,2.083e+01,1.884e+01,1.738e+01,1.721e+01,1.734e+01
421800,-7.983e+00,7.650e+01,-8.392e+00,2.079e+01,1.879e+01,1.733e+01,1.717e+01,1.730e+01
422400,-8.167e+00,7.600e+01,-8.589e+00,2.075e+01,1.874e+01,1.729e+01,1.713e+01,1.726e+01
423000,-8.350e+00,7.550e+01,-8.790e+00,2.072e+01,1.869e+01,1.725e+01,1.710e+01,1.722e+01
423600,-8.533e+00,7.500e+01,-8.995e+00,2.068e+01,1.864e+01,1.721e+01,1.707e+01,1.718e+01
424200,-8.717e+00,7.450e+01,-9.202e+00,2.065e+01,1.859e+01,1.717e+01,1.704e+01,1.715e+01
424800,-8.900e+00,7.400e+01,-9.413e+00,2.062e+01,1.854e+01,1.714e+01,1.701e+01,1.711e+01
425400,-8.900e+00,7.350e+01,-9.596e+00,2.057e+01,1.847e+01,1.708e+01,1.695e+01,1.706e+01
426000,-8.900e+00,7.300e+01,-9.756e+00,2.052e+01,1.841e+01,1.704e+01,1.691e+01,1.702e+01
426600,-8.900e+00,7.250e+01,-9.894e+00,2.048e+01,1.836e+01,1.700e+01,1.688e+01,1.698e+01
427200,-8.900e+00,7.200e+01,-1.001e+01,2.045e+01,1.832e+01,1.696e+01,1.685e+01,1.694e+01
427800,-8.900e+00,7.150e+01,-1.012e+01,2.041e+01,1.827e+01,1.692e+01,1.682e+01,1.691e+01
428400,-8.900e+00,7.100e+01,-1.020e+01,2.038e+01,1.822e+01,1.689e+01,1.679e+01,1.687e+01
429000,-9.083e+00,7.150e+01,-1.030e+01,2.033e+01,1.816e+01,1.684e+01,1.674e+01,1.682e+01
429600,-9.267e+00,7.200e+01,-1.041e+01,2.030e+01,1.811e+01,1.680e+01,1.670e+01,1.678e+01
430200,-9.450e+00,7.250e+01,-1.052e+01,2.026e+01,1.806e+01,1.676e+01,1.667e+01,1.674e+01
430800,-9.633e+00,7.300e+01,-1.063e+01,2.023e+01,1.801e+01,1.672e+01,1.663e+01,1.670e+01
431400,-9.817e+00,7.350e+01,-1.074e+01,2.019e+01,1.796e+01,1.668e+01,1.660e+01,1.667e+01
432000,-1.000e+01,7.400e+01,-1.085e+01,2.016e+01,1.791e+01,1.664e+01,1.657e+01,1.663e+01
432600,-1.018e+01,7.450e+01,-1.097e+01,2.011e+01,1.784e+01,1.658e+01,1.651e+01,1.657e+01
433200,-1.037e+01,7.500e+01,-1.109e+01,2.007e+01,1.778e+01,1.654e+01,1.647e+01,1.653e+01
433800,-1.055e+01,7.550e+01,-1.123e+01,2.003e+01,1.773e+01,1.650e+01,1.644e+01,1.648e+01
434400,-1.073e+01,7.600e+01,-1.138e+01,2.000e+01,1.768e+01,1.646e+01,1.640e+01,1.644e+01
435000,-1.092e+01,7.650e+01,-1.154e+01,1.997e+01,1.763e+01,1.642e+01,1.636e+01,1.640e+01
435600,-1.110e+01,7.700e+01,-1.170e+01,1.994e+01,1.758e+01,1.638e+01,1.633e+01,1.636e+01
436200,-1.110e+01,7.633e+01,-1.184e+01,1.991e+01,1.753e+01,1.634e+01,1.630e+01,1.633e+01
436800,-1.110e+01,7.567e+01,-1.196e+01,1.987e+01,1.749e+01,1.631e+01,1.627e+01,1.630e+01
437400,-1.110e+01,7.500e+01,-1.207e+01,1.985e+01,1.745e+01,1.628e+01,1.625e+01,1.627e+01
438000,-1.110e+01,7.433e+01,-1.216e+01,1.982e+01,1.741e+01,1.625e+01,1.622e+01,1.624e+01
438600,-1.110e+01,7.367e+01,-1.224e+01,1.979e+01,1.738e+01,1.622e+01,1.620e+01,1.621e+01
439200,-1.110e+01,7.300e+01,-1.231e+01,1.976e+01,1.734e+01,1.619e+01,1.618e+01,1.619e+01
439800,-1.128e+01,7.367e+01,-1.240e+01,1.973e+01,1.730e+01,1.616e+01,1.615e+01,1.615e+01
440400,-1.147e+01,7.433e+01,-1.252e+01,1.970e+01,1.726e+01,1.613e+01,1.612e+01,1.612e+01
441000,-1.165e+01,7.500e+01,-1.265e+01,1.968e+01,1.721e+01,1.609e+01,1.609e+01,1.609e+01
441600,-1.183e+01,7.567e+01,-1.280e+01,1.965e+01,1.717e+01,1.606e+01,1.606e+01,1.606e+01
442200,-1.202e+01,7.633e+01,-1.296e+01,1.962e+01,1.712e+01,1.603e+01,1.603e+01,1.602e+01
442800,-1.220e+01,7.700e+01,-1.313e+01,1.960e+01,1.708e+01,1.599e+01,1.600e+01,1.599e+01
443400,-1.248e+01,7.683e+01,-1.332e+01,1.957e+01,1.704e+01,1.596e+01,1.597e+01,1.595e+01
444000,-1.277e+01,7.667e+01,-1.353e+01,1.954e+01,1.699e+01,1.592e+01,1.594e+01,1.592e+01
444600,-1.305e+01,7.650e+01,-1.374e+01,1.952e+01,1.694e+01,1.588e+01,1.591e+01,1.588e+01
445200,-1.333e+01,7.633e+01,-1.396e+01,1.949e+01,1.690e+01,1.585e+01,1.588e+01,1.585e+01
445800,-1.362e+01,7.617e+01,-1.419e+01,1.946e+01,1.685e+01,1.581e+01,1.585e+01,1.581e+01
446400,-1.390e+01,7.600e+01,-1.443e+01,1.944e+01,1.681e+01,1.577e+01,1.582e+01,1.578e+01
447000,-1.390e+01,7.667e+01,-1.463e+01,1.941e+01,1.677e+01,1.574e+01,1.579e+01,1.574e+01
447600,-1.390e+01,7.733e+01,-1.480e+01,1.938e+01,1.673e+01,1.571e+01,1.576e+01,1.571e+01
448200,-1.390e+01,7.800e+01,-1.496e+01,1.936e+01,1.669e+01,1.568e+01,1.574e+01,1.568e+01
448800,-1.390e+01,7.867e+01,-1.510e+01,1.933e+01,1.665e+01,1.565e+01,1.571e+01,1.566e+01
449400,-1.390e+01,7.933e+01,-1.522e+01,1.931e+01,1.662e+01,1.562e+01,1.569e+01,1.563e+01
450000,-1.390e+01,8.000e+01,-1.533e+01,1.928e+01,1.658e+01,1.559e+01,1.566e+01,1.560e+01
450600,-1.398e+01,7.933e+01,-1.543e+01,1.926e+01,1.655e+01,1.557e+01,1.565e+01,1.558e+01
451200,-1.407e+01,7.867e+01,-1.554e+01,1.925e+01,1.652e+01,1.555e+01,1.563e+01,1.555e+01
451800,-1.415e+01,7.800e+01,-1.564e+01,1.923e+01,1.649e+01,1.552e+01,1.561e+01,1.553e+01
452400,-1.423e+01,7.733e+01,-1.574e+01,1.921e+01,1.645e+01,1.550e+01,1.558e+01,1.550e+01
453000,-1.432e+01,7.667e+01,-1.584e+01,1.919e+01,1.642e+01,1.547e+01,1.556e+01,1.548e+01
453600,-1.440e+01,7.600e+01,-1.594e+01,1.917e+01,1.638e+01,1.544e+01,1.554e+01,1.545e+01
454200,-1.440e+01,7.483e+01,-1.602e+01,1.919e+01,1.639e+01,1.545e+01,1.555e+01,1.546e+01
454800,-1.440e+01,7.367e+01,-1.609e+01,1.919e+01,1.636e+01,1.544e+01,1.554e+01,1.544e+01
455400,-1.440e+01,7.250e+01,-1.614e+01,1.918e+01,1.633e+01,1.541e+01,1.552e+01,1.542e+01
456000,-1.440e+01,7.133e+01,-1.618e+01,1.916e+01,1.630e+01,1.539e+01,1.550e+01,1.540e+01
456600,-1.440e+01,7.017e+01,-1.621e+01,1.915e+01,1.627e+01,1.537e+01,1.548e+01,1.537e+01
457200,-1.440e+01,6.900e+01,-1.623e+01,1.913e+01,1.624e+01,1.534e+01,1.546e+01,1.535e+01
457800,-1.450e+01,6.533e+01,-1.626e+01,1.920e+01,1.629e+01,1.540e+01,1.553e+01,1.541e+01
458400,-1.460e+01,6.167e+01,-1.631e+01,1.923e+01,1.630e+01,1.541e+01,1.555e+01,1.542e+01
459000,-1.470e+01,5.800e+01,-1.631e+01,1.925e+01,1.638e+01,1.552e+01,1.556e+01,1.543e+01
459600,-1.480e+01,5.433e+01,-1.623e+01,1.926e+01,1.648e+01,1.566e+01,1.558e+01,1.545e+01
460200,-1.490e+01,5.067e+01,-1.609e+01,1.927e+01,1.662e+01,1.582e+01,1.559e+01,1.546e+01
460800,-1.500e+01,4.700e+01,-1.591e+01,1.929e+01,1.678e+01,1.601e+01,1.561e+01,1.548e+01
461400,-1.482e+01,4.667e+01,-1.576e+01,1.984e+01,1.742e+01,1.665e+01,1.614e+01,1.600e+01
462000,-1.463e+01,4.633e+01,-1.544e+01,2.033e+01,1.804e+01,1.722e+01,1.658e+01,1.643e+01
462600,-1.445e+01,4.600e+01,-1.504e+01,2.054e+01,1.841e+01,1.753e+01,1.677e+01,1.661e+01
463200,-1.427e+01,4.567e+01,-1.456e+01,2.071e+01,1.872e+01,1.779e+01,1.691e+01,1.676e+01
463800,-1.408e+01,4.533e+01,-1.404e+01,2.085e+01,1.901e+01,1.802e+01,1.703e+01,1.689e+01
464400,-1.390e+01,4.500e+01,-1.350e+01,2.098e+01,1.930e+01,1.822e+01,1.714e+01,1.701e+01
465000,-1.380e+01,4.550e+01,-1.293e+01,2.109e+01,1.958e+01,1.841e+01,1.724e+01,1.712e+01
465600,-1.370e+01,4.600e+01,-1.237e+01,2.118e+01,1.984e+01,1.856e+01,1.733e+01,1.722e+01
466200,-1.360e+01,4.650e+01,-1.172e+01,2.127e+01,2.012e+01,1.871e+01,1.742e+01,1.733e+01
466800,-1.350e+01,4.700e+01,-1.103e+01,2.135e+01,2.036e+01,1.881e+01,1.751e+01,1.743e+01
467400,-1.340e+01,4.750e+01,-1.032e+01,2.143e+01,2.057e+01,1.888e+01,1.759e+01,1.753e+01
468000,-1.330e+01,4.800e+01,-9.606e+00,2.149e+01,2.076e+01,1.894e+01,1.767e+01,1.763e+01
468600,-1.312e+01,4.767e+01,-8.881e+00,2.156e+01,2.093e+01,1.898e+01,1.774e+01,1.772e+01
469200,-1.293e+01,4.733e+01,-8.161e+00,2.162e+01,2.108e+01,1.900e+01,1.780e+01,1.779e+01
469800,-1.275e+01,4.700e+01,-7.454e+00,2.167e+01,2.122e+01,1.901e+01,1.786e+01,1.787e+01
470400,-1.257e+01,4.667e+01,-6.786e+00,2.172e+01,2.130e+01,1.898e+01,1.792e+01,1.794e+01
471000,-1.238e+01,4.633e+01,-6.307e+00,2.177e+01,2.131e+01,1.894e+01,1.797e+01,1.800e+01
471600,-1.220e+01,4.600e+01,-5.968e+00,2.181e+01,2.125e+01,1.889e+01,1.802e+01,1.805e+01
472200,-1.202e+01,4.600e+01,-5.708e+00,2.186e+01,2.117e+01,1.883e+01,1.807e+01,1.810e+01
472800,-1.183e+01,4.600e+01,-5.618e+00,2.189e+01,2.103e+01,1.880e+01,1.810e+01,1.813e+01
473400,-1.165e+01,4.600e+01,-5.624e+00,2.192e+01,2.085e+01,1.877e+01,1.814e+01,1.816e+01
474000,-1.147e+01,4.600e+01,-5.644e+00,2.195e+01,2.078e+01,1.876e+01,1.818e+01,1.818e+01
474600,-1.128e+01,4.600e+01,-5.621e+00,2.197e+01,2.074e+01,1.876e+01,1.822e+01,1.821e+01
475200,-1.110e+01,4.600e+01,-5.545e+00,2.200e+01,2.073e+01,1.876e+01,1.825e+01,1.824e+01
475800,-1.120e+01,4.633e+01,-5.454e+00,2.182e+01,2.051e+01,1.856e+01,1.807e+01,1.806e+01
476400,-1.130e+01,4.667e+01,-5.335e+00,2.179e+01,2.046e+01,1.852e+01,1.805e+01,1.804e+01
477000,-1.140e+01,4.700e+01,-5.190e+00,2.178e+01,2.044e+01,1.850e+01,1.805e+01,1.804e+01
477600,-1.150e+01,4.733e+01,-5.072e+00,2.178e+01,2.039e+01,1.848e+01,1.805e+01,1.805e+01
478200,-1.160e+01,4.767e+01,-5.011e+00,2.178e+01,2.033e+01,1.847e+01,1.805e+01,1.805e+01
478800,-1.170e+01,4.800e+01,-5.023e+00,2.178e+01,2.026e+01,1.845e+01,1.805e+01,1.806e+01
479400,-1.160e+01,4.767e+01,-5.086e+00,2.199e+01,2.040e+01,1.865e+01,1.827e+01,1.828e+01
480000,-1.150e+01,4.733e+01,-5.212e+00,2.204e+01,2.035e+01,1.869e+01,1.833e+01,1.831e+01
480600,-1.140e+01,4.700e+01,-5.393e+00,2.208e+01,2.029e+01,1.870e+01,1.836e+01,1.833e+01
481200,-1.130e+01,4.667e+01,-5.576e+00,2.211e+01,2.030e+01,1.872e+01,1.838e+01,1.837e+01
481800,-1.120e+01,4.633e+01,-5.724e+00,2.213e+01,2.033e+01,1.874e+01,1.841e+01,1.841e+01
482400,-1.110e+01,4.600e+01,-5.828e+00,2.216e+01,2.036e+01,1.875e+01,1.844e+01,1.846e+01
483000,-1.120e+01,4.600e+01,-5.919e+00,2.219e+01,2.039e+01,1.877e+01,1.846e+01,1.851e+01
483600,-1.130e+01,4.600e+01,-5.991e+00,2.220e+01,2.044e+01,1.879e+01,1.848e+01,1.857e+01
484200,-1.140e+01,4.600e+01,-6.047e+00,2.223e+01,2.051e+01,1.880e+01,1.851e+01,1.865e+01
484800,-1.150e+01,4.600e+01,-6.121e+00,2.225e+01,2.055e+01,1.882e+01,1.853e+01,1.870e+01
485400,-1.160e+01,4.600e+01,-6.240e+00,2.228e+01,2.056e+01,1.883e+01,1.855e+01,1.875e+01
486000,-1.170e+01,4.600e+01,-6.408e+00,2.230e+01,2.057e+01,1.884e+01,1.856e+01,1.879e+01
486600,-1.178e+01,4.667e+01,-6.615e+00,2.233e+01,2.058e+01,1.885e+01,1.857e+01,1.883e+01
487200,-1.187e+01,4.733e+01,-6.856e+00,2.236e+01,2.058e+01,1.885e+01,1.858e+01,1.887e+01
487800,-1.195e+01,4.800e+01,-7.124e+00,2.238e+01,2.058e+01,1.885e+01,1.859e+01,1.891e+01
488400,-1.203e+01,4.867e+01,-7.373e+00,2.240e+01,2.057e+01,1.885e+01,1.859e+01,1.893e+01
489000,-1.212e+01,4.933e+01,-7.704e+00,2.242e+01,2.055e+01,1.885e+01,1.860e+01,1.896e+01
489600,-1.220e+01,5.000e+01,-8.069e+00,2.245e+01,2.053e+01,1.884e+01,1.860e+01,1.898e+01
490200,-1.257e+01,5.117e+01,-8.499e+00,2.246e+01,2.048e+01,1.883e+01,1.859e+01,1.897e+01
490800,-1.293e+01,5.233e+01,-8.975e+00,2.249e+01,2.041e+01,1.881e+01,1.859e+01,1.893e+01
491400,-1.330e+01,5.350e+01,-9.540e+00,2.250e+01,2.028e+01,1.878e+01,1.857e+01,1.881e+01
492000,-1.367e+01,5.467e+01,-1.024e+01,2.251e+01,2.018e+01,1.875e+01,1.855e+01,1.871e+01
492600,-1.403e+01,5.583e+01,-1.094e+01,2.252e+01,2.010e+01,1.873e+01,1.854e+01,1.865e+01
493200,-1.440e+01,5.700e+01,-1.159e+01,2.252e+01,2.004e+01,1.871e+01,1.853e+01,1.860e+01
493800,-1.460e+01,5.700e+01,-1.218e+01,2.213e+01,1.958e+01,1.828e+01,1.810e+01,1.816e+01
494400,-1.480e+01,5.700e+01,-1.275e+01,2.184e+01,1.919e+01,1.797e+01,1.780e+01,1.784e+01
495000,-1.500e+01,5.700e+01,-1.323e+01,2.171e+01,1.899e+01,1.782e+01,1.766e+01,1.768e+01
495600,-1.520e+01,5.700e+01,-1.368e+01,2.161e+01,1.885e+01,1.771e+01,1.756e+01,1.756e+01
496200,-1.540e+01,5.700e+01,-1.409e+01,2.153e+01,1.874e+01,1.762e+01,1.747e+01,1.746e+01
496800,-1.560e+01,5.700e+01,-1.448e+01,2.146e+01,1.864e+01,1.754e+01,1.739e+01,1.737e+01
497400,-1.587e+01,5.733e+01,-1.485e+01,2.125e+01,1.840e+01,1.732e+01,1.717e+01,1.714e+01
498000,-1.613e+01,5.767e+01,-1.520e+01,2.110e+01,1.822e+01,1.716e+01,1.702e+01,1.698e+01
498600,-1.640e+01,5.800e+01,-1.554e+01,2.099e+01,1.809e+01,1.705e+01,1.691e+01,1.687e+01
499200,-1.667e+01,5.833e+01,-1.586e+01,2.090e+01,1.798e+01,1.696e+01,1.682e+01,1.677e+01
499800,-1.693e+01,5.867e+01,-1.617e+01,2.083e+01,1.788e+01,1.687e+01,1.673e+01,1.668e+01
500400,-1.720e+01,5.900e+01,-1.652e+01,2.074e+01,1.777e+01,1.677e+01,1.664e+01,1.658e+01
501000,-1.720e+01,5.850e+01,-1.678e+01,2.068e+01,1.770e+01,1.671e+01,1.658e+01,1.651e+01
501600,-1.720e+01,5.800e+01,-1.701e+01,2.062e+01,1.763e+01,1.664e+01,1.653e+01,1.645e+01
502200,-1.720e+01,5.750e+01,-1.722e+01,2.056e+01,1.756e+01,1.659e+01,1.648e+01,1.640e+01
502800,-1.720e+01,5.700e+01,-1.741e+01,2.051e+01,1.750e+01,1.653e+01,1.643e+01,1.634e+01
503400,-1.720e+01,5.650e+01,-1.758e+01,2.047e+01,1.744e+01,1.648e+01,1.638e+01,1.629e+01
504000,-1.720e+01,5.600e+01,-1.774e+01,2.042e+01,1.739e+01,1.644e+01,1.634e+01,1.625e+01
504600,-1.748e+01,5.650e+01,-1.793e+01,2.034e+01,1.729e+01,1.635e+01,1.626e+01,1.616e+01
505200,-1.777e+01,5.700e+01,-1.814e+01,2.028e+01,1.722e+01,1.628e+01,1.620e+01,1.610e+01
505800,-1.805e+01,5.750e+01,-1.838e+01,2.022e+01,1.716e+01,1.623e+01,1.615e+01,1.605e+01
506400,-1.833e+01,5.800e+01,-1.864e+01,2.017e+01,1.710e+01,1.617e+01,1.610e+01,1.599e+01
507000,-1.862e+01,5.850e+01,-1.891e+01,2.013e+01,1.704e+01,1.612e+01,1.606e+01,1.595e+01
507600,-1.890e+01,5.900e+01,-1.921e+01,2.008e+01,1.698e+01,1.607e+01,1.602e+01,1.590e+01
508200,-1.880e+01,5.850e+01,-1.945e+01,2.004e+01,1.693e+01,1.603e+01,1.598e+01,1.586e+01
508800,-1.870e+01,5.800e+01,-1.964e+01,2.000e+01,1.688e+01,1.598e+01,1.594e+01,1.581e+01
509400,-1.860e+01,5.750e+01,-1.978e+01,1.996e+01,1.683e+01,1.594e+01,1.590e+01,1.577e+01
510000,-1.850e+01,5.700e+01,-1.987e+01,1.992e+01,1.678e+01,1.590e+01,1.586e+01,1.573e+01
510600,-1.840e+01,5.650e+01,-1.992e+01,1.988e+01,1.673e+01,1.585e+01,1.582e+01,1.569e+01
511200,-1.830e+01,5.600e+01,-1.994e+01,1.985e+01,1.668e+01,1.581e+01,1.579e+01,1.565e+01
511800,-1.822e+01,5.517e+01,-1.994e+01,1.979e+01,1.662e+01,1.575e+01,1.573e+01,1.559e+01
512400,-1.813e+01,5.433e+01,-1.994e+01,1.974e+01,1.656e+01,1.571e+01,1.569e+01,1.554e+01
513000,-1.805e+01,5.350e+01,-1.993e+01,1.970e+01,1.651e+01,1.566e+01,1.565e+01,1.550e+01
513600,-1.797e+01,5.267e+01,-1.992e+01,1.965e+01,1.647e+01,1.562e+01,1.561e+01,1.546e+01
514200,-1.788e+01,5.183e+01,-1.990e+01,1.961e+01,1.642e+01,1.558e+01,1.558e+01,1.542e+01
514800,-1.780e+01,5.100e+01,-1.988e+01,1.957e+01,1.638e+01,1.555e+01,1.555e+01,1.539e+01
515400,-1.798e+01,5.133e+01,-1.990e+01,1.953e+01,1.632e+01,1.549e+01,1.550e+01,1.533e+01
516000,-1.817e+01,5.167e+01,-1.992e+01,1.948e+01,1.626e+01,1.544e+01,1.545e+01,1.529e+01
516600,-1.835e+01,5.200e+01,-1.997e+01,1.944e+01,1.621e+01,1.539e+01,1.541e+01,1.524e+01
517200,-1.853e+01,5.233e+01,-2.003e+01,1.940e+01,1.615e+01,1.535e+01,1.537e+01,1.519e+01
517800,-1.872e+01,5.267e+01,-2.010e+01,1.936e+01,1.610e+01,1.530e+01,1.532e+01,1.515e+01
518400,-1.890e+01,5.300e+01,-2.018e+01,1.933e+01,1.605e+01,1.525e+01,1.528e+01,1.510e+01
519000,-1.890e+01,5.267e+01,-2.025e+01,1.920e+01,1.592e+01,1.514e+01,1.517e+01,1.499e+01
519600,-1.890e+01,5.233e+01,-2.031e+01,1.913e+01,1.586e+01,1.508e+01,1.511e+01,1.493e+01
520200,-1.890e+01,5.200e+01,-2.038e+01,1.908e+01,1.580e+01,1.503e+01,1.507e+01,1.488e+01
520800,-1.890e+01,5.167e+01,-2.044e+01,1.903e+01,1.575e+01,1.498e+01,1.503e+01,1.484e+01
521400,-1.890e+01,5.133e+01,-2.049e+01,1.898e+01,1.570e+01,1.494e+01,1.499e+01,1.479e+01
522000,-1.890e+01,5.100e+01,-2.055e+01,1.894e+01,1.565e+01,1.489e+01,1.495e+01,1.475e+01
522600,-1.898e+01,5.133e+01,-2.061e+01,1.890e+01,1.560e+01,1.485e+01,1.491e+01,1.471e+01
523200,-1.907e+01,5.167e+01,-2.068e+01,1.886e+01,1.555e+01,1.481e+01,1.487e+01,1.467e+01
523800,-1.915e+01,5.200e+01,-2.076e+01,1.883e+01,1.551e+01,1.477e+01,1.483e+01,1.463e+01
524400,-1.923e+01,5.233e+01,-2.084e+01,1.879e+01,1.546e+01,1.472e+01,1.480e+01,1.459e+01
525000,-1.932e+01,5.267e+01,-2.092e+01,1.875e+01,1.541e+01,1.468e+01,1.476e+01,1.455e+01
525600,-1.940e+01,5.300e+01,-2.101e+01,1.872e+01,1.537e+01,1.464e+01,1.472e+01,1.451e+01
526200,-1.950e+01,5.350e+01,-2.111e+01,1.868e+01,1.532e+01,1.460e+01,1.469e+01,1.447e+01
526800,-1.960e+01,5.400e+01,-2.121e+01,1.865e+01,1.528e+01,1.456e+01,1.465e+01,1.444e+01
527400,-1.970e+01,5.450e+01,-2.131e+01,1.862e+01,1.523e+01,1.453e+01,1.462e+01,1.440e+01
528000,-1.980e+01,5.500e+01,-2.142e+01,1.858e+01,1.519e+01,1.449e+01,1.459e+01,1.436e+01
528600,-1.990e+01,5.550e+01,-2.153e+01,1.855e+01,1.515e+01,1.445e+01,1.455e+01,1.432e+01
529200,-2.000e+01,5.600e+01,-2.165e+01,1.852e+01,1.510e+01,1.441e+01,1.452e+01,1.429e+01
529800,-2.010e+01,5.633e+01,-2.175e+01,1.849e+01,1.506e+01,1.437e+01,1.448e+01,1.425e+01
530400,-2.020e+01,5.667e+01,-2.185e+01,1.846e+01,1.501e+01,1.433e+01,1.445e+01,1.421e+01
531000,-2.030e+01,5.700e+01,-2.194e+01,1.842e+01,1.497e+01,1.429e+01,1.441e+01,1.417e+01
531600,-2.040e+01,5.733e+01,-2.202e+01,1.839e+01,1.492e+01,1.425e+01,1.437e+01,1.413e+01
532200,-2.050e+01,5.767e+01,-2.209e+01,1.836e+01,1.487e+01,1.420e+01,1.433e+01,1.409e+01
532800,-2.060e+01,5.800e+01,-2.215e+01,1.833e+01,1.483e+01,1.416e+01,1.430e+01,1.405e+01
533400,-2.068e+01,5.850e+01,-2.222e+01,1.830e+01,1.479e+01,1.413e+01,1.426e+01,1.401e+01
534000,-2.077e+01,5.900e+01,-2.228e+01,1.827e+01,1.475e+01,1.409e+01,1.423e+01,1.398e+01
534600,-2.085e+01,5.950e+01,-2.236e+01,1.824e+01,1.471e+01,1.406e+01,1.420e+01,1.394e+01
535200,-2.093e+01,6.000e+01,-2.243e+01,1.821e+01,1.467e+01,1.402e+01,1.417e+01,1.391e+01
535800,-2.102e+01,6.050e+01,-2.251e+01,1.818e+01,1.463e+01,1.399e+01,1.414e+01,1.388e+01
536400,-2.110e+01,6.100e+01,-2.260e+01,1.815e+01,1.459e+01,1.396e+01,1.412e+01,1.385e+01
537000,-2.128e+01,6.100e+01,-2.269e+01,1.812e+01,1.455e+01,1.392e+01,1.408e+01,1.381e+01
537600,-2.147e+01,6.100e+01,-2.280e+01,1.809e+01,1.451e+01,1.388e+01,1.405e+01,1.377e+01
538200,-2.165e+01,6.100e+01,-2.292e+01,1.806e+01,1.446e+01,1.384e+01,1.401e+01,1.374e+01
538800,-2.183e+01,6.100e+01,-2.304e+01,1.803e+01,1.442e+01,1.380e+01,1.398e+01,1.370e+01
539400,-2.202e+01,6.100e+01,-2.317e+01,1.801e+01,1.438e+01,1.376e+01,1.395e+01,1.366e+01
540000,-2.220e+01,6.100e+01,-2.331e+01,1.798e+01,1.433e+01,1.372e+01,1.391e+01,1.362e+01
540600,-2.230e+01,6.150e+01,-2.345e+01,1.806e+01,1.440e+01,1.379e+01,1.399e+01,1.370e+01
541200,-2.240e+01,6.200e+01,-2.359e+01,1.808e+01,1.440e+01,1.379e+01,1.399e+01,1.369e+01
541800,-2.250e+01,6.250e+01,-2.375e+01,1.808e+01,1.438e+01,1.377e+01,1.398e+01,1.368e+01
542400,-2.260e+01,6.300e+01,-2.391e+01,1.807e+01,1.436e+01,1.376e+01,1.397e+01,1.366e+01
543000,-2.270e+01,6.350e+01,-2.408e+01,1.806e+01,1.433e+01,1.374e+01,1.395e+01,1.364e+01
543600,-2.280e+01,6.400e+01,-2.426e+01,1.805e+01,1.431e+01,1.371e+01,1.393e+01,1.362e+01
544200,-2.262e+01,6.350e+01,-2.439e+01,1.803e+01,1.428e+01,1.369e+01,1.392e+01,1.360e+01
544800,-2.243e+01,6.300e+01,-2.449e+01,1.802e+01,1.426e+01,1.367e+01,1.390e+01,1.358e+01
545400,-2.225e+01,6.250e+01,-2.444e+01,1.801e+01,1.442e+01,1.390e+01,1.390e+01,1.358e+01
546000,-2.207e+01,6.200e+01,-2.424e+01,1.801e+01,1.457e+01,1.410e+01,1.389e+01,1.358e+01
546600,-2.188e+01,6.150e+01,-2.395e+01,1.802e+01,1.474e+01,1.430e+01,1.390e+01,1.358e+01
547200,-2.170e+01,6.100e+01,-2.369e+01,1.803e+01,1.490e+01,1.448e+01,1.390e+01,1.359e+01
547800,-2.113e+01,5.967e+01,-2.329e+01,1.821e+01,1.526e+01,1.484e+01,1.406e+01,1.376e+01
548400,-2.057e+01,5.833e+01,-2.274e+01,1.834e+01,1.559e+01,1.514e+01,1.417e+01,1.386e+01
549000,-2.000e+01,5.700e+01,-2.210e+01,1.842e+01,1.588e+01,1.537e+01,1.423e+01,1.393e+01
549600,-1.943e+01,5.567e+01,-2.133e+01,1.849e+01,1.616e+01,1.557e+01,1.429e+01,1.400e+01
550200,-1.887e+01,5.433e+01,-2.048e+01,1.855e+01,1.642e+01,1.574e+01,1.435e+01,1.407e+01
550800,-1.830e+01,5.300e+01,-1.963e+01,1.860e+01,1.667e+01,1.588e+01,1.440e+01,1.414e+01
551400,-1.793e+01,5.233e+01,-1.870e+01,1.864e+01,1.692e+01,1.601e+01,1.445e+01,1.420e+01
552000,-1.757e+01,5.167e+01,-1.773e+01,1.868e+01,1.717e+01,1.612e+01,1.449e+01,1.427e+01
552600,-1.720e+01,5.100e+01,-1.674e+01,1.871e+01,1.743e+01,1.620e+01,1.453e+01,1.433e+01
553200,-1.683e+01,5.033e+01,-1.575e+01,1.873e+01,1.766e+01,1.625e+01,1.457e+01,1.439e+01
553800,-1.647e+01,4.967e+01,-1.477e+01,1.875e+01,1.789e+01,1.628e+01,1.460e+01,1.445e+01
554400,-1.610e+01,4.900e+01,-1.381e+01,1.877e+01,1.810e+01,1.630e+01,1.463e+01,1.450e+01
555000,-1.582e+01,4.800e+01,-1.288e+01,1.879e+01,1.831e+01,1.630e+01,1.466e+01,1.456e+01
555600,-1.553e+01,4.700e+01,-1.195e+01,1.880e+01,1.852e+01,1.628e+01,1.468e+01,1.460e+01
556200,-1.525e+01,4.600e+01,-1.108e+01,1.882e+01,1.871e+01,1.625e+01,1.470e+01,1.465e+01
556800,-1.497e+01,4.500e+01,-1.025e+01,1.883e+01,1.889e+01,1.619e+01,1.471e+01,1.469e+01
557400,-1.468e+01,4.400e+01,-9.472e+00,1.884e+01,1.906e+01,1.611e+01,1.473e+01,1.473e+01
558000,-1.440e+01,4.300e+01,-8.748e+00,1.885e+01,1.923e+01,1.602e+01,1.474e+01,1.476e+01
558600,-1.440e+01,4.300e+01,-8.081e+00,1.886e+01,1.938e+01,1.592e+01,1.475e+01,1.479e+01
559200,-1.440e+01,4.300e+01,-7.462e+00,1.887e+01,1.953e+01,1.583e+01,1.476e+01,1.482e+01
559800,-1.440e+01,4.300e+01,-6.841e+00,1.888e+01,1.968e+01,1.576e+01,1.477e+01,1.485e+01
560400,-1.440e+01,4.300e+01,-6.298e+00,1.889e+01,1.982e+01,1.572e+01,1.477e+01,1.488e+01
561000,-1.440e+01,4.300e+01,-5.794e+00,1.890e+01,1.994e+01,1.569e+01,1.478e+01,1.490e+01
561600,-1.440e+01,4.300e+01,-5.331e+00,1.891e+01,2.005e+01,1.568e+01,1.479e+01,1.493e+01
562200,-1.422e+01,4.267e+01,-4.896e+00,1.875e+01,2.001e+01,1.552e+01,1.463e+01,1.479e+01
562800,-1.403e+01,4.233e+01,-4.500e+00,1.865e+01,2.003e+01,1.543e+01,1.454e+01,1.473e+01
563400,-1.385e+01,4.200e+01,-4.135e+00,1.860e+01,2.008e+01,1.539e+01,1.449e+01,1.473e+01
564000,-1.367e+01,4.167e+01,-3.813e+00,1.857e+01,2.013e+01,1.536e+01,1.447e+01,1.476e+01
564600,-1.348e+01,4.133e+01,-3.500e+00,1.854e+01,2.017e+01,1.533e+01,1.444e+01,1.485e+01
565200,-1.330e+01,4.100e+01,-3.296e+00,1.852e+01,2.021e+01,1.532e+01,1.442e+01,1.495e+01
565800,-1.322e+01,4.100e+01,-3.161e+00,1.851e+01,2.023e+01,1.530e+01,1.440e+01,1.506e+01
566400,-1.313e+01,4.100e+01,-3.089e+00,1.850e+01,2.024e+01,1.529e+01,1.439e+01,1.519e+01
567000,-1.305e+01,4.100e+01,-3.075e+00,1.849e+01,2.025e+01,1.528e+01,1.437e+01,1.532e+01
567600,-1.297e+01,4.100e+01,-3.123e+00,1.849e+01,2.025e+01,1.528e+01,1.436e+01,1.544e+01
568200,-1.288e+01,4.100e+01,-3.232e+00,1.849e+01,2.023e+01,1.527e+01,1.436e+01,1.555e+01
568800,-1.280e+01,4.100e+01,-3.405e+00,1.849e+01,2.019e+01,1.526e+01,1.435e+01,1.566e+01
569400,-1.288e+01,4.100e+01,-3.663e+00,1.849e+01,2.015e+01,1.526e+01,1.434e+01,1.577e+01
570000,-1.297e+01,4.100e+01,-3.915e+00,1.849e+01,2.011e+01,1.525e+01,1.434e+01,1.585e+01
570600,-1.305e+01,4.100e+01,-4.252e+00,1.849e+01,2.006e+01,1.524e+01,1.434e+01,1.596e+01
571200,-1.313e+01,4.100e+01,-4.639e+00,1.850e+01,1.998e+01,1.523e+01,1.434e+01,1.604e+01
571800,-1.322e+01,4.100e+01,-5.076e+00,1.851e+01,1.988e+01,1.522e+01,1.433e+01,1.610e+01
572400,-1.330e+01,4.100e+01,-5.548e+00,1.852e+01,1.978e+01,1.520e+01,1.433e+01,1.616e+01
573000,-1.340e+01,4.167e+01,-6.044e+00,1.854e+01,1.966e+01,1.518e+01,1.433e+01,1.621e+01
573600,-1.350e+01,4.233e+01,-6.554e+00,1.855e+01,1.955e+01,1.515e+01,1.432e+01,1.626e+01
574200,-1.360e+01,4.300e+01,-7.072e+00,1.857e+01,1.942e+01,1.512e+01,1.431e+01,1.630e+01
574800,-1.370e+01,4.367e+01,-7.610e+00,1.858e+01,1.926e+01,1.509e+01,1.430e+01,1.630e+01
575400,-1.380e+01,4.433e+01,-8.172e+00,1.859e+01,1.906e+01,1.505e+01,1.429e+01,1.627e+01
576000,-1.390e+01,4.500e+01,-8.753e+00,1.858e+01,1.884e+01,1.501e+01,1.427e+01,1.620e+01
576600,-1.427e+01,4.567e+01,-9.333e+00,1.857e+01,1.861e+01,1.496e+01,1.425e+01,1.609e+01
577200,-1.463e+01,4.633e+01,-9.976e+00,1.856e+01,1.834e+01,1.491e+01,1.422e+01,1.593e+01
577800,-1.500e+01,4.700e+01,-1.064e+01,1.853e+01,1.798e+01,1.484e+01,1.418e+01,1.560e+01
578400,-1.537e+01,4.767e+01,-1.134e+01,1.849e+01,1.769e+01,1.477e+01,1.413e+01,1.533e+01
579000,-1.573e+01,4.833e+01,-1.212e+01,1.845e+01,1.747e+01,1.470e+01,1.408e+01,1.513e+01
579600,-1.610e+01,4.900e+01,-1.285e+01,1.840e+01,1.730e+01,1.463e+01,1.404e+01,1.498e+01
580200,-1.620e+01,4.933e+01,-1.349e+01,1.830e+01,1.709e+01,1.451e+01,1.394e+01,1.479e+01
580800,-1.630e+01,4.967e+01,-1.408e+01,1.819e+01,1.691e+01,1.441e+01,1.386e+01,1.464e+01
581400,-1.640e+01,5.000e+01,-1.458e+01,1.813e+01,1.678e+01,1.434e+01,1.381e+01,1.453e+01
582000,-1.650e+01,5.033e+01,-1.503e+01,1.807e+01,1.667e+01,1.429e+01,1.377e+01,1.444e+01
582600,-1.660e+01,5.067e+01,-1.544e+01,1.802e+01,1.658e+01,1.424e+01,1.374e+01,1.437e+01
583200,-1.670e+01,5.100e+01,-1.583e+01,1.798e+01,1.649e+01,1.419e+01,1.370e+01,1.430e+01
583800,-1.697e+01,5.183e+01,-1.620e+01,1.793e+01,1.641e+01,1.414e+01,1.367e+01,1.424e+01
584400,-1.723e+01,5.267e+01,-1.656e+01,1.790e+01,1.633e+01,1.410e+01,1.364e+01,1.418e+01
585000,-1.750e+01,5.350e+01,-1.690e+01,1.786e+01,1.625e+01,1.405e+01,1.360e+01,1.412e+01
585600,-1.777e+01,5.433e+01,-1.722e+01,1.783e+01,1.618e+01,1.401e+01,1.357e+01,1.407e+01
586200,-1.803e+01,5.517e+01,-1.753e+01,1.780e+01,1.611e+01,1.397e+01,1.354e+01,1.402e+01
586800,-1.830e+01,5.600e+01,-1.787e+01,1.776e+01,1.603e+01,1.392e+01,1.350e+01,1.396e+01
587400,-1.830e+01,5.600e+01,-1.813e+01,1.774e+01,1.598e+01,1.389e+01,1.348e+01,1.393e+01
588000,-1.830e+01,5.600e+01,-1.837e+01,1.771e+01,1.593e+01,1.386e+01,1.346e+01,1.390e+01
588600,-1.830e+01,5.600e+01,-1.860e+01,1.769e+01,1.588e+01,1.383e+01,1.344e+01,1.387e+01
589200,-1.830e+01,5.600e+01,-1.881e+01,1.767e+01,1.584e+01,1.380e+01,1.342e+01,1.384e+01
589800,-1.830e+01,5.600e+01,-1.902e+01,1.765e+01,1.580e+01,1.378e+01,1.341e+01,1.382e+01
590400,-1.830e+01,5.600e+01,-1.922e+01,1.763e+01,1.576e+01,1.376e+01,1.340e+01,1.380e+01
591000,-1.848e+01,5.650e+01,-1.943e+01,1.761e+01,1.572e+01,1.373e+01,1.338e+01,1.377e+01
591600,-1.867e+01,5.700e+01,-1.964e+01,1.759e+01,1.567e+01,1.370e+01,1.336e+01,1.374e+01
592200,-1.885e+01,5.750e+01,-1.984e+01,1.757e+01,1.563e+01,1.367e+01,1.334e+01,1.372e+01
592800,-1.903e+01,5.800e+01,-2.005e+01,1.755e+01,1.558e+01,1.364e+01,1.332e+01,1.369e+01
593400,-1.922e+01,5.850e+01,-2.025e+01,1.753e+01,1.554e+01,1.361e+01,1.329e+01,1.366e+01
594000,-1.940e+01,5.900e+01,-2.045e+01,1.752e+01,1.550e+01,1.359e+01,1.327e+01,1.364e+01
594600,-1.950e+01,5.950e+01,-2.063e+01,1.750e+01,1.545e+01,1.356e+01,1.326e+01,1.361e+01
595200,-1.960e+01,6.000e+01,-2.081e+01,1.748e+01,1.541e+01,1.353e+01,1.324e+01,1.359e+01
595800,-1.970e+01,6.050e+01,-2.098e+01,1.747e+01,1.537e+01,1.351e+01,1.322e+01,1.356e+01
596400,-1.980e+01,6.100e+01,-2.114e+01,1.745e+01,1.533e+01,1.348e+01,1.320e+01,1.354e+01
597000,-1.990e+01,6.150e+01,-2.129e+01,1.743e+01,1.529e+01,1.345e+01,1.318e+01,1.351e+01
597600,-2.000e+01,6.200e+01,-2.143e+01,1.742e+01,1.525e+01,1.343e+01,1.316e+01,1.349e+01
598200,-1.990e+01,6.100e+01,-2.155e+01,1.740e+01,1.522e+01,1.341e+01,1.315e+01,1.347e+01
598800,-1.980e+01,6.000e+01,-2.166e+01,1.738e+01,1.519e+01,1.339e+01,1.314e+01,1.345e+01
599400,-1.970e+01,5.900e+01,-2.175e+01,1.737e+01,1.516e+01,1.337e+01,1.312e+01,1.343e+01
600000,-1.960e+01,5.800e+01,-2.184e+01,1.735e+01,1.513e+01,1.335e+01,1.311e+01,1.342e+01
600600,-1.950e+01,5.700e+01,-2.192e+01,1.734e+01,1.510e+01,1.333e+01,1.310e+01,1.340e+01
601200,-1.940e+01,5.600e+01,-2.199e+01,1.732e+01,1.507e+01,1.332e+01,1.309e+01,1.338e+01
601800,-1.950e+01,5.633e+01,-2.208e+01,1.730e+01,1.503e+01,1.329e+01,1.307e+01,1.336e+01
602400,-1.960e+01,5.667e+01,-2.217e+01,1.729e+01,1.500e+01,1.327e+01,1.306e+01,1.334e+01
603000,-1.970e+01,5.700e+01,-2.226e+01,1.727e+01,1.496e+01,1.325e+01,1.304e+01,1.332e+01
603600,-1.980e+01,5.733e+01,-2.235e+01,1.726e+01,1.493e+01,1.323e+01,1.303e+01,1.330e+01
604200,-1.990e+01,5.767e+01,-2.244e+01,1.724e+01,1.489e+01,1.320e+01,1.301e+01,1.327e+01
604800,-2.000e+01,5.800e+01,-2.254e+01,1.723e+01,1.485e+01,1.318e+01,1.299e+01,1.325e+01
