last-generated=2015-03-10
RLCLine_sc.terminal_n.phase[1].i[2]=[17.71281242370605468750, -2.00118279415597477566, -2.00002694129315017335, -2.00000143051171441755, -1.99999892711650062438, -1.99999999999995559108, -2.00000023841857910156, -1.99999988079072821279, -2.00000000000000000000, -2.00000000000000000000, -2.00000000000000000000, -2.00000000000000000000, -2.00000000000000000000, -2.00000000000000000000, -2.00000000000000000000, -2.00000000000000000000, -2.00000000000000000000, -2.00000000000000000000, -2.00000000000000000000, -2.00000000000000000000, -2.00000000000000000000, -2.00000000000000000000, -2.00000000000000000000, -2.00000000000000000000, -2.00000000000000000000, -2.00000000000000000000, -2.00000000000000000000, -2.00000000000000000000, -2.00000000000000000000, -2.00000000000000000000, -2.00000000000000000000, -2.00000000000000000000, -2.00000000000000000000, -2.00000000000000000000, -2.00000000000000000000, -2.00000000000000000000, -2.00000000000000000000, -2.00000000000000000000, -2.00000000000000000000, -2.00000000000000000000, -2.00000000000000000000, -2.00000000000000000000, -2.00000000000000000000, -2.00000000000000000000, -2.00000000000000000000, -2.00000000000000000000, -2.00000000000000000000, -2.00000000000000000000, -2.00000000000000000000, -2.00000000000000000000, -2.00000000000000000000, -2.00000000000000000000, -2.00000000000000000000, -2.00000000000000000000, -2.00000000000000000000, -2.00000000000000000000, -2.00000000000000000000, -2.00000000000000000000, -2.00000000000000000000, -2.00000000000000000000, -2.00000000000000000000, -2.00000000000000000000, -2.00000000000000000000, -2.00000000000000000000, -2.00000000000000000000, -2.00000000000000000000, -2.00000000000000000000, -2.00000000000000000000, -2.00000000000000000000, -2.00000000000000000000, -2.00000000000000000000, -2.00000000000000000000, -2.00000000000000000000, -2.00000000000000000000, -2.00000000000000000000, -2.00000000000000000000, -2.00000000000000000000, -2.00000000000000000000, -2.00000000000000000000, -2.00000000000000000000, -2.00000000000000000000, -2.00000000000000000000, -2.00000000000000000000, -2.00000000000000000000, -2.00000000000000000000, -2.00000000000000000000, -2.00000000000000000000, -2.00000000000000000000, -2.00000000000000000000, -2.00000000000000000000, -2.00000000000000000000, -2.00000000000000000000, -2.00000000000000000000, -2.00000000000000000000, -2.00000000000000000000, -2.00000000000000000000, -2.00000000000000000000, -2.00000000000000000000, -2.00000000000000000000, -2.00000000000000000000, -2.00000000000000000000]
RLCLine_1.terminal_n.phase[1].i[1]=[6.00000000000000000000, 6.00000000000000000000]
RLCLine_1.terminal_n.phase[1].i[2]=[-2.00000000000000000000, -2.00000000000000000000]
RLCLine_sc.terminal_n.phase[1].i[1]=[-17.71281242370605468750, 6.01585101933667587559, 5.99998378754216332709, 5.99999761581420898438, 6.00000143051104828373, 6.00000000000000000000, 6.00000000000000000000, 6.00000000000000000000, 6.00000000000000000000, 6.00000000000000000000, 6.00000000000000000000, 6.00000000000000000000, 6.00000000000000000000, 6.00000000000000000000, 6.00000000000000000000, 6.00000000000000000000, 6.00000000000000000000, 6.00000000000000000000, 6.00000000000000000000, 6.00000000000000000000, 6.00000000000000000000, 6.00000000000000000000, 6.00000000000000000000, 6.00000000000000000000, 6.00000000000000000000, 6.00000000000000000000, 6.00000000000000000000, 6.00000000000000000000, 6.00000000000000000000, 6.00000000000000000000, 6.00000000000000000000, 6.00000000000000000000, 6.00000000000000000000, 6.00000000000000000000, 6.00000000000000000000, 6.00000000000000000000, 6.00000000000000000000, 6.00000000000000000000, 6.00000000000000000000, 6.00000000000000000000, 6.00000000000000000000, 6.00000000000000000000, 6.00000000000000000000, 6.00000000000000000000, 6.00000000000000000000, 6.00000000000000000000, 6.00000000000000000000, 6.00000000000000000000, 6.00000000000000000000, 6.00000000000000000000, 6.00000000000000000000, 6.00000000000000000000, 6.00000000000000000000, 6.00000000000000000000, 6.00000000000000000000, 6.00000000000000000000, 6.00000000000000000000, 6.00000000000000000000, 6.00000000000000000000, 6.00000000000000000000, 6.00000000000000000000, 6.00000000000000000000, 6.00000000000000000000, 6.00000000000000000000, 6.00000000000000000000, 6.00000000000000000000, 6.00000000000000000000, 6.00000000000000000000, 6.00000000000000000000, 6.00000000000000000000, 6.00000000000000000000, 6.00000000000000000000, 6.00000000000000000000, 6.00000000000000000000, 6.00000000000000000000, 6.00000000000000000000, 6.00000000000000000000, 6.00000000000000000000, 6.00000000000000000000, 6.00000000000000000000, 6.00000000000000000000, 6.00000000000000000000, 6.00000000000000000000, 6.00000000000000000000, 6.00000000000000000000, 6.00000000000000000000, 6.00000000000000000000, 6.00000000000000000000, 6.00000000000000000000, 6.00000000000000000000, 6.00000000000000000000, 6.00000000000000000000, 6.00000000000000000000, 6.00000000000000000000, 6.00000000000000000000, 6.00000000000000000000, 6.00000000000000000000, 6.00000000000000000000, 6.00000000000000000000, 6.00000000000000000000, 6.00000000000000000000]
time=[0.00000000000000000000, 1.00000000000000000000]
RLCLine_2a.terminal_n.phase[1].i[1]=[5.44424772262573242188, 5.44424772262573242188]
RLCLine_2a.terminal_n.phase[1].i[2]=[-1.53628313541412353516, -1.53628313541412353516]
RLCLine_3a.terminal_n.phase[1].i[1]=[3.00000000000000000000, 3.00000000000000000000]
RLCLine_3b.terminal_n.phase[1].i[1]=[3.00000000000000000000, 3.00000000000000000000]
RLCLine_3b.terminal_n.phase[1].i[2]=[-1.00000000000000000000, -1.00000000000000000000]
RLCLine_3a.terminal_n.phase[1].i[2]=[-1.00000000000000000000, -1.00000000000000000000]
