last-generated=2014-10-08
RLCLine_sc.terminal_n.phase[1].i[2]=[17.71281242370605468750, -2.00054788558631546636, -2.00000977515724009947, -1.99999964237297067626, -1.99999976158136760773, -1.99999976158142089844, -2.00000023841857910156, -1.99999988079072821279, -2.00000000000000000000, -2.00000000000000000000, -2.00000000000000000000, -2.00000000000000000000, -2.00000000000000000000, -2.00000000000000000000, -2.00000000000000000000, -2.00000000000000000000, -2.00000000000000000000, -2.00000000000000000000, -2.00000000000000000000, -2.00000000000000000000, -2.00000000000000000000, -2.00000000000000000000, -2.00000000000000000000, -2.00000000000000000000, -2.00000000000000000000, -2.00000000000000000000, -2.00000000000000000000, -2.00000000000000000000, -2.00000000000000000000, -2.00000000000000000000, -2.00000000000000000000, -2.00000000000000000000, -2.00000000000000000000, -2.00000000000000000000, -2.00000000000000000000, -2.00000000000000000000, -2.00000000000000000000, -2.00000000000000000000, -2.00000000000000000000, -2.00000000000000000000, -2.00000000000000000000, -2.00000000000000000000, -2.00000000000000000000, -2.00000000000000000000, -2.00000000000000000000, -2.00000000000000000000, -2.00000000000000000000, -2.00000000000000000000, -2.00000000000000000000, -2.00000000000000000000, -2.00000000000000000000, -2.00000000000000000000, -2.00000000000000000000, -2.00000000000000000000, -2.00000000000000000000, -2.00000000000000000000, -2.00000000000000000000, -2.00000000000000000000, -2.00000000000000000000, -2.00000000000000000000, -2.00000000000000000000, -2.00000000000000000000, -2.00000000000000000000, -2.00000000000000000000, -2.00000000000000000000, -2.00000000000000000000, -2.00000000000000000000, -2.00000000000000000000, -2.00000000000000000000, -2.00000000000000000000, -2.00000000000000000000, -2.00000000000000000000, -2.00000000000000000000, -2.00000000000000000000, -2.00000000000000000000, -2.00000000000000000000, -2.00000000000000000000, -2.00000000000000000000, -2.00000000000000000000, -2.00000000000000000000, -2.00000000000000000000, -2.00000000000000000000, -2.00000000000000000000, -2.00000000000000000000, -2.00000000000000000000, -2.00000000000000000000, -2.00000000000000000000, -2.00000000000000000000, -2.00000000000000000000, -2.00000000000000000000, -2.00000000000000000000, -2.00000000000000000000, -2.00000000000000000000, -2.00000000000000000000, -2.00000000000000000000, -2.00000000000000000000, -2.00000000000000000000, -2.00000000000000000000, -2.00000000000000000000, -2.00000000000000000000, -2.00000000000000000000]
RLCLine_1.terminal_n.phase[1].i[1]=[6.00000000000000000000, 6.00000000000000000000]
RLCLine_1.terminal_n.phase[1].i[2]=[-2.00000000000000000000, -2.00000000000000000000]
RLCLine_sc.terminal_n.phase[1].i[1]=[-17.71281242370605468750, 6.01659536204470768439, 6.00008821486424892555, 5.99998903274839889832, 6.00000238418515152716, 5.99999856948852539062, 6.00000000000031974423, 6.00000047683722925740, 6.00000000000000000000, 6.00000000000000000000, 6.00000000000000000000, 6.00000000000000000000, 6.00000000000000000000, 6.00000000000000000000, 6.00000000000000000000, 6.00000000000000000000, 6.00000000000000000000, 6.00000000000000000000, 6.00000000000000000000, 6.00000000000000000000, 6.00000000000000000000, 6.00000000000000000000, 6.00000000000000000000, 6.00000000000000000000, 6.00000000000000000000, 6.00000000000000000000, 6.00000000000000000000, 6.00000000000000000000, 6.00000000000000000000, 6.00000000000000000000, 6.00000000000000000000, 6.00000000000000000000, 6.00000000000000000000, 6.00000000000000000000, 6.00000000000000000000, 6.00000000000000000000, 6.00000000000000000000, 6.00000000000000000000, 6.00000000000000000000, 6.00000000000000000000, 6.00000000000000000000, 6.00000000000000000000, 6.00000000000000000000, 6.00000000000000000000, 6.00000000000000000000, 6.00000000000000000000, 6.00000000000000000000, 6.00000000000000000000, 6.00000000000000000000, 6.00000000000000000000, 6.00000000000000000000, 6.00000000000000000000, 6.00000000000000000000, 6.00000000000000000000, 6.00000000000000000000, 6.00000000000000000000, 6.00000000000000000000, 6.00000000000000000000, 6.00000000000000000000, 6.00000000000000000000, 6.00000000000000000000, 6.00000000000000000000, 6.00000000000000000000, 6.00000000000000000000, 6.00000000000000000000, 6.00000000000000000000, 6.00000000000000000000, 6.00000000000000000000, 6.00000000000000000000, 6.00000000000000000000, 6.00000000000000000000, 6.00000000000000000000, 6.00000000000000000000, 6.00000000000000000000, 6.00000000000000000000, 6.00000000000000000000, 6.00000000000000000000, 6.00000000000000000000, 6.00000000000000000000, 6.00000000000000000000, 6.00000000000000000000, 6.00000000000000000000, 6.00000000000000000000, 6.00000000000000000000, 6.00000000000000000000, 6.00000000000000000000, 6.00000000000000000000, 6.00000000000000000000, 6.00000000000000000000, 6.00000000000000000000, 6.00000000000000000000, 6.00000000000000000000, 6.00000000000000000000, 6.00000000000000000000, 6.00000000000000000000, 6.00000000000000000000, 6.00000000000000000000, 6.00000000000000000000, 6.00000000000000000000, 6.00000000000000000000, 6.00000000000000000000]
time=[0.00000000000000000000, 1.00000000000000000000]
RLCLine_2a.terminal_n.phase[1].i[1]=[5.44424772262573242188, 5.44424772262573242188]
RLCLine_2a.terminal_n.phase[1].i[2]=[-1.53628313541412353516, -1.53628313541412353516]
RLCLine_3a.terminal_n.phase[1].i[1]=[3.00000000000000000000, 3.00000000000000000000]
RLCLine_3b.terminal_n.phase[1].i[1]=[3.00000000000000000000, 3.00000000000000000000]
RLCLine_3b.terminal_n.phase[1].i[2]=[-1.00000000000000000000, -1.00000000000000000000]
RLCLine_3a.terminal_n.phase[1].i[2]=[-1.00000000000000000000, -1.00000000000000000000]
