    12.85508
    12.86285
    12.86183
    12.86174
    12.85655
    12.68739
    12.68054
    12.66795
    12.64524
    12.64705
    12.57016
    12.38299
    12.03807
    12.12949
    12.15350
    12.17448
    12.19529
    12.07518
    12.09622
    12.08374
    12.10865
    12.00708
    12.03118
    12.05705
    12.08127
    11.99727
    12.04725
    12.01545
    12.02363
    12.02050
    12.07044
 Surface T=     5.00900
A4T 9   101343.509117900001       10.899538994840        9.999959723184
AOT 9   302700.006035899976        0.000010828972       10.397504830310
AYT 9   780362.866708799964        0.000010000000       10.885007766510
A4f 9   101343.509128299993       10.899538994840        9.999959723184
AOf 9   304894.060935200017        0.000010794167       10.397504859590
AYf 9   782556.947986199986        0.000010000000       10.885007480480
A4T15   101343.504503899996       10.899538994840        9.999959722359
AOT15   302701.989744500024        0.000010828972       10.397504826860
A4f15   101343.504514300002       10.899538994840        9.999959722349
AOf15   304892.064456299995        0.000010794167       10.397504856690
 Number steps    4 Number iterations     8 Final time 0.18450000E+05
