#1
# 890 kW heating capacity at 63 °C HW, 6 °C CHW, based on Carrier 30 XWH-P
double q@0.45(6, 4)
0 279.15 282.15 285.15
318.15 429643 507800 588397
323.15 429294 493661 560469
328.15 431576 482154 535173
333.15 437083 473873 513102
336.15 442182 470698 501654
double q@0.50(6, 4)
0 279.15 282.15 285.15
318.15 475971 562811 652363
323.15 474181 545700 619931
328.15 474583 530781 589691
333.15 477770 518647 562236
336.15 481265 512950 547345
double q@0.55(6, 4)
0 279.15 282.15 285.15
318.15 522692 618216 716724
323.15 519498 598169 679823
328.15 518055 579873 644674
333.15 518958 563923 611870
336.15 520871 555724 593559
double q@0.60(6, 4)
0 279.15 282.15 285.15
318.15 569740 673948 781411
323.15 565177 651000 740077
328.15 561926 629364 700056
333.15 560580 609633 661939
336.15 560933 598954 640229
double q@0.65(6, 4)
0 279.15 282.15 285.15
318.15 617048 729940 846358
323.15 611152 704127 800628
328.15 606129 679187 755769
333.15 602570 655710 712375
336.15 601384 642574 687289
double q@0.70(6, 4)
0 279.15 282.15 285.15
318.15 664549 786125 911498
323.15 657357 757484 861407
328.15 650597 729274 811748
333.15 644861 702089 763113
336.15 642158 686516 734670
double q@0.75(6, 4)
0 279.15 282.15 285.15
318.15 712176 842437 976765
323.15 703723 811002 922349
328.15 695262 779560 867924
333.15 687386 748701 814084
336.15 683187 730713 782307
double q@0.80(6, 4)
0 279.15 282.15 285.15
318.15 759863 898808 1042091
323.15 750185 864616 983386
328.15 740059 829977 924232
333.15 730078 795481 865223
336.15 724405 775100 830133
double q@0.90(6, 4)
0 279.15 282.15 285.15
318.15 855149 1011462 1172655
323.15 843129 971864 1105479
328.15 829781 930937 1036975
333.15 815697 889275 967735
336.15 807140 864171 926084
double q@1.00(6, 4)
0 279.15 282.15 285.15
318.15 949872 1123553 1302657
323.15 935653 1078692 1227153
328.15 919226 1031622 1149442
333.15 901183 982937 1070114
336.15 889828 953197 1021989
double p@0.45(6, 4)
0 279.15 282.15 285.15
318.15 90901 90901 90901
323.15 104285 104285 104285
328.15 121505 121505 121505
333.15 143154 143154 143154
336.15 158516 158516 158516
double p@0.50(6, 4)
0 279.15 282.15 285.15
318.15 99590 99590 99590
323.15 113060 113060 113060
328.15 130060 130060 130060
333.15 151182 151182 151182
336.15 166081 166081 166081
double p@0.55(6, 4)
0 279.15 282.15 285.15
318.15 108673 108673 108673
323.15 122265 122265 122265
328.15 139080 139080 139080
333.15 159711 159711 159711
336.15 174168 174168 174168
double p@0.60(6, 4)
0 279.15 282.15 285.15
318.15 118083 118083 118083
323.15 131832 131832 131832
328.15 148499 148499 148499
333.15 168675 168675 168675
336.15 182712 182712 182712
double p@0.65(6, 4)
0 279.15 282.15 285.15
318.15 127752 127752 127752
323.15 141695 141695 141695
328.15 158249 158249 158249
333.15 178006 178006 178006
336.15 191645 191645 191645
double p@0.70(6, 4)
0 279.15 282.15 285.15
318.15 137615 137615 137615
323.15 151787 151787 151787
328.15 168264 168264 168264
333.15 187638 187638 187638
336.15 200900 200900 200900
double p@0.75(6, 4)
0 279.15 282.15 285.15
318.15 147605 147605 147605
323.15 162042 162042 162042
328.15 178478 178478 178478
333.15 197504 197504 197504
336.15 210410 210410 210410
double p@0.80(6, 4)
0 279.15 282.15 285.15
318.15 157654 157654 157654
323.15 172392 172392 172392
328.15 188823 188823 188823
333.15 207538 207538 207538
336.15 220110 220110 220110
double p@0.90(6, 4)
0 279.15 282.15 285.15
318.15 177663 177663 177663
323.15 193111 193111 193111
328.15 209639 209639 209639
333.15 227839 227839 227839
336.15 239808 239808 239808
double p@1.00(6, 4)
0 279.15 282.15 285.15
318.15 197110 197110 197110
323.15 213411 213411 213411
328.15 230180 230180 230180
333.15 248008 248008 248008
336.15 259459 259459 259459
