INCON
  7 1           0.99999586E-03
  0.101022203125E+06  0.105000228882E+02  0.852000045776E+01
  8 1           0.99999621E-03
  0.101136609375E+06  0.105000247955E+02  0.854599952698E+01
  9 1           0.99999749E-03
  0.101277562500E+06  0.105000238419E+02  0.866800022125E+01
 10 1           0.99999784E-03
  0.100614359375E+06  0.105000209808E+02  0.882499980927E+01
 11 1           0.99999784E-03
  0.100588835938E+06  0.105000228882E+02  0.885999965668E+01
 12 1           0.99989807E-03
  0.147346906250E+06  0.100010902315E-04  0.890499973297E+01
 13 1           0.99989132E-03
  0.244683515625E+06  0.999999974738E-05  0.893700027466E+01
 14 1           0.99988352E-03
  0.341957843750E+06  0.999999974738E-05  0.896899986267E+01
 15 1           0.99987735E-03
  0.439338687500E+06  0.999999974738E-05  0.900000000000E+01
 16 1           0.99987013E-03
  0.536547187500E+06  0.999999974738E-05  0.903199958801E+01
 17 1           0.30065665E+00
  0.820728687500E+06  0.999999974738E-05  0.108885059357E+02
 18 1           0.30065593E+00
  0.824404312500E+06  0.999999974738E-05  0.109130468369E+02
 19 1           0.30065444E+00
  0.831755687500E+06  0.999999974738E-05  0.109230003357E+02
 20 1           0.30065444E+00
  0.846458437500E+06  0.999999974738E-05  0.109379997253E+02
 21 1           0.30065447E+00
  0.875864062500E+06  0.999999974738E-05  0.109680004120E+02
 22 1           0.30065447E+00
  0.934675812500E+06  0.999999974738E-05  0.110279998779E+02
 23 1           0.30065450E+00
  0.105230125000E+07  0.999999974738E-05  0.111479997635E+02
 24 1           0.30065465E+00
  0.128755137500E+07  0.999999974738E-05  0.113879995346E+02
 25 1           0.30065507E+00
  0.175809600000E+07  0.999999974738E-05  0.118680000305E+02
  1 1           0.99000001E+00
  0.101325000000E+06  0.996200025082E+00  0.100000000000E+02
  2 1           0.30000332E+00
  0.102651906250E+06  0.108922634125E+02  0.999890232086E+01
  3 1           0.30000001E+00
  0.101380125000E+06  0.108920803070E+02  0.999985504150E+01
  4 1           0.30000001E+00
  0.101336179688E+06  0.108919191360E+02  0.999954128265E+01
  5 1           0.30000004E+00
  0.101340421875E+06  0.108917675018E+02  0.999719619751E+01
  6 1           0.30000004E+00
  0.101338507812E+06  0.108916149139E+02  0.995893001556E+01
  1 2           0.99000001E+00
  0.101325000000E+06  0.996200025082E+00  0.100000000000E+02
  2 2           0.30000001E+00
  0.101329554688E+06  0.108979511261E+02  0.999917221069E+01
  3 2           0.30000001E+00
  0.101331609375E+06  0.108966236115E+02  0.999967956543E+01
  4 2           0.30000001E+00
  0.101333890625E+06  0.108963108063E+02  0.999933528900E+01
  5 2           0.30000004E+00
  0.101336203125E+06  0.108960247040E+02  0.999668598175E+01
  6 2           0.30000004E+00
  0.101338523438E+06  0.108957538605E+02  0.998239803314E+01
  7 2           0.30000022E+00
  0.101397335938E+06  0.108878231049E+02  0.856997776031E+01
  8 2           0.30000058E+00
  0.101517007812E+06  0.108650846481E+02  0.859677791595E+01
  9 2           0.30000094E+00
  0.101637687500E+06  0.106133127213E+02  0.871632957458E+01
 10 2           0.30024874E+00
  0.184191828125E+06  0.100749931335E+02  0.887092208862E+01
 11 2           0.30054244E+00
  0.281958812500E+06  0.100613183975E+02  0.890810680389E+01
 12 2           0.30065596E+00
  0.378512500000E+06  0.107622281575E-04  0.895443630219E+01
 13 2           0.30065593E+00
  0.476495000000E+06  0.100110728454E-04  0.898883914948E+01
 14 2           0.30065593E+00
  0.574486125000E+06  0.100001188912E-04  0.902287960052E+01
 15 2           0.30065590E+00
  0.672485875000E+06  0.100000006569E-04  0.905624961853E+01
 16 2           0.30065590E+00
  0.770494562500E+06  0.999999974738E-05  0.909039783478E+01
 17 2           0.30065665E+00
  0.820728687500E+06  0.999999974738E-05  0.108899230957E+02
 18 2           0.30065593E+00
  0.824404312500E+06  0.999999974738E-05  0.109131336212E+02
 19 2           0.30065444E+00
  0.831755687500E+06  0.999999974738E-05  0.109230003357E+02
 20 2           0.30065444E+00
  0.846458437500E+06  0.999999974738E-05  0.109379997253E+02
 21 2           0.30065447E+00
  0.875864062500E+06  0.999999974738E-05  0.109680004120E+02
 22 2           0.30065447E+00
  0.934675812500E+06  0.999999974738E-05  0.110279998779E+02
 23 2           0.30065450E+00
  0.105230125000E+07  0.999999974738E-05  0.111479997635E+02
 24 2           0.30065465E+00
  0.128755137500E+07  0.999999974738E-05  0.113879995346E+02
 25 2           0.30065507E+00
  0.175809600000E+07  0.999999974738E-05  0.118680000305E+02
  1 3           0.99000001E+00
  0.101325000000E+06  0.996200025082E+00  0.100000000000E+02
  2 3           0.30000001E+00
  0.101329515625E+06  0.108969898224E+02  0.999918270111E+01
  3 3           0.30000001E+00
  0.101331609375E+06  0.108966245651E+02  0.999967670441E+01
  4 3           0.30000001E+00
  0.101333890625E+06  0.108963108063E+02  0.999933338165E+01
  5 3           0.30000004E+00
  0.101336203125E+06  0.108960256577E+02  0.999668884277E+01
  6 3           0.30000004E+00
  0.101338523438E+06  0.108957548141E+02  0.998290061951E+01
  7 3           0.30000022E+00
  0.101397367188E+06  0.108882036209E+02  0.866663551331E+01
  8 3           0.30000058E+00
  0.101517039062E+06  0.108651313782E+02  0.869488239288E+01
  9 3           0.30000094E+00
  0.101637718750E+06  0.106133127213E+02  0.880918788910E+01
 10 3           0.30024874E+00
  0.184192406250E+06  0.100750322342E+02  0.895947360992E+01
 11 3           0.30054244E+00
  0.281959125000E+06  0.100613384247E+02  0.900048923492E+01
 12 3           0.30065596E+00
  0.378512500000E+06  0.107622281575E-04  0.904999828339E+01
 13 3           0.30065593E+00
  0.476495000000E+06  0.100110728454E-04  0.908874416351E+01
 14 3           0.30065593E+00
  0.574486125000E+06  0.100001188912E-04  0.912689208984E+01
 15 3           0.30065590E+00
  0.672485875000E+06  0.100000006569E-04  0.916460227966E+01
 16 3           0.30065590E+00
  0.770494562500E+06  0.999999974738E-05  0.920288753510E+01
 17 3           0.30065665E+00
  0.820728687500E+06  0.999999974738E-05  0.108902692795E+02
 18 3           0.30065593E+00
  0.824404312500E+06  0.999999974738E-05  0.109131546021E+02
 19 3           0.30065444E+00
  0.831755687500E+06  0.999999974738E-05  0.109230003357E+02
 20 3           0.30065444E+00
  0.846458437500E+06  0.999999974738E-05  0.109379997253E+02
 21 3           0.30065447E+00
  0.875864062500E+06  0.999999974738E-05  0.109680004120E+02
 22 3           0.30065447E+00
  0.934675812500E+06  0.999999974738E-05  0.110279998779E+02
 23 3           0.30065450E+00
  0.105230125000E+07  0.999999974738E-05  0.111479997635E+02
 24 3           0.30065465E+00
  0.128755137500E+07  0.999999974738E-05  0.113879995346E+02
 25 3           0.30065507E+00
  0.175809600000E+07  0.999999974738E-05  0.118680000305E+02
  1 4           0.99000001E+00
  0.101325000000E+06  0.996200025082E+00  0.100000000000E+02
  2 4           0.30000001E+00
  0.101329476562E+06  0.108969907761E+02  0.999919414520E+01
  3 4           0.30000001E+00
  0.101331609375E+06  0.108966255188E+02  0.999967479706E+01
  4 4           0.30000001E+00
  0.101333890625E+06  0.108963117599E+02  0.999933338165E+01
  5 4           0.30000004E+00
  0.101336203125E+06  0.108960266113E+02  0.999670791626E+01
  6 4           0.30000004E+00
  0.101338523438E+06  0.108957557678E+02  0.998347949982E+01
  7 4           0.30000022E+00
  0.101397406250E+06  0.108882036209E+02  0.876538372040E+01
  8 4           0.30000058E+00
  0.101517078125E+06  0.108651313782E+02  0.879503154755E+01
  9 4           0.30000094E+00
  0.101637757812E+06  0.106133127213E+02  0.890386009216E+01
 10 4           0.30024874E+00
  0.184192859375E+06  0.100750617981E+02  0.904976177216E+01
 11 4           0.30054244E+00
  0.281959656250E+06  0.100613727570E+02  0.909468650818E+01
 12 4           0.30065596E+00
  0.378512500000E+06  0.107622281575E-04  0.914771270752E+01
 13 4           0.30065593E+00
  0.476495000000E+06  0.100110728454E-04  0.919069766998E+01
 14 4           0.30065593E+00
  0.574486125000E+06  0.100001188912E-04  0.923315048218E+01
 15 4           0.30065590E+00
  0.672485875000E+06  0.100000006569E-04  0.927518844604E+01
 16 4           0.30065590E+00
  0.770494562500E+06  0.999999974738E-05  0.931770610809E+01
 17 4           0.30065665E+00
  0.820728687500E+06  0.999999974738E-05  0.108907012939E+02
 18 4           0.30065593E+00
  0.824404312500E+06  0.999999974738E-05  0.109131793976E+02
 19 4           0.30065444E+00
  0.831755687500E+06  0.999999974738E-05  0.109230003357E+02
 20 4           0.30065444E+00
  0.846458437500E+06  0.999999974738E-05  0.109379997253E+02
 21 4           0.30065447E+00
  0.875864062500E+06  0.999999974738E-05  0.109680004120E+02
 22 4           0.30065447E+00
  0.934675812500E+06  0.999999974738E-05  0.110279998779E+02
 23 4           0.30065450E+00
  0.105230125000E+07  0.999999974738E-05  0.111479997635E+02
 24 4           0.30065465E+00
  0.128755137500E+07  0.999999974738E-05  0.113879995346E+02
 25 4           0.30065507E+00
  0.175809600000E+07  0.999999974738E-05  0.118680000305E+02
  1 5           0.99000001E+00
  0.101325000000E+06  0.996200025082E+00  0.100000000000E+02
  2 5           0.30000001E+00
  0.101329437500E+06  0.108969926834E+02  0.999920463562E+01
  3 5           0.30000001E+00
  0.101331609375E+06  0.108966264725E+02  0.999967384338E+01
  4 5           0.30000001E+00
  0.101333890625E+06  0.108963127136E+02  0.999933528900E+01
  5 5           0.30000004E+00
  0.101336203125E+06  0.108960266113E+02  0.999674606323E+01
  6 5           0.30000004E+00
  0.101338523438E+06  0.108957557678E+02  0.998414516449E+01
  7 5           0.30000022E+00
  0.101397445312E+06  0.108882036209E+02  0.886579895020E+01
  8 5           0.30000058E+00
  0.101517117188E+06  0.108651313782E+02  0.889685440063E+01
  9 5           0.30000094E+00
  0.101637796875E+06  0.106133117676E+02  0.900019454956E+01
 10 5           0.30024874E+00
  0.184193296875E+06  0.100750913620E+02  0.914154148102E+01
 11 5           0.30054244E+00
  0.281960000000E+06  0.100613946915E+02  0.919054031372E+01
 12 5           0.30065596E+00
  0.378512500000E+06  0.107622281575E-04  0.924723052979E+01
 13 5           0.30065593E+00
  0.476495000000E+06  0.100110728454E-04  0.929444122314E+01
 14 5           0.30065593E+00
  0.574486125000E+06  0.100001188912E-04  0.934128093719E+01
 15 5           0.30065590E+00
  0.672485875000E+06  0.100000006569E-04  0.938770580292E+01
 16 5           0.30065590E+00
  0.770494562500E+06  0.999999974738E-05  0.943454360962E+01
 17 5           0.30065665E+00
  0.820728687500E+06  0.999999974738E-05  0.108912334442E+02
 18 5           0.30065593E+00
  0.824404312500E+06  0.999999974738E-05  0.109132108688E+02
 19 5           0.30065444E+00
  0.831755687500E+06  0.999999974738E-05  0.109230003357E+02
 20 5           0.30065444E+00
  0.846458437500E+06  0.999999974738E-05  0.109379997253E+02
 21 5           0.30065447E+00
  0.875864062500E+06  0.999999974738E-05  0.109680004120E+02
 22 5           0.30065447E+00
  0.934675812500E+06  0.999999974738E-05  0.110279998779E+02
 23 5           0.30065450E+00
  0.105230125000E+07  0.999999974738E-05  0.111479997635E+02
 24 5           0.30065465E+00
  0.128755137500E+07  0.999999974738E-05  0.113879995346E+02
 25 5           0.30065507E+00
  0.175809600000E+07  0.999999974738E-05  0.118680000305E+02
  1 6           0.99000001E+00
  0.101325000000E+06  0.996200025082E+00  0.100000000000E+02
  2 6           0.30000001E+00
  0.101329406250E+06  0.108969936371E+02  0.999921607971E+01
  3 6           0.30000001E+00
  0.101331601562E+06  0.108966274261E+02  0.999967288971E+01
  4 6           0.30000001E+00
  0.101333890625E+06  0.108963136673E+02  0.999934005737E+01
  5 6           0.30000004E+00
  0.101336203125E+06  0.108960275650E+02  0.999680709839E+01
  6 6           0.30000004E+00
  0.101338523438E+06  0.108957567215E+02  0.998490619659E+01
  7 6           0.30000022E+00
  0.101397484375E+06  0.108882036209E+02  0.896749496460E+01
  8 6           0.30000058E+00
  0.101517156250E+06  0.108651313782E+02  0.899998283386E+01
  9 6           0.30000094E+00
  0.101637835938E+06  0.106133117676E+02  0.909786701202E+01
 10 6           0.30024874E+00
  0.184193968750E+06  0.100751361847E+02  0.923453044891E+01
 11 6           0.30054244E+00
  0.281960531250E+06  0.100614280701E+02  0.928773498535E+01
 12 6           0.30065596E+00
  0.378512531250E+06  0.107622281575E-04  0.934814643860E+01
 13 6           0.30065593E+00
  0.476495000000E+06  0.100110728454E-04  0.939964771271E+01
 14 6           0.30065593E+00
  0.574486125000E+06  0.100001188912E-04  0.945090293884E+01
 15 6           0.30065590E+00
  0.672485875000E+06  0.100000006569E-04  0.950178718567E+01
 16 6           0.30065590E+00
  0.770494562500E+06  0.999999974738E-05  0.955301761627E+01
 17 6           0.30065665E+00
  0.820728687500E+06  0.999999974738E-05  0.108918800354E+02
 18 6           0.30065593E+00
  0.824404312500E+06  0.999999974738E-05  0.109132490158E+02
 19 6           0.30065444E+00
  0.831755687500E+06  0.999999974738E-05  0.109230003357E+02
 20 6           0.30065444E+00
  0.846458437500E+06  0.999999974738E-05  0.109379997253E+02
 21 6           0.30065447E+00
  0.875864062500E+06  0.999999974738E-05  0.109680004120E+02
 22 6           0.30065447E+00
  0.934675812500E+06  0.999999974738E-05  0.110279998779E+02
 23 6           0.30065450E+00
  0.105230125000E+07  0.999999974738E-05  0.111479997635E+02
 24 6           0.30065465E+00
  0.128755137500E+07  0.999999974738E-05  0.113879995346E+02
 25 6           0.30065507E+00
  0.175809600000E+07  0.999999974738E-05  0.118680000305E+02
  1 7           0.99000001E+00
  0.101325000000E+06  0.996200025082E+00  0.100000000000E+02
  2 7           0.30000001E+00
  0.101329375000E+06  0.108969955444E+02  0.999922752380E+01
  3 7           0.30000001E+00
  0.101331601562E+06  0.108966293335E+02  0.999967479706E+01
  4 7           0.30000001E+00
  0.101333890625E+06  0.108963146210E+02  0.999934959412E+01
  5 7           0.30000004E+00
  0.101336203125E+06  0.108960285187E+02  0.999689388275E+01
  6 7           0.30000004E+00
  0.101338523438E+06  0.108957576752E+02  0.998577022552E+01
  7 7           0.30000022E+00
  0.101397523438E+06  0.108882036209E+02  0.907001590729E+01
  8 7           0.30000058E+00
  0.101517195312E+06  0.108651313782E+02  0.910396575928E+01
  9 7           0.30000094E+00
  0.101637875000E+06  0.106133117676E+02  0.919645595551E+01
 10 7           0.30024874E+00
  0.184194203125E+06  0.100751514435E+02  0.932836627960E+01
 11 7           0.30054244E+00
  0.281960781250E+06  0.100614433289E+02  0.938586044312E+01
 12 7           0.30065596E+00
  0.378512531250E+06  0.107622281575E-04  0.945000362396E+01
 13 7           0.30065593E+00
  0.476495000000E+06  0.100110728454E-04  0.950587368011E+01
 14 7           0.30065593E+00
  0.574486125000E+06  0.100001188912E-04  0.956156826019E+01
 15 7           0.30065590E+00
  0.672485875000E+06  0.100000006569E-04  0.961695003510E+01
 16 7           0.30065590E+00
  0.770494562500E+06  0.999999974738E-05  0.967262458801E+01
 17 7           0.30065665E+00
  0.820728687500E+06  0.999999974738E-05  0.108926553726E+02
 18 7           0.30065593E+00
  0.824404312500E+06  0.999999974738E-05  0.109132966995E+02
 19 7           0.30065444E+00
  0.831755687500E+06  0.999999974738E-05  0.109230003357E+02
 20 7           0.30065444E+00
  0.846458437500E+06  0.999999974738E-05  0.109379997253E+02
 21 7           0.30065447E+00
  0.875864062500E+06  0.999999974738E-05  0.109680004120E+02
 22 7           0.30065447E+00
  0.934675812500E+06  0.999999974738E-05  0.110279998779E+02
 23 7           0.30065450E+00
  0.105230125000E+07  0.999999974738E-05  0.111479997635E+02
 24 7           0.30065465E+00
  0.128755137500E+07  0.999999974738E-05  0.113879995346E+02
 25 7           0.30065507E+00
  0.175809600000E+07  0.999999974738E-05  0.118680000305E+02
  1 8           0.99000001E+00
  0.101325000000E+06  0.996200025082E+00  0.100000000000E+02
  2 8           0.30000001E+00
  0.101329343750E+06  0.108969964981E+02  0.999923801422E+01
  3 8           0.30000001E+00
  0.101331593750E+06  0.108966302872E+02  0.999967765808E+01
  4 8           0.30000001E+00
  0.101333890625E+06  0.108963155746E+02  0.999936199188E+01
  5 8           0.30000004E+00
  0.101336203125E+06  0.108960294724E+02  0.999701023102E+01
  6 8           0.30000004E+00
  0.101338523438E+06  0.108957576752E+02  0.998674678802E+01
  7 8           0.30000022E+00
  0.101397562500E+06  0.108882036209E+02  0.917278099060E+01
  8 8           0.30000058E+00
  0.101517242188E+06  0.108651313782E+02  0.920823383331E+01
  9 8           0.30000094E+00
  0.101637914062E+06  0.106133117676E+02  0.929546451569E+01
 10 8           0.30024874E+00
  0.184194578125E+06  0.100751762390E+02  0.942260551453E+01
 11 8           0.30054244E+00
  0.281961218750E+06  0.100614728928E+02  0.948442649841E+01
 12 8           0.30065596E+00
  0.378512531250E+06  0.107622281575E-04  0.955228042603E+01
 13 8           0.30065593E+00
  0.476495000000E+06  0.100110728454E-04  0.961257362366E+01
 14 8           0.30065593E+00
  0.574486125000E+06  0.100001188912E-04  0.967272281647E+01
 15 8           0.30065590E+00
  0.672485875000E+06  0.100000006569E-04  0.973260402679E+01
 16 8           0.30065590E+00
  0.770494562500E+06  0.999999974738E-05  0.979275608063E+01
 17 8           0.30065665E+00
  0.820728687500E+06  0.999999974738E-05  0.108935737610E+02
 18 8           0.30065593E+00
  0.824404312500E+06  0.999999974738E-05  0.109133558273E+02
 19 8           0.30065444E+00
  0.831755687500E+06  0.999999974738E-05  0.109230003357E+02
 20 8           0.30065444E+00
  0.846458437500E+06  0.999999974738E-05  0.109379997253E+02
 21 8           0.30065447E+00
  0.875864062500E+06  0.999999974738E-05  0.109680004120E+02
 22 8           0.30065447E+00
  0.934675812500E+06  0.999999974738E-05  0.110279998779E+02
 23 8           0.30065450E+00
  0.105230125000E+07  0.999999974738E-05  0.111479997635E+02
 24 8           0.30065465E+00
  0.128755137500E+07  0.999999974738E-05  0.113879995346E+02
 25 8           0.30065507E+00
  0.175809600000E+07  0.999999974738E-05  0.118680000305E+02
  1 9           0.99000001E+00
  0.101325000000E+06  0.996200025082E+00  0.100000000000E+02
  2 9           0.30000001E+00
  0.101329312500E+06  0.108969984055E+02  0.999924850464E+01
  3 9           0.30000001E+00
  0.101331585938E+06  0.108966312408E+02  0.999968338013E+01
  4 9           0.30000001E+00
  0.101333890625E+06  0.108963165283E+02  0.999937915802E+01
  5 9           0.30000004E+00
  0.101336203125E+06  0.108960294724E+02  0.999716663361E+01
  6 9           0.30000004E+00
  0.101338523438E+06  0.108957586288E+02  0.998783874512E+01
  7 9           0.30000022E+00
  0.101397601562E+06  0.108882036209E+02  0.927509784698E+01
  8 9           0.30000058E+00
  0.101517281250E+06  0.108651313782E+02  0.931211280823E+01
  9 9           0.30000094E+00
  0.101637953125E+06  0.106133117676E+02  0.939433574677E+01
 10 9           0.30024874E+00
  0.184195421875E+06  0.100752325058E+02  0.951673793793E+01
 11 9           0.30054244E+00
  0.281962750000E+06  0.100615692139E+02  0.958288097382E+01
 12 9           0.30065596E+00
  0.378512531250E+06  0.107622281575E-04  0.965441131592E+01
 13 9           0.30065593E+00
  0.476495000000E+06  0.100110728454E-04  0.971914005280E+01
 14 9           0.30065593E+00
  0.574486125000E+06  0.100001188912E-04  0.978374099731E+01
 15 9           0.30065590E+00
  0.672485875000E+06  0.100000006569E-04  0.984810638428E+01
 16 9           0.30065590E+00
  0.770494562500E+06  0.999999974738E-05  0.991273593903E+01
 17 9           0.30065665E+00
  0.820728687500E+06  0.999999974738E-05  0.108946495056E+02
 18 9           0.30065593E+00
  0.824404312500E+06  0.999999974738E-05  0.109134263992E+02
 19 9           0.30065444E+00
  0.831755687500E+06  0.999999974738E-05  0.109230003357E+02
 20 9           0.30065444E+00
  0.846458437500E+06  0.999999974738E-05  0.109379997253E+02
 21 9           0.30065447E+00
  0.875864062500E+06  0.999999974738E-05  0.109680004120E+02
 22 9           0.30065447E+00
  0.934675812500E+06  0.999999974738E-05  0.110279998779E+02
 23 9           0.30065450E+00
  0.105230125000E+07  0.999999974738E-05  0.111479997635E+02
 24 9           0.30065465E+00
  0.128755137500E+07  0.999999974738E-05  0.113879995346E+02
 25 9           0.30065507E+00
  0.175809600000E+07  0.999999974738E-05  0.118680000305E+02
  110           0.99000001E+00
  0.101325000000E+06  0.996200025082E+00  0.100000000000E+02
  210           0.30000001E+00
  0.101329289062E+06  0.108969993591E+02  0.999925899506E+01
  310           0.30000001E+00
  0.101331585938E+06  0.108966321945E+02  0.999969100952E+01
  410           0.30000001E+00
  0.101333890625E+06  0.108963174820E+02  0.999940109253E+01
  510           0.30000004E+00
  0.101336203125E+06  0.108960304260E+02  0.999736499786E+01
  610           0.30000004E+00
  0.101338523438E+06  0.108957595825E+02  0.998904037476E+01
  710           0.30000022E+00
  0.101397648438E+06  0.108882036209E+02  0.937600803375E+01
  810           0.30000058E+00
  0.101517320312E+06  0.108651313782E+02  0.941465854645E+01
  910           0.30000094E+00
  0.101637992188E+06  0.106133117676E+02  0.949229049683E+01
 1010           0.30024874E+00
  0.184196687500E+06  0.100753154755E+02  0.961004734039E+01
 1110           0.30054244E+00
  0.281962750000E+06  0.100615692139E+02  0.968045902252E+01
 1210           0.30065596E+00
  0.378512531250E+06  0.107622281575E-04  0.975561618805E+01
 1310           0.30065593E+00
  0.476495000000E+06  0.100110728454E-04  0.982474899292E+01
 1410           0.30065593E+00
  0.574486125000E+06  0.100001188912E-04  0.989376735687E+01
 1510           0.30065590E+00
  0.672485875000E+06  0.100000006569E-04  0.996257114410E+01
 1610           0.30065590E+00
  0.770494562500E+06  0.999999974738E-05  0.100316438675E+02
 1710           0.30065665E+00
  0.820728687500E+06  0.999999974738E-05  0.108958864212E+02
 1810           0.30065593E+00
  0.824404312500E+06  0.999999974738E-05  0.109135122299E+02
 1910           0.30065444E+00
  0.831755687500E+06  0.999999974738E-05  0.109230003357E+02
 2010           0.30065444E+00
  0.846458437500E+06  0.999999974738E-05  0.109379997253E+02
 2110           0.30065447E+00
  0.875864062500E+06  0.999999974738E-05  0.109680004120E+02
 2210           0.30065447E+00
  0.934675812500E+06  0.999999974738E-05  0.110279998779E+02
 2310           0.30065450E+00
  0.105230125000E+07  0.999999974738E-05  0.111479997635E+02
 2410           0.30065465E+00
  0.128755137500E+07  0.999999974738E-05  0.113879995346E+02
 2510           0.30065507E+00
  0.175809600000E+07  0.999999974738E-05  0.118680000305E+02
  111           0.99000001E+00
  0.101325000000E+06  0.996200025082E+00  0.100000000000E+02
  211           0.30000001E+00
  0.101329273438E+06  0.108970012665E+02  0.999926853180E+01
  311           0.30000001E+00
  0.101331578125E+06  0.108966331482E+02  0.999970149994E+01
  411           0.30000001E+00
  0.101333882812E+06  0.108963184357E+02  0.999942874908E+01
  511           0.30000004E+00
  0.101336203125E+06  0.108960313797E+02  0.999760532379E+01
  611           0.30000004E+00
  0.101338523438E+06  0.108957595825E+02  0.999033737183E+01
  711           0.30000022E+00
  0.101397687500E+06  0.108882036209E+02  0.947439861298E+01
  811           0.30000058E+00
  0.101517359375E+06  0.108651313782E+02  0.951478004456E+01
  911           0.30000094E+00
  0.101638031250E+06  0.106133117676E+02  0.958843231201E+01
 1011           0.30024874E+00
  0.184196703125E+06  0.100753154755E+02  0.970170879364E+01
 1111           0.30054244E+00
  0.281962750000E+06  0.100615692139E+02  0.977629852295E+01
 1211           0.30065596E+00
  0.378512531250E+06  0.107622281575E-04  0.985501480103E+01
 1311           0.30065593E+00
  0.476495000000E+06  0.100110728454E-04  0.992847442627E+01
 1411           0.30065593E+00
  0.574486125000E+06  0.100001188912E-04  0.100018367767E+02
 1511           0.30065590E+00
  0.672485937500E+06  0.100000006569E-04  0.100750026703E+02
 1611           0.30065590E+00
  0.770494562500E+06  0.999999974738E-05  0.101484394073E+02
 1711           0.30065665E+00
  0.820728687500E+06  0.999999974738E-05  0.108972816467E+02
 1811           0.30065593E+00
  0.824404312500E+06  0.999999974738E-05  0.109136114120E+02
 1911           0.30065444E+00
  0.831755687500E+06  0.999999974738E-05  0.109230003357E+02
 2011           0.30065444E+00
  0.846458437500E+06  0.999999974738E-05  0.109379997253E+02
 2111           0.30065447E+00
  0.875864062500E+06  0.999999974738E-05  0.109680004120E+02
 2211           0.30065447E+00
  0.934675812500E+06  0.999999974738E-05  0.110279998779E+02
 2311           0.30065450E+00
  0.105230125000E+07  0.999999974738E-05  0.111479997635E+02
 2411           0.30065465E+00
  0.128755137500E+07  0.999999974738E-05  0.113879995346E+02
 2511           0.30065507E+00
  0.175809600000E+07  0.999999974738E-05  0.118680000305E+02
  112           0.99000001E+00
  0.101325000000E+06  0.996200025082E+00  0.100000000000E+02
  212           0.30000001E+00
  0.101329250000E+06  0.108970022202E+02  0.999927902222E+01
  312           0.30000001E+00
  0.101331570312E+06  0.108966350555E+02  0.999971675873E+01
  412           0.30000001E+00
  0.101333882812E+06  0.108963193893E+02  0.999946594238E+01
  512           0.30000004E+00
  0.101336203125E+06  0.108960323334E+02  0.999788284302E+01
  612           0.30000004E+00
  0.101338523438E+06  0.108957605362E+02  0.999171161652E+01
  712           0.30000022E+00
  0.101397726562E+06  0.108882036209E+02  0.956886577606E+01
  812           0.30000058E+00
  0.101517398438E+06  0.108651313782E+02  0.961109447479E+01
  912           0.30000094E+00
  0.101638070312E+06  0.106133117676E+02  0.968162536621E+01
 1012           0.30024874E+00
  0.184196718750E+06  0.100753154755E+02  0.979067993164E+01
 1112           0.30054244E+00
  0.281962781250E+06  0.100615692139E+02  0.986931896210E+01
 1212           0.30065596E+00
  0.378512531250E+06  0.107622281575E-04  0.995148181915E+01
 1312           0.30065593E+00
  0.476495000000E+06  0.100110728454E-04  0.100291461945E+02
 1412           0.30065593E+00
  0.574486125000E+06  0.100001188912E-04  0.101067304611E+02
 1512           0.30065590E+00
  0.672485937500E+06  0.100000006569E-04  0.101841344833E+02
 1612           0.30065590E+00
  0.770494625000E+06  0.999999974738E-05  0.102618055344E+02
 1712           0.30065665E+00
  0.820728687500E+06  0.999999974738E-05  0.108988285065E+02
 1812           0.30065593E+00
  0.824404312500E+06  0.999999974738E-05  0.109137229919E+02
 1912           0.30065444E+00
  0.831755687500E+06  0.999999974738E-05  0.109230003357E+02
 2012           0.30065444E+00
  0.846458437500E+06  0.999999974738E-05  0.109379997253E+02
 2112           0.30065447E+00
  0.875864062500E+06  0.999999974738E-05  0.109680004120E+02
 2212           0.30065447E+00
  0.934675812500E+06  0.999999974738E-05  0.110279998779E+02
 2312           0.30065450E+00
  0.105230125000E+07  0.999999974738E-05  0.111479997635E+02
 2412           0.30065465E+00
  0.128755137500E+07  0.999999974738E-05  0.113879995346E+02
 2512           0.30065507E+00
  0.175809600000E+07  0.999999974738E-05  0.118680000305E+02
  113           0.99000001E+00
  0.101325000000E+06  0.996200025082E+00  0.100000000000E+02
  213           0.30000001E+00
  0.101329242188E+06  0.108970041275E+02  0.999928951263E+01
  313           0.30000001E+00
  0.101331562500E+06  0.108966360092E+02  0.999973583221E+01
  413           0.30000001E+00
  0.101333882812E+06  0.108963203430E+02  0.999951648712E+01
  513           0.30000004E+00
  0.101336203125E+06  0.108960332870E+02  0.999818515778E+01
  613           0.30000004E+00
  0.101338523438E+06  0.108957614899E+02  0.999313926697E+01
  713           0.30000022E+00
  0.101397765625E+06  0.108882036209E+02  0.965778827667E+01
  813           0.30000058E+00
  0.101517445312E+06  0.108651313782E+02  0.970199680328E+01
  913           0.30000094E+00
  0.101638117188E+06  0.106133117676E+02  0.977054309845E+01
 1013           0.30024874E+00
  0.184196750000E+06  0.100753154755E+02  0.987575531006E+01
 1113           0.30054244E+00
  0.281962812500E+06  0.100615692139E+02  0.995826339722E+01
 1213           0.30065596E+00
  0.378512531250E+06  0.107622281575E-04  0.100437116623E+02
 1313           0.30065593E+00
  0.476495000000E+06  0.100110728454E-04  0.101254005432E+02
 1413           0.30065593E+00
  0.574486125000E+06  0.100001188912E-04  0.102070255280E+02
 1513           0.30065590E+00
  0.672485937500E+06  0.100000006569E-04  0.102884912491E+02
 1613           0.30065590E+00
  0.770494625000E+06  0.999999974738E-05  0.103702077866E+02
 1713           0.30065665E+00
  0.820728687500E+06  0.999999974738E-05  0.109004926682E+02
 1813           0.30065593E+00
  0.824404312500E+06  0.999999974738E-05  0.109138545990E+02
 1913           0.30065444E+00
  0.831755687500E+06  0.999999974738E-05  0.109230003357E+02
 2013           0.30065444E+00
  0.846458437500E+06  0.999999974738E-05  0.109379997253E+02
 2113           0.30065447E+00
  0.875864062500E+06  0.999999974738E-05  0.109680004120E+02
 2213           0.30065447E+00
  0.934675812500E+06  0.999999974738E-05  0.110279998779E+02
 2313           0.30065450E+00
  0.105230125000E+07  0.999999974738E-05  0.111479997635E+02
 2413           0.30065465E+00
  0.128755137500E+07  0.999999974738E-05  0.113879995346E+02
 2513           0.30065507E+00
  0.175809600000E+07  0.999999974738E-05  0.118680000305E+02
  114           0.99000001E+00
  0.101325000000E+06  0.996200025082E+00  0.100000000000E+02
  214           0.30000001E+00
  0.101329226562E+06  0.108970050812E+02  0.999930000305E+01
  314           0.30000001E+00
  0.101331562500E+06  0.108966369629E+02  0.999976062775E+01
  414           0.30000001E+00
  0.101333882812E+06  0.108963212967E+02  0.999958515167E+01
  514           0.30000004E+00
  0.101336203125E+06  0.108960342407E+02  0.999851322174E+01
  614           0.30000004E+00
  0.101338523438E+06  0.108957624435E+02  0.999454593658E+01
  714           0.30000022E+00
  0.101397796875E+06  0.108882036209E+02  0.973924350739E+01
  814           0.30000058E+00
  0.101517476562E+06  0.108651313782E+02  0.978557586670E+01
  914           0.30000094E+00
  0.101638156250E+06  0.106133117676E+02  0.985355281830E+01
 1014           0.30024874E+00
  0.184196796875E+06  0.100753154755E+02  0.995544719696E+01
 1114           0.30054244E+00
  0.281962843750E+06  0.100615692139E+02  0.100415811539E+02
 1214           0.30065596E+00
  0.378512531250E+06  0.107622281575E-04  0.101300926208E+02
 1314           0.30065593E+00
  0.476495000000E+06  0.100110728454E-04  0.102155551910E+02
 1414           0.30065593E+00
  0.574486125000E+06  0.100001188912E-04  0.103009738922E+02
 1514           0.30065590E+00
  0.672485937500E+06  0.100000006569E-04  0.103862504959E+02
 1614           0.30065590E+00
  0.770494625000E+06  0.999999974738E-05  0.104717550278E+02
 1714           0.30065665E+00
  0.820728687500E+06  0.999999974738E-05  0.109022350311E+02
 1814           0.30065593E+00
  0.824404312500E+06  0.999999974738E-05  0.109140119553E+02
 1914           0.30065444E+00
  0.831755687500E+06  0.999999974738E-05  0.109230003357E+02
 2014           0.30065444E+00
  0.846458437500E+06  0.999999974738E-05  0.109379997253E+02
 2114           0.30065447E+00
  0.875864062500E+06  0.999999974738E-05  0.109680004120E+02
 2214           0.30065447E+00
  0.934675812500E+06  0.999999974738E-05  0.110279998779E+02
 2314           0.30065450E+00
  0.105230125000E+07  0.999999974738E-05  0.111479997635E+02
 2414           0.30065465E+00
  0.128755137500E+07  0.999999974738E-05  0.113879995346E+02
 2514           0.30065507E+00
  0.175809600000E+07  0.999999974738E-05  0.118680000305E+02
  115           0.99000001E+00
  0.101325000000E+06  0.996200025082E+00  0.100000000000E+02
  215           0.30000001E+00
  0.101329218750E+06  0.108970060349E+02  0.999931049347E+01
  315           0.30000001E+00
  0.101331554688E+06  0.108966379166E+02  0.999978923798E+01
  415           0.30000001E+00
  0.101333875000E+06  0.108963222504E+02  0.999967098236E+01
  515           0.30000004E+00
  0.101336203125E+06  0.108960342407E+02  0.999885082245E+01
  615           0.30000004E+00
  0.101338531250E+06  0.108957624435E+02  0.999587249756E+01
  715           0.30000022E+00
  0.101397835938E+06  0.108882036209E+02  0.981125926971E+01
  815           0.30000058E+00
  0.101517515625E+06  0.108651313782E+02  0.985984420776E+01
  915           0.30000094E+00
  0.101638195312E+06  0.106133117676E+02  0.992890548706E+01
 1015           0.30024874E+00
  0.184196843750E+06  0.100753154755E+02  0.100281534195E+02
 1115           0.30054244E+00
  0.281962875000E+06  0.100615692139E+02  0.101175947189E+02
 1215           0.30065596E+00
  0.378512531250E+06  0.107622281575E-04  0.102088880539E+02
 1315           0.30065593E+00
  0.476495031250E+06  0.100110728454E-04  0.102978019714E+02
 1415           0.30065593E+00
  0.574486125000E+06  0.100001188912E-04  0.103866834641E+02
 1515           0.30065590E+00
  0.672485937500E+06  0.100000006569E-04  0.104754467010E+02
 1615           0.30065590E+00
  0.770494625000E+06  0.999999974738E-05  0.105644054413E+02
 1715           0.30065665E+00
  0.820728687500E+06  0.999999974738E-05  0.109039983749E+02
 1815           0.30065593E+00
  0.824404312500E+06  0.999999974738E-05  0.109141874313E+02
 1915           0.30065444E+00
  0.831755687500E+06  0.999999974738E-05  0.109230003357E+02
 2015           0.30065444E+00
  0.846458437500E+06  0.999999974738E-05  0.109379997253E+02
 2115           0.30065447E+00
  0.875864062500E+06  0.999999974738E-05  0.109680004120E+02
 2215           0.30065447E+00
  0.934675812500E+06  0.999999974738E-05  0.110279998779E+02
 2315           0.30065450E+00
  0.105230125000E+07  0.999999974738E-05  0.111479997635E+02
 2415           0.30065465E+00
  0.128755137500E+07  0.999999974738E-05  0.113879995346E+02
 2515           0.30065507E+00
  0.175809600000E+07  0.999999974738E-05  0.118680000305E+02
  116           0.99000001E+00
  0.101325000000E+06  0.996200025082E+00  0.100000000000E+02
  216           0.30000001E+00
  0.101329210938E+06  0.108970069885E+02  0.999932098389E+01
  316           0.30000001E+00
  0.101331546875E+06  0.108966388702E+02  0.999982261658E+01
  416           0.30000001E+00
  0.101333875000E+06  0.108963232040E+02  0.999976539612E+01
  516           0.30000004E+00
  0.101336203125E+06  0.108960351944E+02  0.999915695190E+01
  616           0.30000004E+00
  0.101338531250E+06  0.108957633972E+02  0.999706554413E+01
  716           0.30000022E+00
  0.101397867188E+06  0.108882036209E+02  0.987199401855E+01
  816           0.30000058E+00
  0.101517546875E+06  0.108651313782E+02  0.992291545868E+01
  916           0.30000094E+00
  0.101638234375E+06  0.106133117676E+02  0.999480533600E+01
 1016           0.30024874E+00
  0.184196906250E+06  0.100753154755E+02  0.100922145844E+02
 1116           0.30054244E+00
  0.281962937500E+06  0.100615692139E+02  0.101845684052E+02
 1216           0.30065596E+00
  0.378512562500E+06  0.107622281575E-04  0.102782993317E+02
 1316           0.30065593E+00
  0.476495031250E+06  0.100110728454E-04  0.103702602386E+02
 1416           0.30065593E+00
  0.574486125000E+06  0.100001188912E-04  0.104622001648E+02
 1516           0.30065590E+00
  0.672485937500E+06  0.100000006569E-04  0.105540418625E+02
 1616           0.30065590E+00
  0.770494625000E+06  0.999999974738E-05  0.106460466385E+02
 1716           0.30065665E+00
  0.820728625000E+06  0.999999974738E-05  0.109056978226E+02
 1816           0.30065593E+00
  0.824404312500E+06  0.999999974738E-05  0.109143667221E+02
 1916           0.30065444E+00
  0.831755687500E+06  0.999999974738E-05  0.109230003357E+02
 2016           0.30065444E+00
  0.846458437500E+06  0.999999974738E-05  0.109379997253E+02
 2116           0.30065447E+00
  0.875864062500E+06  0.999999974738E-05  0.109680004120E+02
 2216           0.30065447E+00
  0.934675812500E+06  0.999999974738E-05  0.110279998779E+02
 2316           0.30065450E+00
  0.105230125000E+07  0.999999974738E-05  0.111479997635E+02
 2416           0.30065465E+00
  0.128755137500E+07  0.999999974738E-05  0.113879995346E+02
 2516           0.30065507E+00
  0.175809600000E+07  0.999999974738E-05  0.118680000305E+02
  117           0.99000001E+00
  0.101325000000E+06  0.996200025082E+00  0.100000000000E+02
  217           0.30000001E+00
  0.101329210938E+06  0.108970079422E+02  0.999933147430E+01
  317           0.30000001E+00
  0.101331546875E+06  0.108966398239E+02  0.999985694885E+01
  417           0.30000001E+00
  0.101333875000E+06  0.108963241577E+02  0.999986171722E+01
  517           0.30000004E+00
  0.101336203125E+06  0.108960361481E+02  0.999944496155E+01
  617           0.30000004E+00
  0.101338531250E+06  0.108957643509E+02  0.999808979034E+01
  717           0.30000022E+00
  0.101397890625E+06  0.108882036209E+02  0.992006874084E+01
  817           0.30000058E+00
  0.101517578125E+06  0.108651313782E+02  0.997331905365E+01
  917           0.30000094E+00
  0.101638273438E+06  0.106133117676E+02  0.100496301651E+02
 1017           0.30024874E+00
  0.184197000000E+06  0.100753154755E+02  0.101460790634E+02
 1117           0.30054244E+00
  0.281963000000E+06  0.100615692139E+02  0.102408790588E+02
 1217           0.30065596E+00
  0.378512562500E+06  0.107622281575E-04  0.103366479874E+02
 1317           0.30065593E+00
  0.476495062500E+06  0.100110728454E-04  0.104311809540E+02
 1417           0.30065593E+00
  0.574486187500E+06  0.100001188912E-04  0.105256967545E+02
 1517           0.30065590E+00
  0.672485937500E+06  0.100000006569E-04  0.106201362610E+02
 1617           0.30065590E+00
  0.770494625000E+06  0.999999974738E-05  0.107147026062E+02
 1717           0.30065665E+00
  0.820728625000E+06  0.999999974738E-05  0.109072370529E+02
 1817           0.30065593E+00
  0.824404312500E+06  0.999999974738E-05  0.109145269394E+02
 1917           0.30065444E+00
  0.831755687500E+06  0.999999974738E-05  0.109230003357E+02
 2017           0.30065444E+00
  0.846458437500E+06  0.999999974738E-05  0.109379997253E+02
 2117           0.30065447E+00
  0.875864062500E+06  0.999999974738E-05  0.109680004120E+02
 2217           0.30065447E+00
  0.934675812500E+06  0.999999974738E-05  0.110279998779E+02
 2317           0.30065450E+00
  0.105230125000E+07  0.999999974738E-05  0.111479997635E+02
 2417           0.30065465E+00
  0.128755137500E+07  0.999999974738E-05  0.113879995346E+02
 2517           0.30065507E+00
  0.175809600000E+07  0.999999974738E-05  0.118680000305E+02
  118           0.99000001E+00
  0.101325000000E+06  0.996200025082E+00  0.100000000000E+02
  218           0.30000001E+00
  0.101329203125E+06  0.108970088959E+02  0.999934101105E+01
  318           0.30000001E+00
  0.101331539062E+06  0.108966407776E+02  0.999989032745E+01
  418           0.30000001E+00
  0.101333875000E+06  0.108963251114E+02  0.999994373322E+01
  518           0.30000004E+00
  0.101336203125E+06  0.108960371017E+02  0.999966144562E+01
  618           0.30000004E+00
  0.101338531250E+06  0.108957653046E+02  0.999888610840E+01
  718           0.30000022E+00
  0.101397914062E+06  0.108882036209E+02  0.995504570007E+01
  818           0.30000058E+00
  0.101517601562E+06  0.108651313782E+02  0.100104522705E+02
  918           0.30000094E+00
  0.101638312500E+06  0.106133117676E+02  0.100923051834E+02
 1018           0.30024874E+00
  0.184197109375E+06  0.100753154755E+02  0.101886358261E+02
 1118           0.30054244E+00
  0.281963093750E+06  0.100615692139E+02  0.102853612900E+02
 1218           0.30065596E+00
  0.378512593750E+06  0.107622281575E-04  0.103827342987E+02
 1318           0.30065593E+00
  0.476495062500E+06  0.100110728454E-04  0.104793071747E+02
 1418           0.30065593E+00
  0.574486187500E+06  0.100001188912E-04  0.105758686066E+02
 1518           0.30065590E+00
  0.672486000000E+06  0.100000006569E-04  0.106723661423E+02
 1618           0.30065590E+00
  0.770494687500E+06  0.999999974738E-05  0.107689580917E+02
 1718           0.30065665E+00
  0.820728625000E+06  0.999999974738E-05  0.109085493088E+02
 1818           0.30065593E+00
  0.824404312500E+06  0.999999974738E-05  0.109146709442E+02
 1918           0.30065444E+00
  0.831755687500E+06  0.999999974738E-05  0.109230003357E+02
 2018           0.30065444E+00
  0.846458437500E+06  0.999999974738E-05  0.109379997253E+02
 2118           0.30065447E+00
  0.875864062500E+06  0.999999974738E-05  0.109680004120E+02
 2218           0.30065447E+00
  0.934675812500E+06  0.999999974738E-05  0.110279998779E+02
 2318           0.30065450E+00
  0.105230125000E+07  0.999999974738E-05  0.111479997635E+02
 2418           0.30065465E+00
  0.128755137500E+07  0.999999974738E-05  0.113879995346E+02
 2518           0.30065507E+00
  0.175809600000E+07  0.999999974738E-05  0.118680000305E+02
  119           0.99000001E+00
  0.101325000000E+06  0.996200025082E+00  0.100000000000E+02
  219           0.30000001E+00
  0.101329203125E+06  0.108970098495E+02  0.999934959412E+01
  319           0.30000001E+00
  0.101331539062E+06  0.108966417313E+02  0.999991607666E+01
  419           0.30000001E+00
  0.101333867188E+06  0.108963251114E+02  0.999999904633E+01
  519           0.30000004E+00
  0.101336203125E+06  0.108960371017E+02  0.999983978271E+01
  619           0.30000004E+00
  0.101338531250E+06  0.108957653046E+02  0.999943256378E+01
  719           0.30000022E+00
  0.101397937500E+06  0.108882036209E+02  0.997785949707E+01
  819           0.30000058E+00
  0.101517625000E+06  0.108651313782E+02  0.100350942612E+02
  919           0.30000094E+00
  0.101638351562E+06  0.106133117676E+02  0.101227407455E+02
 1019           0.30024874E+00
  0.184197234375E+06  0.100753154755E+02  0.102196283340E+02
 1119           0.30054244E+00
  0.281963187500E+06  0.100615692139E+02  0.103177766800E+02
 1219           0.30065596E+00
  0.378512593750E+06  0.107622281575E-04  0.104163007736E+02
 1319           0.30065593E+00
  0.476495093750E+06  0.100110728454E-04  0.105143518448E+02
 1419           0.30065593E+00
  0.574486187500E+06  0.100001188912E-04  0.106124000549E+02
 1519           0.30065590E+00
  0.672486000000E+06  0.100000006569E-04  0.107104120255E+02
 1619           0.30065590E+00
  0.770494687500E+06  0.999999974738E-05  0.108084783554E+02
 1719           0.30065665E+00
  0.820728625000E+06  0.999999974738E-05  0.109095773697E+02
 1819           0.30065593E+00
  0.824404312500E+06  0.999999974738E-05  0.109148187637E+02
 1919           0.30065444E+00
  0.831755687500E+06  0.999999974738E-05  0.109230003357E+02
 2019           0.30065444E+00
  0.846458437500E+06  0.999999974738E-05  0.109379997253E+02
 2119           0.30065447E+00
  0.875864062500E+06  0.999999974738E-05  0.109680004120E+02
 2219           0.30065447E+00
  0.934675812500E+06  0.999999974738E-05  0.110279998779E+02
 2319           0.30065450E+00
  0.105230125000E+07  0.999999974738E-05  0.111479997635E+02
 2419           0.30065465E+00
  0.128755137500E+07  0.999999974738E-05  0.113879995346E+02
 2519           0.30065507E+00
  0.175809600000E+07  0.999999974738E-05  0.118680000305E+02
  120           0.99000001E+00
  0.101325000000E+06  0.996200025082E+00  0.100000000000E+02
  220           0.30000001E+00
  0.101329203125E+06  0.108970108032E+02  0.999935626984E+01
  320           0.30000001E+00
  0.101331539062E+06  0.108966426849E+02  0.999993324280E+01
  420           0.30000001E+00
  0.101333867188E+06  0.108963260651E+02  0.100000000000E+02
  520           0.30000004E+00
  0.101336203125E+06  0.108960380554E+02  0.999996376038E+01
  620           0.30000004E+00
  0.101338531250E+06  0.108957662582E+02  0.999975872040E+01
  720           0.30000022E+00
  0.101397953125E+06  0.108882036209E+02  0.999076843262E+01
  820           0.30000058E+00
  0.101517648438E+06  0.108651313782E+02  0.100493440628E+02
  920           0.30000094E+00
  0.101638382812E+06  0.106133117676E+02  0.101421213150E+02
 1020           0.30024874E+00
  0.184197375000E+06  0.100753154755E+02  0.102399272919E+02
 1120           0.30054244E+00
  0.281963312500E+06  0.100615692139E+02  0.103390064240E+02
 1220           0.30065596E+00
  0.378512625000E+06  0.107622281575E-04  0.104382772446E+02
 1320           0.30065593E+00
  0.476495125000E+06  0.100110728454E-04  0.105373048782E+02
 1420           0.30065593E+00
  0.574486250000E+06  0.100001188912E-04  0.106363306046E+02
 1520           0.30065590E+00
  0.672486062500E+06  0.100000006569E-04  0.107353382111E+02
 1620           0.30065590E+00
  0.770494750000E+06  0.999999974738E-05  0.108343772888E+02
 1720           0.30065665E+00
  0.820728625000E+06  0.999999974738E-05  0.109102745056E+02
 1820           0.30065593E+00
  0.824404312500E+06  0.999999974738E-05  0.109149398804E+02
 1920           0.30065444E+00
  0.831755687500E+06  0.999999974738E-05  0.109230003357E+02
 2020           0.30065444E+00
  0.846458437500E+06  0.999999974738E-05  0.109379997253E+02
 2120           0.30065447E+00
  0.875864062500E+06  0.999999974738E-05  0.109680004120E+02
 2220           0.30065447E+00
  0.934675812500E+06  0.999999974738E-05  0.110279998779E+02
 2320           0.30065450E+00
  0.105230125000E+07  0.999999974738E-05  0.111479997635E+02
 2420           0.30065465E+00
  0.128755137500E+07  0.999999974738E-05  0.113879995346E+02
 2520           0.30065507E+00
  0.175809600000E+07  0.999999974738E-05  0.118680000305E+02
  121           0.99000001E+00
  0.101325000000E+06  0.996200025082E+00  0.100000000000E+02
  221           0.30000001E+00
  0.101329203125E+06  0.108970117569E+02  0.999936103821E+01
  321           0.30000001E+00
  0.101331539062E+06  0.108966426849E+02  0.999994373322E+01
  421           0.30000001E+00
  0.101333867188E+06  0.108963270187E+02  0.100000000000E+02
  521           0.30000004E+00
  0.101336195312E+06  0.108960390091E+02  0.100000000000E+02
  621           0.30000004E+00
  0.101338531250E+06  0.108957672119E+02  0.999995231628E+01
  721           0.30000022E+00
  0.101397968750E+06  0.108882036209E+02  0.999686241150E+01
  821           0.30000058E+00
  0.101517664062E+06  0.108651313782E+02  0.100562591553E+02
  921           0.30000094E+00
  0.101638421875E+06  0.106133117676E+02  0.101527643204E+02
 1021           0.30024874E+00
  0.184197531250E+06  0.100753154755E+02  0.102515058517E+02
 1121           0.30054244E+00
  0.281963437500E+06  0.100615692139E+02  0.103511133194E+02
 1221           0.30065596E+00
  0.378512656250E+06  0.107622281575E-04  0.104508066177E+02
 1321           0.30065593E+00
  0.476495125000E+06  0.100110728454E-04  0.105503940582E+02
 1421           0.30065593E+00
  0.574486250000E+06  0.100001188912E-04  0.106499805450E+02
 1521           0.30065590E+00
  0.672486062500E+06  0.100000006569E-04  0.107495584488E+02
 1621           0.30065590E+00
  0.770494750000E+06  0.999999974738E-05  0.108491525650E+02
 1721           0.30065665E+00
  0.820728625000E+06  0.999999974738E-05  0.109106979370E+02
 1821           0.30065593E+00
  0.824404312500E+06  0.999999974738E-05  0.109149999619E+02
 1921           0.30065444E+00
  0.831755687500E+06  0.999999974738E-05  0.109230003357E+02
 2021           0.30065444E+00
  0.846458437500E+06  0.999999974738E-05  0.109379997253E+02
 2121           0.30065447E+00
  0.875864062500E+06  0.999999974738E-05  0.109680004120E+02
 2221           0.30065447E+00
  0.934675812500E+06  0.999999974738E-05  0.110279998779E+02
 2321           0.30065450E+00
  0.105230125000E+07  0.999999974738E-05  0.111479997635E+02
 2421           0.30065465E+00
  0.128755137500E+07  0.999999974738E-05  0.113879995346E+02
 2521           0.30065507E+00
  0.175809600000E+07  0.999999974738E-05  0.118680000305E+02
  122           0.99000001E+00
  0.101325000000E+06  0.996200025082E+00  0.100000000000E+02
  222           0.30000001E+00
  0.101329203125E+06  0.108970117569E+02  0.999936389923E+01
  322           0.30000001E+00
  0.101331531250E+06  0.108966436386E+02  0.999994945526E+01
  422           0.30000001E+00
  0.101333867188E+06  0.108963270187E+02  0.100000000000E+02
  522           0.30000004E+00
  0.101336195312E+06  0.108960390091E+02  0.100000000000E+02
  622           0.30000004E+00
  0.101338531250E+06  0.108957672119E+02  0.100000000000E+02
  722           0.30000022E+00
  0.101397984375E+06  0.108882036209E+02  0.999915790558E+01
  822           0.30000058E+00
  0.101517679688E+06  0.108651313782E+02  0.100589647293E+02
  922           0.30000094E+00
  0.101638453125E+06  0.106133117676E+02  0.101576194763E+02
 1022           0.30024874E+00
  0.184197687500E+06  0.100753154755E+02  0.102570495605E+02
 1122           0.30054244E+00
  0.281963562500E+06  0.100615692139E+02  0.103569078445E+02
 1222           0.30065596E+00
  0.378512687500E+06  0.107622281575E-04  0.104568061829E+02
 1322           0.30065593E+00
  0.476495156250E+06  0.100110728454E-04  0.105566587448E+02
 1422           0.30065593E+00
  0.574486312500E+06  0.100001188912E-04  0.106565179825E+02
 1522           0.30065590E+00
  0.672486125000E+06  0.100000006569E-04  0.107563657761E+02
 1622           0.30065590E+00
  0.770494812500E+06  0.999999974738E-05  0.108562288284E+02
 1722           0.30065665E+00
  0.820728625000E+06  0.999999974738E-05  0.109109354019E+02
 1822           0.30065593E+00
  0.824404312500E+06  0.999999974738E-05  0.109149999619E+02
 1922           0.30065444E+00
  0.831755687500E+06  0.999999974738E-05  0.109230003357E+02
 2022           0.30065444E+00
  0.846458437500E+06  0.999999974738E-05  0.109379997253E+02
 2122           0.30065447E+00
  0.875864062500E+06  0.999999974738E-05  0.109680004120E+02
 2222           0.30065447E+00
  0.934675812500E+06  0.999999974738E-05  0.110279998779E+02
 2322           0.30065450E+00
  0.105230125000E+07  0.999999974738E-05  0.111479997635E+02
 2422           0.30065465E+00
  0.128755137500E+07  0.999999974738E-05  0.113879995346E+02
 2522           0.30065507E+00
  0.175809600000E+07  0.999999974738E-05  0.118680000305E+02
  123           0.99000001E+00
  0.101325000000E+06  0.996200025082E+00  0.100000000000E+02
  223           0.30000001E+00
  0.101329203125E+06  0.108970127106E+02  0.999936485291E+01
  323           0.30000001E+00
  0.101331531250E+06  0.108966436386E+02  0.999995231628E+01
  423           0.30000001E+00
  0.101333867188E+06  0.108963279724E+02  0.100000000000E+02
  523           0.30000004E+00
  0.101336195312E+06  0.108960399628E+02  0.100000000000E+02
  623           0.30000004E+00
  0.101338531250E+06  0.108957681656E+02  0.100000000000E+02
  723           0.30000022E+00
  0.101397992188E+06  0.108882036209E+02  0.999980258942E+01
  823           0.30000058E+00
  0.101517695312E+06  0.108651313782E+02  0.100597581863E+02
  923           0.30000094E+00
  0.101638484375E+06  0.106133117676E+02  0.101593828201E+02
 1023           0.30024874E+00
  0.184197859375E+06  0.100753154755E+02  0.102591829300E+02
 1123           0.30054244E+00
  0.281963687500E+06  0.100615692139E+02  0.103591384888E+02
 1223           0.30065596E+00
  0.378512718750E+06  0.107622281575E-04  0.104591073990E+02
 1323           0.30065593E+00
  0.476495187500E+06  0.100110728454E-04  0.105590686798E+02
 1423           0.30065593E+00
  0.574486312500E+06  0.100001188912E-04  0.106590309143E+02
 1523           0.30065590E+00
  0.672486125000E+06  0.100000006569E-04  0.107589950562E+02
 1623           0.30065590E+00
  0.770494812500E+06  0.999999974738E-05  0.108589553833E+02
 1723           0.30065665E+00
  0.820728625000E+06  0.999999974738E-05  0.109110002518E+02
 1823           0.30065593E+00
  0.824404312500E+06  0.999999974738E-05  0.109149999619E+02
 1923           0.30065444E+00
  0.831755687500E+06  0.999999974738E-05  0.109230003357E+02
 2023           0.30065444E+00
  0.846458437500E+06  0.999999974738E-05  0.109379997253E+02
 2123           0.30065447E+00
  0.875864062500E+06  0.999999974738E-05  0.109680004120E+02
 2223           0.30065447E+00
  0.934675812500E+06  0.999999974738E-05  0.110279998779E+02
 2323           0.30065450E+00
  0.105230125000E+07  0.999999974738E-05  0.111479997635E+02
 2423           0.30065465E+00
  0.128755137500E+07  0.999999974738E-05  0.113879995346E+02
 2523           0.30065507E+00
  0.175809600000E+07  0.999999974738E-05  0.118680000305E+02
  124           0.99000001E+00
  0.101325000000E+06  0.996200025082E+00  0.100000000000E+02
  224           0.30000001E+00
  0.101329203125E+06  0.108970127106E+02  0.999936580658E+01
  324           0.30000001E+00
  0.101331531250E+06  0.108966445923E+02  0.999995326996E+01
  424           0.30000001E+00
  0.101333867188E+06  0.108963279724E+02  0.100000000000E+02
  524           0.30000004E+00
  0.101336195312E+06  0.108960399628E+02  0.100000000000E+02
  624           0.30000004E+00
  0.101338531250E+06  0.108957681656E+02  0.100000000000E+02
  724           0.30000022E+00
  0.101398007812E+06  0.108882036209E+02  0.100000000000E+02
  824           0.30000058E+00
  0.101517710938E+06  0.108651313782E+02  0.100600004196E+02
  924           0.30000094E+00
  0.101638515625E+06  0.106133117676E+02  0.101598644257E+02
 1024           0.30024874E+00
  0.184198015625E+06  0.100753154755E+02  0.102597951889E+02
 1124           0.30054244E+00
  0.281963843750E+06  0.100615692139E+02  0.103597841263E+02
 1224           0.30065596E+00
  0.378512750000E+06  0.107622281575E-04  0.104597787857E+02
 1324           0.30065593E+00
  0.476495218750E+06  0.100110728454E-04  0.105597715378E+02
 1424           0.30065593E+00
  0.574486375000E+06  0.100001188912E-04  0.106597642899E+02
 1524           0.30065590E+00
  0.672486187500E+06  0.100000006569E-04  0.107597579956E+02
 1624           0.30065590E+00
  0.770494875000E+06  0.999999974738E-05  0.108597517014E+02
 1724           0.30065665E+00
  0.820728625000E+06  0.999999974738E-05  0.109110002518E+02
 1824           0.30065593E+00
  0.824404312500E+06  0.999999974738E-05  0.109149999619E+02
 1924           0.30065444E+00
  0.831755687500E+06  0.999999974738E-05  0.109230003357E+02
 2024           0.30065444E+00
  0.846458437500E+06  0.999999974738E-05  0.109379997253E+02
 2124           0.30065447E+00
  0.875864062500E+06  0.999999974738E-05  0.109680004120E+02
 2224           0.30065447E+00
  0.934675812500E+06  0.999999974738E-05  0.110279998779E+02
 2324           0.30065450E+00
  0.105230125000E+07  0.999999974738E-05  0.111479997635E+02
 2424           0.30065465E+00
  0.128755137500E+07  0.999999974738E-05  0.113879995346E+02
 2524           0.30065507E+00
  0.175809600000E+07  0.999999974738E-05  0.118680000305E+02
  125           0.99000001E+00
  0.101325000000E+06  0.996200025082E+00  0.100000000000E+02
  225           0.30000001E+00
  0.101329203125E+06  0.108970136642E+02  0.999936580658E+01
  325           0.30000001E+00
  0.101331531250E+06  0.108966445923E+02  0.999995326996E+01
  425           0.30000001E+00
  0.101333867188E+06  0.108963289261E+02  0.100000000000E+02
  525           0.30000004E+00
  0.101336195312E+06  0.108960409164E+02  0.100000000000E+02
  625           0.30000004E+00
  0.101338531250E+06  0.108957681656E+02  0.100000000000E+02
  725           0.30000022E+00
  0.101398015625E+06  0.108882036209E+02  0.100000000000E+02
  825           0.30000058E+00
  0.101517726562E+06  0.108651313782E+02  0.100600004196E+02
  925           0.30000094E+00
  0.101638546875E+06  0.106133117676E+02  0.101599998474E+02
 1025           0.30024874E+00
  0.184198171875E+06  0.100753154755E+02  0.102600002289E+02
 1125           0.30054244E+00
  0.281963968750E+06  0.100615692139E+02  0.103599996567E+02
 1225           0.30065596E+00
  0.378512750000E+06  0.107622281575E-04  0.104600000381E+02
 1325           0.30065593E+00
  0.476495250000E+06  0.100110728454E-04  0.105600004196E+02
 1425           0.30065593E+00
  0.574486375000E+06  0.100001188912E-04  0.106599998474E+02
 1525           0.30065590E+00
  0.672486187500E+06  0.100000006569E-04  0.107600002289E+02
 1625           0.30065590E+00
  0.770494875000E+06  0.999999974738E-05  0.108599996567E+02
 1725           0.30065665E+00
  0.820728625000E+06  0.999999974738E-05  0.109110002518E+02
 1825           0.30065593E+00
  0.824404312500E+06  0.999999974738E-05  0.109149999619E+02
 1925           0.30065444E+00
  0.831755687500E+06  0.999999974738E-05  0.109230003357E+02
 2025           0.30065444E+00
  0.846458437500E+06  0.999999974738E-05  0.109379997253E+02
 2125           0.30065447E+00
  0.875864062500E+06  0.999999974738E-05  0.109680004120E+02
 2225           0.30065447E+00
  0.934675812500E+06  0.999999974738E-05  0.110279998779E+02
 2325           0.30065450E+00
  0.105230125000E+07  0.999999974738E-05  0.111479997635E+02
 2425           0.30065465E+00
  0.128755137500E+07  0.999999974738E-05  0.113879995346E+02
 2525           0.30065507E+00
  0.175809600000E+07  0.999999974738E-05  0.118680000305E+02
  126           0.99000001E+00
  0.101325000000E+06  0.996200025082E+00  0.100000000000E+02
  226           0.30000001E+00
  0.101329203125E+06  0.108970136642E+02  0.999936580658E+01
  326           0.30000001E+00
  0.101331531250E+06  0.108966455460E+02  0.999995326996E+01
  426           0.30000001E+00
  0.101333867188E+06  0.108963289261E+02  0.100000000000E+02
  526           0.30000004E+00
  0.101336195312E+06  0.108960409164E+02  0.100000000000E+02
  626           0.30000004E+00
  0.101338531250E+06  0.108957691193E+02  0.100000000000E+02
  726           0.30000022E+00
  0.101398031250E+06  0.108882036209E+02  0.100000000000E+02
  826           0.30000058E+00
  0.101517742188E+06  0.108651313782E+02  0.100600004196E+02
  926           0.30000094E+00
  0.101638578125E+06  0.106133117676E+02  0.101599998474E+02
 1026           0.30024874E+00
  0.184198296875E+06  0.100753154755E+02  0.102600002289E+02
 1126           0.30054244E+00
  0.281964062500E+06  0.100615692139E+02  0.103599996567E+02
 1226           0.30065596E+00
  0.378512781250E+06  0.107622281575E-04  0.104600000381E+02
 1326           0.30065593E+00
  0.476495281250E+06  0.100110728454E-04  0.105600004196E+02
 1426           0.30065593E+00
  0.574486437500E+06  0.100001188912E-04  0.106599998474E+02
 1526           0.30065590E+00
  0.672486250000E+06  0.100000006569E-04  0.107600002289E+02
 1626           0.30065590E+00
  0.770494937500E+06  0.999999974738E-05  0.108599996567E+02
 1726           0.30065665E+00
  0.820728625000E+06  0.999999974738E-05  0.109110002518E+02
 1826           0.30065593E+00
  0.824404312500E+06  0.999999974738E-05  0.109149999619E+02
 1926           0.30065444E+00
  0.831755687500E+06  0.999999974738E-05  0.109230003357E+02
 2026           0.30065444E+00
  0.846458437500E+06  0.999999974738E-05  0.109379997253E+02
 2126           0.30065447E+00
  0.875864062500E+06  0.999999974738E-05  0.109680004120E+02
 2226           0.30065447E+00
  0.934675812500E+06  0.999999974738E-05  0.110279998779E+02
 2326           0.30065450E+00
  0.105230125000E+07  0.999999974738E-05  0.111479997635E+02
 2426           0.30065465E+00
  0.128755137500E+07  0.999999974738E-05  0.113879995346E+02
 2526           0.30065507E+00
  0.175809600000E+07  0.999999974738E-05  0.118680000305E+02
  127           0.99000001E+00
  0.101325000000E+06  0.996200025082E+00  0.100000000000E+02
  227           0.30000001E+00
  0.101329203125E+06  0.108970136642E+02  0.999936676025E+01
  327           0.30000001E+00
  0.101331531250E+06  0.108966455460E+02  0.999995422363E+01
  427           0.30000001E+00
  0.101333867188E+06  0.108963289261E+02  0.100000000000E+02
  527           0.30000004E+00
  0.101336195312E+06  0.108960409164E+02  0.100000000000E+02
  627           0.30000004E+00
  0.101338531250E+06  0.108957691193E+02  0.100000000000E+02
  727           0.30000022E+00
  0.101398039062E+06  0.108882036209E+02  0.100000000000E+02
  827           0.30000058E+00
  0.101517750000E+06  0.108651313782E+02  0.100600004196E+02
  927           0.30000094E+00
  0.101638601562E+06  0.106133117676E+02  0.101599998474E+02
 1027           0.30024874E+00
  0.184198421875E+06  0.100753154755E+02  0.102600002289E+02
 1127           0.30054244E+00
  0.281964187500E+06  0.100615692139E+02  0.103599996567E+02
 1227           0.30065596E+00
  0.378512812500E+06  0.107622281575E-04  0.104600000381E+02
 1327           0.30065593E+00
  0.476495281250E+06  0.100110728454E-04  0.105600004196E+02
 1427           0.30065593E+00
  0.574486437500E+06  0.100001188912E-04  0.106599998474E+02
 1527           0.30065590E+00
  0.672486250000E+06  0.100000006569E-04  0.107600002289E+02
 1627           0.30065590E+00
  0.770494937500E+06  0.999999974738E-05  0.108599996567E+02
 1727           0.30065665E+00
  0.820728625000E+06  0.999999974738E-05  0.109110002518E+02
 1827           0.30065593E+00
  0.824404312500E+06  0.999999974738E-05  0.109149999619E+02
 1927           0.30065444E+00
  0.831755687500E+06  0.999999974738E-05  0.109230003357E+02
 2027           0.30065444E+00
  0.846458437500E+06  0.999999974738E-05  0.109379997253E+02
 2127           0.30065447E+00
  0.875864062500E+06  0.999999974738E-05  0.109680004120E+02
 2227           0.30065447E+00
  0.934675812500E+06  0.999999974738E-05  0.110279998779E+02
 2327           0.30065450E+00
  0.105230125000E+07  0.999999974738E-05  0.111479997635E+02
 2427           0.30065465E+00
  0.128755137500E+07  0.999999974738E-05  0.113879995346E+02
 2527           0.30065507E+00
  0.175809600000E+07  0.999999974738E-05  0.118680000305E+02
  128           0.99000001E+00
  0.101325000000E+06  0.996200025082E+00  0.100000000000E+02
  228           0.30000001E+00
  0.101329203125E+06  0.108970136642E+02  0.999936676025E+01
  328           0.30000001E+00
  0.101331531250E+06  0.108966455460E+02  0.999995422363E+01
  428           0.30000001E+00
  0.101333867188E+06  0.108963289261E+02  0.100000000000E+02
  528           0.30000004E+00
  0.101336195312E+06  0.108960418701E+02  0.100000000000E+02
  628           0.30000004E+00
  0.101338531250E+06  0.108957691193E+02  0.100000000000E+02
  728           0.30000022E+00
  0.101398046875E+06  0.108882036209E+02  0.100000000000E+02
  828           0.30000058E+00
  0.101517765625E+06  0.108651313782E+02  0.100600004196E+02
  928           0.30000094E+00
  0.101638625000E+06  0.106133117676E+02  0.101599998474E+02
 1028           0.30024874E+00
  0.184198531250E+06  0.100753154755E+02  0.102600002289E+02
 1128           0.30054244E+00
  0.281964281250E+06  0.100615692139E+02  0.103599996567E+02
 1228           0.30065596E+00
  0.378512843750E+06  0.107622281575E-04  0.104600000381E+02
 1328           0.30065593E+00
  0.476495312500E+06  0.100110728454E-04  0.105600004196E+02
 1428           0.30065593E+00
  0.574486437500E+06  0.100001188912E-04  0.106599998474E+02
 1528           0.30065590E+00
  0.672486250000E+06  0.100000006569E-04  0.107600002289E+02
 1628           0.30065590E+00
  0.770494937500E+06  0.999999974738E-05  0.108599996567E+02
 1728           0.30065665E+00
  0.820728625000E+06  0.999999974738E-05  0.109110002518E+02
 1828           0.30065593E+00
  0.824404312500E+06  0.999999974738E-05  0.109149999619E+02
 1928           0.30065444E+00
  0.831755687500E+06  0.999999974738E-05  0.109230003357E+02
 2028           0.30065444E+00
  0.846458437500E+06  0.999999974738E-05  0.109379997253E+02
 2128           0.30065447E+00
  0.875864062500E+06  0.999999974738E-05  0.109680004120E+02
 2228           0.30065447E+00
  0.934675812500E+06  0.999999974738E-05  0.110279998779E+02
 2328           0.30065450E+00
  0.105230125000E+07  0.999999974738E-05  0.111479997635E+02
 2428           0.30065465E+00
  0.128755137500E+07  0.999999974738E-05  0.113879995346E+02
 2528           0.30065507E+00
  0.175809600000E+07  0.999999974738E-05  0.118680000305E+02
  129           0.99000001E+00
  0.101325000000E+06  0.996200025082E+00  0.100000000000E+02
  229           0.30000001E+00
  0.101329203125E+06  0.108970136642E+02  0.999936676025E+01
  329           0.30000001E+00
  0.101331531250E+06  0.108966455460E+02  0.999995422363E+01
  429           0.30000001E+00
  0.101333867188E+06  0.108963298798E+02  0.100000000000E+02
  529           0.30000004E+00
  0.101336195312E+06  0.108960418701E+02  0.100000000000E+02
  629           0.30000004E+00
  0.101338531250E+06  0.108957691193E+02  0.100000000000E+02
  729           0.30000022E+00
  0.101398054688E+06  0.108882036209E+02  0.100000000000E+02
  829           0.30000058E+00
  0.101517773438E+06  0.108651313782E+02  0.100600004196E+02
  929           0.30000094E+00
  0.101638640625E+06  0.106133117676E+02  0.101599998474E+02
 1029           0.30024874E+00
  0.184198609375E+06  0.100753154755E+02  0.102600002289E+02
 1129           0.30054244E+00
  0.281964343750E+06  0.100615692139E+02  0.103599996567E+02
 1229           0.30065596E+00
  0.378512843750E+06  0.107622281575E-04  0.104600000381E+02
 1329           0.30065593E+00
  0.476495343750E+06  0.100110728454E-04  0.105600004196E+02
 1429           0.30065593E+00
  0.574486500000E+06  0.100001188912E-04  0.106599998474E+02
 1529           0.30065590E+00
  0.672486312500E+06  0.100000006569E-04  0.107600002289E+02
 1629           0.30065590E+00
  0.770495000000E+06  0.999999974738E-05  0.108599996567E+02
 1729           0.30065665E+00
  0.820728625000E+06  0.999999974738E-05  0.109110002518E+02
 1829           0.30065593E+00
  0.824404312500E+06  0.999999974738E-05  0.109149999619E+02
 1929           0.30065444E+00
  0.831755687500E+06  0.999999974738E-05  0.109230003357E+02
 2029           0.30065444E+00
  0.846458437500E+06  0.999999974738E-05  0.109379997253E+02
 2129           0.30065447E+00
  0.875864062500E+06  0.999999974738E-05  0.109680004120E+02
 2229           0.30065447E+00
  0.934675812500E+06  0.999999974738E-05  0.110279998779E+02
 2329           0.30065450E+00
  0.105230125000E+07  0.999999974738E-05  0.111479997635E+02
 2429           0.30065465E+00
  0.128755137500E+07  0.999999974738E-05  0.113879995346E+02
 2529           0.30065507E+00
  0.175809600000E+07  0.999999974738E-05  0.118680000305E+02
  130           0.99000001E+00
  0.101325000000E+06  0.996200025082E+00  0.100000000000E+02
  230           0.30000001E+00
  0.101329203125E+06  0.108970136642E+02  0.999936676025E+01
  330           0.30000001E+00
  0.101331531250E+06  0.108966455460E+02  0.999995422363E+01
  430           0.30000001E+00
  0.101333867188E+06  0.108963298798E+02  0.100000000000E+02
  530           0.30000004E+00
  0.101336195312E+06  0.108960418701E+02  0.100000000000E+02
  630           0.30000004E+00
  0.101338531250E+06  0.108957691193E+02  0.100000000000E+02
  730           0.30000022E+00
  0.101398062500E+06  0.108882036209E+02  0.100000000000E+02
  830           0.30000058E+00
  0.101517781250E+06  0.108651313782E+02  0.100600004196E+02
  930           0.30000094E+00
  0.101638648438E+06  0.106133117676E+02  0.101599998474E+02
 1030           0.30024874E+00
  0.184198640625E+06  0.100753154755E+02  0.102600002289E+02
 1130           0.30054244E+00
  0.281964375000E+06  0.100615692139E+02  0.103599996567E+02
 1230           0.30065596E+00
  0.378512843750E+06  0.107622281575E-04  0.104600000381E+02
 1330           0.30065593E+00
  0.476495343750E+06  0.100110728454E-04  0.105600004196E+02
 1430           0.30065593E+00
  0.574486500000E+06  0.100001188912E-04  0.106599998474E+02
 1530           0.30065590E+00
  0.672486312500E+06  0.100000006569E-04  0.107600002289E+02
 1630           0.30065590E+00
  0.770495000000E+06  0.999999974738E-05  0.108599996567E+02
 1730           0.30065665E+00
  0.820728625000E+06  0.999999974738E-05  0.109110002518E+02
 1830           0.30065593E+00
  0.824404312500E+06  0.999999974738E-05  0.109149999619E+02
 1930           0.30065444E+00
  0.831755687500E+06  0.999999974738E-05  0.109230003357E+02
 2030           0.30065444E+00
  0.846458437500E+06  0.999999974738E-05  0.109379997253E+02
 2130           0.30065447E+00
  0.875864062500E+06  0.999999974738E-05  0.109680004120E+02
 2230           0.30065447E+00
  0.934675812500E+06  0.999999974738E-05  0.110279998779E+02
 2330           0.30065450E+00
  0.105230125000E+07  0.999999974738E-05  0.111479997635E+02
 2430           0.30065465E+00
  0.128755137500E+07  0.999999974738E-05  0.113879995346E+02
 2530           0.30065507E+00
  0.175809600000E+07  0.999999974738E-05  0.118680000305E+02
     
INCON updated from SAVE with Modelica borehole T
